-76,-24
-110,45
-126,-72
-113,-166
-100,73
-34,52
-58,55
131,-90
22,-106
74,36
-174,20
13,12
62,54
138,35
217,59
-195,-66
-405,-91
-31,-34
242,-49
107,-29
-244,96
116,-31
177,3
92,-5
258,66
435,15
39,-113
-598,0
-333,-30
321,-53
69,72
-149,40
23,42
79,-36
6,-179
53,-2
227,-115
114,74
171,7
93,-160
-112,-54
-240,39
13,74
0,-39
-9,-85
-69,-8
122,40
93,16
-84,-58
57,26
102,-13
-91,-45
-162,-53
-50,41
53,106
17,36
28,-14
-95,21
-225,-33
2,33
19,11
15,-81
18,50
47,22
64,-62
-74,-102
-111,76
53,-24
0,-30
8,-120
29,-37
36,43
47,39
27,-26
-128,-19
194,31
101,-23
-26,-82
-33,-14
120,63
119,29
-157,-68
-297,34
-21,-52
103,79
164,-155
19,-12
-5,115
342,-76
-64,34
-240,20
60,13
308,38
40,5
123,-25
-65,-19
-77,-62
-215,-11
57,-75
248,81
84,72
48,-71
-55,-47
-72,-13
22,-91
53,45
102,-47
-24,31
146,38
-25,-25
-28,-64
-33,-11
-18,-52
4,-62
-44,-61
73,32
-21,-43
115,73
-2,79
53,-60
-63,-27
-51,-28
20,-81
85,48
-158,-25
-90,59
58,-113
92,-13
32,-40
-95,-52
69,62
-161,100
-82,-18
154,-100
97,48
-31,-18
3,-14
14,-39
-23,55
-16,50
117,39
110,-6
-26,-236
47,323
-36,56
-55,-92
13,-23
205,4
-8,44
58,4
195,-97
123,-109
36,-1
49,-51
-4,-21
40,-22
142,-19
296,-22
-25,-8
78,101
107,0
-94,-73
170,-3
-51,-16
36,-33
0,3
-35,-25
55,29
49,78
49,-111
-106,-163
31,97
62,72
24,21
5,21
0,9
20,80
113,77
14,-65
-17,-150
-144,23
18,65
70,56
64,-56
26,-71
65,-101
-130,42
-118,-15
-123,157
-3,72
110,62
20,-54
64,-12
39,47
-46,117
179,-23
-6,-105
34,54
31,-42
83,-49
50,178
-92,61
-78,-31
80,53
102,153
71,-41
-39,-3
101,75
93,38
70,-189
34,2
-25,96
-71,1
45,-40
-6,-42
63,-9
28,0
-32,-7
-74,-17
-99,149
-71,41
-34,15
27,-21
57,47
-63,37
-58,35
115,-18
-95,-68
-78,-68
26,7
157,-110
144,73
16,37
-47,40
-1,-52
52,-38
-105,77
-43,-85
31,20
103,-144
56,88
117,87
-105,-31
-6,36
-328,57
-255,8
-159,45
301,-38
190,-113
60,85
77,28
177,7
75,-36
94,48
81,49
76,71
28,-9
-101,-32
-174,80
156,-75
-55,-87
17,4
17,50
129,41
26,6
-167,45
-39,28
-35,75
-70,38
-4,-19
-49,-21
93,131
81,-63
105,-33
19,9
16,-46
-50,-79
-51,34
-15,-1
62,-76
14,-54
-9,91
25,8
18,127
-20,26
86,-52
23,27
91,-20
46,80
20,-34
35,-66
64,53
9,-48
61,-35
-9,95
-17,34
22,4
-2,-42
-82,-52
112,16
101,104
79,-77
-112,95
-59,16
59,40
190,-77
67,-39
48,-129
32,164
27,41
-7,11
14,0
3,-66
-28,52
44,-17
1,126
-1,-3
-15,25
56,-40
-37,46
19,127
71,-95
112,-77
-6,35
-64,63
-15,-30
37,-15
47,-39
-4,-16
18,16
17,29
-69,3
-56,164
-24,55
-52,22
97,17
60,54
109,-9
-3,-68
11,-23
-31,26
45,48
17,8
42,-25
-14,-22
35,-68
84,-35
0,54
36,-44
25,-25
39,23
61,14
19,-51
78,63
3,116
58,-22
73,-93
29,84
110,-41
0,-59
0,-53
26,-52
47,-56
40,44
97,13
106,-11
-74,17
-28,-16
29,-18
57,26
28,41
-35,-51
89,149
94,32
54,2
76,38
-122,21
44,-65
42,92
29,161
-83,140
101,-2
104,-30
54,-218
40,-366
27,-1
25,142
-120,22
65,-49
8,117
82,79
95,74
18,131
42,118
-203,26
-50,119
-11,13
44,-96
74,-8
65,-4
-92,-87
-43,-3
-5,78
40,48
-39,91
-9,65
0,-55
-54,-80
-36,-70
67,-21
-11,127
2,-16
-20,16
43,-59
-45,0
-42,26
80,-56
39,42
-2,-43
-11,-21
41,47
110,31
-18,52
90,-8
-8,11
72,-17
-11,58
0,7
16,-34
0,23
-14,46
26,64
87,69
-20,0
20,-23
79,33
65,-69
-74,20
-103,-7
38,0
7,90
100,-25
-39,-109
68,-36
46,94
-14,60
120,12
157,24
55,104
-39,-36
-20,-89
-12,3
13,110
-24,-111
-21,36
-52,-34
-49,-41
-31,-69
4,7
64,-7
25,-23
0,29
-11,152
97,16
-119,95
30,8
72,-123
80,4
60,36
24,35
76,74
-120,-71
-49,28
-44,35
12,-19
0,-6
46,-94
-2,-149
-146,5
-12,22
-2,-77
-51,93
-47,-26
-10,-33
3,-29
5,23
-64,-22
-83,4
-65,-40
-10,4
-73,-15
-11,94
3,17
0,83
41,-44
-93,-109
42,21
-73,116
-32,55
0,-92
-103,-88
-32,100
-23,-76
93,-90
27,92
-48,-14
2,26
15,36
-50,-21
33,3
71,4
12,50
-27,51
-82,25
-80,117
9,36
-29,-37
-61,-92
17,-20
-54,6
-11,21
42,147
-9,126
19,-53
-53,9
-45,-26
8,70
-110,-93
-65,28
64,94
-26,12
-5,-25
-12,-103
15,7
-102,30
-4,-57
0,39
19,31
39,-128
-19,-79
3,-11
-52,61
-101,-15
-50,45
-46,-10
-104,12
17,-22
-24,53
-17,25
42,220
-82,-39
-89,-57
-73,-76
3,21
37,18
-185,20
-5,144
16,-20
-36,28
-15,-51
-104,-5
-52,37
-125,-39
-61,55
-9,27
-21,58
211,17
44,104
56,-65
-4,37
25,-59
-35,76
112,53
-41,-17
-46,18
49,-31
-52,-79
14,-6
130,7
-84,-8
-7,43
36,81
3,15
-142,12
-111,-61
-1,31
0,51
54,164
-6,26
-15,-110
-101,5
-81,136
13,-37
-13,20
83,-2
70,-129
-2,43
-53,-29
78,53
-37,33
16,42
204,17
-148,-41
-26,-92
-35,45
46,61
58,-50
-107,-7
-39,134
37,78
-16,104
-7,-68
-114,-27
119,72
-37,51
53,-28
-96,22
-29,24
-18,-13
126,-36
-24,82
23,-5
-24,13
108,-50
14,62
-87,200
-1,-75
2,-71
-61,-60
-101,28
-52,71
6,91
-56,-119
-57,75
-30,146
-13,-27
-65,-107
-2,-5
40,32
-11,67
46,54
11,77
-41,114
-71,-55
27,-1
6,-9
-106,-80
-45,-106
-7,4
-50,56
-2,-79
-77,91
-34,6
-80,-63
-112,-100
-54,147
33,41
26,42
-7,24
42,42
-30,50
-31,-86
-82,0
18,131
-17,-154
8,22
-55,7
-54,-53
-30,5
-23,-112
-5,-138
-24,82
-75,-73
38,15
-29,-32
47,9
5,28
-44,-10
22,-78
23,-61
27,147
-68,-25
-98,-34
43,35
-60,14
-26,30
-26,-14
44,-1
-97,5
-2,104
-66,1
-84,9
-161,31
-77,-24
20,-13
-15,-109
-2,53
-3,97
-41,69
-24,67
-1,58
2,-55
-60,-196
7,4
-2,14
-14,65
32,27
-75,-53
-43,119
-122,-78
-77,-52
2,-104
-78,37
-19,72
-79,14
0,22
-67,-147
-12,0
-36,-76
-24,-92
18,27
-13,48
-9,0
-49,-41
-10,23
-83,12
5,-37
-55,-2
-34,-115
-24,-1
-10,-2
15,-38
-52,-55
-29,-42
-6,-102
38,80
24,-19
-13,-42
23,44
-140,32
67,12
22,-20
8,20
14,-5
-86,-12
-68,-1
-4,25
-51,-25
-130,-61
-42,34
-5,35
-107,-26
3,-11
17,-93
-111,-97
-14,29
59,22
4,-39
-76,-51
-109,26
-7,62
-19,-6
23,-48
14,77
6,24
-64,-57
-20,-16
-96,33
-54,19
-69,-50
-40,-63
-206,-37
-17,-7
-50,-109
29,-87
-92,92
7,77
-124,-5
-27,-39
-262,-38
73,-203
49,-87
135,77
-48,173
54,69
-51,57
-22,-60
-31,-43
-54,118
111,28
-22,-36
78,-2
21,49
-59,-27
-11,33
8,-119
86,75
-53,8
98,-18
25,-3
-67,-32
-111,-40
48,-1
-65,-139
-50,-17
-26,-29
42,9
-97,-76
3,50
37,16
-67,-167
-98,-27
-70,34
-89,83
-38,67
-101,86
-37,76
29,38
-6,14
-45,90
-228,-11
2,-70
26,49
-45,-15
0,-43
-10,17
-90,55
28,-108
-68,-84
-68,-86
-26,50
-50,45
-37,70
-43,-30
-10,-58
6,25
-6,16
9,-37
-135,-50
15,56
7,0
-66,23
-42,15
75,101
-27,81
67,-113
-24,-93
-87,54
-48,33
-58,29
-50,44
-67,-32
-11,25
-4,-125
-19,-87
-76,45
68,68
-75,-21
-59,-48
83,38
-101,128
-76,24
-24,-81
-26,6
15,-9
-30,-39
11,27
-19,-52
32,-52
-7,57
63,-45
-50,-88
-50,6
-101,54
24,24
-62,-37
46,81
-5,-78
-3,1
-55,2
-21,-84
30,-21
35,79
-60,56
19,39
-61,-2
-54,48
76,-20
-121,-60
75,-32
75,141
-34,65
-28,-90
136,-55
4,114
-63,132
-89,-25
11,-26
-61,-82
22,-33
-35,44
-23,43
-62,-61
-50,23
-5,185
-14,-56
-8,-15
71,-59
16,-86
28,4
42,42
97,62
-2,3
-126,-82
-8,-50
5,-53
-65,58
-6,104
67,60
-28,-50
9,102
-15,-15
16,-44
-19,63
37,-27
63,12
-4,-102
-37,54
-45,7
-34,-104
77,26
150,7
-65,-43
24,-86
106,37
-77,-34
-133,-9
-29,-23
-117,-35
44,-12
-69,-119
-25,-16
-8,109
-103,39
84,24
51,26
-77,-4
-61,-39
35,-36
38,-23
42,-44
-62,55
50,79
-80,95
-103,42
4,-40
-66,162
70,-102
-39,30
101,-84
20,-60
-22,19
53,105
-52,-126
-24,-48
-31,3
-24,-28
38,-200
-70,119
-121,51
69,-9
-12,-148
-77,-10
11,64
-50,3
-97,-21
70,39
84,-104
50,9
-102,-6
-114,-61
17,-98
-123,50
118,-58
89,23
-19,-60
68,-28
28,51
47,-8
-143,55
73,-31
-150,-51
23,-15
76,29
-55,-67
58,46
-100,-5
-24,32
-19,-35
-32,65
-11,-86
-10,-43
-91,-52
34,-67
-40,71
-28,-17
28,-64
-24,44
-100,-105
-6,-289
-26,81
54,190
-7,-11
-72,-12
-205,38
-75,-71
48,65
-127,-59
-27,-54
9,111
-90,6
-13,4
32,31
-12,14
151,-16
-77,-58
-17,2
5,9
-23,58
-19,-45
16,-53
-38,37
68,36
-23,-28
-54,6
57,-8
41,50
29,70
15,8
-26,-28
-8,-4
4,-7
47,18
22,69
45,60
-5,-10
32,-51
9,-5
30,15
-27,-113
-19,-78
6,-74
-4,-26
-4,-61
9,-24
-12,47
41,52
-12,0
-14,-18
-23,-53
-2,-17
-15,0
-45,-63
41,88
23,11
-23,44
-44,-74
-20,37
41,-33
39,-26
-30,-34
-22,32
18,38
-37,-129
-40,-57
109,65
-32,-50
47,-45
31,57
-2,48
20,-87
27,37
137,63
-43,32
-43,64
-4,0
-3,-4
-39,-78
-10,60
-68,-2
5,-7
71,-59
-151,-38
31,-41
-81,7
16,-45
71,-116
-12,181
74,26
154,-9
-51,-174
16,-9
-1,152
16,89
-21,-18
66,44
-47,117
-31,-46
-60,-46
-42,75
-52,-85
-30,0
37,117
-16,1
13,-23
-14,0
-25,-45
55,4
-97,1
-86,-34
-1,38
-102,-74
-81,-63
39,46
-23,24
18,-99
-34,-104
42,42
33,-27
110,-23
-32,-36
-57,6
102,-29
-32,-20
86,-6
43,53
-23,-148
-9,11
28,-30
90,68
56,-56
-22,24
-24,-18
-40,-78
28,-65
86,-104
0,61
-37,6
80,31
2,3
70,-102
-39,-18
-97,-149
14,57
42,-89
122,56
-63,87
0,-116
-23,0
-35,-95
-53,65
-28,6
69,16
97,27
46,-1
-15,9
12,26
129,-29
29,-28
41,74
163,32
-54,-85
-3,4
-30,-31
64,1
-5,5
26,-36
-32,-47
-40,-45
76,15
21,50
41,24
-69,52
17,-20
-59,-74
-28,-36
103,45
-109,-64
66,5
-4,-30
43,-4
-44,70
84,-63
11,0
39,-65
-17,93
-65,82
13,-30
-4,38
-125,-9
-13,-55
-69,39
52,65
-37,-9
97,67
-27,-26
32,-48
122,43
-81,70
-49,-68
-124,-72
-11,-16
22,48
-88,-1
32,-23
-129,-19
17,3
30,-47
-112,-49
-31,32
14,11
-35,-23
-12,68
117,40
-58,61
8,-139
-53,19
107,15
-66,-14
-21,-58
44,31
51,-4
73,-8
158,22
-38,-8
-70,-87
89,-38
18,19
42,-16
0,32
70,62
-72,24
105,-55
-23,5
18,-8
77,-16
2,127
-4,-60
-13,-213
45,135
-32,-41
88,-79
-23,-87
26,-19
65,61
-138,-119
12,136
89,28
-53,-90
-53,-72
39,-93
-40,-7
15,65
-76,-16
-26,-106
57,-84
39,27
-7,96
-54,41
-55,27
3,-92
-13,66
-50,47
4,-37
12,77
-57,51
-38,18
-7,-9
19,58
-65,67
-65,53
-59,-22
70,-15
-49,-53
-90,-70
-68,-44
-54,-13
-34,-5
-106,51
22,-10
84,-84
-41,63
-48,-157
45,1
-17,25
-26,-6
-22,-25
-123,83
11,4
33,-182
-9,-2
125,-91
-72,43
69,-14
-133,-24
100,-5
123,4
-91,7
11,-61
40,3
41,-74
-123,-18
-29,-13
153,62
-1,2
-72,-45
-85,80
31,-11
24,-80
30,22
38,-7
45,-34
-87,8
91,-30
-38,132
-95,40
98,-112
96,-94
-69,-65
-3,66
29,0
-25,-121
-54,-83
-57,164
47,-79
13,-29
86,-77
97,-59
-137,-6
-7,31
76,-15
18,65
40,91
8,-115
86,-62
42,9
36,-16
-54,-14
40,-85
18,28
-53,-33
-70,-43
53,-90
-160,-47
25,19
-62,14
-39,-19
-85,-16
-68,5
-14,49
-83,-99
-18,-79
150,56
-148,-1
15,-63
-59,7
6,17
-103,-181
-1,-28
-40,-70
5,-94
116,-36
-104,-9
-58,67
-23,74
23,-26
40,-156
-120,-102
43,-113
55,54
45,0
-121,-115
28,-24
58,29
-63,62
65,-113
-38,-98
59,-6
-32,50
73,-43
106,9
-24,-53
-129,-68
58,-34
-30,-187
-28,36
40,-30
6,-6
-38,41
0,-11
53,-16
75,-22
-53,-2
-6,-38
61,26
66,-67
-1,15
21,-84
-76,34
-99,-178
-48,-21
11,3
-106,24
-35,-33
9,46
1,-19
50,-61
-51,-42
-19,-42
-76,-50
58,82
-29,-92
-124,25
0,-15
-4,49
1,-62
-15,65
-77,-85
-15,-69
-82,-114
30,68
19,42
-4,88
13,-31
42,33
76,4
167,-57
-8,20
15,111
54,-41
20,-27
7,-17
15,-68
-42,-51
9,35
8,4
-13,-201
-38,201
20,-2
54,-52
36,-48
-47,-26
1,-24
77,-151
11,-11
-4,31
-17,18
-20,114
14,-84
-61,-23
64,-40
25,-117
-35,38
54,72
13,-14
-17,-210
15,15
53,49
-67,-21
100,-5
95,-35
81,-118
-77,17
58,100
-15,-20
-1,62
54,-104
-7,-53
-39,-57
-83,-105
-79,40
-21,28
19,-19
0,-125
149,-4
-137,52
-81,-60
-64,143
-36,-31
47,30
20,-21
-17,-77
60,94
-30,-145
-64,-57
-1,-38
20,51
-8,22
32,-29
15,-66
-58,44
11,4
-141,-27
67,-21
27,68
-16,-68
61,0
-28,-16
-14,-38
-9,69
33,32
44,-55
107,80
123,-78
-23,-36
74,-11
49,128
-55,126
136,32
0,-169
-32,88
-116,-17
22,62
-53,-23
2,-31
-17,-100
53,-24
-6,-76
-65,-130
37,58
89,-164
-33,44
-119,-69
49,20
25,-4
15,-46
-26,-103
16,14
28,-34
-1,-63
-13,-22
32,23
2,-8
-59,-19
55,-25
35,73
94,-103
-62,27
89,46
-163,-1
61,-102
-9,-43
-66,-38
-10,-37
27,42
-3,-42
28,-39
139,30
-177,-5
-103,-155
-52,-77
8,-71
-2,-53
-100,18
9,-31
58,6
-39,-76
-21,-19
-3,202
33,-124
27,-121
42,62
-71,43
48,47
23,-68
-14,81
-35,-148
-7,-140
29,-46
20,-28
-55,33
38,11
97,-41
-13,-24
-200,-26
17,96
22,-69
28,49
31,-9
11,-66
15,8
-53,18
-78,-43
69,-79
-5,-41
23,92
-21,-38
-23,38
-35,-75
21,-38
-42,-4
-5,1
-23,-51
44,-54
9,36
-38,71
-15,17
15,-78
-47,-20
32,53
-160,-44
-13,-101
-5,-41
-34,23
105,-29
37,6
-132,-52
30,-34
23,74
-90,-25
-102,56
-6,26
96,-3
63,-21
-26,0
-177,3
-54,-45
28,-10
-47,-82
38,77
12,2
66,-95
-75,-12
-29,29
135,33
96,-14
16,-70
40,-57
-53,14
-29,-29
85,-1
-16,-96
-42,-13
61,80
0,27
-8,-45
-37,24
65,-66
-43,38
-4,-149
-62,145
-1,123
-20,53
-45,-49
-154,-89
-4,7
21,-13
-41,-27
37,87
43,-73
33,-127
-102,-49
145,-52
-109,-35
-27,-44
1,-52
49,54
74,-61
-40,-70
32,49
1,21
-46,3
130,-47
-46,-67
25,-33
-53,-7
44,-38
85,-20
-62,25
-33,6
-50,75
-28,12
32,36
38,31
115,-7
49,142
-25,-210
-79,20
-87,41
-37,-61
-7,55
-51,-36
-98,-32
51,121
-67,-132
94,15
-31,143
80,-92
-97,-20
94,-5
-71,61
23,2
49,-6
-25,-116
82,-13
3,-4
-44,34
-49,19
-25,13
17,96
-83,8
-43,57
0,-23
7,-9
50,2
26,105
55,90
-42,-52
126,0
-72,81
33,-1
15,12
27,43
23,46
-48,-57
103,24
-37,-31
-3,35
-26,-51
-139,-5
-39,-112
-10,-16
66,-55
-59,-69
71,-28
-2,18
-72,-24
3,119
-123,-11
59,-8
84,-47
84,93
3,60
-25,-96
82,-47
-122,-5
-2,-53
-15,-57
46,-37
81,58
60,-182
-69,44
-24,-13
-25,78
-21,-53
-5,-148
17,-23
-69,33
34,-71
27,-19
6,-71
65,-16
-91,-30
-46,6
-41,15
94,-50
72,24
38,-115
-9,-23
28,47
-60,3
-69,-23
-4,43
-21,-42
-14,27
52,106
114,47
47,-128
66,-15
-13,53
-99,-2
84,-50
-15,-12
80,-63
23,-5
40,64
-16,71
