134,-117
-325,134
-199,-15
153,-144
143,134
-142,154
-467,-21
-86,98
18,194
294,640
171,389
73,-45
-38,-214
261,457
173,-40
-440,-1241
-285,-1259
486,-600
99,-653
0,-615
-797,1148
-249,1013
-21,587
415,320
76,277
-159,-1615
85,-1613
22,-1008
0,1199
51,-537
144,598
195,1649
-35,1616
-24,489
-403,-667
-52,-176
70,1649
-14,1102
-34,-1342
60,358
-34,-978
45,418
1,-529
106,-627
206,-1187
592,805
-108,1649
-1188,1105
-471,-1613
343,-1614
-82,-781
-202,1076
286,1649
-123,-174
136,-1614
218,559
41,1649
350,-860
149,-1614
68,-619
-82,-508
-126,1649
-51,1649
-37,-315
67,-1614
77,-1616
-57,492
53,1476
-63,226
-112,-1611
-120,1649
-4,1649
-18,311
92,-1615
57,-1613
89,1213
63,881
-3,-846
-6,624
-36,-691
-129,-1022
-14,683
68,1649
150,577
0,-762
21,-945
44,680
-146,553
-123,-1614
-176,-1611
31,-1610
249,265
-296,1649
-157,1649
162,1035
258,-617
104,-410
103,715
4,-710
-1,-1611
-46,-241
-235,-193
194,648
-2,287
-29,991
-5,1565
-63,862
-389,-1612
130,-1181
524,-948
-79,795
-38,793
-87,-1141
-4,87
-278,-55
69,594
220,144
37,1335
132,1310
-204,465
-316,-1615
180,-1613
27,-95
-120,914
102,422
-16,49
-178,480
342,639
-39,-94
-55,113
-7,-110
268,-749
11,719
-155,-739
-85,-1614
-16,-79
222,732
83,259
38,1
-23,251
-19,555
68,-56
104,-599
31,-1612
-118,934
-80,-940
0,471
-54,315
13,-59
0,167
225,86
66,-1029
-68,-355
-33,1625
128,403
115,-1163
59,1040
-38,-296
183,-1259
-152,-1612
-106,806
282,1649
-3,1156
-189,-216
-9,-957
51,-232
81,-604
23,263
-88,45
-19,197
-72,399
85,-274
73,-425
185,-33
77,-241
-134,562
-143,158
-43,184
131,-34
15,-679
-71,362
92,-4
-181,-932
82,265
159,19
132,-545
117,164
-33,102
-86,196
7,-1222
31,-381
-53,655
-77,806
-2,582
-16,-114
-32,247
8,-174
52,-295
157,-92
7,-823
65,114
86,283
-25,-653
-68,404
-26,-79
72,-1027
-82,970
45,1110
-91,365
84,-598
105,164
171,-604
-202,-1023
105,1051
-53,-389
-91,-28
200,-638
0,427
60,649
-49,222
78,-1342
-36,-136
3,1649
-52,1237
54,-1611
95,13
100,-769
33,581
141,619
-47,-806
-136,-248
72,-51
14,554
42,-24
78,-460
-31,407
166,1493
118,-192
-102,-1612
-1,-361
47,634
71,695
90,594
-78,-144
2,-275
-48,-546
-12,235
3,65
167,-104
51,591
25,230
137,-1614
0,-887
-135,556
-259,738
-50,520
57,220
-31,-297
-48,94
7,481
-13,-295
-21,-346
8,-136
114,-430
-5,435
27,-355
-54,-927
32,-116
-83,1038
-84,576
-40,-1261
-27,83
62,392
41,-661
-27,135
63,344
204,-155
116,157
40,273
18,575
-22,343
-49,-598
-5,197
-56,-567
-139,-1075
-38,-517
130,281
-104,-62
-80,-960
12,-570
96,110
113,149
-12,-92
-63,-92
-39,202
21,127
49,-19
117,318
44,288
-66,-806
36,-1612
-77,165
42,403
32,692
44,-163
72,-476
12,305
-39,447
-103,-27
-90,-980
46,-441
-120,374
15,594
65,261
-30,-1613
17,-855
26,1366
2,739
-23,-112
107,-218
100,-167
-65,-251
47,-152
47,264
-62,673
25,-152
36,-7
61,238
79,-493
128,112
35,115
51,104
68,-226
-53,32
58,-663
98,-26
28,153
-14,296
34,849
54,-863
80,-1030
114,353
34,792
-25,170
45,695
63,-40
-95,-404
69,-342
50,-262
77,657
133,-395
158,170
73,129
-145,-626
-35,-776
51,267
12,703
-18,570
-144,267
0,24
22,-208
62,-427
116,-66
-7,568
-32,-693
78,-454
39,563
-42,9
-8,17
-1,177
100,166
-96,97
-28,748
17,-74
144,-768
-15,-784
56,-534
8,45
-7,446
53,105
172,165
94,-232
-37,-342
47,1141
32,288
-12,-449
183,-601
73,-285
9,-313
-24,150
33,464
33,156
-39,209
-49,-516
55,33
-14,686
-85,100
1,-377
-41,-271
92,-376
67,-4
-74,468
73,1067
5,-378
-76,-597
43,-282
99,618
21,-435
-29,-319
20,-5
48,251
119,178
-61,-24
-22,-49
-45,280
-26,507
22,453
-21,-1398
63,-643
100,221
-4,412
138,128
101,204
-32,130
67,-318
160,540
171,-111
-47,-780
-128,144
1,534
210,-160
50,-333
13,-857
-10,670
104,718
71,-26
-48,-252
119,-309
-130,-65
61,66
-22,-481
-200,277
122,216
31,18
48,50
-28,80
47,183
-13,641
31,-41
-15,-234
62,-234
-31,-965
-35,-330
-66,364
85,405
93,146
3,437
158,779
-12,-556
-4,-1002
-70,477
1,387
60,-383
-23,58
-4,20
-45,-198
55,-164
35,809
-73,629
-123,-53
129,-900
141,-602
-40,467
47,33
-13,-51
-45,113
-5,-411
-74,-65
-85,437
76,812
160,468
190,-439
-121,-660
-137,-5
169,436
45,-31
13,-241
119,404
15,103
57,-689
118,-205
95,460
13,335
56,-156
53,-312
116,443
48,226
-46,-505
-28,-307
42,414
21,604
15,-202
-4,0
-51,175
121,-735
54,-303
64,451
-3,597
22,416
42,-737
3,-1019
51,69
45,338
43,187
30,250
89,274
100,-292
-87,-98
-20,456
96,83
17,62
34,147
-29,-144
-69,-242
-57,-709
24,-140
52,378
61,161
-12,118
19,227
-26,176
-84,-196
-91,-690
19,-494
198,439
-4,864
7,8
22,-827
115,-156
-43,-303
26,16
56,462
44,323
1,-10
55,140
149,134
-27,693
-110,411
-29,-856
123,-1614
91,-242
41,405
-74,245
63,77
89,32
81,-226
85,315
54,668
40,702
-27,-194
-4,-271
12,-91
-34,-600
53,-835
16,-94
7,528
58,790
23,300
73,-343
20,-184
-3,-724
167,761
20,-159
58,-147
-132,128
-71,307
179,-554
118,-20
-76,232
-68,280
5,142
-47,-10
88,-116
22,355
-36,294
-97,-1614
1,-55
-14,424
5,393
109,-193
143,-168
-119,-125
-14,1061
190,-81
199,-1017
85,616
7,-346
0,-190
92,68
-42,215
47,-240
7,-393
-120,343
-64,709
95,450
59,177
166,471
75,3
36,-447
-64,-825
55,-606
-75,89
1,326
-80,100
108,252
15,119
9,203
81,366
60,171
23,-651
21,181
106,559
27,-1015
-36,-627
163,140
73,223
-14,365
-104,705
33,655
52,-31
17,-1140
19,-231
-65,88
8,474
-205,164
84,-213
14,-76
-15,-176
38,128
134,494
125,263
-18,328
119,-265
90,-130
-77,-710
-80,113
40,652
6,-608
-87,-1053
28,312
-54,663
-67,607
47,290
100,-793
110,-940
66,490
0,-10
-91,513
150,530
11,-661
81,-611
133,101
-54,467
-18,130
198,-168
62,-113
69,-183
222,145
104,204
23,138
166,161
-46,723
-40,-700
127,-123
60,-5
20,480
101,-92
0,-454
25,-605
6,4
18,523
-32,191
152,108
-114,262
6,379
30,88
-36,178
28,-299
46,-421
73,26
-3,-105
-43,-620
23,245
88,178
-30,123
25,176
-45,128
-2,41
129,188
-8,28
-48,-248
30,57
-63,103
-14,301
53,-449
-7,-467
-9,317
23,-480
137,34
11,575
59,348
20,-445
15,-296
74,74
50,199
112,364
53,140
17,51
2,-89
9,51
136,-134
48,-348
67,-346
130,406
70,804
-17,395
-12,184
-12,-765
0,-754
-8,-818
16,-1
-25,482
55,407
205,-95
0,-257
-6,285
71,763
58,392
23,-443
-37,-5
-9,-93
-48,131
93,-183
16,-355
53,-2
-48,712
-5,253
76,-697
5,351
-43,368
29,-761
37,-284
130,423
101,-352
-74,-106
9,175
20,640
-28,-103
24,-248
118,-125
-56,322
62,9
-115,115
-32,-524
152,-513
68,222
45,447
-58,254
39,281
36,495
-56,-71
58,-344
8,-501
73,-50
17,-142
105,225
-41,21
-72,20
-55,748
125,283
-5,-1611
25,-784
72,927
153,873
-78,465
39,161
63,-370
58,9
39,-531
-35,-10
-18,347
23,-121
138,-582
1,364
-145,299
21,-280
53,-260
-2,-139
-2,-94
-29,494
-27,385
136,-340
9,-257
45,96
-22,662
-1,-506
-69,-923
2,35
76,493
47,69
44,-5
94,386
-31,-204
-96,-18
66,343
87,-79
57,-339
124,-146
36,-423
-65,116
-17,581
72,53
-50,207
-128,-1614
162,85
-10,388
129,392
-1,133
-123,-72
-78,-68
40,326
-126,397
163,-441
173,19
-22,225
-28,294
-45,406
-87,296
0,-714
34,-500
-30,351
42,-74
-55,-111
13,-226
133,435
0,-49
-66,155
-21,459
4,313
-138,-538
-85,-7
55,29
79,-612
33,-409
71,334
145,384
43,-412
-60,-124
-103,121
54,281
53,183
31,271
-84,90
5,-527
18,-162
41,-8
81,77
105,-55
-16,-41
75,254
90,2
-43,31
32,493
-14,379
26,-476
2,-751
88,294
-10,82
14,-20
12,-97
24,-242
15,593
-6,-95
-3,-405
58,218
36,71
41,592
92,-566
-20,-1149
-19,-182
5,582
53,162
-27,-92
-16,124
8,269
-49,49
31,-180
33,475
0,764
2,-320
57,-1006
15,-525
33,-597
64,194
14,414
-84,76
-11,85
109,111
65,53
29,-146
56,216
28,195
-67,-133
60,-113
-52,88
-16,119
-28,-1140
-4,-144
66,-74
162,286
66,463
-65,437
18,-894
-53,-757
-53,219
118,480
-74,-19
35,84
-22,-155
36,34
-22,272
69,-34
142,78
94,-113
94,-3
23,-39
3,-551
-50,-708
-104,312
29,376
86,-8
-44,18
26,215
24,381
196,-148
144,-349
2,146
0,141
74,-219
-37,-288
5,-268
-9,3
-73,-200
40,99
-32,716
20,578
-32,-174
-6,-711
87,-1159
-7,-261
-17,166
111,364
43,27
-23,-185
39,81
22,49
-97,384
321,520
110,-40
11,-625
-41,-268
-120,536
32,-82
5,-570
16,-522
5,79
57,351
39,511
94,459
29,-349
44,-482
-33,-156
211,-64
14,94
-14,29
77,219
28,77
26,-610
26,-117
-84,448
147,543
-33,127
-12,-542
61,-132
-7,482
-3,-603
-77,251
-56,-41
117,-72
-28,-261
-17,8
109,-543
85,-62
11,782
95,55
-27,-689
-49,-24
0,-144
-53,454
-28,63
90,37
-67,-317
-19,-52
118,-67
122,381
62,-94
-14,-319
183,-33
273,56
-79,32
-66,303
-106,-350
-177,-531
83,64
-69,457
24,-77
54,134
24,46
-70,-68
-28,134
5,-414
81,-319
21,261
8,188
-31,6
-117,-614
-48,90
119,136
29,274
26,199
26,99
4,-3
104,-352
15,132
7,433
86,-655
-25,-783
-26,142
100,538
9,-178
-38,146
21,-32
5,235
94,-48
96,-632
-63,133
-15,518
29,45
3,-522
76,-719
123,255
-9,432
-91,380
129,375
68,-249
5,-249
34,236
27,-83
71,-220
43,73
-117,-343
-155,24
-81,190
50,239
53,150
5,-414
13,73
98,76
-45,52
5,-865
35,-159
60,163
66,63
-33,42
-37,-8
39,65
-46,46
-66,-17
-8,430
54,27
8,-459
26,-546
-121,126
-32,520
42,-135
-126,-437
49,151
52,893
-97,-770
-66,96
-49,129
-2,224
82,260
43,-165
-6,-150
-61,-196
24,244
-37,74
32,-463
-13,-204
-92,-508
-111,-343
47,179
-54,272
121,275
-48,-211
54,-239
-69,36
26,382
90,315
62,357
130,87
-16,-499
0,-555
32,-465
59,-240
31,-75
-19,398
69,743
-95,-440
128,-449
-15,23
17,787
39,692
-94,-908
1,-860
63,-128
-4,499
11,194
-35,129
57,-146
-60,-907
-8,210
49,669
11,881
-34,-525
-60,-984
34,-428
-138,168
14,253
31,-49
112,205
15,352
4,49
-46,101
157,16
79,-77
9,-92
2,366
76,422
-27,-343
60,-1615
98,128
32,866
-25,300
31,-53
-65,-32
7,-101
114,337
8,590
37,311
3,-558
-79,-354
-106,-472
-31,-187
26,407
30,230
121,184
61,-161
53,-512
65,-26
11,173
79,181
-71,77
82,-75
-24,3
-78,-231
-81,57
-92,58
32,210
88,87
33,404
42,-128
77,-113
67,-41
61,-244
27,-231
80,165
16,296
145,84
99,-52
118,71
-198,176
39,-288
67,-854
131,-64
12,397
-38,-6
-1,-21
34,211
3,-164
3,77
-33,463
18,16
1,142
-69,311
-39,-238
-63,-500
-24,-185
227,633
-25,192
-110,-843
-106,-753
-155,229
52,575
-45,320
38,53
-27,-45
89,4
88,-46
-28,-220
-64,-302
-28,161
75,120
37,-49
-40,-111
75,-63
31,-6
20,6
-56,-3
139,201
65,236
51,-5
-19,-30
-90,-909
18,-186
-57,8
96,306
169,40
41,-165
58,-965
-10,123
-5,421
56,610
30,319
4,-434
-12,-445
-43,8
37,829
-20,-134
11,-574
50,383
54,430
16,-1007
-38,-842
-105,77
8,491
-61,728
90,374
-48,-1298
2,-438
120,393
126,261
6,122
-93,17
-24,153
-18,215
-15,-564
17,-425
-38,229
101,200
-18,416
64,647
50,-1091
44,-857
-12,-364
35,499
-36,78
-28,120
14,-97
-53,157
-81,191
-36,1
-33,59
-6,-65
87,228
39,-340
16,-392
-36,201
-74,251
80,-898
65,-394
96,713
-89,896
-48,86
53,-268
-48,-655
61,-125
47,449
80,-55
-151,7
-54,-154
33,202
-47,-26
-13,121
28,234
-37,-39
-29,-80
93,-56
-19,-564
181,117
44,302
-44,-172
13,49
0,-435
29,497
125,-88
54,-10
-85,224
-43,187
64,-63
-56,-358
-4,-67
159,192
31,58
-10,-671
-23,-298
-20,546
99,421
-48,-542
-9,-371
-25,-105
43,148
20,281
83,256
120,334
-74,-21
-32,-485
51,-76
-55,8
-4,-512
-50,54
-41,365
119,252
-12,-111
11,-421
54,73
100,148
-109,-790
4,177
-9,114
21,-5
-125,-68
100,-217
-15,48
-111,120
-132,602
-54,273
75,-1174
34,-556
-39,698
-57,-63
-7,-787
-116,120
-90,197
-41,255
49,260
48,155
67,-249
-149,138
-34,184
22,23
23,-127
-83,-567
-13,-480
-108,220
-72,456
-14,192
86,-115
-56,-134
29,173
79,441
-30,-627
47,-397
47,-242
50,252
-103,84
-74,-55
-7,-7
-111,-197
-51,-8
98,89
-127,297
41,232
33,-20
-80,-67
-48,-219
-70,-671
68,159
-30,146
-111,-340
151,-45
86,303
-22,-124
192,-119
-76,221
29,258
49,-141
12,57
51,59
74,15
-139,-89
3,-534
14,-133
-16,596
-151,-32
16,-393
171,-545
59,182
-101,453
-167,-220
-43,-259
11,-55
31,439
91,173
-135,-200
-82,-107
38,282
-2,502
108,247
-54,-1066
-50,-805
-21,308
69,408
38,-106
-4,-245
-9,175
-48,118
-41,-21
25,161
-32,421
45,138
5,-28
-3,-77
-27,-202
-32,31
-99,268
-21,-4
62,-54
-50,-290
-23,-421
131,4
-88,331
142,179
-52,-156
46,-369
25,-98
15,135
-1,427
44,174
-68,-289
5,84
43,159
91,-142
-39,-52
-62,-60
-28,-135
183,151
19,450
-12,-50
-57,-272
64,22
-58,-73
79,-504
45,-328
-8,409
-16,-287
-71,195
-39,149
88,-304
32,116
70,260
76,135
-1,177
24,170
-30,-110
27,178
57,-59
68,-515
-41,35
12,279
0,-432
5,-81
108,271
108,-182
-33,-333
-48,244
-67,200
-119,90
-43,-90
29,115
-6,352
40,355
129,-125
91,-1320
-4,-162
67,174
4,45
14,62
42,-226
74,-1025
54,-672
-12,175
-54,466
39,-24
100,-183
-55,-83
41,198
79,242
-123,219
-70,-274
-9,148
34,26
-14,-398
-8,-521
-25,148
-26,576
9,-123
92,-382
-2,376
0,-180
4,-431
-19,278
63,-64
-2,-205
32,-119
-12,-13
-12,81
40,94
-1,-265
58,38
98,233
115,-79
-22,-231
52,-59
-7,257
-7,376
94,-145
-43,281
-52,75
-60,-1613
-70,-328
42,574
-134,503
-33,59
94,-195
-136,-125
111,152
94,205
70,-109
18,262
2,283
142,-775
87,-620
2,356
28,-155
-7,-328
150,34
-48,158
-95,105
128,211
-42,112
-5,67
106,43
-46,-229
-6,-56
-106,-477
-100,-386
-22,369
63,228
63,-129
14,-266
28,-94
-90,141
-61,47
-37,379
-46,358
16,-34
-64,-1613
44,93
71,356
169,-120
-34,-230
-140,-123
264,113
100,-53
25,375
-113,346
-4,186
-12,158
117,-167
9,-214
-133,56
53,-10
40,-171
48,-172
83,246
167,607
49,272
-5,-570
-102,-1184
-57,-543
37,219
-7,312
-45,-34
-59,-199
-35,36
-36,555
70,205
80,-114
125,-89
-63,-119
23,140
-22,63
-55,-464
-18,-353
-14,91
-24,257
14,-30
61,166
70,157
-75,40
80,252
27,-235
-31,-519
19,-76
26,-689
-23,280
-23,1099
19,-465
40,-981
15,-37
-23,946
-27,155
2,-495
33,-830
78,327
46,448
-7,189
19,-40
53,-378
25,-78
27,133
112,169
105,179
120,-91
-56,119
-79,35
18,-107
-33,-164
-52,-207
-15,-165
-13,80
20,220
79,26
70,-557
38,-193
80,-221
14,157
26,81
-29,-82
-15,37
7,91
-9,-62
-26,-44
-109,80
85,90
44,-3
34,-55
-71,-59
-4,-8
26,-103
27,-127
47,-63
78,-7
-39,-26
-177,-83
86,-93
75,-21
-95,-24
114,76
-112,-132
9,-11
91,-105
4,-190
6,-8
-45,104
1,5
-167,-102
-84,-133
93,-215
15,-176
34,11
-94,85
97,74
-122,-117
0,-78
-14,60
-3,-81
35,-215
129,7
16,79
46,71
-89,5
-20,8
61,145
110,-79
-106,-16
-96,0
-68,58
138,-144
-129,-425
-150,-71
173,-53
53,80
41,130
90,-101
171,-56
-4,71
-174,-49
45,207
55,263
116,43
-237,-330
-305,-370
-42,-122
270,-56
374,29
231,-723
407,-341
-497,512
-661,223
443,-79
24,-314
-485,-297
363,345
-394,426
66,70
49,-70
