-82,-14
-409,6
-957,-80
337,-140
658,-74
462,-62
-785,72
-683,-35
410,15
756,-62
-129,-7
-137,-43
-366,-3
-601,46
189,-11
117,-63
-69,-89
162,44
91,-69
-396,-9
589,-89
81,-49
-180,43
-111,0
-21,33
-285,102
297,-90
-156,35
0,2
665,77
-949,132
627,-150
-757,46
-432,92
1564,108
-741,85
-53,-45
547,-174
-71,42
156,-60
-512,26
-149,112
672,-61
-824,-81
525,6
-257,100
-535,20
-288,-81
-243,-117
1548,125
-955,131
-336,58
-330,-38
-226,-145
785,-83
-320,282
-866,-27
-779,-154
1118,136
973,153
-419,-62
-525,-91
-148,454
95,-161
84,-402
105,-744
-135,-607
-208,13
-172,374
-95,98
-42,46
16,173
110,195
39,128
-110,20
155,17
80,156
-146,96
-452,-116
-166,-171
192,102
264,419
-216,200
-170,223
-30,65
44,118
-83,57
-212,47
-398,-110
755,-284
-168,100
-718,23
194,267
689,127
196,-105
-257,42
-220,-39
-627,13
726,-40
285,-56
-154,31
-609,-2
278,0
550,25
-455,78
-461,-16
-357,1
306,11
1441,-96
237,-127
-675,53
-520,-54
-3,-86
534,-135
-201,110
-41,-160
-204,112
-478,155
152,74
15,146
-62,33
196,34
25,23
-297,74
476,134
-176,52
-410,44
1,196
-348,-19
113,-93
256,-125
654,107
-508,139
-729,153
1082,-108
-113,17
-347,-219
-322,-167
152,276
40,-44
-25,-244
-127,-2
-131,189
-13,82
-838,-223
813,23
199,-4
527,-92
-202,45
-442,224
-15,180
-83,-9
-73,-46
-126,20
-510,-174
902,30
501,-40
-367,-7
-433,-130
-229,140
824,-81
-93,-64
-815,-86
334,30
-256,82
-339,-92
-328,-199
338,-271
292,-39
73,-166
-151,86
227,174
-203,-103
-166,-19
-182,-16
-33,-13
-72,125
208,-8
-317,-78
-244,22
-70,-176
145,-70
946,-38
-604,142
-470,106
-166,-142
448,-111
-495,29
-130,84
632,-63
-448,-95
-156,-80
541,5
-426,17
327,41
-2,-60
-107,-70
-132,-8
-55,37
-26,-133
437,28
-746,46
-340,54
-58,12
1066,-58
18,-19
-1615,31
823,-50
46,125
-286,-116
-455,6
-455,92
1116,-31
-146,79
-358,-6
-128,-27
70,-102
-119,-73
185,-18
-94,175
-582,-67
-649,-179
1561,-74
-387,-28
-70,84
90,-9
-106,-89
-197,-20
-189,-27
479,21
-432,-26
-28,24
-130,37
-83,-61
-203,-69
342,-15
152,-4
5,0
-209,66
-83,32
-192,88
40,31
173,-20
-336,-46
219,-201
-14,65
-107,117
-130,68
-350,-57
922,-6
-627,82
-41,6
-238,23
118,-96
-153,-25
-67,203
-921,-102
1296,128
513,55
-484,49
-295,-12
-114,-195
16,-51
-45,13
15,157
-84,-46
-201,106
-305,151
145,13
-543,46
306,-37
216,84
-352,44
346,149
-180,-196
-583,0
-547,-96
1175,41
-54,92
-466,-190
-142,-130
101,176
-44,-49
102,-81
-66,-360
77,184
-203,-38
-184,-154
-70,-83
-187,-67
370,193
148,-1
-99,31
-108,36
-118,85
-134,-16
-180,-14
187,19
-301,-48
17,-31
182,-198
98,49
-50,-1
-323,-64
206,50
23,-108
-152,-103
205,-26
-412,30
113,-75
6,169
94,-78
-320,-32
-470,67
436,-66
684,32
-578,84
-83,47
-15,97
-322,-64
274,121
-102,-185
-287,-94
247,-68
-114,89
-255,-53
34,40
103,-82
-104,-15
-234,139
738,-95
-109,25
-211,-50
154,94
-16,60
-97,180
-186,-48
226,62
-83,106
-55,98
18,-6
-357,5
690,-10
-49,-19
-142,-39
-32,-19
-73,-114
70,-196
-537,89
440,-18
98,-69
-492,-100
-166,135
345,15
-324,-126
-56,22
119,9
-475,-12
251,51
-124,109
215,86
-4,-105
-110,-93
-270,-147
-382,-73
679,-118
-251,-26
-68,-12
33,-75
-233,38
-153,-56
-79,77
-188,80
-20,42
332,-176
196,107
95,295
-118,-14
-163,-58
-172,49
325,43
-25,-17
-108,-72
87,91
-264,207
-271,125
-13,-165
305,-12
-132,89
-16,-117
-56,53
-170,63
-4,-145
219,0
-39,30
-192,34
-26,4
104,-60
-3,53
-206,119
-59,53
-404,-118
329,-96
239,-40
-221,5
-156,46
83,-140
49,29
-14,-26
-291,22
211,29
-40,-136
-139,-31
-411,-46
-228,-67
779,0
-82,-95
-169,125
-417,-34
-351,-12
798,-36
-294,115
-52,32
-33,62
-191,-56
-8,-43
206,-94
47,-124
-43,-41
-88,48
-46,78
-69,-58
-96,-3
19,136
152,42
33,16
54,-3
-94,-130
-59,-69
-35,-104
-5,-57
-8,-63
-59,162
-65,135
-105,71
71,134
-28,-102
-7,-56
-27,-29
-14,18
32,12
-27,-92
-89,-94
37,-24
-71,-12
-110,86
50,-18
287,50
-72,51
-265,92
-66,-30
39,-65
15,41
-202,-43
-495,-1
1020,-12
11,13
-222,4
-642,-211
251,-26
254,-67
-9,-59
107,229
-377,-70
-124,-164
-30,172
39,-104
-182,78
-366,-62
424,67
-85,-49
-106,37
-130,-76
-40,143
-125,-159
-139,-11
570,126
-206,122
-54,169
-235,11
-121,-32
23,-156
-18,-117
-62,191
225,-135
-101,-78
-146,-228
-142,116
-250,-39
301,61
-152,-57
261,54
-68,-286
-43,-92
-86,107
70,153
-56,117
-493,-220
746,-52
-249,23
-23,-103
-140,31
-26,18
-129,42
420,7
-69,-90
-127,-110
-177,-113
169,6
-110,-106
-480,-59
-112,-98
445,-169
-408,-95
78,24
182,155
-207,96
35,91
-106,-34
122,-99
224,2
-101,101
-143,8
-150,62
-206,95
-128,-174
331,-2
31,-33
-31,98
-86,105
-48,95
107,-72
-44,-172
-1,15
-8,64
-116,176
-71,-5
-72,-271
-5,-154
-109,101
7,53
87,-194
-168,-95
-70,-17
-210,43
140,-24
24,-122
-169,48
-82,-58
0,8
144,-58
259,-47
-256,12
-145,-46
-299,-3
436,-73
-45,29
-131,-10
-64,-168
-90,26
-127,174
-38,146
-161,-59
161,-156
-101,14
-160,93
51,-17
-218,-122
-163,-133
685,35
-344,78
105,-52
154,94
-109,110
-75,-59
32,-1
-24,104
-110,25
-264,-13
-50,-15
297,-15
64,-23
-81,37
-47,52
56,92
165,53
116,7
-140,44
45,-84
37,19
-107,-36
-209,113
88,42
123,-86
-15,-3
220,-127
-167,-1
-299,20
171,0
-17,-62
-54,77
-19,7
-116,13
-107,82
336,66
-19,27
-67,-105
-405,-1
248,45
238,-31
367,-6
-433,-29
-183,62
-60,-76
148,-35
131,13
-62,-51
-179,0
278,73
-196,-28
-255,3
272,30
-10,22
-397,-99
521,-233
137,-166
-149,78
-213,30
-324,66
301,18
-143,75
-96,34
-127,-22
433,16
-117,32
-171,1
-32,12
91,15
-37,61
-183,-47
224,-84
134,64
-227,90
-177,91
94,47
281,4
-93,131
15,-48
-42,40
26,-75
48,233
-26,-120
-5,21
-29,62
61,6
44,93
-56,38
76,83
28,-123
123,-151
-96,-114
-206,-265
487,-106
-242,-57
-3,149
58,41
-18,135
-198,140
356,104
-51,-86
-48,-68
-57,-219
-60,-133
-251,14
295,-45
220,13
-220,56
-79,-153
-29,-154
60,-11
141,88
-99,-78
-177,-136
164,-56
-173,6
157,-86
42,107
89,49
-58,-2
-10,233
-121,59
-142,141
39,-91
87,-222
-115,-135
-252,-150
-145,-62
515,244
-104,0
-305,-21
480,-242
-98,74
256,173
125,140
-130,98
-176,-69
36,69
38,32
54,-1
76,-85
-163,-72
-102,-122
-5,155
-77,126
152,-199
-30,96
0,-174
6,89
-152,52
637,15
-160,-108
-209,-19
-67,-144
50,24
114,-13
61,81
20,-67
8,-80
-250,39
187,-225
72,-183
-68,-6
7,-52
150,54
13,238
-5,-67
-227,-98
206,-48
-459,46
568,-39
351,-87
-346,68
-147,-112
52,-58
-94,44
140,-141
-36,-48
-65,79
100,-19
-99,-87
-242,79
212,-30
168,-10
34,-3
102,-2
-78,-40
-20,32
140,-13
-12,-172
17,-10
-95,-26
240,106
-110,-27
204,-30
-21,-144
-146,17
168,-46
-2,-6
145,11
-61,-113
-59,36
47,72
-107,-30
-62,-173
-32,5
472,-51
-96,-102
-32,-33
94,-11
72,112
150,108
-21,-25
-60,-87
22,9
-252,136
128,-38
303,5
-151,-17
-18,82
66,-87
25,-138
50,95
47,88
-40,5
-45,-70
-109,-19
91,-26
-179,-45
195,-43
33,-28
73,-51
64,105
-58,-28
70,17
85,82
71,-100
34,-71
-64,68
-83,18
-181,18
300,110
-5,-57
-120,-2
-190,59
-102,73
-97,1
81,4
660,67
-222,11
-269,51
-41,35
-82,3
70,127
275,90
-128,-18
-130,134
-15,-41
24,30
-88,160
106,85
90,0
-17,-10
-22,-61
52,-9
-71,83
46,-64
9,64
32,34
-24,-142
283,59
-40,7
-61,24
20,41
9,178
160,-131
-119,-43
-90,205
119,34
-106,1
131,-3
0,37
-75,-56
220,12
16,178
9,-31
9,64
35,-111
-64,-18
24,14
-38,9
-414,48
647,139
323,33
-254,127
-102,12
-4,-33
-2,123
94,-56
37,154
5,99
96,-32
56,-3
16,14
-67,-44
-116,70
16,75
121,77
152,-52
-228,-24
-188,46
430,97
-215,114
-185,19
-170,20
122,30
-208,-29
540,75
19,0
-78,-147
-118,-199
57,-66
-13,6
25,-62
-193,28
168,-166
77,26
16,84
-73,13
-127,-207
21,18
104,65
-66,146
108,35
-24,-16
-71,109
-74,-179
-43,8
-17,-27
18,32
-18,85
8,-303
45,93
79,-3
-19,86
-124,48
94,-160
-17,113
-1,94
-4,53
-24,-20
42,-119
-48,12
15,43
-73,-18
-122,45
360,84
-129,-48
-72,18
-57,128
61,33
121,40
-26,87
-80,80
-73,-6
-113,49
-60,-110
449,5
-278,-44
-133,19
42,-9
94,-49
-64,119
3,133
-72,119
184,-19
6,16
-193,5
-19,15
81,74
-4,-17
83,-6
-57,-118
0,86
-19,142
-24,79
-12,-94
45,-176
84,7
-95,68
-12,-47
-81,45
-15,-16
60,127
35,-10
16,-39
30,150
25,38
88,-39
-121,5
-355,159
574,-15
-70,65
-16,54
-63,51
-73,16
-20,-51
-18,-59
-24,-2
0,1
-84,-7
-198,-21
93,-77
-101,-60
323,17
-11,64
-130,57
-18,59
-53,-64
-94,32
-13,-28
114,-50
-115,-75
-44,18
-201,6
163,37
-18,87
218,-46
-40,-66
-92,5
-31,151
142,177
14,-193
-71,-93
74,0
101,43
-44,-3
35,-166
-23,-23
-37,43
-299,116
-193,84
559,-97
-18,-79
-123,-32
-46,-65
54,62
89,185
-36,0
79,-17
-24,-188
-124,7
-2,126
359,-78
-104,32
-66,-65
21,65
24,112
42,29
-183,50
-50,76
37,107
-29,264
73,61
154,-2
-65,-60
46,80
-84,176
-28,-22
-59,-54
125,16
-43,-71
-66,60
-56,188
-74,44
-4,52
-23,92
106,63
59,38
-153,-2
-40,71
-158,54
53,86
195,100
-12,-79
-95,64
-397,-150
629,61
-19,-209
-211,-32
-135,70
389,136
-41,-87
-85,-187
-166,-18
-11,155
-31,142
25,-97
-6,-176
-171,-19
-28,-67
-7,26
43,56
90,-157
-57,-129
127,11
-69,107
-123,162
60,-36
20,25
22,135
60,27
-7,135
9,221
9,6
11,-79
-89,8
-12,33
119,46
105,-164
-179,-81
-11,31
130,-152
-247,0
-136,0
448,-66
-102,-171
-99,-38
-2,122
141,150
-389,22
-205,113
3,-52
52,-40
77,-220
9,-55
44,69
-155,39
21,16
-35,-80
34,127
17,-21
23,-1
-82,-66
-1,47
13,146
105,43
-32,-27
23,-80
-136,-1
95,41
100,18
-65,-20
-34,94
-33,-114
-94,52
77,142
40,114
20,-79
-126,91
22,-113
74,-35
-5,-15
-23,7
20,36
-162,-26
129,24
322,-44
-70,18
-74,90
13,24
-3,-25
-38,0
-62,123
156,38
99,46
-231,-11
-64,-34
-9,-88
-64,-29
53,0
93,178
-22,-16
-200,73
36,118
238,-9
-149,-55
-72,-63
80,-4
90,-46
25,23
-120,-14
33,-25
8,-4
-26,-17
-174,53
-167,57
432,-32
-25,-35
-312,109
188,73
314,23
-38,1
-174,30
-58,-35
30,47
-35,29
-80,49
8,49
18,-56
-91,53
-14,113
-47,118
-73,37
18,-126
3,2
96,154
-5,-17
-127,-5
-5,-61
233,9
-31,-33
42,-6
24,-11
-206,4
44,57
123,30
17,49
-25,-4
9,26
-30,165
-16,-6
99,-77
53,-73
-301,15
79,79
264,169
-215,16
-208,2
231,-26
240,225
-161,51
-126,-85
-33,0
13,-104
11,100
-54,-17
-61,93
2,-133
-76,80
17,149
2,81
15,106
-64,-178
-30,37
75,78
-24,16
67,106
-43,-103
-3,16
13,-93
78,147
-40,-197
-14,-19
94,35
1,42
15,-123
-5,-32
-238,-81
236,37
179,-4
-43,32
-54,105
25,126
-4,68
21,-110
33,54
-213,13
-342,-158
449,-62
-28,-93
395,-136
-301,-22
-150,69
-41,64
206,-27
59,-13
-38,11
40,9
-32,16
-129,-82
9,-78
44,15
124,-56
6,-5
-153,0
269,-95
46,104
-32,204
-5,48
-40,-82
-96,-68
6,-15
-20,-124
17,55
-103,37
66,28
22,-30
95,21
35,52
-98,-72
17,51
-115,-36
-25,152
-86,-155
559,110
178,34
-183,107
-161,118
9,-38
57,14
99,19
-40,23
11,52
-38,-7
26,163
34,113
31,88
42,-140
57,-80
-69,48
-198,86
529,-109
-145,14
-75,88
-176,-84
0,88
-76,-208
90,31
68,94
-50,-54
-71,42
-78,213
14,-70
28,8
32,22
-1,69
-150,-103
2,2
-5,-64
-157,-5
-104,-70
577,-5
-34,62
-204,-91
-157,-104
-39,-81
-79,81
-295,24
497,39
-2,-10
-201,-80
-223,-100
3,152
19,26
186,143
122,104
2,-37
-210,-127
-21,83
-10,-22
108,-94
48,-48
-138,40
47,-47
-174,25
-41,-152
88,82
22,225
30,-60
-109,-120
23,-22
-9,-69
85,-42
-133,30
-76,-70
422,51
-144,54
-101,64
15,-31
-149,70
-93,-19
532,-11
-28,31
-356,8
40,34
0,-41
-88,-5
-48,-18
50,82
80,27
-10,-61
-278,128
261,-35
-53,-11
-45,-3
-79,-94
28,-13
104,-4
4,62
-76,-18
-7,-124
72,-16
6,-35
6,82
3,-26
-16,-137
-67,-4
134,11
25,-50
-56,-72
-175,-70
424,101
-46,126
-127,73
-59,-28
-10,90
19,-74
36,122
40,-2
-88,22
-194,62
-135,-197
-13,26
40,-3
-26,180
-94,47
124,26
196,-124
-136,-49
-139,255
-91,163
2,11
149,-187
-40,93
-205,-75
-98,192
110,-134
-100,-152
-242,22
123,-87
205,103
-11,-110
-104,125
-96,167
128,-114
36,88
22,-53
-70,-35
-55,-1
50,-10
-25,23
4,216
42,-128
-9,-230
-75,92
-196,-48
126,25
196,-5
-199,92
-39,55
26,-110
1,12
-6,-88
-115,-58
-71,90
-24,106
-87,-97
16,62
44,-48
-215,-209
76,54
40,-46
-228,97
-282,-29
558,113
-53,-146
-215,13
-46,45
36,4
6,-121
6,-13
-241,-61
99,182
-67,186
-103,45
-84,-180
15,14
46,18
-56,62
90,-175
46,12
-275,-7
-254,-97
451,49
-85,-111
-120,-32
-50,82
43,-16
62,0
5,-92
-106,146
48,-19
-89,-25
12,-119
-280,-137
-70,70
404,137
-173,114
61,97
-39,-58
-104,-121
-58,45
-98,43
-157,105
106,133
-42,-84
-125,68
-27,-79
-19,144
102,-118
-82,3
-12,110
0,14
-2,36
-163,52
32,-41
37,-277
14,-162
-256,86
-51,79
459,-103
-118,-108
-110,-139
-64,63
36,160
88,-28
77,-121
-82,-86
-111,0
-59,-14
23,-75
24,-53
-3,56
39,-144
-179,-47
-80,-55
365,-28
-103,-58
-110,143
-59,-21
69,86
7,-88
24,27
213,106
-91,-13
-209,-135
96,18
54,-67
-4,51
107,16
-31,-164
50,-85
18,14
4,91
41,30
5,69
-68,38
-21,-130
149,-99
39,-47
39,-117
-20,82
-182,13
-30,35
-31,-264
-107,-27
-242,8
374,-74
65,-39
-99,-4
-237,-38
381,216
-28,-67
-124,25
-91,-57
-48,-109
-28,-46
147,99
-333,-81
-132,-73
186,17
-7,-101
51,-15
-4,76
-147,56
199,-42
-122,-31
-48,-8
29,65
-6,-3
48,73
6,-50
-3,19
13,-25
20,23
-25,117
4,37
41,-62
3,40
-158,13
-58,-72
394,-21
-109,133
-142,50
37,39
-10,180
74,16
-55,-23
-26,62
33,-125
-41,-25
-32,-2
4,-21
-11,-75
48,37
-22,172
-9,57
-62,-56
-238,-61
446,80
-269,140
-175,36
155,-79
11,-160
-11,90
115,54
-93,49
27,-90
-97,118
-157,-48
31,-48
-48,-190
-26,-3
44,-77
6,-130
13,62
-78,31
-157,-123
67,67
327,-151
-132,154
-96,-5
-69,-28
111,-20
-13,-75
-97,38
-205,6
-32,-201
89,-157
-30,193
-101,100
91,69
109,-71
-48,-23
-120,57
-6,-72
-93,-148
-4,133
267,86
-105,-61
-62,-160
-19,13
23,-39
-3,44
81,-151
-196,39
-119,74
349,69
-21,75
-129,-128
-128,-227
59,22
207,130
-158,213
31,-164
-77,19
-25,-163
-35,-39
14,51
-116,20
-252,84
345,-150
160,-125
-74,-143
-82,39
108,64
32,-188
-51,159
-63,-104
92,96
-59,114
88,-46
-9,-66
-6,-117
-390,-94
455,23
71,47
-183,69
-6,67
92,-5
47,-67
80,-18
153,-74
-49,-120
-185,-117
-40,39
127,104
-92,-28
-34,-65
143,-71
83,-49
-62,-68
-124,155
-121,-152
-13,-42
38,-104
75,-76
37,42
-26,77
-45,-10
-54,-89
63,-72
-8,56
106,-41
72,-4
29,42
-181,233
121,-58
28,-173
-108,-70
-3,12
-335,42
426,3
138,-162
-46,34
-51,215
-62,-20
-136,24
60,-1
348,-51
-197,-39
-129,-96
-42,-36
9,-52
193,32
-30,138
32,-119
47,90
-2,-17
114,-21
-249,121
50,-1
26,129
-69,69
-41,-24
-48,-111
-66,-94
6,-1
-99,70
-81,41
134,-122
1,-121
44,-6
-51,121
61,14
-58,-11
6,45
-4,-48
63,26
-7,-44
-76,-50
22,-62
-20,-68
-108,47
14,-170
-67,26
317,35
-39,134
-102,32
16,-76
-17,-72
65,43
75,-16
-47,-128
-67,-10
-173,-17
-35,-21
-10,-46
40,-43
-13,-20
6,-22
-13,146
20,-1
44,-39
-44,-70
-14,-95
-70,-76
-64,-106
44,-32
228,-28
-180,54
-4,-97
-13,-70
29,-110
-72,25
37,0
-45,-15
60,-41
-29,34
-65,-89
29,65
-24,-22
-289,-56
375,18
478,181
-267,-8
-138,-2
-36,-55
83,41
22,18
-95,-31
-169,67
-31,-3
-83,38
-77,-13
-24,-36
58,32
98,89
-34,31
44,-108
-55,-99
-23,-4
-53,-254
-73,-90
6,-97
32,14
-66,219
-39,-138
89,-157
-144,-144
176,-188
-3,-154
-3,-55
-58,126
64,-20
-2,3
-12,-137
-15,-83
29,30
24,-30
4,52
77,-138
-9,12
-25,43
46,58
-63,-88
122,129
73,-143
-271,-98
353,68
313,146
-75,-72
-176,105
-35,-21
-10,-59
-7,-52
27,22
11,79
33,94
-125,59
-55,89
38,-71
-24,-144
95,127
33,142
98,9
-112,35
23,-103
138,85
79,-232
-9,-29
-83,62
-5,97
-5,27
19,-129
25,-182
-24,60
78,-14
-180,-36
-15,-168
34,-96
41,-19
-46,100
-25,11
76,8
-17,51
120,-43
84,-114
-135,61
2,174
120,-106
101,-97
98,58
63,-167
-38,-47
5,-22
53,70
-24,-144
27,130
-150,-188
65,-45
391,-223
87,2
-399,-53
-76,-55
152,35
-253,-86
443,0
34,3
-172,-55
-51,-138
-33,-69
-21,-36
-31,95
60,9
-247,-30
35,-72
110,-32
-57,-85
5,-13
21,148
53,88
52,77
15,-28
22,-151
26,71
-20,76
12,-38
-32,-25
-47,24
36,-14
-53,-68
14,-56
24,-73
124,18
-37,-17
-60,-77
13,65
100,-49
68,0
-21,-70
3,11
69,-89
20,-3
34,-42
-306,37
226,-83
308,-74
-55,-255
-70,130
-37,67
36,103
35,-66
-162,-86
-152,-4
335,107
82,-83
-103,-72
-91,6
128,20
-70,-66
92,-28
51,29
-11,-10
-55,79
15,-89
-54,59
-139,-45
258,-12
-84,-9
132,-12
173,-40
-127,-180
-187,-31
52,33
-10,49
57,62
111,-151
-164,3
-117,-62
-146,-46
126,9
62,-43
-185,-33
-185,-70
359,-65
-308,-77
576,68
-90,-31
-231,-3
1,14
41,100
-26,-66
9,27
104,-62
-77,-87
-82,74
23,81
82,-28
15,-98
91,-21
45,-127
-40,36
80,-309
-133,44
-234,320
-7,-11
389,253
-66,235
-187,-83
-22,25
139,-209
-27,113
38,-73
16,-113
-26,-65
-122,-223
-7,127
122,61
42,162
5,-45
-33,31
-149,76
17,-24
101,45
356,-139
-158,95
-74,-117
158,31
-20,-122
-31,4
-28,139
-21,58
-10,-27
71,76
-81,28
-48,-116
-30,-47
143,18
12,5
58,-91
-8,52
5,92
69,8
25,86
32,-45
29,4
-15,103
47,19
-64,-23
85,104
-31,-108
34,-41
27,-77
-3,202
-2,140
45,104
39,30
34,-205
-23,-36
132,-86
-113,27
-113,125
77,67
160,-40
233,158
-198,-8
-86,-126
45,25
102,66
49,-3
-66,82
67,-212
46,29
-301,61
366,190
284,-22
-73,-144
-54,-11
96,-29
52,108
-60,20
131,22
3,21
-80,62
-55,96
-138,-48
174,21
53,59
-57,-165
46,-137
-41,-15
-37,118
-181,-193
511,49
42,-67
-213,-25
-40,122
163,1
-71,-16
232,-80
-52,-107
-2,-47
75,37
-152,-44
-70,-84
90,-26
7,-127
-35,22
223,188
29,23
-21,-66
93,-32
52,-76
-84,-10
5,95
-28,-5
-17,-71
37,27
54,-10
-1,139
-67,60
-154,19
466,-30
23,-64
-18,-87
-86,-89
83,35
-2,7
-35,131
-85,-24
-47,-39
130,133
52,80
2,112
20,42
110,-3
22,-82
-28,-21
19,18
38,-60
-97,-18
-189,160
401,119
9,156
-216,-82
6,84
427,33
-258,30
-43,-42
-117,68
-15,44
-35,-24
67,-107
-28,46
-37,-17
-51,46
19,20
80,45
58,-8
-7,-94
-262,76
512,40
-152,-17
-172,29
13,23
64,83
102,-47
106,-38
-133,16
-13,66
-62,-2
-17,-1
5,39
-16,-77
43,57
115,-62
42,-67
85,-47
-111,48
-6,34
92,-3
31,-102
25,-95
13,-117
138,-27
29,88
-6,143
-67,-53
3,-45
68,14
-103,-157
-300,45
553,90
-87,86
-167,-11
-64,-80
-28,98
84,22
96,-100
-52,88
-55,107
-33,68
-36,77
-117,-20
-62,134
-11,8
0,-15
109,-18
25,102
-19,84
-7,42
43,-66
-15,-15
-5,146
72,97
122,115
26,117
-121,123
93,106
137,-90
43,27
-35,-98
-59,-101
91,69
-11,-26
3,-7
-12,-118
81,-191
-54,78
8,-118
-160,58
103,-40
76,74
-33,-112
-55,11
25,106
58,129
76,14
-13,213
-120,-20
8,-109
148,-41
-16,46
131,-50
-22,54
0,34
-5,-47
-126,-125
-17,84
107,-23
-14,-29
-61,64
11,142
17,152
44,96
-323,61
248,-145
138,45
-152,167
-6,-54
8,59
-57,-4
34,-139
374,-20
-130,-80
-85,24
20,3
-77,73
118,211
45,-13
-59,-73
-6,-30
-34,16
-11,20
61,-39
25,-234
50,21
-20,-133
107,14
-78,88
109,-118
-45,48
133,-63
-62,19
-191,98
-82,82
330,9
-35,-92
-137,11
-1,65
25,-179
52,40
34,-49
55,-115
-8,27
-99,-146
5,-202
24,108
-5,-6
59,-22
85,-166
25,-129
2,-16
-57,-8
-15,-29
-18,-174
36,56
21,92
-6,112
87,14
-94,181
-220,138
424,23
-164,-102
189,-62
-145,76
-295,-58
376,-34
262,183
-103,-99
-209,73
-123,175
-12,-73
44,-58
16,27
31,122
29,19
-95,-97
45,-45
-33,-73
24,135
-55,146
103,13
-58,-78
-54,90
43,106
48,36
8,-29
-78,-53
-11,22
35,147
22,-72
45,-18
93,20
-9,-29
15,-111
-48,11
-287,32
374,13
134,-88
-82,-13
-74,-94
11,34
37,125
33,33
-7,-25
18,11
-47,33
-112,23
-19,12
77,-83
56,-5
-106,-57
236,94
-10,0
-193,-41
-58,85
-45,43
-3,72
71,13
-74,-72
-47,-110
-13,63
61,111
-20,82
-49,76
156,148
-105,-107
-81,4
33,20
0,38
-75,-39
20,-86
-33,21
-71,134
-69,-35
92,-22
73,-38
7,-22
-133,24
-12,-5
53,44
-6,7
0,-111
-2,-6
-60,30
36,-13
-37,65
-37,41
83,98
44,101
144,87
-39,53
-38,42
-19,-130
-8,11
-24,85
-72,35
19,91
-26,12
-78,120
15,-45
24,-17
-43,-67
-95,-142
-252,-286
206,-44
-114,-43
201,-63
197,49
-101,35
-61,-65
20,-82
19,-72
-44,0
-94,-81
57,-84
-22,-3
-67,-259
-36,-34
44,-110
77,106
-8,64
-89,-5
113,-307
-41,-37
-198,-276
-125,31
183,-21
54,74
-158,68
53,-227
134,-13
-209,-13
-36,43
76,-149
87,-62
-175,79
-24,-116
-96,-108
-3,34
46,110
38,39
19,24
-35,147
21,-167
-121,-70
42,184
3,91
146,71
45,67
-19,185
-51,-197
28,-59
-40,39
61,-163
8,-7
-53,54
24,240
77,-92
54,-70
27,17
20,-228
-116,56
-86,174
-71,-12
98,-34
361,-10
-57,39
-302,206
-34,-63
314,-55
-80,-162
-2,-52
-72,68
-55,-153
-61,-42
-173,4
66,72
220,-182
-201,72
-188,-26
127,87
-51,-33
57,19
43,46
107,33
-255,5
-39,-135
7,-64
-2,-70
133,6
-70,87
45,-57
34,-90
-138,-145
-110,-30
-39,45
-12,-80
85,147
-2,-61
40,34
-61,-86
0,115
-96,109
-319,29
494,-4
91,5
-44,-4
-275,-27
8,-10
93,-58
-53,-77
-32,-108
-302,11
36,80
419,77
-80,0
-225,-15
98,108
64,85
31,79
-45,-18
-102,-39
-41,45
-65,-24
28,-71
-17,-16
130,-16
-10,111
65,52
-57,133
-18,-78
-190,72
450,45
99,-12
-283,73
-74,-37
84,-69
20,4
52,-14
34,-125
42,-18
-60,73
-265,-25
-96,117
509,35
166,-62
-219,-102
-50,-88
47,-31
-80,161
-11,-42
201,7
-293,72
-157,15
-118,111
56,-38
-74,-5
-91,-131
-264,-102
-425,11
1032,8
202,124
208,44
-375,-25
-189,51
57,-44
138,-62
-555,126
295,50
