265,8
85,1
68,-3
-63,-2
-240,9
-343,7
230,-11
260,-1
14,2
82,0
-222,-17
87,0
240,2
149,7
2,4
229,5
-588,-1
-14,11
-179,-1
73,-7
813,-8
92,12
-802,4
-62,0
327,-1
-216,-13
161,3
-111,-2
-204,12
-172,-1
66,4
112,0
29,5
76,-2
469,2
-644,6
-248,2
455,1
-359,2
-168,-4
115,-1
88,6
72,-1
26,-4
-116,-9
368,-12
-614,2
824,1
774,1
-1617,11
65,-4
493,9
315,-2
1182,-2
-626,1
-644,4
-429,18
496,-1
354,2
626,-4
-1052,-2
841,-3
68,1
-888,6
151,7
1011,2
651,3
-1615,3
-825,-4
1589,3
-589,-2
-967,5
455,-18
542,2
-456,1
601,-11
421,0
-861,-4
1183,6
-200,5
-796,-8
179,-1
-200,2
-739,6
-63,-8
661,1
419,-9
-298,3
193,4
-279,-2
940,3
416,28
-587,3
-564,-9
986,-9
-275,-4
-10,7
-693,-2
292,3
293,0
960,5
268,0
-1614,5
-372,-2
1611,3
-238,6
-986,7
-56,6
470,13
-973,-3
-11,-14
888,16
183,-1
-1602,9
841,4
1353,6
-1614,-1
712,-13
141,-2
1179,-4
-1615,5
-1032,4
388,-13
1193,13
404,9
-636,8
625,5
535,0
-180,-1
-90,11
1237,-16
-1614,1
1081,-4
204,-11
385,25
-1196,3
-1616,-10
1048,19
-781,-8
793,-9
-22,-4
-415,-1
-471,8
762,8
-175,9
599,0
-58,-11
861,6
-564,16
-143,2
350,8
-215,6
198,2
-35,4
-1554,3
37,2
735,-20
188,13
937,-8
-1214,-4
36,-8
1018,7
-34,20
452,-8
806,-5
-1609,3
-1146,-3
874,4
1210,1
794,-3
-1616,-19
19,2
1172,12
616,-7
-422,-6
-670,7
268,-4
607,-2
765,1
-481,-3
-149,-8
-391,8
-498,-1
843,8
-35,-7
1649,-1
1339,-7
-1614,11
864,3
1493,5
-1615,6
506,11
1068,5
1322,-7
-1616,-12
-215,0
-444,3
1291,1
232,5
-1026,3
-294,2
31,-11
950,-1
-665,3
-172,9
248,-12
613,13
456,7
-569,-3
-305,7
-170,0
1111,-8
-657,0
-31,15
-437,3
301,1
0,-4
555,-10
306,4
-671,-6
224,-5
-467,7
-441,-10
-14,-2
1019,-2
-406,2
-358,-2
578,0
600,-3
-902,-24
-509,0
31,7
1261,7
-1090,6
846,4
114,-4
-214,-7
215,-2
-352,-3
247,3
-137,2
193,-3
46,13
-521,-10
-330,-8
248,-1
73,15
183,0
-322,15
365,0
-125,3
66,4
167,0
514,-11
-1019,-1
1080,-7
-398,2
162,-6
-65,8
246,0
165,0
380,8
-153,-5
-320,5
637,-2
-261,4
-395,-8
-152,-15
1070,13
-630,30
383,0
127,-23
33,6
-986,-5
349,17
392,0
604,18
-88,-7
-1109,-16
200,-2
358,-18
571,-3
-26,11
-333,13
-270,6
73,-1
685,0
-198,-7
17,-3
-59,13
753,9
-649,0
-181,-11
4,-2
470,-5
-8,-4
460,0
-468,-8
1316,2
-1168,2
123,0
175,4
153,7
113,5
303,11
-199,-3
-237,1
246,12
395,12
225,-18
108,-8
-256,-9
59,-17
-93,-14
146,11
44,11
-450,-5
442,8
51,7
-129,16
416,0
-158,1
-122,13
954,-5
-239,-8
225,20
258,-3
-1134,7
870,-3
-503,-11
313,3
426,4
19,16
-156,-4
-459,11
94,0
22,-3
1063,-9
-204,-5
74,-20
-344,-10
203,6
-522,-6
1058,21
-561,2
-59,8
387,3
575,-1
-41,-7
-245,-2
-641,-8
849,0
168,0
332,2
-1003,0
853,7
199,0
164,14
-609,0
561,2
-580,6
366,6
646,-5
-398,4
-190,5
478,0
-393,8
161,-23
418,-5
41,-12
165,-2
24,8
329,0
-213,-3
321,-2
-389,-3
132,-4
430,-1
404,2
-245,4
-38,-3
100,-2
-17,14
-6,-4
283,-7
183,-5
211,16
-274,9
-86,0
-162,6
54,-1
27,-8
165,-3
300,-1
-657,-7
344,-8
519,7
-956,-3
317,9
635,2
38,-10
-682,-4
43,-1
468,9
321,4
-1,-1
-6,-7
-72,2
539,0
-897,-6
438,7
-264,7
35,-10
-202,6
379,-6
-130,2
205,3
113,-8
87,-7
157,-2
-170,2
124,0
-323,5
575,-6
11,-1
-580,2
40,5
649,4
-105,-7
-119,2
79,6
-65,15
-334,9
-20,-5
708,0
-340,9
134,5
434,-12
-656,6
-241,-15
823,6
-720,13
421,7
164,1
-172,-15
-173,-10
64,2
415,0
421,-9
216,2
-239,11
215,0
198,1
-204,-13
-26,4
-196,6
0,25
397,-3
1,-20
152,7
-54,-4
104,1
196,-5
-430,-9
574,-17
45,5
12,3
26,-3
251,-12
1000,1
-651,-18
-371,-20
65,12
569,16
320,4
-447,8
216,-17
-568,-8
-430,-2
646,-12
712,-10
-1615,-3
586,8
500,-10
-63,4
133,6
-207,-8
-122,6
719,-13
-457,0
-40,2
-69,-1
107,9
-109,2
67,-7
89,-12
185,7
474,-12
42,1
-430,-8
601,14
34,8
-498,-9
568,-8
307,7
409,-2
-971,-12
80,-4
385,-10
140,0
-30,17
-368,-8
-71,6
74,-14
120,-13
367,1
103,6
100,-10
88,-10
230,-3
73,-9
-509,4
394,0
203,1
-76,9
-145,0
-211,0
563,2
-103,-2
502,4
316,-2
77,1
-214,-2
-215,-4
92,-7
590,1
-40,6
464,1
-156,-13
-141,0
-293,-4
638,3
-185,4
104,-1
199,1
-358,1
-64,4
425,1
-192,-6
-101,7
-188,12
541,-2
-278,7
68,15
87,-9
-65,-8
-133,-4
214,0
143,1
91,6
747,-1
-189,6
392,-2
-233,-4
340,-1
262,-6
-574,-2
152,3
229,0
339,3
132,12
-432,0
-307,-17
447,5
196,0
91,2
184,-1
-67,4
-441,1
-105,-5
178,1
210,-1
-81,-1
-146,4
777,-1
-1316,14
398,7
628,1
37,0
249,-4
-177,-2
-364,-8
-45,-8
85,12
294,2
295,2
-134,11
344,2
-73,0
-249,-6
-113,-2
-216,9
1044,11
-529,24
147,12
-63,14
2,-15
216,-11
192,0
269,4
-525,2
-79,-5
329,1
345,4
96,8
-691,14
293,-16
161,-11
304,1
80,7
271,-14
95,2
343,9
-26,-12
-546,-18
-223,7
844,13
-109,-11
182,2
-301,-1
218,-1
138,-11
8,-6
-134,7
223,4
221,3
-578,7
574,3
-228,7
-258,1
258,-10
160,-2
348,-1
74,16
-229,3
310,13
-208,9
286,-4
-190,-1
179,5
-170,-2
-170,16
249,5
762,-1
-468,28
150,9
-301,0
-465,-4
-130,13
440,-7
-140,9
64,-5
40,14
91,-1
272,11
834,-6
-749,6
197,0
95,0
178,-4
42,14
236,-3
-297,5
255,-2
-203,4
205,-3
-33,13
-12,11
313,14
370,-17
-335,14
-466,1
-47,-13
260,-8
207,-14
325,-1
-9,22
-39,11
140,-1
-474,-3
134,-1
-536,-9
28,1
261,-7
432,-7
17,14
-210,-6
754,0
-398,1
73,-13
133,0
132,-5
-412,3
-28,6
135,-7
-13,3
254,-2
13,7
-45,-2
-91,0
249,13
19,9
92,-6
162,-1
-549,2
459,-1
356,-1
-460,0
398,0
244,6
-202,-1
209,-2
345,-8
-149,2
-52,-13
-266,0
185,-8
583,9
-43,-8
121,0
449,0
-665,0
477,11
-104,-6
141,-8
123,12
-136,4
102,-7
-24,12
348,-4
-120,2
-458,-9
182,-4
330,-1
-285,-8
-75,0
32,0
86,-1
158,-9
-54,5
305,-4
157,-7
-189,0
117,-3
909,3
-871,-4
12,1
104,-6
-71,1
61,-8
490,0
-234,0
-341,-7
1049,-9
-449,18
-74,-9
381,8
134,1
-56,-10
236,-7
138,1
-623,-8
634,-1
81,2
-127,2
-158,0
124,-10
-120,-1
156,1
24,0
188,-1
-64,8
-398,0
95,-8
342,2
274,3
-392,0
71,-4
87,-4
15,4
150,8
206,12
-242,9
227,-1
-19,1
-290,0
86,-5
-66,1
358,-1
86,-17
-204,3
113,-2
321,7
67,-4
514,-16
-174,2
124,14
187,-6
-323,-11
-225,5
214,-29
120,24
-168,1
41,8
-131,0
230,0
144,-4
292,-19
-6,7
589,13
-587,2
209,-13
-31,9
-182,3
194,14
2,-6
63,8
52,15
391,1
-354,2
-197,-2
861,-6
-143,-6
24,7
229,-5
-49,6
125,0
255,9
-597,0
235,-4
297,-18
302,8
-280,0
122,0
192,-1
-221,8
-154,0
164,-7
224,0
137,3
-33,6
356,6
-365,-12
366,-3
56,2
-287,9
99,-3
-75,-4
-222,1
95,-8
161,16
472,6
-436,-5
-72,-3
190,-15
-200,1
170,7
384,-10
-118,1
-251,-1
-20,7
188,0
201,-1
262,4
-35,-7
31,0
39,-3
-15,-1
-1,-5
-155,-6
472,2
112,-11
-271,4
-187,21
145,0
40,1
-77,-3
334,3
849,-13
-105,-5
-290,0
-387,1
210,11
299,-4
205,4
11,11
-201,-16
37,-3
12,-1
155,-9
434,-2
-96,-1
247,8
-577,-4
216,0
0,1
273,-3
-518,6
81,2
267,2
37,1
-49,0
105,4
356,-3
-225,-11
131,-4
123,-1
215,3
49,7
-4,-1
59,2
122,-4
-352,-8
0,-10
304,-7
288,-8
-331,3
-234,11
-99,11
198,-9
166,-3
185,7
-28,1
220,11
685,-3
-1185,3
-41,-4
40,9
214,0
170,4
-14,5
221,1
-44,2
116,2
49,2
294,-5
-151,6
-135,-7
309,1
-201,7
-535,3
123,-4
-164,1
136,-18
380,-2
-97,0
-93,14
137,1
292,6
-288,-19
-22,2
699,7
-583,12
-333,17
433,-3
322,0
83,1
7,0
59,-9
238,1
-148,1
-73,-2
141,-9
11,8
417,-5
252,-1
14,-6
-288,5
195,-11
337,0
-355,22
-18,7
300,0
-300,19
91,-1
110,-6
87,-1
-248,-17
551,8
84,14
-60,3
126,-6
372,5
-143,0
-381,12
341,8
418,4
-479,18
120,-1
47,-8
63,-9
284,4
92,17
-313,-3
182,-2
263,7
-191,0
176,8
-60,6
-55,2
382,-20
-107,-2
103,-7
3,7
-236,-10
214,15
367,9
-144,-5
-292,12
104,6
357,-6
-238,-6
139,9
-261,-6
331,0
328,3
-29,0
-240,-11
-48,-17
238,3
128,-3
694,6
-747,-6
18,-17
257,-4
238,9
75,-7
127,-4
-715,-1
328,-6
42,-15
484,-1
51,-5
-189,0
-583,2
384,3
172,-4
92,-2
152,0
216,2
642,0
-622,-5
-306,5
389,0
5,6
125,5
-27,0
-171,-3
-106,-2
287,-4
545,19
-197,8
117,-16
104,5
247,1
-229,0
-32,-6
182,-5
482,-3
-270,3
12,3
426,13
36,6
-26,-3
-3,3
-138,8
223,6
-38,3
137,14
-536,-12
26,3
343,4
-66,-2
58,-2
218,-4
-13,9
-110,-2
188,3
35,-5
193,7
40,-7
211,4
-29,5
-39,12
156,-2
-147,5
82,1
-134,2
440,-4
-40,6
4,-10
253,9
393,-1
201,3
-145,4
-221,6
233,0
121,-8
-96,1
352,4
-63,4
249,-5
-330,-17
265,-8
433,-2
97,3
-354,-1
194,0
106,-1
309,7
-349,2
49,0
87,1
702,1
-782,-3
165,8
427,-6
256,8
-211,14
277,-9
625,3
-483,-4
-388,-4
528,-11
302,16
-121,-4
47,23
-52,3
-83,-15
-115,0
239,-1
125,9
35,-7
75,0
-58,4
-480,5
114,0
-159,-9
359,5
-97,12
215,-1
154,8
-115,8
655,-6
-416,6
-351,3
352,-18
408,7
-344,3
246,-14
23,-16
280,6
-208,3
-22,11
106,-11
19,-14
374,-6
-470,0
269,4
-161,5
-177,0
322,-7
340,13
465,7
-542,-10
-74,11
85,0
306,5
5,4
-66,-9
-235,-18
-44,5
231,-6
145,2
-154,2
141,23
-193,7
-220,-7
11,5
134,4
60,-4
-49,-3
583,-2
-743,-1
78,-4
251,19
102,-1
132,-4
19,11
-209,-2
263,1
2,3
-273,-8
-245,-2
169,3
220,-6
-160,-5
-187,-9
225,0
-175,1
228,-4
-250,-3
59,4
346,3
34,7
-295,9
4,7
91,1
-138,1
-235,-6
317,-1
450,-8
-516,-3
262,-6
310,5
-137,3
47,-3
-86,14
186,3
-11,-12
-96,-7
-169,-5
180,-2
184,-4
-482,-4
227,0
-153,-3
-12,0
357,-1
26,4
248,-7
93,-7
-176,4
-155,6
698,4
-188,-7
-220,-5
-78,-1
-98,2
124,5
303,-8
92,4
-374,6
43,0
94,0
234,-1
-36,-2
207,7
-322,3
603,2
-512,6
289,1
-118,-3
127,15
182,-5
-93,-1
-284,-2
-6,-5
322,-19
-52,-16
225,6
-188,13
11,8
144,-1
308,5
282,0
-327,-2
65,19
400,17
-176,-6
263,-12
-440,6
225,0
254,0
-35,2
336,-4
-281,-15
182,-2
36,-4
319,-8
-441,0
582,9
-26,4
-9,-19
383,2
-468,0
311,1
-514,5
-34,-8
783,-2
-254,9
73,6
-442,2
-65,-7
550,0
407,2
-530,-10
290,-3
225,-2
374,1
-51,-19
-470,12
-86,7
248,12
-102,-17
-141,13
-8,-5
467,2
-45,-5
-335,-6
58,5
-308,0
336,-4
-831,3
511,8
50,7
18,13
15,-6
362,9
-307,-2
-17,-7
183,-2
243,-6
72,14
256,7
-424,-7
-211,14
125,8
707,0
-409,-2
-240,5
86,-6
220,5
-35,9
17,15
-139,-9
58,-2
260,3
-397,0
399,-4
426,3
-238,-11
-276,6
171,6
-4,9
-32,-5
393,-4
-150,5
357,-3
-198,3
48,8
334,1
553,1
-426,-1
-671,-2
111,0
3,2
400,12
169,1
-135,-6
-159,3
407,12
-178,-10
-276,2
-174,8
279,4
-115,14
-108,8
166,2
-461,8
662,-12
-166,-2
-252,5
473,-20
43,11
-66,9
-101,4
434,0
-60,1
-474,-6
-81,8
437,0
-8,-4
-49,-4
-1,0
-113,2
351,7
-245,6
-140,-22
-224,-3
560,11
50,-6
-185,-6
33,-2
0,14
126,-11
7,0
376,15
-357,4
-507,-11
510,1
-284,19
-307,4
409,9
160,-10
-95,6
19,3
-28,12
-92,9
513,-8
75,4
-635,-4
130,7
-103,1
218,-8
-216,-4
126,-5
-383,5
394,-5
222,-4
-230,0
77,14
27,8
-89,-13
96,-3
-263,1
-41,-3
32,4
122,17
287,-5
15,2
-97,5
-344,-1
214,2
44,7
634,-8
-706,4
40,1
-186,4
0,-8
114,0
257,-5
28,12
130,13
343,4
-210,21
-90,-2
-17,13
-73,9
176,3
-112,-20
69,2
276,16
309,-18
-730,-10
151,3
205,5
553,8
-563,1
159,-14
-198,0
-394,3
172,3
12,4
120,-8
258,-7
-8,11
-97,17
106,9
-237,7
-36,-6
195,20
167,-4
168,9
382,12
-501,-1
165,-6
-335,-8
146,5
61,-3
88,-3
115,16
69,8
-317,-5
-103,1
132,4
-71,11
-21,7
-289,-2
254,-13
327,-1
129,-2
-35,0
-45,0
174,4
228,13
110,2
-551,0
127,11
-135,-15
260,0
-56,3
-346,3
466,-7
74,1
-215,-3
-407,18
-107,-1
260,5
335,0
219,2
-122,0
-326,1
-34,11
52,1
319,-2
199,0
17,-4
-52,-5
328,2
-635,-6
-23,1
302,0
43,1
-579,-1
-25,-4
307,2
256,2
90,-1
38,9
-151,-4
213,-8
59,9
74,5
268,-2
1,-3
-254,0
94,12
13,-5
-414,8
573,13
110,4
11,-13
88,12
-359,4
23,3
380,7
131,5
-308,-3
12,2
57,1
375,0
689,-7
-369,1
-146,0
43,6
-50,18
-156,-3
208,0
130,-6
-127,0
162,0
175,0
-31,7
20,0
421,3
-339,-1
-194,-1
97,-4
-43,-5
432,6
-95,3
77,4
-475,3
194,5
102,7
352,0
-87,-2
-218,-2
235,4
240,-6
-342,17
470,17
106,4
113,5
244,5
-312,7
-77,2
-75,-2
368,-13
-159,0
-161,-21
-348,13
410,13
113,-16
-172,4
267,15
-192,-7
-282,-8
406,7
247,12
-242,0
224,-14
-20,-1
-18,-5
58,13
-218,-3
376,-5
-27,2
-169,-3
4,-7
81,12
0,-7
-56,2
155,-1
-7,3
172,0
455,9
-365,-17
259,-1
16,5
-243,0
230,5
-242,0
179,4
278,2
-512,-3
48,0
219,-1
-108,8
59,12
-389,0
-237,9
498,14
267,13
-289,1
-281,0
85,-6
57,-3
244,-6
-131,0
313,4
307,3
-466,-12
-213,-15
-19,3
-314,2
131,5
255,8
-17,5
-230,-6
-82,5
95,-7
633,11
-440,-14
29,17
301,5
299,0
-323,18
-187,0
-32,-2
-12,-6
-82,8
-101,4
197,11
367,8
-239,-2
153,-4
59,0
-46,-14
607,5
-779,-3
540,3
126,-5
7,6
-47,-4
34,0
-66,2
359,-9
-212,-1
-251,16
383,9
382,-12
-81,6
-102,12
162,-9
-30,0
127,-4
307,7
-496,4
-100,-4
69,6
308,5
-210,-14
14,1
-144,-2
66,-1
185,5
-54,14
-37,1
67,-5
125,3
-277,-1
22,-16
138,-1
154,6
-179,4
206,3
379,3
-243,-9
-405,-7
582,-1
-245,-4
195,-10
-166,1
-282,2
346,-3
-141,7
-61,-2
-101,-2
59,11
94,0
-81,12
-179,-1
-32,16
23,9
204,13
105,-6
236,9
-270,-1
-25,-4
331,2
-16,8
29,1
-101,4
24,-1
354,3
35,0
-11,-6
-317,6
40,-6
-3,-9
365,1
818,6
-843,3
113,-3
-274,0
-266,3
277,0
140,1
-4,11
20,2
101,-1
-219,-1
37,0
327,7
-40,4
56,0
-60,2
-27,6
-130,0
41,-2
138,8
26,4
-192,-6
11,-5
186,3
-84,2
302,-9
-86,12
-204,-3
220,-9
165,-10
-474,-14
-201,-2
262,-11
-351,-7
443,22
-54,6
-259,-4
40,-8
-330,6
271,4
58,-10
-267,11
128,9
-24,4
175,-9
-132,12
42,-4
579,11
-402,3
353,3
-55,-9
179,5
-426,-15
353,0
-26,0
-618,0
212,1
92,-2
-182,-10
-113,-3
420,-12
-372,-9
409,-5
-298,-10
366,6
-135,-1
-354,-1
275,-4
90,-11
105,0
93,-7
-540,-1
-98,13
292,2
93,3
250,2
30,2
-48,-7
-30,12
75,-12
77,4
308,-2
-383,0
171,-5
243,-5
77,-2
-13,-13
-20,-1
402,-2
-231,-5
-314,7
348,2
-220,0
-316,18
9,12
483,1
-248,-1
268,-12
-256,0
370,-3
0,7
42,8
-104,1
371,2
190,-2
41,-14
-234,-11
-38,-1
-180,4
520,-3
24,3
7,3
123,0
176,-5
-154,-4
-164,8
298,3
-77,-7
150,1
-200,0
-138,0
-259,-10
213,-4
-269,0
517,-5
-375,9
166,9
322,-3
187,4
564,-3
-337,-5
-310,4
69,-3
-135,9
-175,-7
267,5
105,2
-321,-5
113,-7
37,12
458,3
11,0
-172,13
-95,2
335,8
-368,-5
-7,3
59,-9
365,-7
-316,1
-68,8
91,8
51,2
-292,7
47,-3
168,-9
155,-3
-537,-3
466,7
-208,4
1,13
191,7
-54,-6
30,0
499,-13
192,-11
-114,-4
-299,-12
360,17
28,7
-253,13
144,-1
114,9
-453,6
-4,-3
173,6
154,-11
718,-22
-490,9
-146,0
514,-7
314,-3
-380,0
-55,-4
-94,-8
-169,-6
195,-7
107,-14
291,4
-209,-3
35,9
-36,-11
95,4
-38,-7
20,11
-98,-9
-67,5
178,5
211,-3
125,5
-360,9
199,-17
233,-2
-133,3
-207,-9
223,-20
727,3
-295,4
-581,0
248,4
249,-2
0,0
295,-3
-614,-3
-49,1
307,-15
-187,-1
-143,-6
155,0
113,-11
-25,-3
-63,-18
-255,5
529,17
-216,1
-233,2
347,0
616,1
69,-6
-17,-17
-426,0
131,2
-279,4
-160,2
159,-1
262,13
-94,6
53,-15
-294,-3
267,3
528,-11
-188,-3
-116,-1
-117,-9
65,-9
-245,-14
227,1
-37,-6
-107,-4
-50,3
25,2
243,0
238,-7
126,3
33,0
-216,0
389,-8
-473,-8
166,8
375,4
137,0
-360,0
-99,-17
-126,-1
275,2
26,4
195,7
83,6
-231,0
538,-1
-19,-2
-194,4
86,8
-307,5
117,1
323,9
-186,-4
2,9
-7,-1
51,-12
292,-10
141,-2
-313,-1
-506,-1
462,-2
-343,8
-23,7
215,-2
28,-2
-212,1
597,-12
65,-6
-166,-7
-288,-10
-22,5
736,3
-274,-2
-104,-13
-373,-4
182,-1
449,9
13,4
-147,4
170,3
391,11
-370,-4
56,6
0,-11
0,1
127,1
35,-4
192,3
-96,-2
50,4
61,-4
-65,2
441,1
-45,0
-399,0
25,-9
288,7
213,0
72,0
-199,7
-53,-4
69,5
102,5
-2,4
63,0
584,-9
-680,7
-106,8
75,6
-157,13
58,-12
-21,-5
274,1
67,13
-449,-11
-55,-7
187,-5
230,6
-308,3
309,3
164,2
-76,8
-79,-1
63,11
-183,8
307,-1
-54,-11
-46,8
178,8
496,20
-477,19
74,5
292,0
-283,7
29,-8
-65,-11
388,4
-241,-4
56,13
166,6
-96,-14
347,9
104,-9
5,-2
227,-4
129,5
-18,-17
-371,14
356,5
39,3
62,-1
-331,15
154,-1
12,-12
370,0
121,0
167,8
74,2
-191,0
147,16
103,12
-394,-8
88,2
142,-7
102,-1
169,8
101,-10
-86,5
-138,4
26,7
257,-11
93,-3
89,0
-320,4
-156,8
226,16
-86,4
-22,0
181,-5
238,7
-290,-9
-337,-7
350,5
360,0
-897,-12
13,-14
139,8
277,2
324,-8
-178,-7
178,-7
-356,2
11,8
101,0
-116,0
208,2
-64,-6
686,-4
-19,-8
108,-1
183,12
-52,4
-295,2
168,0
154,8
-95,-3
111,-7
-155,6
-55,-2
543,0
-149,4
-309,0
-121,-6
547,0
-97,9
97,4
-481,21
-234,11
287,6
257,-5
361,-2
-211,-2
578,2
-125,11
-508,4
83,7
25,-4
0,2
81,-9
186,0
-180,0
-230,-1
307,3
-174,11
207,-1
-5,5
-177,-4
115,0
-40,-10
389,11
-113,-6
6,17
59,0
444,1
-253,4
-209,-6
74,-4
247,-6
-329,-4
-9,-1
98,0
59,4
88,3
-139,4
-100,-6
-179,5
41,-1
306,4
115,-3
-55,15
-129,-9
257,0
54,0
-94,-3
118,3
-25,-3
120,4
354,4
131,4
-446,-2
19,15
240,1
204,12
121,4
-309,3
361,1
-197,0
-141,5
90,2
-403,4
219,-1
336,-2
-35,-7
-267,8
156,2
212,6
36,1
-162,9
57,-4
-339,1
16,5
57,3
-51,8
-58,3
153,9
109,-4
-88,11
142,3
3,-8
367,6
22,9
-281,4
324,-1
-296,3
333,0
250,-13
-272,-2
328,-4
-242,5
-70,-2
-188,-19
-47,22
318,-2
-384,7
596,-9
36,4
-157,8
116,20
112,-9
202,8
-515,7
-26,2
92,4
451,0
293,-8
-418,-7
-377,-1
212,-1
7,-6
137,5
253,-10
-30,6
-280,3
265,1
-54,-9
226,0
-426,17
-278,17
120,0
107,-16
5,-6
116,-18
113,20
-78,0
-174,9
-33,2
392,0
-155,-8
354,17
-209,-2
-592,-9
-224,-4
-16,-9
461,-10
37,6
333,4
-424,-22
64,-4
373,12
-56,8
-57,12
73,-9
-127,4
63,14
102,-1
-405,-21
-77,-10
283,-1
-134,1
148,4
28,-2
79,2
-138,0
390,0
-310,6
19,-8
197,3
91,14
283,-4
-137,4
48,4
67,7
-204,12
519,-6
-149,0
273,0
-309,-3
80,-12
-253,7
-159,-5
353,0
197,3
110,6
-96,8
-230,0
303,9
-96,0
-46,-4
152,6
-55,9
163,3
-454,-5
27,-3
124,4
-69,-2
423,8
-386,3
365,1
-100,-1
210,-1
-25,-5
273,-13
-448,-2
-351,2
448,5
68,6
-120,-4
157,2
-259,1
462,11
41,-6
-34,-1
-11,0
201,2
7,2
81,-2
95,-5
-109,-8
225,-1
-18,-7
-114,-2
65,1
292,1
-151,-2
270,13
-83,-6
-295,-6
550,-13
-220,12
-75,1
220,14
-333,1
-84,-9
142,-10
213,11
182,3
122,-2
-427,-2
-47,-2
204,-5
321,0
-79,3
-109,3
1,-8
-176,0
-85,0
109,9
142,6
228,6
19,20
-26,1
221,0
-131,0
-111,15
806,-2
-551,-2
-33,0
-279,-5
-291,21
358,-1
199,3
261,-7
-70,-1
-334,3
407,6
-101,-9
96,11
90,2
73,3
-22,1
0,4
-100,9
-79,7
365,0
54,15
165,16
-565,5
435,8
37,0
358,-3
-347,4
-509,-1
509,12
198,16
93,-1
-161,20
-242,4
100,-7
141,-13
-148,-2
335,14
-47,0
77,11
-235,11
260,6
620,12
-552,0
-31,-6
93,12
268,-5
-49,4
73,17
-234,6
-104,6
294,-2
57,9
59,2
35,1
115,6
-339,13
39,2
-7,0
-122,12
60,-7
-62,-3
-39,-3
523,-1
-12,5
-46,-1
-215,2
71,-3
172,-9
0,7
309,2
-41,20
-56,-7
131,1
-46,1
-183,-4
-149,0
220,-10
37,-13
-487,8
60,11
96,-2
1,11
24,1
81,1
61,2
-30,-2
80,11
111,-8
-67,0
-229,-9
123,14
-154,-12
-20,-2
