20,51
-32,32
-4,42
-14,-46
13,-79
37,-14
-5,34
-32,12
-67,20
-86,-19
4,-75
19,-132
38,85
-45,57
-2,-38
-6,-174
-51,19
-46,129
-32,25
36,-7
48,-38
-34,-39
-31,-78
-9,0
47,12
-25,56
-43,-1
-39,61
29,27
0,-106
-1,-29
-35,7
-73,20
3,0
37,-111
-8,-9
15,5
72,-1
-109,20
-45,168
-14,1
-33,-73
3,0
24,-101
12,-71
11,9
-12,57
19,-7
-32,-122
-36,-93
78,113
7,59
9,87
-78,-107
-47,-99
99,13
-19,-22
-26,-101
16,3
60,21
16,118
-21,-1
45,-93
44,83
-27,65
-9,-83
-97,-163
2,-18
14,-33
-18,-111
-55,40
9,100
-33,0
-22,-41
-26,-8
-61,52
-28,-92
-1,109
-19,15
22,-80
5,-73
-18,-170
-42,5
48,153
-20,-76
-35,-99
24,-93
-16,95
-92,63
28,-56
42,14
-63,80
-15,67
13,-32
-6,-70
-24,26
14,-42
-23,105
-33,-134
1,-33
27,8
19,-26
-23,-60
-57,39
-55,103
26,22
41,-80
-23,0
-19,-27
49,-62
-47,22
-35,51
-24,-75
3,106
33,36
-22,-171
-106,8
-18,83
16,-88
24,22
29,-18
46,-6
-16,38
-47,-20
-50,41
65,11
-35,-9
-12,-38
-23,-84
-64,56
32,64
55,12
-112,-53
-47,-123
12,-9
7,100
-1,58
-29,-66
-42,-16
-3,37
-41,23
-35,12
43,27
19,-35
-94,-45
1,-5
-105,71
-29,-60
-14,-31
14,36
18,68
-7,-47
0,-69
-33,97
-3,93
-21,-52
-10,-72
18,-28
-33,81
-8,-89
22,13
18,9
-39,22
-31,0
-54,-7
9,1
3,16
12,-130
46,-90
16,1
-17,-61
-90,-13
54,56
34,-7
2,-14
-28,-26
47,-7
-22,8
-81,24
4,-35
-16,-2
-60,-1
79,-18
50,-89
-32,-48
-50,9
-18,39
-43,54
-47,-4
-22,-56
104,-61
-84,-133
-66,21
12,41
18,12
-1,12
-34,-34
9,-88
-6,4
12,32
-8,-26
-34,-12
-8,131
-8,66
-76,-218
-49,-73
-37,36
51,85
18,-9
-4,-36
-7,-61
-62,20
-24,-6
19,-93
22,-6
-26,26
-7,-114
11,17
-35,-24
-43,-48
9,21
28,50
-40,-5
-61,-74
-7,41
35,54
-13,-28
12,-111
-4,-21
-14,-27
-9,36
11,7
-19,-7
49,-74
-21,-25
-21,-97
-48,-62
24,9
-8,-72
-34,-123
-15,56
-87,1
60,38
-8,14
35,33
-41,7
-95,-111
-23,-38
62,25
-11,60
-8,-82
15,33
-11,-34
11,-76
-29,-40
-30,14
-17,-68
31,2
2,-76
0,-32
-24,-70
-3,-51
9,18
22,-58
-96,-30
-60,-53
-8,47
33,-25
48,49
-14,12
-50,-41
-7,-23
7,9
-13,-23
15,-14
9,-4
-18,8
-19,-40
-48,4
37,-19
30,-52
-54,-28
25,13
-16,-17
55,-70
17,-33
30,55
13,17
0,-72
-64,-131
-40,3
-45,115
-8,-30
3,-143
-6,-52
-6,-19
-16,-2
-12,24
-1,-60
-76,-131
20,5
38,31
8,-32
-1,17
-7,-122
-23,-10
-1,-52
-26,36
-34,-19
-45,15
1,-23
18,-42
3,-9
62,9
11,45
-33,-38
-74,-24
2,-40
50,-135
-57,-54
14,-24
30,-3
9,-66
14,113
-18,-48
-8,-26
-59,18
3,-12
-6,1
0,-60
28,-17
-28,-31
-43,-32
-65,4
3,-96
37,-47
24,11
-27,-45
-28,-89
-1,-122
-19,2
-32,60
-15,48
-29,-14
28,-25
3,-26
-25,-19
23,53
-23,-28
-103,-2
11,-104
20,-29
-18,-85
17,9
30,119
26,-4
-4,-109
-44,-121
-80,5
42,40
-33,9
5,-37
-1,-36
13,-20
0,43
7,25
-49,-32
-47,-31
1,-65
9,-83
45,30
-26,27
-13,-39
-61,-33
-36,-69
-1,-9
86,-7
16,-23
3,-13
-43,-78
-27,-3
8,12
-10,-4
-34,-54
-54,-29
17,6
0,-41
-52,28
-8,33
-12,-44
-50,-69
-44,3
-12,-4
6,-60
49,30
-28,3
-58,-3
-19,39
-30,-36
-27,-136
5,-79
9,21
17,-26
-38,-3
0,-35
29,-58
7,29
-9,-41
-73,-43
-61,-95
13,0
28,43
-38,-16
14,-52
-1,-15
-21,-56
-39,-95
-12,30
15,0
17,-111
13,-73
-10,48
13,22
20,-102
-59,0
-33,11
43,-36
9,21
-65,-5
-10,-10
-25,-83
-12,-80
-46,-35
-34,-38
-7,-51
3,17
81,-49
-21,14
5,6
-49,-65
12,-111
-5,-48
17,0
-42,-15
19,29
40,-60
-18,86
-65,-76
-8,-73
-40,-93
-8,-3
44,11
0,3
-5,-38
-12,-55
-30,-118
-5,25
-21,-53
43,-47
-14,-24
-6,37
-19,48
-34,-46
-15,-105
-2,74
-32,53
-43,-6
-27,-1
50,-37
-32,-80
0,-15
19,-80
6,-23
-63,-11
-12,15
-7,12
45,-61
0,4
-43,-8
-20,-47
22,-51
-54,-63
5,-72
29,-75
-52,13
7,0
-25,-30
-82,-11
57,-97
18,-22
-29,15
-6,13
-8,-6
-78,-67
-2,-28
29,-39
7,19
-34,-31
-40,-70
-36,0
8,12
-38,-61
0,-112
-12,16
-33,28
31,-81
5,-42
-6,-32
21,-64
5,-7
-44,-8
-38,-18
37,12
-14,-86
-23,15
-32,-28
-32,-30
32,-28
-23,-51
-20,-33
-3,45
-39,16
44,-124
18,-55
-27,-59
-66,26
-11,63
-13,24
23,-45
-70,2
-14,0
8,-49
35,-73
8,-29
51,-28
-11,-10
7,-26
-57,-138
-32,-9
-30,76
24,-6
-13,5
1,-15
-19,-5
-18,-81
20,-53
-27,-2
-37,9
-3,23
-13,22
28,-119
-16,-29
-3,54
-16,0
-6,-17
-27,-41
-74,-43
37,-53
12,-38
0,7
3,21
-44,-53
-32,-46
-17,16
-36,43
-8,9
26,-76
-15,-12
21,60
-19,-46
-26,-107
-13,-54
-32,84
-32,26
-62,-72
38,-28
52,42
-54,-46
-4,-6
-43,27
27,-27
-5,-62
31,-30
-11,-81
-31,5
-9,-50
0,13
-34,-37
-10,32
-2,-23
23,-30
-40,-15
14,-85
-17,-53
-16,72
-40,-22
0,-25
3,-42
31,-8
-81,0
41,7
0,-61
-38,-8
12,-70
-17,-32
-16,-51
-77,-33
-18,-126
51,-52
40,75
2,6
-52,-82
-10,-35
-6,8
-34,-65
-18,-26
24,44
0,-24
-30,-22
-82,-24
-3,22
45,16
17,85
-66,-51
7,-10
38,-52
5,-20
22,20
1,-41
-48,-46
-10,-31
-58,-32
43,-25
-20,-37
42,-11
24,-2
-59,-67
13,-24
-52,-54
23,26
-24,-44
34,9
-22,-112
-4,-82
4,46
-60,38
-12,20
15,-110
-27,-86
5,53
-24,-27
-15,13
4,-85
-46,-28
-22,-23
1,-30
6,-56
-49,-25
-24,11
65,-35
1,-44
-24,-1
21,-54
-13,-28
-23,37
-6,-46
15,14
-26,30
-13,-10
8,-33
0,-74
6,-4
-38,9
-4,-63
-60,-20
23,-19
-9,-40
58,17
-55,-46
-10,-6
-42,31
-32,-31
20,-2
57,-38
-25,-42
16,-38
-41,-28
-59,42
41,-35
-15,-82
-62,-83
5,-7
4,62
1,-39
-11,-10
21,-10
32,84
-3,35
-19,-86
2,23
3,-10
7,15
22,-66
-5,-96
23,-34
-55,-6
-90,-46
-21,-23
31,25
70,0
-6,31
-79,-66
-68,-66
104,-19
48,-5
-32,-21
-32,8
-24,-24
-13,-25
19,-45
-23,-21
-47,-38
-16,12
-53,17
-34,-20
-48,-105
-29,4
-8,47
48,-31
-36,-63
-32,44
-50,-18
-22,-33
-44,-37
7,0
16,-5
27,-6
-11,-52
-35,-41
-62,-33
-35,24
-18,16
20,-8
74,-75
0,-36
-13,3
-98,-7
-12,-80
-11,-57
8,55
17,-21
-9,-57
6,-95
-41,11
-14,0
-48,-8
0,5
31,-42
-47,-33
-44,-61
23,34
-3,-8
3,-29
24,12
-56,2
-4,-41
-29,-44
12,-15
-30,12
-5,15
-33,-7
8,-59
-39,-5
-45,-72
-2,1
-6,-13
-29,77
-4,-32
-13,-101
3,-91
-5,-24
-46,-34
3,-66
-33,-13
36,-32
-42,23
23,-19
-9,-46
-27,-65
-8,-24
-15,0
-20,-29
72,-64
9,-34
-15,-1
9,-22
-19,-56
-8,-17
2,16
-19,-76
-25,14
-49,13
2,-58
34,-79
20,5
-3,-37
-39,15
-25,-63
-24,-71
-37,-86
33,0
5,-32
43,-65
20,-15
-5,55
-53,6
-55,-21
16,9
13,-120
-40,-3
-19,-7
-40,-7
-27,-1
-15,-39
-22,-16
-43,-35
9,53
37,-69
-8,-102
0,-67
-49,-64
-22,29
-21,62
-3,-5
-10,59
-25,-13
-57,-159
21,-131
-20,5
43,-27
34,-2
-33,-47
-88,-54
-30,-9
32,-59
-20,-15
14,7
-21,5
-37,-30
-20,-15
-28,-17
-19,30
29,-10
-5,17
0,-7
32,-37
-29,-42
-7,-15
-5,-69
13,3
66,46
21,-19
-35,-55
-38,-47
-45,-35
30,55
-15,73
-6,-6
-42,-77
-10,-5
6,-10
-82,-35
0,7
75,-62
-23,18
9,-19
-4,-55
-48,24
-41,-64
7,-22
8,72
7,-78
-9,-66
-20,-42
-22,4
-8,-21
-1,-5
33,2
-44,-22
-55,-40
-34,-59
-24,1
-30,-6
-73,-47
-7,11
21,7
-21,-62
18,-5
19,-14
-5,-22
-42,-41
-16,-24
-60,-46
9,4
32,-9
-6,43
-38,-12
-11,-26
-13,-28
-23,7
-3,4
-3,15
-37,35
-5,-23
8,-28
-15,-2
-37,-29
-33,-15
37,-34
31,65
-34,-78
-16,14
1,-108
-33,-16
-25,-26
27,34
-61,21
-31,-37
1,-34
48,4
-8,-11
-12,5
-7,-47
-18,21
-41,22
6,17
52,-26
-18,-7
-28,15
-23,-44
-6,17
0,-59
1,-61
-10,26
-16,-36
-28,40
-29,101
13,1
-18,-36
-21,-23
-26,-55
-8,32
-5,18
-21,21
-13,19
18,-79
-41,-42
8,-12
13,-16
-42,-4
40,93
3,25
8,0
-32,-48
-13,-59
-7,-1
-14,12
-35,-2
-13,15
-32,-11
-32,-5
37,-90
12,53
13,22
-15,47
-19,63
-28,-122
0,-19
-18,60
-15,63
-51,21
-42,-79
-7,-52
23,-51
-23,24
-25,21
13,-19
-3,-13
-41,-19
-6,-20
-22,15
-14,-51
0,-64
-39,-18
-11,63
-8,37
-12,-59
-40,-43
-53,-14
55,19
9,36
-28,-27
-69,-108
-50,57
-19,-29
30,-46
16,-29
21,-22
-23,-25
1,11
-45,-22
-28,-16
0,6
-12,23
-44,1
39,-63
-27,-43
-27,24
-47,2
-16,23
54,31
31,4
-26,15
-63,12
8,-60
-1,-39
-17,22
8,8
-33,0
-6,-7
-14,-89
-47,35
-20,-50
22,-72
62,-26
-22,-13
-48,-45
-45,-55
28,-36
-27,-34
43,47
58,32
-49,-2
-59,38
-26,49
9,67
11,-53
8,-37
-27,-36
17,-11
17,12
5,-25
-8,50
-16,8
19,-86
-4,-59
-18,-18
30,15
-61,-26
-11,0
16,-43
-30,0
-45,-8
19,-7
11,-6
-18,9
-4,-11
16,-10
-64,24
6,-20
1,-1
-19,28
-38,-20
31,-61
23,1
-51,5
21,-1
-38,-49
-19,-45
-19,62
13,13
7,0
-15,17
-8,-16
-53,4
-10,-47
5,-38
29,-15
-70,-29
-15,-62
-26,3
-47,4
2,14
8,3
-21,21
-53,23
-37,1
-36,-13
49,-50
33,-55
-54,56
-46,12
6,-159
65,-8
1,27
-32,-8
-8,-55
9,5
-40,-24
-17,8
-1,-43
-15,-25
-29,-12
-34,-37
-12,-1
15,-63
43,-39
-35,-29
6,43
-18,19
-13,18
-40,-3
-68,-85
-34,-38
25,-29
23,9
21,20
-17,-9
11,-94
-4,32
-94,-31
-14,-48
42,-100
0,-21
-62,-11
27,-53
-42,-32
-10,-38
-12,-30
25,25
6,-14
-23,-37
-20,-38
-18,23
-49,0
19,-4
0,-33
17,-22
-14,-38
2,-55
4,-5
-3,-86
-11,-29
-31,-47
-10,18
-23,2
17,-9
39,11
-19,17
-50,53
73,-10
49,-1
-62,21
-81,1
-12,-111
-11,-37
1,-25
-13,42
16,-52
-34,-35
-26,-18
11,-14
-17,-26
-9,-37
13,-30
9,0
-50,-89
11,-12
-7,-75
29,-37
-52,-14
-27,-3
-27,-20
58,24
-3,30
-19,-2
-38,-46
-2,-42
-40,-43
-31,-4
-27,36
41,17
13,-15
-34,33
-31,17
-1,-31
-36,9
-48,-12
-32,11
31,-82
12,-44
-17,-54
0,-25
-11,-25
-17,13
-2,-3
-15,-68
2,-47
-2,0
-3,-8
-8,-94
-21,-64
7,-28
-8,-42
-45,-70
23,-75
-18,-27
11,-89
-7,-18
-52,-28
9,31
-16,-50
6,-55
-67,-57
45,-67
-9,20
4,45
0,-33
-10,-45
-49,-3
-56,-70
-23,-37
31,-71
-3,-67
-48,-47
-42,-72
-8,-17
-40,-67
16,-23
-12,-7
0,-5
-6,37
5,-31
0,-42
20,-30
0,-46
-36,-31
-61,-4
2,-1
15,18
24,-14
-31,29
-7,12
-10,51
-5,-49
-16,-32
-9,-54
-4,-16
22,-43
-5,-13
-53,-12
-35,6
-54,-58
-26,-57
35,-1
8,18
-25,-60
22,-46
79,-37
11,-8
-37,-57
-37,68
-4,-40
-5,14
-26,-4
24,-107
-7,-59
-20,-67
12,-54
-9,-6
-22,3
9,18
-1,-13
5,-94
11,-19
-19,-41
-41,23
-41,-46
-11,-80
-29,-20
-1,-19
-1,-14
-9,-26
29,-49
3,-33
-21,15
-15,9
0,2
-36,22
-27,-12
1,-52
-20,-50
-33,-10
-3,16
-62,0
4,-17
12,-55
-47,-51
12,-19
26,-44
-19,-18
-21,11
13,6
-7,-6
-42,-24
-21,-33
-8,-42
-21,-11
25,-70
13,-23
12,-20
-49,11
-25,-19
-24,-43
4,34
0,-56
-29,-22
12,-49
-20,0
-42,4
-15,-52
-45,-5
-10,-55
-18,-34
-26,8
-17,6
-47,-39
-16,-21
20,0
37,48
-76,8
-48,-46
-38,-14
56,-60
25,-30
-6,18
-21,27
7,-70
-6,47
-24,-19
-45,48
19,0
11,-41
-8,-100
-8,2
-45,24
-24,59
-1,-34
0,-5
-1,-60
23,-15
-6,-16
-11,16
-28,22
-25,-48
-3,-47
-48,-22
21,31
-5,-9
-16,-27
-14,-59
4,-30
7,0
-29,-5
-25,-54
-18,-3
13,-22
13,-31
-5,-87
6,47
-16,-9
-50,-61
-41,-26
-17,-23
-4,12
19,-1
9,-9
6,-17
-6,-3
13,-19
-25,-41
-61,-21
13,8
6,52
22,-76
-28,-6
-16,14
-12,72
-12,0
-3,-6
11,-12
12,-22
18,3
22,-32
-13,33
-94,6
-12,-3
-21,-4
-18,-45
-8,14
76,-6
-37,-3
-21,-22
-4,-25
-35,-85
-2,30
-23,83
39,26
-1,13
-47,1
-34,-34
9,-77
-4,-14
35,-33
-24,-22
-27,36
26,-22
-4,-28
7,-7
6,-42
-13,-15
-20,-28
-17,-22
-3,-23
-29,43
-10,-37
-1,12
-48,-6
-11,-59
-13,-1
3,-29
-1,-47
5,-9
46,50
13,48
-55,4
34,-74
-35,-62
18,-3
15,-6
-18,-17
-20,-45
-17,-4
7,43
47,8
-11,-5
-68,1
-30,-39
20,-29
1,5
-11,20
26,65
-7,60
0,42
-33,9
-11,-43
-22,-68
-28,-72
-32,-34
-34,-12
4,-11
-11,-23
-8,-17
-64,3
-1,-1
-10,12
0,18
9,-56
16,2
-68,-13
-23,11
7,17
-11,-19
-12,-81
-52,9
-24,-28
14,12
0,-54
-28,-50
25,54
-29,16
-55,-18
-7,36
33,-41
43,-7
14,-2
-52,51
-46,29
-22,-99
-18,-24
-18,-34
-9,6
9,-10
18,9
-50,61
-47,-29
5,32
-34,-30
0,26
2,-47
5,-12
46,11
7,-26
12,26
-47,23
-4,-43
30,42
11,57
-8,-66
21,-14
-28,-2
-20,-10
13,-93
-15,-61
-43,32
-21,4
13,-8
-18,38
-11,-43
-4,-7
-37,37
-30,2
-7,-27
-16,1
-32,-13
4,-13
21,-17
4,6
-24,-63
-6,57
-29,-16
6,-4
-45,24
6,12
0,-5
-2,-15
4,-18
-17,-11
-38,15
-16,-27
-31,-28
-20,-1
-3,13
23,-50
-5,6
9,-26
6,-2
-1,16
-45,23
-20,102
8,-70
13,-48
-13,-55
5,-14
-25,-9
-6,20
-28,7
-10,29
-18,24
12,-34
-14,70
-35,5
-24,-14
5,-36
-24,-25
-10,13
-4,-68
9,8
8,-92
-20,-20
-6,0
-49,52
-12,0
-16,-1
28,0
-9,-14
-5,-14
-52,-25
-32,-7
-16,33
-30,14
-21,24
-32,-33
-21,12
3,-32
-7,-17
-8,-28
-34,-47
-11,-23
-18,19
-26,7
-9,-1
22,16
-46,-49
-9,-74
4,42
26,-8
25,-4
-19,-29
-33,37
-27,-37
26,-24
-4,-24
-36,73
-26,5
-35,-5
6,2
-10,-47
24,-21
16,-34
4,36
1,0
-36,-5
-4,23
-11,-24
-24,-31
-3,22
20,-11
-34,-23
-6,-67
-1,27
33,8
-45,-51
-25,-11
-47,-11
23,13
18,31
-10,11
-9,-38
-13,-2
-48,-31
-17,8
-5,-5
-36,-9
-3,21
13,-26
0,-44
-74,12
-25,3
-9,-38
-8,-44
7,36
-28,-2
-1,-30
-28,-84
19,-18
8,16
-19,24
-29,-9
-2,-21
-14,-72
9,5
-55,-16
-30,18
-5,8
2,-56
-25,0
-3,46
-45,6
-31,-36
-39,-23
7,1
2,-9
-60,15
-36,-20
1,-6
2,19
11,15
-18,0
6,-40
-25,-51
-8,-16
-16,-53
-22,-61
20,83
-27,19
5,-23
-38,-59
-20,-63
-26,-56
8,-15
4,66
7,-25
-29,34
-42,-13
-1,-57
25,15
20,-16
9,44
9,-45
-70,50
-13,-1
18,31
6,-13
-33,-74
-20,18
-28,-25
-7,23
5,-59
4,-40
-43,-9
-27,-22
7,41
-10,9
0,-29
-19,-22
-52,-3
-2,21
11,18
44,29
-47,-29
-29,-27
30,-35
-25,-14
-13,-71
32,-4
-2,29
-34,-21
7,-5
-44,-14
-15,-48
-27,31
-26,-2
16,0
16,36
-54,-117
-24,-48
-20,3
11,-51
0,25
-39,-12
-44,40
4,-27
12,-26
-2,-39
9,-29
-36,-54
-43,-49
-15,-45
-6,29
-17,-22
3,6
-35,-43
-26,11
-13,-26
-32,29
-48,55
39,30
22,34
5,-33
-10,27
-51,-28
-30,-57
47,0
-1,-41
-16,23
-35,-51
-17,31
-14,-12
5,8
-23,-3
-2,-9
-25,-39
-3,-70
5,-64
-33,-6
5,-8
20,0
-14,-4
20,-20
-3,-47
-71,-84
-17,7
23,-54
11,38
-2,-37
4,9
-35,-13
-2,-3
-23,-16
-63,8
-34,21
29,6
-6,-71
-45,-5
8,8
-23,-52
0,-30
4,-17
-13,-20
1,-9
36,21
-29,-28
26,-33
-12,36
-12,-51
3,-45
22,-16
-35,45
-18,8
-4,-11
51,-9
8,-10
-34,11
-14,-4
-18,14
-34,-51
-28,53
0,44
29,-24
-40,8
-34,-6
-3,-86
6,-47
-12,-1
-45,-17
-34,-18
-32,62
34,15
11,14
-19,3
-5,-6
-2,-6
4,-10
-44,27
8,-14
1,-25
-42,-44
-11,19
18,-44
-12,-22
-14,25
-74,14
0,-12
25,17
8,35
-16,11
-22,36
-6,-24
-43,-11
28,24
24,25
-12,7
2,23
7,-72
-55,-40
-26,-7
-3,40
-43,-35
2,-1
-11,-15
50,22
14,-52
-34,-59
-18,-10
19,44
-40,1
-26,2
20,-18
36,27
8,7
-10,45
-18,-22
-23,1
-10,-50
15,-7
-12,-9
36,13
27,12
0,5
7,0
-4,22
-25,29
-21,8
22,25
-108,15
-3,22
8,-25
20,13
-53,0
2,32
-15,4
-29,30
-96,34
52,29
32,-58
-17,-29
-11,-57
23,-31
-28,-18
-65,23
42,48
46,18
-26,-42
24,28
-62,40
-22,110
-33,40
-30,11
-31,24
6,-75
16,36
11,-16
22,17
-17,-110
-30,18
-5,-17
-1,-6
0,44
18,12
21,25
-7,-6
-26,-3
-1,-18
-44,-11
-49,-16
-26,48
24,19
-6,9
-7,-7
-37,-1
-10,-4
-6,28
-21,-12
-4,-35
-51,16
-5,18
1,-4
-18,-10
-18,47
-47,-10
20,-47
-38,-43
-12,1
14,0
-33,0
-12,26
-5,4
-17,98
-10,6
5,-27
3,13
-2,-15
3,9
-13,-34
8,-66
-24,42
-5,0
3,22
-41,-23
16,-7
-13,17
-2,-5
-18,101
-10,-1
4,-61
-16,15
-31,14
5,-34
-6,-6
-40,5
-15,1
5,48
22,27
-42,37
-10,25
-21,26
-15,2
13,8
-5,-30
-5,5
1,9
-4,-4
36,-42
-32,-15
-5,-22
-8,67
23,0
6,13
-25,45
-2,11
0,8
-24,-24
17,-28
-38,28
-15,73
-27,27
-28,-20
-26,-16
-10,18
-20,25
-14,-12
-22,-43
11,12
-17,77
-11,27
-9,23
11,8
9,20
-78,14
4,54
4,8
17,-37
-28,-34
-64,1
18,9
2,5
-45,-51
-43,1
-24,5
-39,63
-8,29
8,-28
19,-15
14,43
-21,7
-26,-8
-7,-9
-19,-2
-34,44
-4,-1
-3,-8
0,11
7,0
-6,11
-25,-3
-13,-2
-34,1
-30,-2
-25,0
-24,-3
-20,-21
0,5
-32,62
-2,-71
2,-46
-34,38
-25,-30
18,7
4,-9
-10,25
-25,20
-14,20
-2,16
-46,35
-24,37
-13,4
8,40
-42,-31
-26,22
-23,-7
-18,-32
-17,0
-13,31
-2,24
-12,-9
-1,66
-12,47
-13,-3
-6,7
-26,5
-35,-45
17,-42
29,-11
18,32
-16,20
-9,71
-12,47
-27,-16
-11,-25
-3,-31
16,-15
25,13
7,5
11,44
4,-11
-35,3
-41,-6
34,-17
-24,-30
-8,45
12,45
0,29
-6,6
-4,31
-44,-17
-10,-7
-28,-20
-32,9
3,-8
-25,22
4,-9
-46,20
-39,31
2,-22
-25,-28
29,-20
0,14
-15,37
-21,-29
8,-42
-48,30
-48,-1
-3,71
0,14
31,12
15,43
-8,9
7,-5
-23,64
8,3
20,6
-20,-20
14,-13
2,23
-18,-3
0,42
-16,15
-19,-7
12,37
14,-12
15,56
-43,1
-15,-3
-21,-30
-4,11
-40,-1
-17,26
-20,32
1,-16
27,-51
-12,18
-5,49
14,24
-20,53
-12,19
-1,20
0,-54
6,-4
-41,9
-10,17
19,-13
-31,15
-1,17
16,0
6,14
0,0
-8,14
-18,-15
-9,-22
5,40
-15,12
-16,-8
13,-37
-5,1
-13,45
-9,4
-6,31
-11,-2
15,8
-25,-3
-5,-9
12,-42
6,-20
-31,-17
-37,0
-30,-26
-18,-9
-18,27
-26,30
-7,20
-8,-13
3,25
27,-11
27,-29
25,-19
-14,3
-27,-3
-29,-19
-27,3
-9,-13
12,0
23,38
13,-2
-2,27
-8,0
-13,11
-6,-25
-12,-6
0,20
33,12
4,0
5,9
-17,25
-24,-31
-16,5
16,-42
-29,24
0,0
-12,-3
29,29
-17,35
0,-16
13,-4
-42,43
-37,-18
-5,3
-3,30
32,-7
6,-4
5,15
15,-13
-39,-9
-59,19
-9,-12
5,33
-5,7
