66,22
-22,28
-18,18
77,0
2,-15
-15,11
-55,-5
-64,-14
-17,2
-38,2
-93,0
-23,-25
78,-46
149,-36
77,-14
-53,-4
-41,14
-18,9
24,6
86,-11
-21,7
-61,-2
-209,-38
-105,-50
231,-5
194,24
-62,-4
33,1
63,-7
-16,-35
0,-28
-70,-19
-97,-18
-170,33
-24,43
188,30
119,-11
12,-79
-15,-60
26,-55
17,-1
-63,16
-21,5
64,-5
-22,34
-213,19
187,3
60,9
15,-1
13,-7
-38,1
-71,3
52,-32
-16,-34
-124,-54
-22,-31
-71,25
16,46
116,4
158,3
76,-8
-108,0
7,-15
-32,-6
-36,-4
105,-32
-118,-38
-142,-18
108,-22
242,5
15,-5
-118,-1
-77,26
19,20
3,8
16,-35
-11,2
-56,-12
-9,-7
22,-37
124,-67
56,-48
-48,-29
13,32
-30,28
8,34
-108,11
-61,5
-6,-21
-100,-7
133,6
174,2
93,-18
-140,-7
53,2
1,-5
-11,-5
2,-26
-34,14
-63,15
-47,11
-297,-17
83,-52
359,-70
312,-38
-192,-16
-114,32
-25,5
2,-6
23,17
5,8
-49,18
-73,29
-82,-41
-79,-8
-191,-16
292,-14
363,-27
13,-27
-153,-22
-100,56
-60,0
37,-36
29,-12
12,-16
-42,-13
41,-1
2,-12
-23,-18
-24,0
-9,-11
37,-4
-22,16
102,19
-75,-26
-2,-49
23,-34
-5,-25
-3,-18
-36,3
-109,5
150,21
116,9
-190,-21
-16,12
12,16
-73,3
19,5
193,3
26,-27
105,-40
11,-52
-122,-14
-32,15
36,22
100,12
39,-8
-50,-3
-91,-9
-108,11
-218,11
-95,22
550,-35
192,-34
12,-56
-102,-32
-55,-11
-14,15
4,0
-244,-9
84,-19
406,-5
-119,5
-188,9
-31,-19
57,8
84,2
19,-35
129,-2
-67,9
-79,-27
-50,-6
39,18
-81,9
203,-13
73,-1
35,27
-11,31
-88,-7
-173,8
-109,-19
367,-51
-6,-37
-140,-66
122,-37
104,-5
-85,16
-50,31
-46,30
69,23
-114,36
24,29
100,5
-15,-25
-77,-54
79,-66
-105,-19
145,-1
68,-5
-37,-16
121,-8
17,49
-78,38
-20,34
-47,-1
-75,-30
21,-52
13,-57
14,-35
124,-7
-34,8
-47,23
64,5
32,6
-103,35
-59,20
6,17
-301,-4
307,-32
265,-26
-47,-1
-247,9
-23,3
68,-16
-205,0
231,27
435,15
-103,-32
-287,-48
-172,-10
-10,2
104,0
110,-24
46,5
4,0
-88,-5
-86,14
-97,1
117,-10
1,-9
47,-15
-91,0
57,36
109,11
275,18
86,18
-165,4
-119,-15
21,-28
79,18
29,9
-36,27
-56,15
-297,-35
6,-37
115,-69
224,-45
-22,20
-40,47
20,44
107,6
41,-24
-88,-36
-76,-37
108,-45
45,-22
-65,-31
-205,-10
59,0
159,19
-15,-12
-20,34
-9,22
-171,2
69,-9
151,-57
34,-51
-294,-21
149,11
212,8
120,0
62,14
-84,18
-55,5
-37,3
84,0
-8,-23
-33,3
-61,-19
-55,-20
67,-43
-131,-32
228,0
63,-13
-38,-30
-59,-26
28,-14
133,22
-26,1
-206,18
-122,21
226,24
103,38
-158,-10
8,-50
0,-48
21,-24
28,12
-73,-11
-114,-11
170,-34
-31,-33
-137,4
12,-3
39,30
122,0
78,13
-108,17
-99,31
-11,23
-37,-19
86,-39
13,3
1,4
-127,19
95,-31
45,-57
35,-54
-89,-19
-87,13
-23,0
40,-13
-5,-5
-44,0
9,6
37,-36
-117,-42
-78,-28
287,8
190,50
-83,8
-143,-33
1,-64
-71,-35
59,26
121,39
83,30
-393,-6
-41,-13
212,-14
16,-21
24,2
60,-20
-99,-13
-98,-3
-55,9
15,2
-57,15
65,-10
87,-29
46,-34
86,-47
-48,-32
-78,-12
-15,-6
-25,1
-91,12
-49,14
-329,-11
278,-6
319,11
22,47
-124,11
-33,-13
4,-28
-13,-26
22,-15
-12,-42
-144,-75
-208,-25
56,40
237,38
104,56
-137,28
11,22
38,22
9,-54
-68,-55
-21,-72
-88,-13
-108,2
-97,-12
114,-32
194,-8
257,5
-132,22
-41,33
-83,30
89,2
-31,-18
-4,-46
-118,-2
-114,-8
-21,13
-43,-4
147,-13
127,24
-57,23
-52,-2
7,-12
-42,-43
63,-33
-26,-33
-190,-3
-100,-13
-73,-4
382,12
149,-2
-127,33
-112,0
130,-45
-60,-53
-7,-59
-66,12
-63,35
-25,19
-24,9
-36,-43
-11,-25
41,-17
131,35
46,9
-59,12
-102,-17
-22,-20
-57,-5
37,-20
70,1
61,-9
55,-7
-6,-16
11,-13
0,-7
-25,0
-27,-37
-65,-1
-113,-8
-61,-7
-76,-8
42,9
133,15
139,-28
26,0
-91,11
-12,-24
-1,-8
-9,-4
-122,-7
-112,-9
-18,-17
73,-37
133,2
-14,-3
11,-12
-13,-5
-16,-10
-10,1
-34,-2
-46,-8
-17,-5
-7,-11
-3,-2
-72,-12
-73,5
89,-15
235,-12
-127,-4
-9,-14
22,18
17,-4
-23,-7
-31,-3
-10,-17
84,-5
-16,38
-54,-18
-68,-64
-42,-14
-15,-2
56,13
77,-24
-33,0
70,15
76,11
-41,-16
-54,11
-43,15
-9,-9
0,-12
-90,-24
-114,-20
76,-7
66,-8
22,-10
-87,6
30,-1
-18,-15
90,-12
-10,-24
-264,-10
154,-29
186,-4
30,6
-91,-8
-47,-7
-13,-12
6,-18
-4,-32
-49,-17
-63,-15
-59,5
-56,-8
-42,-11
100,0
68,-7
26,-14
14,1
27,-5
-45,-1
-25,-15
-55,-33
-10,-23
48,30
-24,15
-128,-2
-2,-1
73,7
29,-12
-100,1
31,-14
6,-32
-20,-21
-85,1
-36,47
126,16
20,-18
-38,-25
-149,-6
21,15
159,20
58,-45
-57,-14
-22,5
4,-61
20,23
-34,29
-302,-20
157,-23
204,5
-23,-7
-95,-10
-30,-11
18,-16
52,-18
-40,-30
-47,-3
63,16
9,-4
-77,17
-119,-4
-20,-2
40,-4
72,-9
32,-2
125,-23
-111,-26
22,-28
45,31
-7,13
-9,-10
0,0
37,7
-3,-14
-173,-9
-54,-35
-25,11
17,12
0,-10
98,-2
61,-9
-17,-7
-22,-3
-54,-11
-81,-30
0,11
4,-15
47,-22
-29,-5
20,6
67,5
9,36
-16,-13
-74,-8
9,11
-23,0
-115,-3
-119,-28
161,-23
181,-21
1,-33
14,-34
-41,50
-31,30
-11,0
-5,-34
-127,-27
-63,-5
1,-5
106,-16
73,-4
80,12
-70,-26
-103,-18
23,-18
0,1
-56,15
-120,19
-3,-13
-10,-27
78,1
67,-15
72,-13
25,-13
-11,30
-74,4
-40,-37
-75,-36
-33,5
-2,1
-30,-25
29,23
15,0
2,-15
-3,-10
-2,3
-24,-13
-144,-1
9,4
76,-41
-37,3
132,-4
12,-32
-3,-23
-142,-9
12,-16
111,8
-29,26
-127,-10
-297,-17
328,-17
155,-10
-29,-29
-43,4
66,-11
-90,4
0,1
-17,-23
-54,-16
-73,-32
-40,-22
64,23
49,8
44,-16
-17,-11
28,11
17,-17
-55,1
-30,-29
-2,-31
-38,42
2,-27
0,0
-33,4
-9,-33
69,4
27,-11
-156,1
3,-4
81,-14
-66,-22
-49,-17
98,-42
21,-14
-67,5
-18,-12
24,-20
59,-4
206,-13
-6,-3
-105,0
-738,-4
113,6
240,-19
118,-18
-9,7
-216,-6
35,21
31,-36
307,-7
-117,-22
140,-35
38,36
-217,-7
-125,-2
3,-9
-98,-11
2,-4
55,13
40,3
72,-17
4,16
-48,8
-69,-29
22,-24
16,-4
24,-28
-80,-30
-37,-4
31,69
-5,38
-37,-39
-1,-34
88,-14
-25,0
-182,-21
2,2
200,-1
312,8
-469,-37
18,-38
20,-12
-116,-35
42,-11
90,46
-58,25
6,-32
-36,-14
64,-33
-48,-11
19,20
4,13
-33,3
-61,-18
-113,-3
-178,-9
149,-45
117,-4
50,-2
69,-11
8,-26
-38,-18
-72,56
30,12
-11,-16
-65,4
-30,-25
-29,2
-10,4
1,0
124,-22
-98,-31
-87,-18
-7,12
130,-17
-77,-13
85,7
3,-13
-96,12
-30,-22
75,-2
86,-5
-206,-9
120,27
39,2
-100,28
-23,-55
60,-31
46,9
-43,-40
-68,-8
-12,2
39,28
49,-19
-76,-10
-136,-31
99,3
54,17
9,0
-17,2
-34,7
-194,-18
-101,-23
154,13
140,-13
-100,-21
9,-14
128,-1
37,15
-11,-48
-6,24
-17,-19
-94,7
-48,-15
-51,-23
5,-20
7,18
36,9
42,8
-48,-39
14,-8
-137,-10
-24,-7
41,-1
-138,6
-3,-4
328,-18
-9,-7
-10,-6
-97,-15
-35,-31
12,-21
-41,-5
21,26
184,-8
-154,0
-50,14
-15,-34
-20,7
4,0
124,-21
73,8
-63,-9
-159,-31
-17,-13
93,18
57,2
-27,-19
-40,-23
-11,-2
-35,2
-20,-20
28,-8
-59,-7
-11,-12
-131,-15
-27,-1
107,-13
-1,8
332,-17
-60,-13
-105,-17
-3,-7
8,22
-6,3
-6,-19
-86,4
-58,-5
-63,-2
-79,-2
157,22
-43,-6
88,-27
31,-1
-25,-9
-20,-1
-54,-1
-44,-4
-67,-39
-55,18
-46,-2
-71,-6
12,-13
86,1
140,-24
-46,-45
52,-30
19,21
-95,-3
-58,17
46,-30
86,-23
-45,-18
-101,8
0,1
-35,0
12,0
57,-35
32,-6
-69,-12
-28,2
0,-3
-169,65
85,-10
202,-5
-38,-26
-61,-12
-74,4
8,-15
70,-25
12,11
-102,-30
-80,9
-32,5
2,13
99,-21
62,-1
29,-10
-17,-3
-31,-17
64,0
-393,-30
130,-12
251,-11
23,-41
-110,-7
-62,0
-39,0
78,12
82,-15
-33,-13
-73,-24
-143,-5
-142,-3
280,-8
-18,8
27,8
11,-13
-14,1
-12,-22
-8,-6
-29,-22
-49,15
-23,-5
-160,0
-162,8
114,4
429,-6
118,-8
-187,-15
-91,-23
40,6
0,-7
-47,-2
-58,8
-69,9
5,-11
73,-32
-10,-8
33,-4
174,-9
-59,-14
-101,-5
2,-22
-74,-15
0,1
-91,-9
-24,29
56,7
2,-10
3,-10
28,-7
34,7
-142,-21
-35,-3
118,5
-26,-19
-173,-13
-31,-5
143,-13
88,-1
-56,7
73,-10
105,-9
-84,-17
-120,-7
-41,0
8,-3
23,-12
-57,-9
4,-23
-14,14
-43,-6
60,-15
-90,-6
-61,-12
138,17
51,-35
61,-1
-189,9
-6,20
28,-10
-3,-4
-57,-19
4,-9
137,-14
28,-25
-90,-7
-74,-19
-9,15
8,0
13,18
-34,-7
-47,-17
-31,-12
-56,-21
0,0
34,-42
18,-14
82,-3
1,-23
-17,-28
-53,35
-146,-22
136,2
38,1
-34,6
105,-9
51,-13
-74,-8
-49,-9
31,-19
0,-18
22,-18
-106,-4
-144,5
54,0
0,-16
181,-15
252,-25
-75,-4
-99,13
-23,2
-19,0
-14,-1
-25,-16
-59,-10
-73,-14
-60,4
-20,23
41,-33
23,-30
67,8
-36,-5
-36,-17
-53,1
271,-9
107,-7
-68,-7
-140,-23
13,-20
70,0
-23,11
-16,-12
95,-15
70,-10
-82,0
41,-16
-97,-34
-46,-39
-12,44
56,-10
73,0
-20,-22
-70,-12
1,-3
-35,-1
-26,-22
71,-14
31,7
18,-23
-72,-18
-95,-18
184,-14
11,4
-18,7
-18,-15
-19,-4
-19,-16
51,2
-76,-17
-110,-9
-1,-20
175,-6
106,-12
-80,-3
-105,-12
57,-17
-20,15
145,-8
4,-52
-41,6
-56,-1
-52,-9
-131,0
-3,-13
249,-32
-44,46
59,0
36,-18
-114,-13
-41,4
-61,-2
54,-9
182,2
-26,11
-66,-12
-26,-12
14,-23
73,-7
-8,34
-53,-5
-18,-8
-25,8
-95,-15
-15,-19
124,-17
-23,-12
-31,-34
86,-11
58,-10
-40,-9
-73,14
-71,-25
-35,27
227,-6
169,-11
-49,4
-142,-25
5,-27
51,12
-29,13
-25,-12
11,-8
-10,5
-27,-1
-14,8
48,-12
19,-9
107,-9
-81,-2
-41,-11
-22,-17
31,-7
60,-4
20,-3
-35,-3
-117,-12
100,0
71,-3
89,-17
-27,-12
-97,-30
-108,6
54,-1
76,-2
-26,-22
15,-3
55,-7
-5,-3
-48,-17
-4,0
-48,30
46,-27
-39,-10
119,-5
0,-11
13,-3
67,-17
-21,-19
-87,-20
-42,-10
114,0
-12,-8
3,-3
11,32
34,-2
-82,-13
65,17
3,-15
-2,-11
59,-12
7,-6
-50,-14
-26,-15
-116,-2
88,-4
65,-1
-85,-11
82,-15
59,9
-52,0
114,-25
-176,-4
74,-16
31,7
-17,-4
-56,-36
-62,4
-9,-1
-13,-13
85,-10
70,7
16,-19
-44,-15
-70,-5
87,-4
-9,-8
-16,-5
75,-19
37,-3
14,-42
-131,4
-60,-5
19,-3
-36,-17
126,-5
115,11
15,-17
-79,-30
-62,5
-9,0
-117,-20
38,-5
108,-10
24,0
-72,-4
-44,5
-45,2
-31,-19
37,-16
32,-12
37,-23
129,19
-48,-9
-87,-26
-51,-25
9,-32
30,19
28,22
-229,1
150,5
153,2
-63,-22
-82,-27
-50,-8
-25,-16
207,-15
6,-33
82,-29
-41,-15
-57,1
-287,-27
18,-15
245,19
45,1
-95,-5
-76,-16
96,1
16,-27
-220,-19
-118,-9
240,-5
1,-21
-38,-6
16,0
170,17
-59,-38
-50,2
-106,-10
16,-31
-49,16
3,-32
28,-14
-142,19
70,-14
100,-4
65,-34
-14,36
-50,-1
32,-2
-49,-8
-27,-20
-6,-1
-76,3
-70,-11
136,-18
-24,12
-11,-2
57,-5
34,13
-166,-18
-80,-24
74,-2
-117,1
-193,6
531,-2
86,-17
-145,9
-108,15
-173,-16
117,-6
33,-4
-143,8
-171,-2
175,-14
54,-8
-67,-17
-136,-2
-27,-6
79,8
34,18
-85,12
-70,20
-86,4
-65,-3
-32,-7
20,1
89,6
-57,-11
117,18
113,6
-197,27
-222,9
11,-8
253,0
29,0
-141,-15
23,4
75,-8
-63,0
65,21
33,-21
-190,-10
-158,8
254,6
46,5
-29,-10
-92,0
-60,42
-70,38
28,-37
-87,5
-33,17
91,7
100,-23
-51,25
-27,-2
2,-9
-97,-17
-35,-7
99,47
-71,14
-68,-7
-1,-6
-113,-4
273,-1
123,18
-142,-3
-105,-14
38,9
14,-15
27,-7
-93,17
-109,6
-64,28
50,4
55,11
21,-9
-42,-4
-44,5
-40,13
-104,-7
24,-14
-21,-2
-24,7
15,-2
179,13
-44,11
-259,1
-154,-10
194,-21
-55,14
64,22
287,18
76,4
-126,11
-60,3
-108,-11
-149,0
-12,20
27,0
139,-2
-73,-1
-140,16
8,-14
82,9
31,0
17,18
-41,-2
-93,0
-104,-21
-91,5
-243,30
-248,-5
368,3
577,-19
15,17
-217,8
-112,3
-3,-1
-35,4
-87,5
-159,-6
-14,12
159,2
87,4
-71,4
-49,-3
-121,4
148,25
36,8
-185,25
-16,-6
153,-5
-24,3
-86,5
-30,6
18,-10
29,-21
104,3
-286,6
-90,8
401,16
103,8
-312,5
-64,-10
40,7
80,-4
-7,-1
-173,-7
-11,4
104,7
-5,-1
-43,20
-13,15
-60,13
78,11
-18,9
-17,14
51,24
-138,-19
-89,11
-26,-14
30,18
-60,24
-326,23
193,-24
380,0
-47,8
-201,17
-108,22
129,6
96,-4
-29,5
-27,8
-137,12
-197,0
-214,9
248,-7
125,26
-90,18
-83,16
41,-38
193,17
137,0
13,0
-104,2
-120,0
-70,24
2,-9
46,-1
-56,12
-130,15
-46,23
5,-29
-18,9
264,7
135,0
-2,-16
105,-16
-18,11
-140,7
-116,22
-182,8
-333,0
634,12
396,6
17,18
-175,3
-96,-3
53,5
-159,0
-281,-12
386,1
215,-2
-192,-33
-215,46
-24,30
111,11
114,1
25,3
-45,7
-218,0
-131,17
54,1
179,-15
-94,0
-19,-8
103,0
273,1
-35,19
-128,37
-1,-9
-71,11
-159,0
45,-13
-225,-12
15,-5
338,-8
423,9
-6,12
-195,12
-182,-2
-28,6
180,1
-84,14
53,3
-1,-4
-43,-4
-106,18
-324,15
-2,15
261,0
410,0
-21,-21
-185,-4
22,9
77,6
-37,2
-229,22
-182,-1
225,5
-59,-1
141,17
177,11
1,-5
-136,0
-142,11
23,-2
13,0
83,18
-86,-20
-6,7
-5,19
-45,4
20,11
73,-45
-57,46
-218,-2
209,-2
187,16
-118,1
-137,38
72,2
71,19
38,-13
4,-36
-119,14
-240,12
-198,2
22,-8
298,-6
356,0
18,-4
-110,26
71,13
-31,-1
-356,-6
195,0
-139,5
-219,14
324,8
51,3
132,-3
153,17
-60,-12
-59,31
-71,0
-123,0
-81,-6
-168,-7
-203,16
-155,-3
293,-7
283,-21
41,12
-80,2
-49,3
-35,0
-64,-6
-2,-3
9,5
-15,4
-46,-6
-65,18
-181,-16
174,-3
402,-5
27,7
-119,8
-144,21
112,-2
-25,18
-307,-4
-200,-6
85,9
506,17
39,4
-55,-4
-131,-1
-36,3
-66,11
180,25
-107,-13
-73,7
-267,0
148,7
176,-12
57,-14
-74,2
-5,36
36,6
-43,45
-176,-8
20,-4
-77,2
-25,-2
-54,22
38,8
79,5
76,-24
4,18
-21,27
-22,2
-101,-5
-67,4
-22,32
-51,5
103,-7
48,2
-127,-5
142,6
133,11
-65,8
-76,19
47,17
22,-11
-5,-5
-14,13
-23,2
68,40
56,25
-156,18
-88,-10
-95,-42
44,-60
95,-26
-118,-46
17,11
71,4
49,15
-28,14
-268,50
61,40
291,44
76,23
-216,15
-70,-17
-149,-18
-64,-30
225,-13
319,-25
-112,14
-69,13
-5,25
-43,12
-56,6
-35,3
-125,-6
-51,-7
126,-29
-4,-23
-20,-16
0,20
36,-2
28,-14
14,-16
19,-19
-39,-4
-82,34
-143,24
-118,6
103,-3
137,44
115,17
131,5
84,-18
-59,8
-100,24
4,0
75,-10
-98,6
-142,-15
-103,-30
159,21
-289,20
-37,6
539,-7
-137,7
252,9
12,17
-141,11
-132,3
-61,26
-77,1
-87,-2
-131,3
-204,16
-95,-4
162,-11
622,5
-62,51
-145,0
-29,-4
87,11
57,-2
-165,-27
-94,-18
-331,18
-75,-13
342,9
36,43
2,-5
142,1
102,-12
-76,6
-61,-1
-62,6
-45,2
-73,-3
-86,16
-89,15
-143,-3
-41,-13
396,16
245,11
-214,13
-432,0
-104,20
411,-17
542,1
-6,-5
-333,-4
-127,9
248,9
238,-16
109,29
73,-1
-92,4
-136,33
-155,6
-140,-1
-130,-8
-259,-18
-167,-21
14,22
842,1
369,27
-116,7
-152,3
-94,-5
0,1
24,-32
-52,-7
-77,9
-155,3
-24,18
133,-2
155,16
36,0
94,-2
7,2
-250,17
147,22
221,-2
-181,6
-440,17
242,0
178,6
394,12
31,24
106,12
-46,18
-101,-24
-145,9
-83,-14
-82,-6
-401,15
-429,6
443,15
628,-8
258,-9
-392,4
42,-18
59,4
5,-7
-70,20
-153,12
-160,-10
-121,7
-218,27
-26,18
233,-6
42,-6
409,8
166,-23
59,-18
-132,-4
-67,-5
-61,47
-120,17
-534,-5
285,-3
679,-12
71,7
-77,26
-37,-17
-88,-6
-34,-3
6,3
42,7
-119,0
-159,9
63,20
-25,7
56,0
107,-16
66,14
64,37
-15,0
-99,-15
-87,11
289,1
-138,6
-173,8
-250,-11
123,39
249,-9
366,-8
251,-5
-195,-7
-81,-5
-148,9
-170,-3
-264,27
-203,-21
339,8
623,25
178,0
-19,0
-80,-11
-58,14
44,11
89,3
-73,3
-326,-7
-85,-15
105,4
-32,14
-35,4
141,-12
200,33
46,53
37,-11
-177,-8
-492,0
702,15
489,38
-338,-6
-85,4
170,9
270,15
114,-11
-243,-1
-39,-44
-42,-34
-102,-40
-192,22
-403,39
182,0
697,-5
623,-23
246,-14
-489,-3
-355,33
97,-4
127,-7
-55,16
-93,1
-187,-8
76,0
324,-3
307,-20
196,20
-78,20
-192,-1
92,0
-2,4
-293,11
-33,-7
-454,-12
890,7
102,41
-212,-18
215,-22
97,6
55,23
-52,19
-144,4
-211,-11
-31,-13
98,-5
119,-10
76,18
197,0
-34,-17
72,-3
119,-2
-298,1
-529,21
331,18
617,0
136,11
-151,-6
-72,-4
69,5
90,-21
-61,-1
-315,4
-139,-8
16,-9
318,8
226,13
-52,23
42,58
81,-8
38,-11
-656,4
-515,16
406,9
1383,-12
378,-6
-528,-4
-244,-4
183,0
90,30
-75,8
-614,17
-217,-10
633,-15
121,11
214,-5
-27,5
-216,3
448,13
230,28
9,7
-96,-5
-250,-5
-107,6
-237,23
101,9
505,-8
-43,2
267,5
333,18
-247,32
-317,23
1,-19
67,-7
26,-21
-125,9
-116,36
268,14
209,3
215,-18
-33,9
-96,2
53,-27
284,6
126,19
-197,12
-473,39
-110,-19
536,-3
467,17
74,0
-157,25
-78,0
-36,4
207,5
210,-14
-155,0
-392,-4
-496,9
491,19
245,1
241,5
-19,2
123,-15
167,8
26,36
-151,6
-145,4
-380,32
-208,20
556,-9
719,15
-132,18
-8,11
-151,-34
-325,17
231,3
-46,-16
34,12
553,-9
92,-14
-244,4
-143,14
177,8
260,-10
-88,-7
-127,9
-145,1
-158,4
-51,23
26,5
119,13
-297,3
-142,-20
718,-12
104,-3
350,6
-83,20
-40,16
47,8
11,1
-390,-7
152,-7
299,-3
261,4
-41,15
-224,0
-224,22
23,-10
237,5
216,-6
-45,-5
-39,-7
-112,24
-49,13
35,5
-66,-8
164,12
187,4
1,14
-115,-1
-175,13
-281,2
166,0
-152,17
-217,-3
913,-3
183,-19
261,-13
-80,1
-96,-1
-46,-3
-313,-10
-58,1
44,21
-75,-17
-117,6
-106,-1
303,5
327,7
-142,-7
-190,3
265,-3
267,-1
-237,-13
-222,3
-89,-4
-31,23
80,20
133,-1
-10,7
21,-5
22,14
-150,-17
-175,9
-149,5
643,-12
573,-14
-136,-1
81,-4
127,0
-86,1
-105,-49
-65,3
-91,-11
-88,-10
-49,-1
-119,52
-4,12
112,-11
79,-11
-21,0
109,5
130,-9
106,-11
-110,-18
-86,-16
-148,11
-15,9
122,-5
65,12
123,13
125,-3
-21,2
-211,6
158,-5
-25,20
165,9
-145,0
361,-4
181,-6
-88,40
-258,5
-67,0
88,-11
-47,-10
-100,6
-58,48
61,-8
7,-19
-107,3
184,7
138,8
114,-23
61,7
-213,-1
-39,24
89,-19
32,21
161,-10
6,-7
-48,40
-173,13
-95,-12
358,-7
64,7
61,6
-7,-15
-161,-17
-94,22
-64,1
-140,23
148,-4
362,-4
90,-8
62,-4
-82,5
-130,23
26,9
-93,4
-206,30
256,-6
244,6
-363,15
19,1
114,9
142,11
97,-21
105,-21
-47,42
-66,4
-596,27
-15,-3
68,-16
1157,32
160,15
-407,0
-148,8
113,5
103,-3
-28,-6
-175,2
-439,-8
-527,26
279,17
625,12
-1,-13
35,2
70,15
89,8
-92,-12
-77,-28
-142,25
-332,17
-380,-7
318,-18
466,31
822,-5
-75,8
-157,0
-223,-10
-46,30
33,15
-26,-8
-128,-1
-124,21
-290,-6
-70,-12
-208,9
491,-1
546,-11
404,-6
-157,-4
-190,42
-99,26
-53,-6
-155,-1
-272,-6
-84,4
617,-6
14,-24
-253,22
103,28
28,-26
97,-7
59,8
-24,5
-108,17
-142,28
-395,-29
-217,2
548,-14
445,14
63,33
-80,12
-163,-49
150,34
-57,-3
-135,26
-24,-14
57,-3
130,-7
90,-14
-23,6
-23,-14
13,0
48,33
45,31
25,1
-83,-4
-76,-13
-119,-4
-373,1
496,20
476,2
173,-8
-118,-28
-36,13
-76,35
-1,19
67,4
54,-6
38,21
-30,0
-36,1
7,0
15,-7
32,-42
125,63
99,22
45,-30
-14,41
-9,16
-12,9
-27,-11
64,-17
39,0
63,20
41,-9
83,16
37,1
-69,-24
-77,12
-75,6
440,13
157,13
-28,2
-37,29
-5,1
110,23
25,-7
-15,-6
-42,6
-24,8
3,-1
65,15
49,4
90,18
107,-1
11,0
0,15
16,-3
-19,11
11,-12
45,-12
25,31
-22,24
61,-12
42,13
34,-6
29,4
55,4
-18,-17
47,-28
47,8
37,29
89,66
6,-13
61,-8
11,1
15,17
16,12
22,3
-19,-9
54,-13
29,-29
42,-10
29,13
64,20
39,-9
15,2
28,-5
-4,-4
15,-4
-22,1
21,21
51,1
36,9
-2,24
29,-17
-3,-1
8,-12
62,-14
-16,27
11,27
62,-6
1,-1
21,-5
-19,-1
13,8
5,11
14,8
30,-9
30,-11
-18,2
-33,-6
46,-1
51,-19
-15,25
13,55
-52,-2
20,-3
34,6
49,-17
18,-6
11,23
-14,-7
-2,36
