-159,3
-257,9
108,-14
577,-48
162,44
2,89
-356,3
-449,-36
-536,-25
-16,11
576,12
403,-3
-196,-15
-61,-37
197,-25
-252,-17
-65,6
225,107
230,19
-338,-16
-26,-19
224,12
-30,-5
-215,7
-114,-20
281,-27
-31,-5
-286,-23
7,42
89,53
-116,-13
-117,-8
57,-23
-401,33
-401,-1
642,-19
358,-12
230,0
-133,24
-110,21
67,-18
165,-10
-122,46
-419,77
234,-38
11,-27
-245,7
-360,12
442,2
153,-3
-152,-3
-165,0
-248,-3
373,0
272,-3
-362,5
21,-17
-88,-43
-27,64
12,95
204,-21
-170,-55
-31,-17
134,-4
95,20
-291,0
60,8
-50,-21
123,-5
84,14
26,-34
17,-47
5,26
-90,90
-178,31
62,-26
2,-28
-110,-32
-53,-1
-238,15
181,7
378,-16
110,-22
-78,2
-219,16
-144,9
347,0
-195,15
165,17
-74,-2
-725,3
-41,-5
384,-10
291,-5
-253,0
-75,5
119,1
132,26
-234,2
272,-6
174,-37
-17,14
-9,34
0,-3
181,-11
173,-12
-243,-5
-8,-9
39,12
-314,-27
-167,17
385,3
-225,-13
226,8
314,1
-457,9
-261,1
259,-1
277,35
24,-17
-151,-31
80,-19
72,-5
-133,5
51,-3
64,5
-455,1
541,0
147,-4
-268,5
-189,25
-26,14
336,-1
23,-3
-195,-8
153,-6
274,19
-242,81
-74,-21
79,-35
219,-8
-207,-27
606,-51
-296,60
-270,17
245,-23
280,0
67,-4
-294,-2
-328,-4
207,5
53,8
-163,6
255,-10
-7,-18
109,-10
74,5
228,-10
-285,11
-275,8
336,0
-347,-4
-70,1
-166,-6
97,11
-63,1
43,13
-158,-7
-118,-1
-72,-6
170,-7
183,8
-326,-7
-347,-7
214,-11
197,3
-221,13
241,-9
-40,-17
201,-18
-125,-1
-124,16
109,6
-86,-8
-133,8
-310,4
117,-14
300,-13
202,19
382,28
-70,9
-120,-4
-686,-12
331,0
77,14
56,-3
-72,-8
-8,1
-174,5
-118,-5
112,-19
211,-1
269,21
87,5
-363,9
-284,-13
203,0
122,-9
-48,0
-60,1
-149,-5
112,-7
370,13
149,-3
78,-3
-165,2
-204,-1
-113,-9
14,11
349,-4
7,8
-205,-5
-174,0
-184,-2
423,-5
-13,15
-601,-6
642,0
173,4
92,8
138,-1
-631,-2
-142,2
327,-4
427,1
410,6
-362,0
-72,-2
-66,-15
103,-5
151,0
-11,1
-569,8
-60,28
213,0
77,1
-101,17
33,6
-33,5
-100,12
-37,4
-43,-10
85,-5
-31,3
-144,-1
130,3
303,6
-237,-9
-174,13
-172,-5
260,14
171,8
-124,-1
-137,-5
-8,0
325,-6
-49,0
253,12
130,1
-12,-5
-22,-9
76,-3
-51,0
132,1
-160,0
22,-21
76,1
-2,12
69,-7
74,6
-202,4
22,-5
117,-1
260,0
-529,3
-145,1
374,19
276,-10
296,9
-38,26
-138,20
0,4
-12,-1
31,2
-59,5
241,36
-178,23
-65,-6
26,17
-96,0
-207,-7
540,-12
-51,-9
42,-7
162,15
-2,12
-173,23
7,14
37,-7
-188,-14
436,-10
37,0
-164,11
-190,-5
-3,-3
177,0
222,-9
-604,-8
56,0
403,5
44,23
30,-6
77,-8
-118,-1
-97,14
118,9
307,1
118,-5
-87,-4
-336,16
-5,-14
222,-15
184,4
130,1
-283,18
-257,31
31,-9
58,-19
-22,-10
29,2
26,0
-8,3
38,-14
17,-22
145,-13
57,7
94,38
30,17
-216,7
-130,15
-143,3
-48,-3
-212,0
461,7
233,7
-55,14
-144,5
-90,3
97,-5
-110,-14
-6,-14
-75,4
-17,3
24,8
-86,-18
43,-21
-135,15
-100,11
56,12
86,-16
-128,0
-375,-17
-36,-4
203,12
177,13
2,-7
3,-15
23,-6
-172,1
81,4
-114,7
194,20
-175,-15
-181,1
-261,-7
-77,8
248,1
401,3
75,-11
-219,-6
-57,-4
-118,7
-1,-12
22,6
7,14
133,6
108,-22
-145,-14
57,3
21,8
-352,25
597,12
-161,-30
-134,-16
-41,7
184,6
-174,16
123,1
-26,4
13,2
-179,0
11,1
-88,-7
261,22
19,2
-90,-15
19,2
-57,3
-310,11
44,-25
-1,-14
54,-18
-54,9
-261,6
-131,20
389,15
2,3
128,-29
0,25
34,22
-65,-6
1,9
2,1
7,-17
-105,-69
-30,-32
-68,44
112,105
124,25
21,-74
-299,-54
121,4
-95,24
146,39
-89,-9
-231,-22
-134,13
104,-8
105,-34
62,-26
-47,-8
-101,61
-49,15
205,-68
-116,-12
137,5
72,28
-14,1
-16,16
437,20
-287,33
-235,9
-45,-7
22,0
4,-16
41,16
51,-17
-154,5
24,27
-79,42
-56,22
56,-3
143,6
44,5
-198,-6
-25,42
138,-13
-108,-41
41,-12
71,-55
-187,-14
-240,21
63,21
119,14
-143,12
-219,-9
-16,9
153,1
33,12
51,-7
239,-24
-331,-19
-311,-22
184,-8
-1,0
79,25
-43,11
-154,21
-11,28
-55,-5
234,-3
-10,22
-28,-41
71,-29
-98,-13
-106,-22
99,39
-25,39
65,-4
-113,12
60,16
-57,7
-303,-22
41,-21
-34,0
89,22
371,3
85,2
57,-7
-184,-29
-107,4
169,36
15,53
57,19
12,-39
-221,-21
128,-26
48,15
-4,72
-41,44
116,-38
46,-19
-136,-25
-88,14
43,23
124,56
-30,-13
-379,4
-90,-2
391,-41
81,-31
-158,-12
58,11
44,13
-53,0
116,-30
319,-14
-52,17
-403,43
-15,45
179,7
28,-2
90,-2
-151,-1
-117,-10
-52,0
-27,-20
-16,14
101,16
156,24
-208,5
67,3
84,2
78,0
-116,-6
169,26
0,-10
-12,-12
-26,1
-85,9
-127,-17
27,-4
-111,-3
56,13
75,4
-68,-3
-44,-3
-115,28
-53,6
45,-20
36,-5
104,0
-154,7
-207,-20
208,2
129,-5
-93,-7
110,6
-123,-17
-69,11
-76,0
59,18
-52,1
114,-5
-103,6
-169,8
-134,17
552,25
-352,-1
-32,6
-272,0
-126,-16
129,-22
299,-26
-182,-21
-493,6
288,42
273,45
134,-38
3,-52
14,-3
28,44
-104,41
66,3
-103,-2
-104,2
-85,-9
-177,-5
157,4
-47,32
-65,20
64,-7
-79,-20
-174,0
-74,-21
40,-7
56,0
-6,-5
-82,1
-68,6
-141,3
-4,13
147,25
207,-2
28,-3
-133,-22
-120,-5
23,-10
-40,0
96,3
44,-6
57,-5
-104,16
-31,26
-86,9
6,11
36,7
-49,1
259,-7
350,11
-371,-6
-29,-23
117,-28
2,-11
72,7
36,14
-27,4
29,33
-35,-6
-49,6
-30,-4
112,4
49,13
-99,15
7,24
-78,13
106,-6
112,-28
9,-1
70,22
11,11
82,2
-302,12
-297,-9
270,7
245,14
-133,-10
254,-4
0,-7
-49,-6
-44,-18
6,-12
-47,-9
-45,-4
-89,9
100,-2
-117,9
-55,16
-31,-11
-11,-8
243,0
83,6
50,3
-133,-1
-83,-7
49,6
32,9
-115,8
-79,21
-156,11
84,22
387,1
54,-16
-466,11
-175,1
142,7
156,5
22,46
-181,32
-57,5
-61,1
170,9
181,-9
25,-12
-30,36
105,6
110,-2
148,-6
-213,0
136,-4
-37,8
-41,-24
-114,-11
-69,-18
195,21
46,38
15,1
-127,-2
137,-17
-7,0
-51,23
55,22
0,23
126,-10
28,-25
42,-43
-132,-8
-41,13
-43,3
-236,-9
35,-2
74,-13
35,2
-77,0
-33,-1
472,-7
-43,-2
-250,23
-192,41
181,-18
106,-26
178,-6
-120,-4
-155,27
-114,36
3,-7
-76,-8
-23,-1
-55,8
90,-18
12,-12
-52,0
-116,8
-13,5
123,-3
-97,3
-94,15
293,21
100,13
45,14
-46,23
-89,-15
-1,-26
49,5
33,24
72,38
69,5
-127,-7
-21,-7
122,-1
-96,-3
-84,22
51,24
233,-7
-140,-5
-38,-56
56,-49
38,7
-36,21
93,27
-143,23
-58,-8
72,-3
69,-8
65,13
31,17
123,5
-236,-9
-234,20
-31,5
86,-29
13,-18
-70,38
279,47
51,-8
107,-11
99,51
99,-3
-105,-15
-47,1
-26,13
35,-28
-3,-52
-32,-30
-148,3
-140,32
134,28
144,9
-60,-5
-43,-1
-173,12
12,4
83,9
-8,27
-100,-2
-49,-16
-41,-35
-81,1
28,14
224,38
0,0
-2,-7
-166,-21
7,-6
-7,4
76,7
71,7
11,4
-64,-1
-15,-12
-11,-14
-36,-1
-27,2
-76,25
-77,-6
102,-2
99,9
15,14
58,41
-54,-1
-125,-20
-63,-31
8,20
62,44
-168,-31
146,-5
180,1
-73,24
-100,25
78,28
76,-42
55,9
-61,38
-101,19
49,-21
-57,-40
46,28
-113,0
-95,-17
96,-4
50,25
117,16
53,8
-266,-23
-211,-18
-40,-16
98,17
172,19
58,-3
104,2
16,-1
92,6
-173,20
37,36
-36,2
-100,-17
-124,-39
51,8
-97,6
-243,20
59,5
192,12
42,-7
24,0
-75,9
73,19
-41,-2
24,26
169,-10
84,-3
38,-18
-44,2
-36,-14
-94,-5
102,5
-1,-5
-11,24
-74,-2
-5,-6
-69,-4
-65,-7
28,32
-47,18
41,11
27,-35
0,-39
-57,-3
-91,13
-19,6
-58,0
20,0
-54,14
54,14
19,-12
38,-5
-64,-14
-29,26
56,3
90,13
47,4
11,9
-124,33
-89,-20
-75,4
111,6
189,20
-141,11
30,-25
-100,-15
156,-10
0,-8
-34,7
-91,28
-136,19
-76,-23
-161,3
170,0
129,-19
163,-18
20,-52
-183,-12
-125,19
-184,20
-16,0
50,25
56,41
81,8
53,0
-79,5
-94,12
78,5
97,-4
119,-12
19,-13
-22,-21
-8,0
24,23
50,16
-159,2
-31,2
8,0
67,-18
297,-15
-62,12
-71,3
-6,-1
-44,-12
197,-9
84,4
21,-14
-73,-13
-31,12
-83,17
52,5
-22,11
-45,-10
-84,-30
-79,-8
-11,-19
32,-5
-47,26
77,-8
-80,14
-166,8
-59,8
-58,-11
-42,-13
30,0
65,40
19,-1
-124,0
-68,23
22,24
81,2
112,24
0,21
-120,8
-4,-29
-224,-16
26,2
-27,1
-88,12
-2,-3
35,8
201,26
55,2
35,6
-185,-4
92,3
-59,8
-124,-17
-18,-3
-24,-2
-72,18
-35,3
122,-3
130,6
-123,-8
-15,-2
-12,0
-183,13
88,25
-14,-13
-148,-19
86,12
300,33
-120,19
-2,23
47,-14
-32,-21
12,-21
-68,-9
-112,-9
-132,-2
-37,39
41,37
101,17
-11,-14
39,-39
16,-21
-84,-15
135,5
6,-24
0,9
126,25
102,6
81,19
-60,18
-43,-4
1,-9
4,-1
-131,0
20,-8
-4,4
-17,18
91,39
-36,24
111,-5
27,-9
26,8
-185,14
143,-15
-39,2
19,-9
14,-22
-37,4
-16,14
-65,15
-54,-13
57,2
216,15
48,14
44,25
-106,1
-62,-37
-50,-40
17,-27
61,3
23,15
-17,17
-22,-3
-98,-2
-69,-11
188,-5
-27,3
-72,36
-39,15
42,-11
23,-43
-136,-11
39,-23
193,-5
0,0
-32,0
-90,-3
-45,19
-31,0
-36,2
-54,-3
110,6
-28,8
-106,-2
62,-6
-94,-4
18,9
108,-1
-8,-10
-21,-33
-118,-10
-51,4
-27,6
-6,0
15,-5
-60,0
181,1
104,-7
128,-1
-151,-9
93,1
-105,0
4,0
-10,-3
-81,23
13,18
-57,31
-115,11
47,7
-34,7
-67,-3
-52,0
70,-2
52,-2
-22,1
46,-8
-30,-8
71,-22
-78,-10
7,4
-54,8
17,36
-9,-4
-44,-11
-93,-23
-52,-5
61,14
-21,20
-70,14
68,-11
76,-23
-32,-3
-64,-5
16,8
36,37
-96,24
65,8
271,-2
58,-18
90,-5
-79,-14
-151,-3
-61,13
-24,8
-56,0
179,8
43,-5
-205,19
-36,11
28,1
-9,-2
-28,0
-41,-19
-108,-2
-52,3
12,-19
90,-12
-20,2
-142,19
-19,24
13,25
-26,-19
-9,-11
3,-15
-121,-13
-204,-13
210,-6
73,-5
7,-3
-134,1
50,1
199,31
-79,11
18,21
-20,15
-56,-20
-71,-31
-47,-28
205,16
136,16
4,19
-171,-17
-31,-4
-36,8
47,29
-40,27
87,-9
-24,0
0,0
-86,8
11,14
-85,-12
164,-21
13,9
8,-1
50,0
-42,19
-203,-10
39,-9
-87,0
-105,22
7,9
13,-8
15,-9
88,-3
68,-5
0,4
-164,-14
-6,-8
28,16
136,11
-41,20
80,0
16,-16
60,0
56,32
-82,18
-48,12
-33,-33
-77,-14
-16,9
-34,5
44,-6
-27,-12
-23,5
-17,-16
49,-22
-11,0
-3,20
45,55
-174,12
-6,-17
167,-31
8,-22
-9,-17
-94,-21
-36,-8
-7,-9
-27,16
56,-11
6,3
-20,27
-1,13
-84,37
-69,23
104,19
258,3
-53,-5
-73,0
-13,-4
-8,15
-30,-2
-98,-9
-71,2
-65,1
-57,-6
12,6
-23,-2
80,-16
57,-14
-32,5
-144,-6
134,11
-12,31
78,-6
-28,-7
26,-8
-9,0
-49,26
-91,8
296,-11
68,-4
67,-2
-69,6
-30,-32
33,11
-94,23
-51,7
24,-20
-37,-9
138,2
-122,24
43,-3
-21,0
115,-24
11,-22
-117,-21
-58,24
6,23
-23,-18
36,-29
-165,-13
-74,6
50,32
-78,39
64,37
30,1
80,-6
100,-15
140,-1
15,4
-81,12
-140,7
-6,-3
1,0
154,-10
47,-15
-53,-2
-6,29
-108,4
-47,-7
40,-36
132,8
27,11
-93,-4
-22,3
-47,-1
-54,0
-6,24
-25,22
-80,6
14,-10
181,-19
34,-38
-16,-6
-10,-8
-69,-21
-36,-8
194,1
116,6
22,14
-3,6
-69,8
-49,7
-10,2
71,14
26,-17
-7,8
-283,5
48,8
12,-10
175,-23
159,14
-69,29
-97,-6
41,-9
-49,-1
9,-5
31,-3
-87,-3
-72,-2
-68,3
-85,22
62,9
-40,-14
59,-31
35,-10
110,25
-33,11
87,-11
-57,-17
63,2
24,4
-125,15
-1,-1
-105,6
-36,15
109,27
-30,40
-125,0
41,-1
119,-2
34,-19
16,14
-45,-3
-47,-1
197,-14
-17,6
-125,5
-97,-2
6,16
-63,16
30,27
86,16
76,3
-150,-10
-126,-33
-13,-25
166,0
112,6
-30,7
76,-6
12,3
-3,5
-200,0
-8,21
34,9
-12,5
134,0
-10,-14
-129,-25
-97,-17
6,6
70,25
-74,0
-12,13
5,4
-115,3
-21,-7
-110,-4
96,22
7,0
-52,-3
-92,-19
-81,-12
49,4
205,34
36,20
-86,3
-91,-2
60,-22
-42,-11
-61,-11
78,-23
-30,-13
-75,2
-3,18
4,34
80,14
56,1
69,9
-27,1
-12,2
-74,-6
-38,7
-126,2
-49,-19
-16,-7
-61,-22
120,0
197,18
137,27
-58,23
-20,-12
-7,9
50,-2
29,16
70,12
-180,-1
-37,2
103,-8
-1,0
30,1
16,30
11,9
65,-12
-100,-25
-40,-21
72,11
82,17
-76,1
18,-15
3,-5
-53,-11
83,32
20,8
106,14
-192,25
-76,6
-77,3
-62,-8
-2,-6
106,-3
89,9
-35,9
26,12
-205,9
-117,-11
-28,4
30,-7
143,-5
29,3
214,7
-11,6
-135,-10
-99,-6
27,17
329,-14
236,5
133,0
-46,3
-107,-4
-87,4
-24,8
-98,4
159,-8
59,-24
-59,-6
-112,-7
133,7
102,-12
27,0
-118,-2
97,6
194,-1
-14,1
-111,39
-183,18
-68,6
155,-16
33,-41
71,-12
-123,-4
-88,13
-69,6
-25,7
85,-6
84,8
94,24
-252,23
93,29
-57,20
20,5
111,-10
150,-5
66,-27
-194,0
-36,21
-42,26
59,1
105,8
-9,1
-69,1
15,6
-113,-10
20,-11
79,-8
65,1
56,1
-23,-16
-68,-10
90,-6
-87,7
-32,24
23,-3
-165,0
-153,9
25,-1
39,12
-72,-11
-47,-29
36,-22
181,4
-80,-9
-177,23
-48,-11
186,6
18,0
-15,24
132,24
-110,-12
-62,-9
-101,-3
-119,12
-143,-12
241,-3
155,6
53,18
-119,0
-92,11
-26,35
-2,-10
-51,-15
54,-27
-30,-8
-37,-5
-177,3
-153,-7
55,-7
-52,-31
200,-13
123,-8
-17,22
-172,16
16,17
26,-19
28,-23
42,-20
98,-12
-14,17
-19,34
29,0
122,-4
149,17
-7,24
-194,-1
35,-8
34,0
131,16
-54,26
31,8
-10,-4
76,6
-45,18
-93,24
86,25
82,35
37,-6
-27,-29
64,-30
-83,-8
90,20
97,0
145,-14
7,-11
30,12
-41,3
91,22
168,3
-47,9
36,-6
22,-11
-21,11
166,17
97,23
-5,-3
-95,15
21,-6
-58,-9
-74,8
-20,17
82,-3
23,-6
21,-14
89,8
2,7
-30,-1
40,6
45,0
108,-1
47,15
28,-3
58,-16
197,1
-80,-15
-42,4
-43,7
37,2
173,1
297,-13
-52,-15
67,-25
101,-10
27,-6
8,4
-93,23
-40,32
169,-2
148,-10
-11,-15
-116,0
146,21
1,28
-105,-6
145,-23
-2,-28
-77,-6
65,6
109,15
59,25
98,16
-48,18
-40,-28
-74,0
-23,14
-126,-7
-34,-8
86,-13
237,2
115,26
-75,2
-43,-8
108,0
21,9
59,3
-30,-8
-205,8
-63,-25
17,2
72,13
84,2
-19,5
57,-3
-34,3
50,-2
-24,17
-149,1
-17,6
65,6
-12,0
197,-4
61,3
4,0
58,-18
107,-9
62,4
-48,15
-21,13
-128,21
-100,2
77,-13
258,6
93,15
-27,18
-15,8
-101,3
-104,-11
102,-4
52,6
119,5
131,-17
30,9
12,1
-37,-9
-37,12
89,16
114,-25
58,-14
-72,-6
38,12
2,13
-61,12
101,-5
14,12
107,-3
-38,17
-72,5
-17,1
83,9
45,-3
111,13
65,16
152,35
-63,0
34,-11
-43,-1
-116,-2
-25,15
-114,4
-71,11
166,-5
75,-2
38,-12
72,-8
47,-10
-54,5
54,0
-11,19
21,30
58,3
-45,-5
69,-38
-14,-19
139,12
127,28
-3,-4
-73,-11
33,3
-137,2
94,3
106,15
78,18
-102,2
-46,-9
22,-41
101,-8
96,19
24,37
27,1
72,-13
97,-7
-19,-2
109,16
-111,-3
-175,8
-49,-3
96,16
171,-4
105,4
68,-18
-29,-5
-27,14
-107,4
44,9
110,-7
19,0
-78,1
-71,-15
-62,6
0,4
111,23
199,1
-24,-8
-145,-15
-4,-10
43,21
21,12
-60,30
13,-14
-58,-2
31,12
174,7
-32,-5
-18,2
-61,4
-35,-21
212,-4
122,4
13,25
-22,8
-8,-3
94,-8
125,-4
91,-8
-63,12
-34,32
27,3
111,-3
-78,-6
25,8
21,-9
9,7
-33,9
16,-8
53,-27
39,0
-113,31
-2,9
47,0
72,5
179,7
-140,9
108,0
-13,-36
-117,-3
232,0
124,1
20,-7
-121,2
88,-5
-56,20
48,2
40,3
-57,16
231,-23
227,2
39,-18
-150,15
107,13
48,-19
49,-31
65,-5
-120,11
-103,15
26,30
127,0
104,-2
3,12
-71,-4
34,-5
91,11
131,12
-77,2
-15,-7
4,6
-52,41
31,-18
1,-26
43,-8
88,-12
-5,0
-44,-3
68,-7
-217,4
20,-3
32,6
6,6
136,6
59,4
99,9
80,17
-34,30
-26,-13
35,-10
-40,-31
131,14
-1,37
151,-17
-35,-15
-129,3
-59,-1
20,-8
47,13
44,5
14,-9
106,1
227,8
40,1
-125,18
0,0
4,-9
-46,-5
-33,1
-65,1
65,7
140,2
-59,3
-190,2
-6,-11
173,-10
171,-27
-86,2
-48,9
45,7
-24,20
-42,0
24,-14
-35,-26
89,-1
-8,20
221,6
-53,17
20,-4
-54,-4
3,22
49,-3
-31,7
26,21
72,7
-56,2
-70,0
38,15
-82,4
-47,-20
172,-28
85,2
-103,-4
-64,-2
-73,6
30,16
-72,44
258,19
-128,-36
-119,-19
-111,-12
-109,40
146,3
149,-3
-41,-12
-93,-6
-96,3
35,-6
43,-15
126,0
47,22
37,-6
-58,-28
-48,-1
-96,12
-4,32
7,11
160,2
-112,21
99,18
-50,16
25,12
-60,0
-10,-10
-43,-17
189,-10
77,3
39,-7
5,-3
-134,1
-14,0
3,16
67,5
2,-4
37,-1
-51,0
67,0
-38,-8
-7,23
68,27
15,-11
-1,-8
37,-18
-33,-16
-24,2
-109,13
251,-3
309,6
23,-12
-79,24
-56,13
135,9
-5,-9
0,-13
12,0
-167,-10
-89,-8
13,0
93,2
56,7
69,30
81,7
-71,-3
0,-6
86,2
-29,11
-62,4
-99,5
228,-1
219,7
106,0
-25,-4
-25,4
-9,20
166,-5
-15,-1
-73,-17
1,7
-21,18
-22,12
-70,1
31,-4
-16,0
66,0
152,8
-118,-6
-23,-14
42,-6
44,-31
108,-2
-4,8
74,19
36,31
156,-6
76,-16
-218,2
47,8
37,14
-60,7
-7,5
36,-5
-10,-2
-82,12
-3,9
-105,-6
-17,3
25,21
107,26
152,-4
75,-25
38,-11
-2,-1
-37,7
-104,7
-12,-2
143,-6
-110,-2
24,-1
17,-7
-2,9
-64,-2
-32,28
20,21
-66,13
13,-1
-7,0
33,-9
-128,1
-201,-13
13,-11
33,-1
193,-15
-58,13
85,12
110,0
130,1
101,14
42,14
-1,3
-5,3
15,12
-77,21
18,-1
28,5
-24,7
-41,-23
92,-26
-207,-12
-35,4
-1,31
-20,-12
-31,-15
171,2
175,-6
-207,0
-16,3
4,8
35,-4
-26,-10
-6,2
74,-4
-26,2
4,3
-93,5
-56,22
145,14
22,8
51,1
15,-24
-58,-19
-5,-16
-80,8
-44,14
43,-1
-33,9
24,4
-98,2
31,0
-26,14
-28,17
-10,17
-58,-4
-62,0
3,18
112,-2
86,-12
32,-12
30,6
12,18
-70,17
-65,-12
-9,-8
63,0
-15,3
-64,33
-1,1
-146,11
-80,-7
101,4
112,-11
95,-6
56,0
2,6
159,14
-46,-1
-16,-1
-13,-10
135,-12
111,13
18,6
20,6
79,-2
-79,-1
-74,7
21,12
104,-1
233,-5
80,-7
37,6
-115,12
-48,13
170,-19
66,-23
89,16
65,11
-47,22
-9,7
-38,0
122,-17
-2,-14
-19,15
87,26
49,18
4,-23
-67,-24
24,-10
79,11
30,-1
-79,-6
-90,-8
3,-1
37,0
26,11
7,23
8,23
-89,-21
62,-17
-58,-10
-38,-7
20,3
-23,3
14,-2
-23,0
-27,9
96,11
36,14
-62,19
6,4
-65,-5
86,-8
24,-7
-103,0
198,1
71,9
38,7
-22,13
91,-8
-42,-18
63,-11
59,-21
56,-11
-20,-2
-123,-2
27,-11
-91,8
151,13
94,-17
-19,0
61,7
57,-7
-67,6
27,-16
-70,11
-19,8
-107,-6
54,-21
-67,-14
-103,-3
-22,8
-78,21
-8,9
-82,1
-71,38
16,-1
58,-13
46,7
-73,0
-46,41
-5,3
104,-9
54,-9
-32,-26
4,26
-28,0
25,7
126,-23
-43,22
-121,2
31,0
192,9
35,19
-22,32
-45,16
-4,-4
95,-23
-43,0
-38,-11
-23,-4
59,9
-11,3
-43,-5
-110,-9
-76,-1
-144,-1
-55,0
43,-2
-23,13
