70,109
-242,-5
-61,-147
199,-235
-205,-203
-19,156
43,187
307,271
42,206
-29,56
-217,-180
329,-451
257,-70
-491,159
-230,240
417,184
-233,89
-578,132
164,-77
188,-185
-254,-222
-224,2
179,186
150,256
-76,199
325,171
-20,210
116,63
-609,-300
-326,-231
26,-158
88,60
101,183
-147,215
-173,257
96,143
730,-30
194,-237
-546,-279
-563,-29
581,153
312,165
74,240
-965,238
-439,120
762,-81
613,-282
104,-150
-109,122
-397,274
-312,220
54,208
116,70
-307,-173
146,-299
-5,-132
-17,76
214,48
171,227
170,247
-297,172
-640,39
199,-314
353,-285
1108,-66
-26,219
-1612,233
-30,80
540,116
492,129
-524,-111
-333,-421
130,-218
-254,230
107,176
26,280
-623,214
393,105
550,-107
-177,-264
191,-223
-66,-21
-11,215
-103,224
98,110
-26,237
280,81
-621,-279
495,-170
110,-167
434,211
-1047,149
-1613,174
1649,261
1362,11
-1132,-124
-112,-108
736,-264
-264,25
-658,109
1010,300
411,319
-1613,71
-88,-190
878,-282
1286,-155
-882,0
-1348,159
1037,269
493,173
-310,148
-15,72
-721,-76
172,-307
994,-170
-25,95
-469,80
-563,192
751,286
485,64
-30,-224
-244,-297
131,-251
84,-79
-1613,271
-472,402
1649,26
584,47
-711,60
-1007,-150
-336,-152
1343,-191
432,130
-418,194
-103,209
470,147
-111,98
481,-63
-1613,-477
-1612,-302
1207,165
530,177
764,334
-744,182
-554,-17
965,-104
-327,-371
-20,-168
104,83
890,277
-198,131
-910,238
0,307
849,-190
983,-86
56,-265
-1613,-375
-858,278
564,450
504,216
740,56
-890,29
-189,-352
-28,-76
503,-149
-82,45
247,211
1073,365
-768,74
-1281,64
-194,-158
-8,-331
532,-132
141,49
-647,135
-447,357
970,263
342,-67
4,-133
-321,-155
-115,-131
422,-271
-725,87
621,294
850,232
-721,142
-413,45
-43,-143
57,-220
127,-115
-372,174
256,259
412,153
185,24
164,188
-379,-369
-321,-203
220,-39
165,22
754,165
-779,259
-1074,85
215,116
98,168
441,-180
-268,-241
-11,-80
57,6
79,170
-302,251
198,200
36,66
29,-190
30,-440
24,-136
-199,-62
-7,232
-83,282
70,178
-177,316
397,48
-132,-354
-724,-266
-231,3
713,239
342,249
-215,134
-99,145
-561,45
437,-315
66,-219
-6,-33
-355,158
320,320
193,222
-446,342
342,60
497,-196
-764,-273
-158,-183
428,41
-201,185
68,309
131,67
-434,-41
-142,-39
358,-108
-147,-242
437,-175
-265,304
347,143
-550,221
-272,209
193,-30
214,-219
-105,-335
-317,-138
-276,269
70,195
604,199
-234,156
-256,122
274,32
73,-312
401,-241
-397,3
40,44
207,269
-456,215
299,159
-303,87
-708,19
1072,-120
-300,-234
-73,-130
-159,98
19,284
201,168
249,162
-213,84
-13,-77
198,-130
-547,-150
289,-20
293,162
-347,97
101,109
15,170
223,25
-707,-197
-72,-222
152,-100
179,119
11,215
-21,107
13,236
-491,18
393,-159
360,-314
37,-207
-776,120
94,137
94,267
1,172
51,108
-257,-130
458,-207
24,-275
-190,7
-764,187
598,220
318,139
-183,151
-23,135
-114,-178
-158,-294
371,-137
-238,198
101,145
69,182
299,153
-522,24
-367,-59
-45,-304
350,-143
-355,15
239,179
64,187
95,49
120,81
173,-60
-85,-216
-204,-289
-808,-56
436,333
274,182
-223,99
-81,214
-212,101
68,-190
-32,-362
220,-180
92,68
34,243
-60,229
43,138
-96,165
-467,-123
329,-274
285,-157
-441,79
-415,193
0,269
57,28
50,129
-139,-99
404,-169
-374,-231
-133,73
577,97
29,32
82,196
162,301
-410,67
-434,-269
45,-316
277,-186
216,68
-84,229
322,50
-181,192
-365,191
-329,-72
170,-340
321,-231
306,59
-46,161
-676,148
64,171
183,179
25,48
139,-273
8,-380
66,-227
291,114
-77,293
-268,129
384,247
-69,73
-128,-141
63,-318
-76,-152
-365,174
552,216
117,135
-20,129
-379,80
1,16
298,-256
-205,-285
-161,51
366,277
65,182
-209,31
24,55
-209,-72
-109,-114
639,-191
-349,-55
-227,102
329,119
-206,235
81,169
170,91
-28,-172
-221,-283
127,-186
66,-48
222,127
109,221
47,206
-363,140
81,-34
-76,-243
210,-281
183,48
183,189
-237,48
-465,192
98,145
262,13
305,-145
-233,-297
223,-161
-411,115
135,232
75,169
249,226
59,21
148,-96
28,-290
-421,-203
298,63
-304,110
139,196
-58,164
221,195
-331,18
246,-311
-576,-257
521,24
269,232
-260,170
42,0
-191,169
358,167
16,-251
-301,-381
219,7
-193,39
-415,163
138,125
311,140
-221,174
394,-107
-196,-334
-1,-190
190,-7
-123,122
-9,164
291,188
-7,231
-213,-16
-299,-245
208,-253
101,-179
-591,157
77,180
539,147
237,212
-192,38
-149,-157
-167,-236
70,-155
-128,74
185,188
182,290
15,95
-205,183
62,-119
-552,-218
106,-205
191,66
84,87
-57,133
13,148
-351,208
-62,-20
230,-275
69,-293
-291,-156
-9,177
329,244
-158,186
84,220
-333,96
469,-66
-194,-353
171,-221
-310,-47
357,202
89,243
-41,97
95,79
-164,-95
216,-200
-264,-191
337,-11
-206,170
-554,238
112,182
121,137
-47,54
214,-158
-20,-301
-152,-121
71,167
357,159
-8,136
-214,132
-5,36
44,-71
14,-168
101,-156
-74,3
32,246
37,170
-103,139
-33,145
15,-54
-10,-253
-112,-210
46,-124
22,144
364,240
177,179
-172,208
-314,4
134,-117
393,-260
-327,-177
-30,61
117,170
395,188
57,101
-225,55
-69,-39
-68,-227
-52,-189
164,-5
-431,182
115,152
-7,193
121,178
-194,-53
-105,-231
24,-281
305,-66
-55,112
45,59
-21,216
-62,114
341,85
159,-153
-367,-329
22,-205
-182,179
-16,213
545,155
-115,197
206,165
-64,-5
-239,-188
3,-282
69,-80
-29,104
7,307
128,179
60,155
9,-137
-316,-231
-121,-165
425,-19
482,3
-3,55
-390,64
13,205
320,220
-113,-107
-313,-349
250,-141
450,-31
-334,183
-51,156
222,190
-36,129
-72,-176
281,-197
-208,-220
4,-1
233,107
259,197
-508,180
-127,173
241,71
51,-227
55,-286
127,-137
-28,132
-315,146
343,74
161,169
-25,126
-256,-118
107,-322
307,-236
-8,18
-198,168
215,145
0,165
51,135
123,20
-24,-99
-84,-232
43,-124
11,57
253,140
106,167
-172,227
-133,63
81,-92
32,-280
186,-196
-209,87
383,161
153,77
-323,182
-21,133
-279,-148
209,-228
41,-213
-146,-15
5,219
418,195
-232,65
-98,124
178,8
72,-240
-27,-250
-232,-90
243,106
198,167
0,155
-162,137
330,39
-134,-223
-231,-244
100,-174
301,51
106,160
-161,226
196,132
-67,169
126,-36
-238,-192
67,-254
-95,-124
-162,200
72,318
55,174
225,198
-266,-29
52,-219
101,-233
-529,-115
735,188
340,247
-372,180
-126,162
150,188
11,-34
177,-261
105,-245
-85,-22
155,123
-61,203
-55,119
36,51
115,-36
39,-169
91,-234
-5,-122
-181,177
2,277
222,177
-314,123
272,-18
-57,-124
-32,-360
-37,-237
119,78
-109,194
144,246
94,109
154,-18
9,-81
-241,-245
496,-285
-183,14
308,122
-304,151
-79,158
113,154
326,46
-480,-176
73,-251
-101,-105
-82,154
113,275
255,151
-278,76
495,-15
-154,-226
-187,-236
51,-232
28,147
-14,138
539,140
-238,199
-315,88
218,-136
102,-257
180,-236
-75,58
186,185
-24,183
-383,109
-10,106
335,-8
35,-289
96,-251
-69,-104
56,152
-8,192
148,174
-98,179
751,149
-440,-139
-314,-352
217,-285
-203,83
397,172
146,150
-166,178
284,261
-153,-11
162,-359
188,-313
-105,44
34,145
116,77
-245,119
-80,60
341,-18
154,-183
-35,-204
77,-102
-79,83
-79,293
-56,110
28,226
109,89
254,-147
196,-242
79,-219
-33,46
77,179
-100,133
53,123
74,84
287,-28
9,-199
-399,-193
-200,-93
224,92
219,114
33,139
13,211
-151,0
123,-237
5,-367
-103,-139
53,99
49,195
89,155
190,189
-122,85
-95,-164
370,-288
-402,-248
207,37
-9,217
157,132
-123,68
89,60
258,32
-63,-232
109,-363
458,-50
37,147
214,182
-374,128
-203,124
38,73
170,-159
197,-264
40,-164
-130,61
22,158
105,185
141,151
78,97
-30,-96
-190,-200
-91,-130
95,-57
150,229
-355,173
110,153
329,147
39,-13
145,-267
-5,-254
13,-95
-35,61
61,150
-11,118
-244,164
297,172
3,-167
111,-327
11,-225
161,19
419,284
-690,199
-311,134
396,55
182,-45
49,-365
-58,-370
-271,16
-11,268
60,116
279,77
-200,198
90,-29
-16,-275
-104,-250
61,-198
12,178
404,214
-221,160
-234,75
189,82
436,-96
-563,-286
25,-208
35,-72
500,174
-432,73
-460,104
281,188
214,-61
100,-265
253,-248
-319,-86
115,200
-193,150
-358,170
144,202
247,-25
75,-239
-25,-295
-51,-225
-42,78
24,191
119,145
-81,187
-112,25
83,-148
204,-311
165,-194
121,67
-3,143
-158,116
-271,194
349,106
217,-68
-112,-229
-71,-207
-40,-32
153,112
-469,74
663,172
395,83
-170,64
0,-109
144,-322
-100,-181
193,-79
328,151
-447,199
484,240
-213,44
94,-118
0,-219
49,-291
156,-6
41,194
-114,239
-133,24
-33,174
-4,-26
275,-304
-215,-270
304,-411
-252,-118
-271,94
211,148
-68,64
-69,161
58,73
92,-92
68,-274
-33,-186
329,-45
-148,136
44,188
-227,168
260,230
-7,-7
-800,-225
696,-340
-22,-122
19,0
-152,259
101,136
-316,124
295,34
210,-169
-112,-244
97,-153
226,66
-147,156
2,178
32,189
20,79
42,31
43,-366
168,-235
-253,-15
-108,174
-383,153
106,91
173,168
211,61
328,-119
34,-247
-259,-206
-19,52
-69,201
102,195
184,195
47,85
-76,-186
201,-309
-29,-217
-576,6
250,237
-159,166
450,150
-34,28
-178,-97
27,-295
85,-207
173,-9
-19,107
-149,142
89,42
37,125
-154,65
400,-153
-262,-363
-64,-117
196,90
-157,246
77,149
144,131
170,150
38,-74
-103,-302
2,-280
29,2
169,191
229,159
-580,125
39,153
18,-29
483,-228
150,-236
-23,-73
291,173
-201,138
-11,67
221,237
69,122
-4,-241
40,-268
-259,-123
31,103
-176,77
0,158
290,194
162,114
-446,-140
247,-200
195,-168
19,-43
-278,127
-236,257
9,99
214,138
246,-59
15,-191
278,-340
-761,-141
-129,116
131,92
89,159
-69,117
466,128
76,-132
-452,-315
-227,-207
282,-10
16,215
152,115
-333,185
162,179
243,-51
107,-247
-420,-367
389,-34
-295,228
-148,251
111,107
16,116
184,45
-67,-205
151,-288
28,-173
-358,108
9,229
242,107
-77,109
-86,48
-69,-144
-39,-256
73,-224
159,-14
-190,174
192,116
293,184
-777,182
334,-11
151,-306
-168,-233
-34,-135
-155,51
137,293
32,167
359,178
-158,18
21,-105
-2,-299
-116,-166
-123,104
268,231
-247,117
201,251
28,28
-24,-153
171,-321
48,-274
-162,65
44,143
15,150
111,157
68,142
-174,-14
-56,-271
-36,-253
-176,-57
-34,212
83,208
126,73
-123,178
-133,39
130,-215
7,-298
31,-186
589,64
-350,155
-223,251
189,67
-66,111
157,-128
380,-227
-427,-261
-179,-1
95,150
-170,60
-31,121
241,121
136,80
-245,-200
174,-249
-207,-212
144,134
77,164
-99,133
178,216
64,105
0,-175
-81,-352
158,-278
58,71
-409,261
265,232
215,82
-271,114
-334,-96
500,-304
285,-214
-492,-90
15,157
55,162
25,159
93,165
154,-52
-157,-165
211,-292
102,-96
-369,73
293,118
125,96
-54,200
-119,39
272,-118
-394,-159
-115,-215
233,25
99,93
7,121
-240,177
-250,150
112,-7
228,-323
133,-214
-100,14
-131,59
197,130
133,69
81,172
-431,91
27,-195
183,-295
41,-198
-4,-49
-216,169
-17,206
-79,251
-57,166
277,-91
-99,-335
91,-260
8,36
-97,141
36,204
73,119
-104,146
-164,-4
-142,-242
242,-379
96,-79
-321,208
-116,226
131,124
-12,72
33,77
80,-114
-201,-356
189,-177
99,92
78,141
-72,265
-115,158
14,56
-29,-53
167,-311
129,-243
264,4
482,68
-411,169
-786,125
8,312
267,45
102,-303
465,-233
-587,-82
-150,120
118,116
237,78
37,151
-61,87
94,-59
-18,-446
163,-198
-218,77
92,181
-186,180
-177,185
247,125
-33,-91
-119,-321
145,-303
219,-106
-460,190
239,121
22,103
111,179
-168,98
89,-196
196,-226
202,-141
-78,99
-96,186
-260,196
-128,186
244,55
35,-181
-314,-357
245,-160
-2,116
85,141
-214,148
-25,162
302,67
5,-58
-131,-293
-22,-251
118,-65
4,129
-238,209
-265,117
-3,129
210,73
322,-271
-314,-270
-38,-97
9,97
108,108
171,117
-51,200
7,87
7,44
65,-99
30,-150
128,-178
263,-117
-567,126
-231,196
134,26
-12,233
149,126
-96,-99
284,-270
188,-173
58,-38
-129,201
42,226
38,198
48,36
-141,-72
-95,-204
-143,-249
265,-59
-176,196
-362,209
18,209
-113,183
260,40
71,-287
-137,-337
-45,-15
-2,130
195,203
94,105
-61,126
-39,93
373,-160
-282,-317
-182,-291
260,88
52,185
-152,157
29,171
47,130
118,-87
339,-310
142,-212
2,25
-145,149
-39,153
121,130
155,171
-10,53
-59,-225
41,-285
-174,-127
123,119
-218,272
-38,140
-7,111
289,132
111,-89
100,-265
2,-139
-39,-10
-191,215
124,114
67,226
-231,128
75,-60
272,-234
44,-286
-394,-78
36,185
8,246
200,171
-268,86
168,6
212,-219
-23,-264
-31,-95
-367,27
-58,200
125,58
142,172
-247,204
106,-118
18,-220
13,-268
23,42
23,115
-232,269
-31,53
352,214
11,11
15,-227
0,-347
-103,-5
0,94
-101,131
52,144
0,211
89,138
82,-185
39,-260
-21,-104
-180,-1
166,170
577,222
-14,79
-602,196
-226,-127
603,-286
56,-227
-483,32
99,155
-135,142
-3,186
267,259
100,31
131,-316
27,-308
-31,-78
281,172
-167,207
-254,139
257,130
200,85
-11,-140
176,-340
-204,-149
-129,85
-114,203
21,112
38,94
62,140
-18,40
169,-245
-64,-176
13,-49
-87,115
106,93
-87,89
-183,159
65,-23
11,-178
48,-204
-125,-140
26,112
184,215
-29,190
-40,129
135,87
159,-96
-23,-271
-72,-240
19,-1
55,193
-57,109
78,145
-175,89
209,-24
32,-191
-10,-212
-107,-73
38,133
-136,166
92,129
22,212
174,7
52,-162
4,-274
52,-120
-80,145
91,151
0,127
-69,119
156,140
-50,-58
25,-249
-22,-200
-62,36
97,145
-3,220
-184,155
-57,123
-180,38
359,-270
-2,-285
68,-89
-285,158
-164,211
115,173
226,173
237,76
-150,-100
-379,-266
43,-226
341,61
-151,184
-65,190
294,82
1,163
-89,-79
205,-311
-58,-271
401,-39
-716,178
-41,166
135,183
260,166
-134,0
-29,-213
-427,-344
357,-126
52,143
-72,161
-18,88
443,231
18,76
-205,-105
94,-298
48,-183
-39,90
146,197
79,147
54,159
-256,158
-386,-104
-51,-272
100,-241
-96,-77
-62,199
5,151
68,63
188,129
-149,-21
147,-212
-292,-357
227,-138
-100,104
-39,198
17,159
155,114
-460,133
-137,-35
397,-372
409,-199
-624,75
-273,141
379,242
-29,80
89,240
110,2
-112,-221
119,-280
296,-249
-124,148
-213,233
155,210
127,91
-267,-39
-107,-148
112,-230
76,-167
-9,86
-36,223
8,93
178,126
-22,-35
110,-85
108,-299
-290,-289
128,-36
-131,-94
-245,206
80,254
226,156
-20,186
-281,28
198,-196
265,-328
-282,-116
21,131
33,226
25,175
53,180
86,72
-96,41
196,-290
-79,-234
-156,22
-158,123
109,209
227,238
-32,154
36,73
-95,-215
-193,-279
-150,-148
346,183
-301,241
-130,98
87,194
229,53
14,-189
-198,-256
-136,-102
195,61
70,216
330,135
-147,81
240,162
-269,-23
-182,-256
-90,-267
246,-120
-338,164
-108,207
290,185
166,207
-66,23
449,-253
230,-342
-475,-113
14,102
-72,146
-5,94
298,211
191,100
73,-138
-128,-241
413,-130
133,101
-288,93
-175,171
125,159
288,148
-70,-15
-374,-283
-31,-184
230,-17
166,82
-123,297
-169,107
-140,139
173,20
430,-117
119,-256
-626,-251
-435,42
687,173
127,177
44,135
-61,61
95,-86
-171,-260
173,-224
-71,-25
16,249
-243,135
138,192
63,83
-198,-67
214,-125
95,-383
188,-81
-211,65
-96,222
32,152
84,148
106,63
-151,-171
97,-235
71,-232
-159,134
26,158
71,113
-163,193
148,136
-113,-74
111,-279
415,-221
-244,13
-197,164
44,115
-38,124
-24,160
-22,54
6,-123
-3,-241
194,-141
74,101
-30,167
-192,183
-41,84
76,147
-49,-142
133,-271
73,-228
20,-9
-303,147
-117,173
434,203
-12,167
-152,-27
110,-220
84,-295
-42,-76
-75,172
242,205
-28,201
63,144
107,-3
180,-186
-61,-232
-146,-206
-7,100
148,223
-38,161
86,180
-95,115
353,-184
-157,-224
2,-127
415,-65
-384,156
-136,127
136,203
-366,54
444,42
-185,-271
59,-256
424,-100
31,192
72,133
248,226
-87,225
-92,-3
-53,-239
123,-282
126,-182
-18,64
-229,171
-131,127
74,154
303,165
-96,-108
-57,-315
93,-228
147,49
-115,214
97,127
233,189
-61,139
-546,17
66,-236
246,-267
68,-75
-80,171
-91,213
7,206
620,233
-360,34
31,-133
211,-291
168,-220
141,68
-91,129
-113,137
-213,175
-13,116
289,-22
308,-173
100,-239
-444,0
45,127
209,99
-187,187
-75,135
326,53
-294,-165
-3,-323
-96,-65
186,-218
57,-38
-564,254
687,196
15,220
-231,244
246,-39
-145,-189
-336,-285
-180,-20
579,190
195,232
-270,203
-34,113
104,-108
-116,-273
82,-221
781,-43
-117,154
-335,202
313,191
-380,150
-15,126
239,-88
568,-238
-161,-141
-309,6
109,211
-145,122
200,166
-166,221
124,20
101,-201
-3,-243
354,-56
-212,201
321,247
-150,162
-369,152
297,125
174,-129
196,-252
-234,-173
177,159
-27,257
250,150
11,101
-81,161
384,-46
89,-218
-230,-172
-23,4
-56,211
-189,270
169,186
-23,166
83,-13
2,-151
211,-305
-199,-73
-110,163
114,216
-99,177
280,176
226,113
-513,-147
86,-270
421,-127
161,66
-148,215
-639,88
258,188
237,156
177,-43
35,-280
234,-205
-69,44
-115,-55
-140,83
167,183
-109,123
40,215
91,94
-187,-142
-14,-224
1,-214
-120,32
-280,192
361,264
358,215
-295,85
-307,9
148,-176
113,-140
106,55
187,171
95,73
-140,138
23,57
213,137
256,-146
-194,-264
-261,-95
101,128
147,146
-518,159
38,217
327,207
89,-74
-110,-314
-46,-198
61,0
107,214
-49,229
48,149
-131,174
246,19
-86,-192
-19,-202
38,-164
-109,87
-217,178
11,135
90,248
-73,75
20,-150
-62,-239
-24,-210
246,108
465,215
-1006,143
-271,154
414,33
272,-56
-201,-292
-268,-179
256,-39
98,258
39,107
193,105
-226,203
309,20
-89,-219
-513,-314
466,-53
-146,132
269,276
-31,164
-208,164
-38,123
595,-162
-261,-201
459,-87
-107,47
-640,153
26,154
513,179
217,143
429,-117
-784,-221
50,-191
-96,-79
369,200
1,200
-240,112
-244,181
634,60
139,-147
-147,-331
-302,-57
-38,163
87,125
-61,267
663,271
229,116
-446,-127
-185,-263
345,-127
622,25
-220,198
-98,216
249,177
275,136
95,-32
282,-279
-672,-242
-156,-5
365,171
200,307
-213,122
-61,147
98,69
52,-262
114,-278
327,-77
-259,138
12,125
117,186
207,165
-325,176
-37,-89
94,-220
38,-187
326,26
166,242
-172,151
36,171
-39,92
263,17
-358,-200
-94,-236
260,-47
210,199
76,178
-311,88
-245,250
788,80
336,-186
-290,-219
-66,-198
288,87
-118,151
237,262
77,217
9,58
1,-47
-102,-172
-28,-140
81,-29
402,158
-83,211
-57,190
374,175
-201,211
161,145
-113,-78
-235,-264
356,-153
-173,17
-284,175
134,272
-66,88
-20,113
567,-12
231,-242
-977,-162
97,-288
81,-22
1,45
204,246
480,175
-90,166
-194,33
-362,-61
530,-208
568,-185
-554,20
-5,190
303,196
-673,230
430,95
309,-74
-353,-216
58,-178
199,7
-97,85
-73,119
388,209
102,205
-476,-34
-49,-189
59,-260
426,-71
1,89
-192,200
44,169
281,258
485,55
-130,-55
68,-226
25,-206
-78,38
-329,158
-353,259
551,139
410,161
-304,13
93,-272
111,-211
121,-51
19,132
139,102
624,243
-6,195
-752,55
231,-172
-234,-281
34,-42
160,21
-122,149
292,158
-21,168
278,138
183,-26
-192,-316
254,-178
-85,-63
-61,299
-134,191
423,114
-294,194
-218,68
337,-209
355,-291
-444,-120
-203,109
-197,218
528,170
376,191
-356,140
-419,-215
-189,-358
827,-217
-123,110
160,202
-381,261
-92,186
33,124
483,-32
-45,-239
-556,-199
60,29
198,110
-12,133
362,91
-73,235
-444,66
48,-256
241,-318
-105,-60
95,170
656,277
-104,201
-400,218
-298,77
73,-100
733,-365
-7,-173
-850,45
518,228
-263,196
31,144
225,167
75,-25
-59,-201
201,-218
-348,-8
14,153
-21,259
334,128
237,184
84,-55
25,-257
139,-134
-376,-130
3,95
-49,299
207,189
208,241
134,79
-564,-73
-178,-305
122,-115
340,106
204,180
-242,167
50,236
-367,103
460,-70
-45,-168
-68,-128
233,-38
39,119
-621,231
433,138
318,191
415,40
-429,-133
-198,-225
-289,-140
115,172
78,161
168,130
663,210
-512,119
-336,-90
208,-259
303,-270
303,64
-236,104
538,161
-369,132
123,229
-335,25
357,-264
83,-295
1,29
-91,230
0,257
-316,120
321,123
221,51
98,-157
402,-361
-249,-123
-484,142
180,264
337,194
339,135
121,215
-312,-65
-232,-247
284,-157
366,-50
-213,269
-138,218
-58,199
-12,206
265,61
44,-249
-449,-258
155,-56
152,166
329,139
-318,98
156,214
120,117
-75,-166
587,-368
-525,-167
-177,121
-27,187
433,224
11,104
-87,145
-122,3
65,-320
219,-213
-158,-116
330,220
-215,190
70,201
31,205
-299,70
329,-231
51,-384
51,-142
410,94
-511,277
-166,225
385,228
366,110
-281,-154
-143,-416
151,-151
-279,116
-183,177
481,172
377,121
-195,156
-234,30
459,-174
409,-244
-1171,-53
-395,236
297,218
611,218
-15,122
-383,7
155,-186
207,-238
-37,-72
-168,47
-63,250
392,119
355,172
-389,31
99,-44
213,-233
-3,-225
397,-270
-487,-60
-157,46
671,385
95,182
-322,184
45,119
-138,-239
-156,-189
473,-116
129,70
20,194
94,161
174,133
-173,142
271,118
220,-95
270,-257
-127,-308
-646,-98
112,178
153,177
351,132
-440,247
-170,163
-102,-104
-8,-269
649,-138
256,101
-226,183
-630,147
426,156
300,134
-226,-32
-285,-293
133,-240
292,-1
-122,223
137,147
431,203
22,103
-149,82
-216,-172
292,-217
-96,-213
-113,131
-177,192
-177,167
300,211
-5,141
-90,-146
14,-248
47,-172
165,95
159,116
-114,282
24,94
32,130
41,19
-47,-220
-32,-275
