-157,544
-8,371
90,251
148,309
-31,290
-41,57
-26,105
-219,705
-35,1539
282,923
332,486
-20,0
-225,152
-45,138
-5,340
113,101
41,67
-123,-153
-168,154
-22,647
108,795
29,1620
-119,733
-52,54
-55,400
-337,162
151,-94
579,222
429,484
-196,369
-348,448
45,131
99,-8
47,456
81,842
-81,719
-188,85
-220,100
-89,37
-8,131
87,283
155,494
118,548
17,584
-74,206
6,84
-5,221
-90,199
-209,56
16,230
337,594
233,774
-111,722
-182,342
-186,343
22,283
112,-14
43,139
1,1192
60,1275
129,112
91,-79
-85,45
-297,352
-150,629
-77,372
216,337
113,531
-89,540
-19,222
37,229
23,375
41,255
323,793
132,593
-385,207
-358,272
-290,362
-22,63
183,255
148,539
320,631
195,642
-89,102
164,214
37,347
-100,990
3,518
-27,236
-371,301
42,478
86,645
-170,256
-102,246
-105,338
-15,532
37,757
79,113
84,277
67,507
167,718
-43,850
-48,467
-97,274
-213,199
83,378
86,421
172,654
43,506
-224,614
5,530
560,297
148,205
-309,740
-3,926
-109,348
123,315
592,538
43,631
-389,923
-126,349
-6,526
-63,456
32,382
55,523
-183,599
-327,463
-190,229
24,320
152,371
82,583
88,579
301,464
63,597
-192,307
-238,424
-300,707
-286,457
87,252
636,407
308,481
-115,869
-129,390
-165,132
-51,415
118,404
319,592
-64,598
-193,585
130,432
-87,293
-171,339
-106,479
139,540
222,523
113,541
-168,382
-150,407
-129,395
-81,454
31,462
93,482
98,432
-61,442
-52,755
-103,824
-28,547
-5,334
98,489
13,637
-28,324
148,138
48,335
-54,617
-118,643
1,703
-35,314
-42,474
9,406
48,573
29,683
-54,344
58,296
-64,247
-48,284
13,511
36,454
19,379
-39,548
-132,533
-45,378
81,402
65,999
-40,600
26,82
-32,119
14,472
-78,832
-11,299
84,346
-71,352
37,750
-23,639
-49,161
-78,465
-67,389
19,465
18,626
-159,287
29,236
295,114
109,380
-95,784
-111,652
-118,516
-25,550
-89,368
19,460
181,525
13,346
-61,217
-49,269
43,466
123,741
20,768
-104,518
-86,326
21,223
-9,311
-17,621
-11,1074
65,706
101,121
-38,74
-40,359
4,567
-10,611
-32,450
-48,417
47,499
5,186
-12,225
4,459
-42,752
-1,632
29,456
41,475
-45,452
-69,428
-30,227
7,363
55,516
76,380
0,340
-95,671
-152,653
-118,734
195,894
242,137
7,285
-115,530
-187,507
-22,418
21,297
-28,405
-22,341
8,333
-30,475
89,484
112,558
2,661
-23,746
-25,368
81,383
-13,464
-148,364
-55,701
224,473
-35,490
-126,140
-35,229
74,562
49,645
42,781
-44,474
-182,193
-86,260
85,573
6,775
54,759
82,210
-28,177
-155,345
-6,445
121,442
15,435
20,453
-11,545
-24,440
-117,499
13,399
-35,478
-120,637
79,534
78,468
26,312
-19,448
-54,354
-69,411
42,514
83,545
-1,446
-67,447
-101,390
-113,402
43,775
66,479
70,337
12,312
-32,519
-30,514
19,338
-4,89
4,331
-52,524
-17,627
-42,865
51,388
-18,356
12,312
-42,564
-66,495
-73,498
97,604
58,290
-29,480
-19,472
-13,580
-100,460
13,504
65,505
90,375
-61,441
-55,886
-66,585
-23,203
75,507
63,477
-7,405
21,489
-66,240
-59,296
45,407
-4,700
39,568
-75,387
-84,433
106,660
69,573
-21,839
-43,800
-46,476
-50,480
47,416
12,406
-37,530
-88,500
43,363
-12,368
-14,369
-21,493
0,567
-32,633
7,467
122,424
20,743
-137,447
-39,181
-13,388
92,525
19,583
-29,505
-22,382
-8,567
-49,519
-37,301
51,374
-74,573
72,424
12,370
34,416
-6,428
-49,452
-13,385
3,510
24,630
36,565
13,577
-12,389
-15,269
-34,538
1,593
-77,653
-59,486
2,369
-57,384
130,314
38,323
34,292
32,457
-90,585
-42,676
2,401
6,411
23,265
-55,577
-65,560
37,720
38,576
23,204
61,225
-15,475
-46,701
-31,578
-54,345
-65,512
58,610
33,447
46,404
9,192
-29,602
-22,546
68,188
-24,277
-12,526
0,497
48,841
-65,726
-21,294
-20,152
-19,416
-16,411
26,498
72,444
-76,364
-77,169
-42,443
36,664
-36,679
-23,332
-118,389
-8,440
73,515
11,540
-11,424
44,448
-46,341
-17,496
60,310
54,527
-5,618
1,415
-69,399
-17,272
-38,62
28,517
77,1071
-37,795
-61,337
66,348
3,408
-15,658
-66,595
35,640
0,323
-58,401
3,322
-40,421
-33,496
-12,413
-71,258
-2,535
-14,656
34,680
8,706
33,475
-52,303
-41,374
2,633
18,228
-61,389
52,458
40,527
-16,483
8,586
23,362
9,467
-72,565
-70,509
-31,371
33,413
3,587
-18,472
-3,275
-28,359
27,507
41,474
-13,462
-94,467
3,692
-4,673
-25,490
32,452
-3,406
-92,498
6,484
20,427
-31,317
-44,369
-58,491
-17,339
-44,611
-11,506
39,351
-27,478
-80,489
-74,339
-17,140
-14,475
64,425
123,399
-26,282
23,366
-6,158
-18,342
28,331
1,325
27,783
-31,943
-50,575
-62,605
-42,389
-17,259
20,295
-16,296
-12,625
-5,546
7,555
12,654
0,371
-2,422
-3,492
25,468
-35,563
-40,750
30,371
48,412
43,508
-62,725
-72,332
-41,379
0,636
-27,690
-56,420
34,401
-27,419
42,584
57,411
-7,287
-3,400
-30,467
22,446
12,517
42,398
20,556
6,587
-45,366
-58,448
9,370
54,439
-12,567
-11,563
-40,568
0,512
55,593
-5,511
0,495
-31,624
-33,415
-16,352
54,346
68,436
30,336
15,359
-19,401
6,531
4,495
-78,529
-37,456
-25,200
5,387
0,467
28,625
4,715
-19,370
-27,420
22,394
-21,561
8,431
-37,705
3,560
-36,802
-59,435
9,254
77,395
96,475
-63,420
-90,308
-77,567
-6,505
-50,359
-18,303
-20,460
-14,611
-25,941
85,637
-11,254
-24,439
1,295
31,422
21,709
-28,640
-32,254
-40,406
85,241
30,422
-10,493
-32,517
11,547
-68,413
51,611
0,402
14,404
-20,392
41,420
20,642
-20,501
18,620
38,339
25,330
31,496
-33,683
-64,599
-28,295
-42,392
-13,438
24,659
70,649
13,604
-46,268
-99,344
-15,416
52,526
28,538
-84,320
15,397
4,592
-22,337
-67,419
0,562
39,604
36,439
-35,315
-10,437
7,570
45,561
5,251
-67,413
-107,589
-44,951
11,544
-20,152
-57,365
57,426
8,551
-58,581
-24,378
44,258
-38,272
-39,471
-56,563
-21,831
211,490
37,456
-62,453
-50,563
-15,379
-33,335
55,448
52,380
-59,528
-23,361
-106,95
-42,308
18,794
17,902
59,484
37,374
-48,372
-55,343
-31,526
-44,519
-76,439
0,422
0,548
46,357
50,389
-38,685
-36,511
11,425
36,430
-34,575
-41,493
0,517
-52,357
34,215
33,311
-6,467
-16,869
-5,1011
-41,583
9,206
-26,294
16,475
30,554
-12,346
-34,432
-19,235
-17,385
-61,346
-38,469
17,479
73,576
6,575
-14,374
-61,380
-73,473
76,443
45,662
19,640
-51,311
-22,395
-57,221
-33,421
-16,596
7,422
14,289
48,440
-19,82
-27,453
-24,495
-11,598
9,775
-24,501
-10,405
-11,432
-22,478
-42,669
0,597
46,444
15,276
9,584
15,361
-34,458
70,563
73,389
0,570
-37,607
-54,316
-16,288
-31,218
15,589
-4,957
26,577
44,314
-14,274
-25,273
-50,476
17,543
-28,485
-38,373
-24,438
-7,521
68,443
-25,473
-62,525
-9,336
82,542
-42,506
-90,579
6,566
30,638
-40,320
19,430
27,675
-11,437
62,408
-79,418
-45,412
14,470
50,564
-26,418
-4,127
24,387
-66,438
43,748
-96,732
-49,615
-3,325
5,196
3,312
12,342
51,513
-50,560
-56,356
-71,261
-49,355
62,397
-38,328
-4,469
9,884
-47,747
-50,391
-8,364
7,350
-54,457
38,525
63,388
29,599
-13,402
-39,416
15,422
2,366
9,481
-3,445
25,641
-20,598
-9,363
-19,498
0,329
-9,326
37,342
-14,458
-28,588
9,697
-6,466
-12,514
-13,312
-33,344
45,545
1,574
34,476
-18,279
-36,410
-45,335
-58,309
-58,498
6,637
-9,621
0,572
42,287
-30,454
-29,274
-21,325
8,557
-19,361
-48,471
7,390
-22,615
-31,389
-63,443
-59,597
46,529
-49,456
-46,488
16,397
-25,431
-20,382
45,525
-8,411
0,338
3,413
-50,473
-28,425
-6,390
13,353
62,428
8,578
-14,567
-54,618
-31,472
-58,317
-54,376
-34,530
25,620
61,517
161,170
16,525
-103,352
-51,328
26,444
44,518
-12,629
-54,436
-77,535
-77,299
-64,456
-23,717
52,579
26,171
46,608
-5,491
24,390
-46,555
-46,371
-45,282
-24,344
-5,379
26,473
-7,421
57,545
-24,444
-11,208
0,472
-5,430
0,492
45,742
-4,371
47,491
-45,444
-74,256
-58,383
28,623
9,464
-55,379
76,314
63,550
-50,519
-17,781
-2,214
-47,361
26,557
9,615
-13,450
-7,257
-23,431
6,468
-1,428
-38,386
-9,718
-63,609
69,491
14,280
18,426
-68,491
-16,411
75,482
-17,420
-105,296
48,361
0,660
12,454
63,305
-37,345
-21,564
-12,517
-37,534
-65,454
28,472
9,404
46,566
6,477
7,363
59,289
-5,407
-39,695
1,572
-4,377
-15,553
21,473
17,395
-49,316
22,371
24,411
11,515
-64,411
-10,366
-23,420
31,353
3,431
-76,458
-44,645
98,598
21,911
-27,867
-20,177
-13,247
-9,401
-37,577
-65,506
-45,352
25,352
-40,376
-12,242
63,346
42,627
-41,749
-22,618
-133,450
1,314
88,454
64,456
-36,525
-3,507
-67,357
-5,417
-18,390
-61,413
2,476
-79,657
78,581
23,400
2,438
-34,228
47,517
54,503
34,363
-17,550
-104,504
-79,461
39,483
-16,365
-17,396
23,479
22,474
57,536
1,569
-38,212
-42,167
29,614
0,687
19,312
-35,410
9,366
-53,321
-43,503
-15,552
12,494
-28,524
-29,297
-6,491
-14,460
-43,598
5,392
40,317
88,383
22,384
-34,458
-45,423
-25,326
-26,399
-18,586
25,463
58,369
26,414
-14,531
-36,739
19,680
1,363
-22,354
-36,475
-27,383
-38,506
-15,508
31,371
-17,382
-5,247
-75,411
41,472
-12,656
-4,513
20,458
42,502
-35,344
-49,150
-51,426
-42,426
-24,598
17,395
44,453
52,499
-18,701
-29,641
-53,420
61,448
1,268
-24,499
5,353
-15,535
-47,557
-36,219
-49,380
39,382
29,498
15,559
-17,352
-10,354
-6,469
-39,514
-52,279
-27,502
0,613
39,463
11,455
20,322
3,216
-19,386
-5,524
-9,454
-90,479
-38,674
28,491
107,302
43,497
-115,610
-29,413
-36,288
32,297
27,354
-28,404
-36,578
-51,442
-15,527
-20,376
29,484
-10,368
7,297
-1,368
-29,474
-22,460
46,289
0,773
-38,531
5,440
43,420
34,376
21,427
-21,414
-9,406
-23,458
-2,387
-48,590
-64,324
24,436
77,739
0,387
-15,356
-12,473
64,539
4,352
-68,425
-26,139
-31,614
18,533
-52,450
6,416
9,601
-49,387
29,366
-35,346
-43,437
-13,475
20,313
16,379
43,510
-65,564
-48,380
-43,184
39,277
-77,566
69,437
87,400
-30,524
-4,371
-57,529
-1,441
-34,335
74,389
-33,465
-2,639
60,433
-10,542
-57,264
-26,487
63,345
-19,425
-2,334
-57,432
-63,576
-4,481
-37,474
26,383
11,342
-8,334
1,367
-5,496
-19,631
1,686
87,573
-46,278
-20,360
9,583
11,493
-23,315
-14,298
0,511
-3,558
-39,532
11,433
-26,71
3,616
-15,649
-3,513
54,329
46,284
-19,355
-50,527
37,419
11,563
-42,734
-13,316
-25,209
-10,416
0,547
-12,560
-51,485
-84,371
-8,373
37,435
55,388
19,729
-88,507
-39,442
5,340
-28,124
4,574
-4,708
-49,500
-87,291
20,387
40,279
-7,442
-5,493
-2,439
-56,403
-24,515
-1,434
14,493
16,426
4,545
6,443
20,513
-32,424
31,506
47,353
17,377
-38,253
-74,508
-51,686
22,152
51,470
53,596
-33,515
37,448
-4,417
13,304
9,388
-9,456
43,480
7,478
-20,416
-16,442
-10,412
25,299
68,293
17,429
38,558
48,569
-51,488
-59,541
49,528
-27,454
27,341
77,253
-68,606
24,464
-16,533
39,310
45,383
11,317
19,284
-9,289
8,721
-90,442
46,457
0,459
1,273
-14,326
-58,604
-32,510
-16,473
29,294
-21,447
73,406
57,314
-31,362
27,487
-3,493
-71,331
-16,402
75,377
-20,456
-37,525
16,693
15,571
-18,358
-31,327
94,336
15,624
-24,408
103,465
34,455
-16,358
-12,287
-35,285
83,409
2,377
37,276
7,720
11,662
-48,423
0,392
-5,336
43,374
77,403
-10,327
-6,314
-1,401
-13,376
-29,325
-28,149
-40,513
-2,586
26,360
-9,613
1,585
16,413
-50,442
-4,81
15,355
-41,369
53,593
-25,520
-25,342
-68,558
-13,306
-33,380
61,515
-17,747
2,440
38,406
-57,548
-13,298
-38,431
100,242
57,427
-17,671
-83,668
4,285
42,282
29,441
92,526
-4,535
-7,224
-16,335
6,262
14,497
-23,582
-23,431
4,258
-11,410
0,494
-44,302
-21,697
74,405
7,320
-54,499
-15,438
-12,292
12,555
-3,475
-1,377
-20,466
-24,309
12,391
30,461
-39,402
-39,236
-20,296
28,413
14,621
18,554
20,308
-112,414
42,677
0,411
-29,274
38,389
11,415
19,452
-35,307
-17,241
-24,538
-18,450
35,208
2,340
63,796
90,711
-12,447
-59,246
-49,281
84,455
-18,442
-48,432
-66,373
-22,243
8,509
-21,493
-12,217
-14,627
-49,600
-34,319
8,375
17,474
67,138
-16,309
-42,523
-32,612
-55,628
98,265
14,323
-15,305
-21,388
-8,566
0,527
-20,324
2,349
8,208
7,285
-19,380
-60,690
15,320
-11,397
-75,481
32,418
-18,450
-91,380
16,444
-13,179
-117,461
95,345
0,352
16,590
-23,455
-16,384
28,421
-27,427
-1,494
-40,388
82,344
43,448
-25,480
-34,430
-26,252
-15,356
47,496
39,644
-55,192
-34,480
-1,363
6,464
7,316
57,475
4,415
-27,467
-14,416
52,367
-35,391
1,464
30,516
-7,373
-3,362
54,379
25,548
-26,455
-36,605
22,495
-15,361
56,373
14,661
-3,425
27,255
-43,281
-11,392
59,546
29,505
-32,164
-36,410
-35,463
-15,409
78,459
12,369
35,503
49,406
-63,241
21,181
-31,456
18,624
81,642
48,319
-1,270
8,413
17,466
-38,402
36,453
8,350
47,409
3,396
19,427
-49,552
-30,491
15,330
33,312
25,457
17,475
13,614
-21,365
32,465
-41,383
-18,543
61,240
1,369
-20,385
-1,318
87,322
-5,605
-38,471
-15,483
0,245
50,448
26,440
-79,607
71,518
31,410
36,365
-37,501
-22,319
17,464
-53,461
-51,477
47,356
18,406
14,488
53,345
-67,416
116,325
16,353
-33,733
-16,282
0,360
-4,518
6,251
-13,420
-6,404
13,470
8,420
0,464
32,381
35,433
-4,513
-12,520
28,321
-16,376
-27,404
7,600
46,385
16,314
-19,450
-35,586
33,369
65,362
-34,389
-18,480
-12,446
-2,332
-12,332
0,605
-10,484
14,520
-25,270
2,442
35,526
62,524
9,392
-1,399
-22,363
-24,181
-33,344
48,519
-26,451
-35,231
-44,634
42,544
100,427
-30,589
-50,514
-56,340
-20,331
-42,315
-11,433
-25,195
51,416
-59,464
-27,491
-17,352
-20,458
75,345
15,418
61,463
48,586
-19,857
25,397
7,224
-72,226
51,447
-20,426
44,448
-53,527
49,706
-1,188
4,293
9,310
15,435
-40,389
-6,667
18,540
17,512
44,247
-21,259
-5,221
-33,492
-12,504
71,547
111,349
-3,425
-5,375
6,898
-1,439
-31,143
-53,258
118,296
-45,421
-40,452
-74,400
28,503
22,197
122,350
-13,282
-40,548
31,584
-21,345
-37,397
-10,301
-24,279
45,335
-38,385
-1,419
-3,532
-35,547
1,518
18,481
-38,337
38,412
47,506
45,557
39,492
-36,215
25,344
-9,478
-4,213
17,524
-30,289
46,293
-11,303
-29,622
5,635
-14,455
-33,409
48,326
152,388
-33,547
-33,409
-10,370
-19,330
-33,298
-4,415
99,251
-1,408
41,417
-2,625
1,363
-19,433
-58,474
-14,595
7,297
64,300
47,431
-47,351
-72,428
-8,454
25,324
-2,475
17,527
28,564
89,392
-101,330
19,381
9,371
-12,484
3,467
-5,363
-20,324
4,341
2,396
-23,477
-13,483
-26,432
1,564
84,442
-7,260
-19,252
23,284
-41,355
-8,502
-10,599
-55,593
-18,344
-15,360
67,323
79,405
-25,468
16,434
-47,475
-34,259
-38,327
107,439
41,449
-11,476
-47,439
53,343
-47,327
-6,462
-39,509
37,420
-4,247
46,243
-7,385
-48,422
41,513
19,425
-2,294
-2,349
42,274
-78,481
-37,479
-39,361
7,549
73,512
71,363
-37,373
-4,481
-37,359
42,507
-8,242
-26,147
-46,237
-93,520
-54,655
-37,684
-15,710
-29,180
1,124
-18,398
33,366
20,337
-8,580
5,376
-23,397
2,135
39,226
-11,337
14,512
7,598
1,763
-9,278
24,88
36,349
46,141
22,506
76,571
-3,439
-28,539
-19,122
-28,258
0,356
32,467
-53,509
53,435
-35,415
-39,301
39,489
86,453
3,310
-40,340
15,445
0,581
-11,456
7,12
-24,251
-23,367
-42,525
-45,516
40,552
-7,229
-38,305
39,378
-16,488
20,281
19,476
-5,388
-35,307
27,341
-13,405
11,632
-17,474
45,409
20,520
-41,457
20,329
-18,434
39,355
-50,458
-13,420
37,376
-11,415
26,424
-17,284
38,214
15,346
-48,160
-29,446
-36,636
25,281
27,309
-44,270
-36,507
78,490
22,545
29,257
-20,463
32,344
41,324
-7,344
-49,324
24,302
-5,712
20,539
-27,442
25,300
38,478
23,559
15,591
-49,435
3,152
46,292
65,321
-37,427
-58,357
-4,192
-6,474
8,469
134,583
-40,469
-20,343
-116,97
11,417
-15,397
-38,508
6,350
36,262
-11,376
2,391
-5,556
-20,492
-23,415
-22,481
11,463
-24,411
-2,334
43,347
0,423
-26,362
38,359
-18,416
-12,473
42,270
14,480
32,348
16,392
-49,359
13,345
-3,569
55,548
-4,472
-18,319
-40,138
17,224
29,568
-66,365
7,354
-5,331
-68,421
-27,256
3,615
35,376
-2,477
15,561
-9,263
-10,289
5,406
57,313
-20,111
8,497
37,481
30,495
32,473
-80,236
-62,497
-69,573
-13,344
198,299
39,194
-59,337
-17,461
32,469
-11,412
-22,462
-6,457
-35,258
-26,368
-37,457
22,717
-1,548
-11,120
0,318
-18,386
-37,444
-19,381
-54,349
-31,376
12,357
8,396
-10,415
24,411
-8,394
34,372
16,432
-103,458
-23,424
11,582
-65,616
48,308
-31,173
34,218
-31,349
-37,500
22,508
8,307
-62,248
9,404
75,529
-6,343
18,398
-48,475
-71,427
38,267
68,407
-39,640
-56,415
-78,301
-58,317
138,475
-17,339
38,573
-14,394
-1,303
-19,360
37,469
-3,162
-14,405
-19,382
6,395
29,464
1,498
15,543
-37,325
-24,316
-5,305
-42,507
16,377
19,494
39,373
23,441
18,443
-17,403
2,273
-18,376
-10,430
-42,495
-15,392
-27,423
7,275
22,386
11,261
26,383
-40,540
-15,579
67,575
19,442
-19,444
-51,392
-15,370
22,376
65,454
48,163
-3,424
-30,295
17,446
51,563
14,205
-16,291
-27,528
6,603
7,392
-9,329
-46,388
13,525
-7,288
7,385
-27,431
8,409
-1,343
-11,426
7,373
66,427
12,285
4,421
-20,493
16,488
-11,449
37,290
-36,164
-36,309
8,398
-35,508
-24,585
-9,529
41,372
-18,291
32,393
42,584
19,556
-24,319
4,241
-32,245
9,298
16,281
3,501
27,532
-53,589
-52,551
-24,316
49,136
4,297
-28,550
-48,549
-36,377
-43,301
2,303
78,491
108,400
-19,334
-19,500
-1,324
39,442
-56,349
-17,370
-40,302
-70,272
-15,435
-22,464
22,260
16,433
-22,295
27,264
19,423
-14,344
-22,347
-4,429
16,345
22,309
-25,343
-12,402
53,359
33,380
-22,341
-18,329
-4,524
4,268
-12,395
-40,324
-32,443
34,491
27,280
33,312
-37,312
-24,390
8,487
25,340
34,435
-57,384
-56,349
-46,357
64,354
65,485
31,372
-51,401
-42,352
11,397
-14,381
39,368
-1,554
17,489
-23,442
-71,352
27,409
24,299
0,380
75,310
-33,275
-10,313
6,303
12,289
53,497
2,589
-35,557
21,389
-35,199
-72,270
62,361
-40,326
-68,435
-5,382
28,344
30,286
24,302
-27,399
-27,331
41,570
-11,433
-4,342
24,311
-64,367
-41,362
12,299
40,386
39,390
-55,443
-22,267
-20,351
33,271
32,450
31,304
9,344
-49,365
-2,495
7,433
-5,667
66,423
45,343
-35,297
-85,349
-8,395
47,389
33,475
0,371
67,402
-43,269
-31,183
-52,321
-47,479
-49,529
28,484
-8,346
-15,421
-27,412
25,284
12,232
18,200
-15,464
58,542
-2,515
-23,280
-21,224
-3,350
4,219
2,541
44,476
-70,528
1,302
12,149
8,451
-40,402
61,400
-2,402
-31,470
-4,280
5,143
-5,458
14,419
-8,455
20,455
0,446
-10,391
29,342
-30,458
-43,443
11,169
95,485
5,539
-27,149
-5,391
-5,552
12,445
20,461
0,267
-25,270
24,284
31,232
2,441
24,584
-19,422
-73,509
12,367
-9,382
21,369
-106,469
9,475
43,229
21,383
6,276
-24,303
-34,598
1,666
55,292
73,279
22,271
-22,290
0,451
-35,293
21,298
25,280
14,395
-32,488
-40,332
-24,348
32,283
-54,569
-21,357
-37,394
23,393
-4,327
16,113
121,348
-6,230
-37,634
0,459
15,421
-24,304
-35,374
-12,392
28,383
7,327
-55,537
14,558
17,331
-36,366
97,333
-38,386
-25,342
-10,380
-20,99
0,352
18,331
-41,327
-93,382
12,400
99,413
-4,340
-44,286
-34,202
-2,350
-35,344
70,424
21,393
-13,322
115,288
-11,355
12,366
-93,588
-74,244
35,363
38,277
-18,377
-32,339
2,391
25,202
7,372
36,467
54,438
53,430
-11,361
-58,349
13,446
-27,318
2,256
50,451
-41,489
-27,265
-33,381
11,322
42,273
129,438
-36,401
0,483
-80,429
-6,380
-11,275
-32,534
-46,342
12,342
101,490
12,251
-92,356
-40,362
16,352
20,594
-26,350
-9,317
7,322
-9,276
-62,396
-77,342
83,364
91,421
105,397
17,403
-109,175
-17,354
-22,601
25,475
24,315
-20,301
-57,331
-68,493
-24,583
112,342
278,307
100,223
-121,297
39,345
-113,376
61,410
97,416
-21,222
-83,166
0,283
-95,252
-23,657
35,780
106,532
-30,259
-25,261
-46,122
-47,516
30,518
-41,459
-29,264
-80,320
-9,369
109,371
216,562
-49,315
-83,384
-59,329
28,434
30,450
-33,386
-37,283
-6,292
-8,274
-148,351
-402,492
52,364
511,299
455,347
-147,392
-267,440
49,364
17,340
106,357
0,436
-72,419
-62,355
-147,402
-116,428
33,427
-31,356
73,320
106,415
-11,422
-50,444
-16,427
-141,422
57,356
85,215
99,338
-32,404
-53,424
67,367
-1,340
-58,391
-21,446
33,286
-41,248
64,347
48,470
40,466
-28,331
-47,406
-38,397
-12,324
23,346
38,434
-17,426
0,418
91,287
12,350
-81,324
-58,406
59,375
13,253
