-80,-72
59,-135
183,39
-205,-54
-213,-81
-317,-8
500,52
953,31
-149,106
-571,72
-277,-89
148,71
21,-84
208,-112
413,53
98,63
-538,114
-439,-13
52,-151
-658,-167
-977,-117
552,80
1649,168
722,135
-498,-111
-355,-109
521,100
764,70
572,-102
163,-55
-848,0
-657,54
-877,-168
-604,140
-191,-25
714,-162
874,-131
82,13
-136,46
-144,172
667,-72
218,50
-285,-160
-302,-27
-263,-18
-795,7
243,46
780,35
-522,57
150,100
308,-34
326,-17
-407,29
-175,-22
-237,71
939,50
102,88
135,15
-134,-55
-927,-31
-187,49
733,-53
319,94
-226,1
528,-40
11,-36
-328,127
-160,-45
331,-31
-333,8
53,-155
77,-125
512,29
-63,32
461,3
92,-70
-231,-33
-462,-154
-250,-43
366,3
282,71
47,51
-925,8
-394,-33
-165,-83
608,-32
788,-52
-17,17
-196,22
162,45
-28,-32
-437,165
-178,135
-250,80
-48,-171
550,-54
494,148
245,76
-220,-16
-148,-50
-329,122
-228,-40
417,109
451,32
158,80
-206,20
-583,-24
-244,3
404,198
346,159
96,-25
73,-97
-173,-116
19,-51
-6,-244
96,174
66,58
317,-68
-757,1
196,77
426,41
-434,-17
-157,15
335,56
179,-81
112,96
-272,15
208,-76
160,-139
52,5
-78,31
-215,6
-77,67
9,72
-4,37
80,-107
129,-172
191,-58
-71,110
-53,102
179,65
-79,-53
-45,32
-115,-34
-244,-109
193,37
21,133
120,31
-179,4
7,-44
44,-6
54,-38
275,45
-68,-87
-44,29
-51,16
106,25
59,-24
-90,116
227,65
146,-61
-500,-123
387,-25
-121,20
-353,-18
213,55
55,44
-158,58
194,-27
183,-83
33,-114
215,69
34,31
-84,-72
123,-15
-97,6
-85,-69
9,-44
23,-55
-430,21
125,14
25,8
160,-21
95,-31
158,111
-365,-59
-216,-75
222,13
220,15
197,61
139,-3
26,57
-436,1
-405,-42
546,-146
-166,7
-200,6
-35,46
153,44
-92,-25
137,-33
-58,-40
-38,-67
232,-85
-52,-69
-361,36
127,-88
53,-128
69,42
131,5
35,-102
17,-70
87,-59
48,24
4,-8
107,29
229,42
-107,77
-923,72
65,-17
631,-240
192,-48
87,82
-271,75
-63,-5
211,-92
174,4
177,-149
-218,-15
104,-4
-125,112
65,-98
-53,72
-128,-64
34,-22
387,13
260,-140
-393,-44
-162,42
289,-4
279,-19
-153,90
-44,82
-118,8
97,-170
424,-101
72,147
-637,-24
41,-19
82,-37
-225,-14
90,-69
272,69
35,-7
215,49
18,-15
-382,54
38,38
107,46
231,-12
-19,96
-111,-26
-123,-56
-47,-12
119,-157
15,-4
117,119
114,-37
-43,17
-170,-35
-48,72
28,-35
181,-200
122,-63
-466,-44
92,73
187,-94
-100,79
130,-12
106,-8
44,108
-97,3
-18,-119
84,-170
127,60
80,-43
143,164
62,-98
-380,-7
-163,47
122,56
251,-58
-47,-36
-150,0
-10,-53
306,5
-82,28
-406,-18
254,-71
159,-117
-71,-49
381,98
-161,-95
-460,-75
235,-80
42,-63
-120,-8
122,-107
68,54
103,93
-45,60
69,-9
30,-37
-110,135
7,122
158,-323
-141,-247
72,55
-7,59
62,-110
-64,-19
313,191
284,-20
-94,-51
-257,0
63,21
-786,-24
221,146
191,-26
18,2
88,-39
-60,33
25,85
-172,12
132,-116
240,-64
-20,11
-168,34
59,31
232,-19
-486,24
162,-123
105,-106
210,-106
-219,60
-218,129
144,-85
161,-80
-4,-57
127,49
36,-165
19,-54
121,-63
-190,60
118,33
-73,-133
-24,-54
36,185
-52,-47
-302,-73
259,-231
185,139
122,65
-1,52
-182,56
-20,-31
106,-55
129,-70
122,27
-62,-1
-11,-51
-331,14
-15,-43
167,-62
49,-49
37,-123
13,-31
-47,23
-9,-19
55,43
193,-51
24,6
-254,6
-215,-124
51,-94
50,92
-284,51
110,-9
283,26
-184,55
75,41
127,-179
76,-39
66,-201
31,-33
-104,34
-117,-15
371,-74
-359,4
-184,-42
32,-125
117,-86
219,16
-264,56
-72,30
112,-2
481,92
-263,4
-54,-148
102,-40
-151,-46
-117,49
39,46
142,17
157,60
-173,15
190,-2
-4,-105
-167,15
-68,-24
353,91
156,46
-464,0
-63,-17
425,-111
197,-53
-399,-59
74,4
53,49
241,-43
-125,11
-46,-60
26,-37
66,-39
-35,-80
118,5
-30,52
-67,45
162,-151
63,-47
79,23
-342,12
141,-121
228,-75
63,-51
-17,25
28,30
-113,12
94,49
245,-96
-105,-25
-661,-83
149,-62
141,78
169,-31
-9,-45
-1,38
-93,37
23,-56
147,-130
32,-17
174,154
140,69
-280,-3
115,17
-59,-42
-200,-18
166,-28
238,-70
-117,42
58,28
-167,-37
235,1
112,27
-13,12
-78,-70
-138,-46
104,-42
19,36
-164,14
150,53
137,-8
-50,44
-131,-129
99,-34
-58,-16
261,53
101,37
-145,35
44,-58
-138,13
-111,-70
-59,-12
222,-117
35,35
33,86
92,7
116,-52
144,29
-179,-8
51,-163
-30,-57
-221,20
-40,86
94,-51
64,99
186,-64
105,11
-282,12
-97,-214
89,-24
123,-85
39,16
85,-20
108,-3
-292,138
18,-67
175,-176
-52,6
-174,-65
32,120
317,135
35,-52
-558,151
167,0
309,-40
-170,-122
13,-204
296,154
-25,57
-264,-130
54,-24
-216,119
42,-165
166,-70
141,-56
77,44
0,82
-183,128
63,-192
101,-33
54,-42
-29,-71
-114,-36
27,8
87,-3
159,-33
155,4
-466,-153
-393,-45
329,137
299,39
-152,-134
-177,-83
100,21
203,85
123,7
178,-32
68,-26
-70,71
-104,-62
-173,-33
154,-27
27,-95
-255,-95
24,45
368,106
152,-64
-138,-55
55,-223
84,12
20,51
47,75
-73,142
144,46
212,-421
130,33
-395,-44
291,-47
101,-20
-6,57
-81,41
-43,-118
-56,70
108,-16
135,-101
0,-87
-84,142
161,-66
162,-2
-60,-43
-188,166
53,-12
32,-5
60,-2
21,136
44,-81
143,44
-124,-5
4,-113
87,-21
101,-5
72,-31
34,-98
42,46
-89,-37
-355,-154
155,-34
285,3
99,103
-462,-54
132,-152
-86,124
124,-29
95,47
-62,-65
137,-118
7,164
328,-172
-57,-38
-570,-28
241,38
365,44
175,-53
-114,-20
-15,-43
74,8
303,-14
-274,-117
-178,33
181,1
-46,169
-52,-102
-142,196
148,-51
42,-239
-63,31
369,49
180,7
-358,53
-43,-330
37,-11
-218,210
74,35
26,-47
171,-126
132,80
56,62
65,-3
110,-44
-125,28
-101,-82
-101,-182
288,37
186,19
-33,-1
-97,116
-140,-18
-46,-11
126,27
48,-162
170,-3
7,27
-59,25
-165,208
99,-76
54,-56
-219,127
370,-72
50,32
-307,4
123,6
149,-48
-64,38
-130,69
96,-10
160,79
-59,-48
-11,73
179,-78
-77,7
-233,-4
284,61
155,-21
-165,44
-141,93
-166,-146
111,-122
126,88
-15,231
176,-13
171,-4
-113,-46
-49,-230
-18,39
237,69
-58,6
87,94
-3,-217
-76,41
49,77
22,32
53,-41
14,43
335,-35
-72,-42
-167,139
-44,41
44,-106
301,-50
-294,16
-138,31
111,-31
-37,-48
84,57
38,55
100,14
-202,76
-34,35
109,-12
115,-59
-82,36
-16,-26
126,63
-141,1
183,19
41,3
-114,-66
287,-43
-12,-13
33,22
135,52
-34,53
-221,92
101,66
122,-19
16,-98
-123,-64
-118,69
134,-5
63,-16
-44,-1
-128,2
107,-43
240,4
-251,1
-22,-25
314,5
124,96
-308,-68
-229,21
185,-75
-121,19
32,-19
74,7
-30,54
-88,3
-43,64
66,-25
282,20
102,-32
-1,-40
61,-80
-67,-40
-99,13
155,-12
-446,-40
72,-13
48,-33
107,-47
177,-87
-93,-128
249,74
396,57
-547,59
181,-24
146,40
14,-23
12,-13
74,-36
-55,-40
-47,-34
88,-6
50,96
73,-27
59,75
59,2
39,-35
-291,-51
-228,15
51,-54
122,98
-32,12
129,26
-98,-1
-232,-156
121,-24
107,29
-251,33
123,-38
167,26
-300,-10
-10,110
-98,-93
97,-122
131,2
49,11
55,21
-56,41
2,-45
55,-8
291,-86
-19,34
-463,-117
-15,-39
16,9
-30,24
248,68
68,40
-186,52
-78,130
53,-123
162,75
35,-52
25,95
6,-58
-1,-10
-15,-3
-119,74
60,-86
-98,-15
24,136
-12,-12
152,140
87,-35
-378,-16
-43,-10
50,0
35,112
103,-70
133,94
-90,-17
-413,48
20,104
-44,26
69,43
311,56
99,-73
-353,2
-19,62
17,-23
254,120
-44,88
14,-27
14,-22
7,-60
-20,33
-36,150
-223,59
-6,29
268,-55
-4,94
-287,-68
-83,14
195,-59
-90,106
-155,47
97,94
2,-43
-53,157
-83,42
150,59
17,-245
-268,-55
-61,125
38,84
21,-85
112,68
-129,7
118,-31
-199,-149
-40,148
-70,89
79,-66
59,-1
-20,-194
-77,111
109,64
46,-110
9,-6
90,-59
-25,-67
-2,197
-84,-47
-81,28
-110,60
101,-109
-114,-95
107,-1
119,83
51,54
-215,-9
-52,78
-82,-18
206,-47
76,-133
-107,-12
-85,126
-30,61
59,147
18,-45
58,23
66,-3
-17,110
-86,-56
-66,61
14,11
-82,15
-58,32
89,102
34,-22
-117,-104
-80,69
132,121
84,86
9,-12
-126,63
-47,52
85,152
53,-12
-67,31
81,-82
23,-8
77,271
-7,-171
33,-91
71,70
133,-103
-122,-10
139,-74
-23,-5
-5,102
-154,94
29,8
137,13
-76,52
-93,-63
23,-57
172,-88
29,-24
-286,110
83,104
241,-23
-535,-85
139,-17
83,107
45,-119
-542,-12
74,-54
387,7
-235,111
-35,-158
11,-102
156,230
30,-87
70,-41
64,-17
95,155
2,42
58,6
23,51
-10,-139
-207,-34
-61,-80
71,-19
106,57
169,9
38,3
-158,-20
-128,79
84,0
-62,-109
108,61
51,46
60,243
-130,-23
-279,-177
110,102
193,86
-179,0
186,50
-10,-54
-247,48
150,25
-73,-41
51,-6
97,-193
-14,-75
-10,-188
285,98
-216,34
-83,152
23,18
-62,74
232,50
-129,-291
-91,142
-229,50
-8,-38
158,-140
-83,32
125,80
-6,-19
-70,69
-64,-11
107,-89
-148,215
232,-45
-29,43
-298,-1
31,-235
-67,-25
5,8
-86,81
-33,38
-94,74
26,-39
202,86
117,52
-132,56
-151,-156
81,-42
63,25
-334,-57
136,171
203,30
-4,-20
-26,156
164,-55
303,-103
-55,-11
-179,56
-4,121
-59,-4
42,-10
-59,120
114,37
-53,25
146,24
-14,61
-177,111
-17,158
31,2
32,-21
2,59
-49,-154
-118,93
18,62
-99,37
178,11
149,-40
-106,245
-183,-19
124,-229
-451,45
-55,166
228,4
178,31
-70,0
-136,-68
-189,23
75,-168
-171,45
-89,-185
-9,157
178,-27
-12,-96
-47,2
30,90
-18,-9
-106,-50
-50,7
86,7
23,-40
30,15
193,-17
-169,70
-460,90
44,-33
324,-57
0,63
-2,47
33,30
-98,-27
-170,-7
99,51
-1,56
-414,-74
-22,-39
168,71
-63,70
76,80
-30,9
-176,22
22,-8
267,-24
-110,-42
-208,-43
-6,64
104,36
-84,28
68,34
37,-32
-66,-9
93,-153
-29,0
148,71
235,57
-68,44
-213,36
-45,100
93,-23
-64,-62
40,-11
72,109
104,73
78,30
4,-44
-316,-16
-80,83
60,-42
109,-38
71,-6
-49,21
-6,39
55,55
-2,-42
18,-32
163,71
7,-49
22,-58
-160,26
13,86
-116,18
90,-16
56,57
43,-89
-139,-47
-94,-13
179,19
162,34
-49,-54
-19,27
-104,38
-42,135
-19,-170
186,-18
32,-2
-308,92
172,49
-57,30
128,51
26,-84
-213,-94
18,-52
466,-25
87,13
25,38
261,18
313,-7
-169,-28
118,58
3,19
283,-3
179,-4
199,33
-106,147
-155,-47
-74,-22
46,-16
-41,35
145,0
317,-44
56,12
37,150
-83,-39
5,-48
70,106
22,100
150,144
35,80
-273,-26
-142,32
148,101
246,80
167,66
-347,76
-215,-32
259,-125
194,-42
130,72
-128,11
157,-35
-54,-7
32,-8
55,0
-114,-24
58,-169
113,44
21,-23
-13,115
-5,-17
2,-8
-9,-61
-30,-18
31,32
-66,28
16,72
138,56
156,13
-96,32
-79,33
-89,-91
-8,-96
110,7
76,126
67,-15
104,2
81,51
-405,72
-281,-39
97,-1
230,-45
119,131
-52,16
-140,-6
-79,1
109,12
66,40
175,-49
75,-18
-352,14
105,-111
51,3
-169,-3
1,40
60,35
-27,-79
-115,-44
-17,46
32,86
50,113
4,47
-29,93
17,-36
-104,-44
-26,-36
163,-39
-89,42
70,78
-73,7
-36,3
111,71
35,7
63,42
198,-117
-18,71
3,-4
264,32
-82,59
-398,85
135,87
41,-32
182,-66
49,55
-460,55
1,44
323,38
140,46
-101,-3
-10,-18
161,-24
-44,8
-58,35
128,29
-5,38
21,-4
-6,-6
177,94
-48,-70
-38,-91
-38,60
29,160
153,49
253,-77
80,56
133,-34
-155,-3
-60,-34
113,-39
47,31
-33,108
109,-2
14,36
-194,34
64,-35
82,-107
36,16
-62,47
89,-5
125,19
-206,59
-84,104
100,-9
193,-59
61,34
58,66
-62,-12
52,17
41,-62
67,104
-110,5
80,-90
167,26
17,-96
-12,54
-43,23
215,62
145,58
45,75
64,56
-244,-86
-66,16
-73,39
58,45
55,74
79,34
181,97
133,-32
-154,-279
-8,24
107,15
147,-8
-24,50
-132,4
-70,-117
143,143
60,-48
89,83
169,-55
-182,56
37,6
81,104
13,191
104,-70
-95,-103
-184,-87
111,-24
140,-22
157,102
-232,-35
-97,-49
29,94
139,-48
170,0
51,-40
-172,50
24,-20
106,76
66,-64
74,55
27,30
39,30
103,39
218,84
91,75
-325,18
-145,142
88,-83
207,-47
71,66
-308,2
-58,-87
92,-12
235,38
115,47
-41,40
-44,40
208,45
3,-110
-30,-50
61,-25
123,110
113,73
-37,-24
-117,9
92,73
-54,-80
11,-35
131,31
-37,21
-270,24
167,14
38,27
160,-6
123,49
119,-64
-102,-10
-107,11
-111,19
129,48
113,80
26,7
126,28
86,-9
140,-118
59,28
-191,124
-170,22
62,1
152,23
57,17
-25,-39
-86,-92
80,-18
178,26
-118,47
170,71
16,50
98,35
45,20
31,-24
29,-22
67,30
184,72
-25,43
88,-75
186,2
-75,20
98,-45
-171,-62
-349,59
189,123
220,31
-30,2
79,27
-21,62
0,-33
24,-24
42,-17
-63,-57
-27,11
72,120
44,41
-93,35
-65,43
0,-22
-23,-11
-74,-1
101,78
147,45
208,-29
-68,26
44,76
90,-21
-213,-65
-273,-23
186,136
-46,80
45,83
49,-41
139,39
-328,36
-74,-29
198,-60
102,9
64,88
-12,134
9,11
13,58
26,-54
114,-40
-6,-49
-11,-4
-13,64
-21,88
7,-55
-1,-33
21,21
61,100
-44,-49
107,66
58,94
19,41
66,-17
134,-31
0,-81
-151,69
-85,-31
133,-65
-119,12
102,32
203,46
-168,82
115,-27
38,59
-135,-71
166,35
166,-48
-203,21
168,168
82,-54
-161,45
-6,124
-196,-35
13,-82
58,-129
94,91
122,105
220,22
110,-30
-82,47
-303,8
104,-34
142,55
54,-21
-30,92
-175,-65
1,43
34,1
139,48
31,-20
24,-72
156,-45
-132,19
-83,12
-55,113
193,15
79,-30
-67,-112
18,44
103,-12
168,104
62,50
42,-31
363,-69
-152,118
-472,-73
-30,59
375,-52
260,-23
-229,75
99,203
71,-77
104,46
93,86
105,-98
205,6
24,2
-46,26
-102,5
-14,13
127,89
-36,29
-88,37
98,-62
179,-105
18,-8
-90,121
44,87
211,-16
-47,-65
-198,-7
202,120
206,-93
-133,-30
-154,-32
14,42
124,71
126,146
216,14
118,17
-347,-39
-45,19
286,2
-298,28
127,109
57,-44
-48,16
-206,105
47,-36
221,-80
142,9
22,197
6,39
-67,53
-14,-30
155,67
-16,151
-98,-28
46,-104
80,137
141,29
41,-112
-48,30
-153,-116
-62,-51
-11,15
140,3
72,0
-88,77
-115,42
292,36
7,-1
-16,-37
18,-17
-160,24
96,-5
77,5
-11,128
121,-52
-149,-73
-114,99
269,43
-110,-11
-323,-41
-37,-4
306,-3
-242,82
122,48
54,-10
-51,-48
-43,11
-112,1
11,-1
252,12
156,55
-33,34
-111,51
-58,30
50,11
151,-8
43,-55
-51,79
-27,125
-108,67
62,18
-180,16
-206,22
102,-79
197,21
-38,-11
-22,35
168,80
191,18
-144,12
-319,79
163,76
95,32
-4,-3
-151,6
-44,61
158,122
60,-5
16,-3
-52,-9
115,0
73,-63
95,-42
-173,30
-24,-10
-111,40
-9,16
197,23
135,43
-34,-51
-96,-61
-169,94
117,35
123,51
71,14
68,-25
-96,34
-61,-111
-105,-38
102,0
86,-7
-4,34
-93,-2
64,42
210,-3
-62,1
-176,-19
-7,-20
133,58
-15,54
31,14
8,67
104,61
26,-44
19,49
181,-35
171,46
-236,64
-79,86
46,-36
-180,103
-2,-43
167,-40
-117,-5
77,15
40,132
99,40
135,39
167,-5
-192,6
15,6
-51,-1
-24,-22
53,51
77,31
-17,97
-27,-16
-30,-46
142,23
37,-18
-126,-8
-34,-48
-17,-7
180,36
-37,-72
-200,80
-41,34
193,-21
136,-41
-117,-49
-18,73
131,-5
-116,156
-155,18
138,29
65,-30
99,-137
-47,-31
-27,-51
119,-77
-186,51
55,-10
237,56
185,-18
8,-3
-26,-31
51,24
-537,-6
137,-16
446,68
232,47
-199,61
-128,76
66,49
0,-39
34,-61
21,-78
130,40
64,33
-199,-51
-301,-4
159,-85
97,40
50,-10
43,-7
15,146
9,37
-21,55
-128,-46
40,14
112,123
18,-43
-130,-121
-6,-63
56,0
69,-31
58,26
-71,0
-71,-47
18,-102
32,42
-82,41
-61,124
217,59
23,-36
-209,-79
70,-43
191,92
-33,-26
-64,16
-1,95
-102,82
28,151
42,15
26,22
150,56
99,-98
-410,0
276,-1
23,-90
53,9
26,95
-123,120
-53,33
0,20
-49,-45
89,46
-96,106
43,44
77,154
-168,-12
-81,12
171,-17
95,68
24,-113
-28,-29
-8,47
-55,45
-128,23
88,50
68,77
22,-94
-16,-46
-168,86
-102,8
329,69
98,-15
-381,15
12,82
95,50
41,-38
-190,-136
-74,11
134,164
63,84
164,-53
0,-24
-276,68
57,70
-3,58
-77,4
3,31
98,110
2,125
-59,-27
65,68
42,91
84,-110
-25,-13
12,79
-90,147
-111,5
-258,0
198,34
41,3
42,-10
0,74
60,-80
48,19
-38,140
-103,81
238,28
-59,38
1,6
-299,-202
93,67
-4,67
-95,16
86,17
72,-4
192,62
-368,21
-50,-81
198,16
183,22
66,-19
-100,201
130,-101
-142,17
-6,40
130,-19
76,-64
-95,39
-113,37
46,123
11,-55
-123,112
-119,182
158,60
62,-139
1,-25
98,-62
31,-14
-29,132
-147,25
48,23
-56,2
-104,37
104,-107
104,-51
28,0
72,87
58,82
-427,6
46,-13
207,73
76,28
124,16
-90,-115
-226,-6
-128,115
31,74
188,21
56,-13
72,54
-42,14
-34,-72
-113,-36
-18,40
115,73
-50,85
86,8
11,56
-10,1
24,21
-22,-91
-78,8
-2,86
-12,88
9,-50
-16,-44
58,-4
210,-99
199,-48
-267,-2
-175,64
-35,17
160,37
213,45
-93,58
-352,-90
137,-20
43,-96
136,-7
27,96
58,101
3,56
1,-38
-3,-17
79,48
-15,-39
112,-24
-171,-1
46,78
-60,35
-46,126
104,25
3,39
61,-43
85,-7
-27,61
6,65
18,-86
43,112
14,50
-196,24
-48,-30
21,18
97,0
-101,-126
-66,110
176,-60
120,-7
-185,33
-126,61
-16,-92
4,-117
34,49
-28,108
-154,85
-163,-214
49,116
212,43
36,-63
-103,-225
-50,53
29,135
-34,58
-54,8
44,25
-79,79
-28,24
-83,-155
58,-143
86,15
64,26
-81,106
53,-14
13,65
-9,103
65,4
-285,-75
-98,-25
72,114
307,18
-98,90
61,-51
-224,38
71,-149
184,1
27,16
-56,-9
18,201
-54,-28
40,-27
131,97
36,17
-245,33
-4,-70
-14,28
127,-3
209,95
-79,38
-17,65
4,58
-130,-104
-17,60
-27,-2
91,-16
21,99
-128,50
-149,16
110,20
-157,-18
200,76
-79,-17
-8,89
80,-25
-197,54
-196,-26
299,-37
-63,4
3,-79
45,66
22,-271
-40,-1
-169,40
4,245
32,9
36,48
52,54
121,-16
-36,13
-17,-15
-86,-22
58,18
-78,-25
-100,138
-64,-15
6,31
100,66
79,-22
3,12
-15,20
51,119
-62,-15
16,46
-6,51
-99,-7
-50,39
-26,-77
-80,-15
-5,56
48,23
35,1
-175,39
-21,-100
179,61
12,106
81,67
-144,0
-381,29
80,20
148,63
229,128
26,0
-523,17
25,-112
38,5
48,137
89,-58
52,208
-11,59
-244,-271
-220,-355
131,117
194,234
-16,65
-64,30
-33,39
18,65
103,21
41,-48
-39,-45
-129,-27
74,60
-12,-55
-197,91
-248,8
178,-23
88,24
-2,-109
-96,15
56,30
104,45
-278,77
-198,-9
222,-79
119,-12
114,-55
-3,-21
-242,238
-34,25
223,-16
-142,0
-109,186
165,-2
45,-197
2,-31
-129,18
133,58
149,202
146,38
-144,174
-19,-68
95,31
133,29
-22,4
-227,62
13,112
82,52
78,-105
94,-23
-463,-5
-157,-5
190,38
25,104
47,29
34,-68
125,46
-86,-93
112,-267
127,-134
260,123
-63,169
-477,343
5,277
117,123
118,-233
-247,-59
-138,20
69,125
189,-176
305,-101
-638,-65
210,-446
152,-100
58,281
31,-334
-166,-272
62,565
-5,448
-27,247
-25,-78
50,-410
-91,-2
74,712
87,1409
71,1233
-99,-1108
-221,-1615
66,-1613
-10,-561
11,760
144,1649
-391,1099
142,-1614
31,-1612
162,-1611
5,-1130
29,447
-26,1649
156,1649
-84,1492
-306,-620
295,-60
-80,131
-167,-689
-94,587
62,657
67,-241
-43,-1222
131,-1614
98,-778
86,430
-115,1649
95,1649
16,894
-96,285
-7,-411
-37,-466
-1,317
148,129
85,-478
-148,-599
-206,-395
26,-198
-9,129
107,465
15,601
-142,151
14,-373
-81,-593
240,-198
-46,-183
-81,-131
-28,72
-55,-78
-121,-291
202,129
219,-2
96,281
111,-371
-305,-1015
70,-954
-30,428
55,640
-31,-102
-88,-351
-6,516
-13,1039
77,642
-90,75
-55,-556
-73,46
12,579
73,-13
113,-230
-6,61
-108,-266
-71,185
-20,489
111,107
1,-897
-50,-692
13,214
14,305
38,5
-31,638
-7,121
20,-1055
35,-105
-48,785
-49,442
31,-584
-11,-289
28,8
5,-587
33,174
-121,662
51,239
-77,-650
43,-749
144,192
-22,623
-138,95
5,171
-23,-205
-35,-1053
-52,-568
-20,758
-54,683
0,-730
14,-25
-23,360
-69,73
-63,9
-35,-9
-42,-99
9,-433
58,-394
-82,-279
-65,444
16,293
101,-256
27,106
27,364
-30,-634
-75,-195
-49,877
-13,1123
-23,-261
3,-1128
-109,-763
-132,-155
-19,291
13,1140
-64,160
16,-590
99,-1137
220,2
-117,1051
-200,847
-161,-225
155,-616
59,-493
-237,29
-59,140
-160,161
2,394
-25,-436
-29,-370
6,-340
42,152
-3,604
-57,-252
-121,-522
73,549
29,445
-65,435
18,-121
65,-156
31,-59
33,260
-27,-55
-75,-108
-140,-528
106,-409
84,70
-1,236
-42,92
-18,514
13,0
-21,-194
-67,204
-59,356
-10,-366
-33,-564
-3,95
-90,86
101,-224
73,37
-16,-385
-171,227
-36,352
-49,80
154,-129
1,-689
-26,-175
-128,566
-136,48
15,106
-56,-84
-85,-612
18,-263
-161,671
60,530
-27,-274
-19,-456
-79,155
60,-212
-11,-218
80,385
-156,357
0,-370
-44,-559
-61,291
165,153
-150,0
-168,16
-43,514
229,146
81,-317
-99,-460
-140,60
47,255
-41,228
-65,-352
58,-579
41,-454
0,-519
-38,443
-3,453
72,-21
37,-27
-15,311
-101,-263
-137,-509
-52,-30
111,493
-52,132
-178,-459
-23,-451
-6,-229
39,527
17,196
-100,-114
57,-126
6,-38
-14,-288
-201,251
-148,553
116,-377
51,-475
22,-334
-79,148
-28,1003
-109,-50
-16,-371
227,-274
-16,-77
-62,-138
-209,-1
35,-46
-105,119
99,220
-76,198
7,-144
52,-99
-171,157
62,-181
100,-68
147,119
-66,-32
-123,228
-1,-239
50,-183
15,-275
50,470
-97,411
-22,-484
-52,-282
-15,532
90,232
-5,-179
-101,-772
-43,289
-12,622
-47,138
66,-426
18,35
-33,201
-136,-166
58,-252
-90,-121
-10,-36
-75,79
36,-6
57,209
-25,-59
59,-322
-54,430
-94,434
-3,-49
13,-157
2,-224
-78,164
-15,99
-42,87
-69,-51
46,-201
-10,106
3,118
40,-432
129,-122
-51,539
-53,-71
17,-122
-77,163
0,-67
-73,-19
11,315
130,-322
-90,-51
53,409
51,135
-86,-310
-28,-276
-42,-73
-54,331
12,134
133,136
-55,79
-79,-627
-146,-42
19,815
-29,311
55,-438
-31,-360
47,282
9,483
-155,-110
-13,-152
40,-124
18,-42
-15,330
-53,-381
-138,262
-41,224
16,-312
44,-61
-1,140
-44,160
16,350
142,93
-36,-437
-141,-530
29,289
-90,429
-53,-212
-28,-13
-3,422
23,157
-87,-449
-10,-35
16,49
