-1,-85
1,-32
17,-47
11,-28
13,-39
5,16
-34,-32
8,-17
-4,28
6,-24
-7,-110
9,-4
0,17
-4,4
6,-32
3,-66
7,-11
-10,27
8,-13
8,-3
7,-22
3,-30
2,-30
7,-69
0,45
4,43
12,-140
5,-37
8,-74
7,-56
0,45
-2,-59
9,-26
2,44
0,27
-1,-72
4,-1
11,-6
11,30
0,2
1,-68
1,24
-7,67
3,41
8,-32
-1,-46
3,-38
11,24
-25,-33
6,-51
-2,24
0,38
6,3
0,-44
-5,14
2,24
0,-30
7,5
7,90
24,-15
-6,-37
-2,-30
-5,-43
-3,28
12,15
14,11
-1,-24
-7,8
8,-9
-3,44
5,38
-5,-11
7,-16
4,33
2,-58
4,-51
-1,49
4,25
5,39
9,-15
-2,-51
16,-77
-4,56
8,35
6,4
4,-31
9,25
-5,-13
-3,-53
1,-23
4,54
-5,-12
-5,3
1,35
2,-11
-3,-13
13,-5
2,9
1,7
5,-12
3,-47
-2,36
-1,9
0,-16
2,-12
8,-42
3,-8
11,-39
1,-13
-3,30
2,33
-5,-8
3,0
7,0
0,-10
2,0
-2,-37
4,-40
3,36
5,42
-7,22
4,-21
-5,-49
4,6
9,6
14,13
5,-21
0,-54
-7,18
-1,27
4,-6
6,-30
-6,0
-5,53
-2,54
7,-21
23,-5
8,-27
3,1
6,-88
13,-9
9,59
-10,16
-3,9
2,51
-5,-2
-2,30
2,-47
18,15
7,-20
-5,-55
-8,-26
4,-16
-1,16
-1,15
4,-7
4,12
3,-8
11,-6
0,34
-8,-5
-7,23
2,36
19,17
-6,-95
-1,14
0,23
0,25
18,2
11,35
-3,7
4,-50
-13,-34
-4,9
-4,-7
2,-53
13,-12
0,14
0,39
11,-53
6,-38
-1,-31
23,28
22,90
-6,61
-21,1
6,-68
0,-77
3,-77
12,3
2,59
4,25
0,-56
0,22
7,41
8,12
-2,-8
2,-53
19,-27
-16,-22
-2,11
-11,32
3,17
17,12
22,17
0,-48
-17,-101
-4,9
-18,37
16,5
12,-34
2,-5
1,-15
-20,-20
7,-8
3,52
0,13
-14,34
1,-1
8,-18
18,-19
12,44
-6,20
-12,-40
-6,-21
23,-5
11,8
-2,64
-13,20
-3,19
11,-89
11,-71
0,2
-1,28
19,8
0,42
0,37
-3,25
26,-129
8,-38
-20,53
-27,-26
24,-14
32,53
9,62
-8,-16
9,-48
16,-64
16,21
0,-43
5,28
-4,66
-9,14
0,-35
14,-26
1,6
11,-37
-6,23
-1,33
-1,24
0,-8
4,2
12,7
5,-16
5,-29
14,-9
4,0
17,-24
-11,8
-18,27
2,-7
20,-34
-8,-41
-21,61
0,16
8,-22
-4,5
-4,41
-5,27
5,8
13,-49
25,-29
8,30
-22,12
14,-62
2,-24
20,77
18,38
11,-65
-5,-9
-6,13
4,19
-1,-18
12,52
2,-1
1,-26
-1,21
4,-32
-9,-42
2,-21
17,-12
16,20
-6,4
0,16
-5,-8
-2,1
-2,-8
17,28
2,-17
1,-5
7,-41
-9,-35
-6,-8
20,17
18,64
0,-4
0,-7
1,-7
-3,-15
-5,8
19,-16
12,6
21,7
-3,-46
1,-3
-2,12
-15,-49
5,-79
25,37
8,27
-7,-34
1,-3
-1,-35
0,-4
15,41
7,12
0,-31
1,15
3,38
0,-31
1,5
0,9
0,-93
8,-43
8,21
0,75
-11,-12
18,61
16,-17
-5,-46
-7,-20
12,-27
2,-37
-14,58
1,11
-5,6
13,29
3,-33
0,-10
-1,-13
-23,-1
5,-11
27,-14
4,-36
14,-26
-1,14
-13,-41
-1,-14
22,-7
9,18
-32,54
-3,-44
7,-30
1,26
-1,-33
2,-34
-8,15
6,21
14,83
4,-59
-5,-11
-6,1
7,20
16,0
6,-24
-13,-36
-23,0
0,-7
0,-18
4,36
6,40
-1,31
-5,-57
-8,-61
3,-2
1,17
5,47
-4,30
0,-13
4,-13
-1,38
-19,-78
-12,-51
-2,59
26,-11
12,-9
-12,-57
0,31
-15,2
3,-28
-11,-17
12,17
16,12
5,11
1,26
2,-83
-7,25
3,55
6,-34
9,-46
3,29
8,65
1,-23
1,-59
3,22
-4,7
1,11
18,3
19,-87
-4,-10
-12,28
-8,60
-5,34
5,0
-13,-85
2,-84
5,11
-1,55
-13,7
0,29
6,-20
8,-50
11,21
13,24
-3,-87
9,-41
2,5
6,64
-7,34
0,-86
13,-35
2,-13
-14,-32
13,17
18,43
3,0
-1,-16
0,-15
-10,-8
25,-11
15,-5
6,-2
-5,-19
-1,2
-3,24
2,-22
7,-23
2,19
11,24
11,-71
-7,-38
3,45
9,13
2,19
-5,-52
7,-21
-12,-12
0,-28
6,24
11,16
-3,-3
25,-66
11,7
1,16
0,8
-2,59
-1,-41
9,-13
19,-15
-10,0
4,20
5,24
20,-31
-1,-109
-3,-49
9,-18
19,20
17,23
-5,-7
-7,24
-1,-26
12,-57
-5,-45
1,54
11,24
22,-2
1,0
-2,-28
0,-23
-6,-10
8,-53
3,-36
3,26
15,43
-7,3
-7,-16
-7,-22
2,-34
7,31
0,12
3,32
-5,31
9,12
12,-11
9,-12
-8,-76
4,-10
20,27
-4,0
-4,21
17,17
1,-1
7,28
0,45
13,-1
5,-64
2,-91
-2,-32
5,33
7,16
9,-12
-4,-30
2,-8
21,5
0,16
-9,4
1,31
6,-7
3,26
21,27
-2,-62
8,-113
-13,-2
-16,5
6,19
11,36
0,29
-1,-80
0,15
-7,-19
15,-67
4,0
16,59
3,-69
15,-48
-1,67
-5,48
0,-55
4,-73
13,3
7,21
2,68
4,31
1,-10
0,-26
7,-23
1,-45
-5,13
0,28
-5,12
-7,31
23,24
-5,44
-1,52
4,-84
15,-155
-7,11
4,84
3,12
-16,-1
2,5
-7,30
1,-37
14,-24
-9,0
-19,-21
2,-17
5,29
2,5
-6,-17
1,24
0,-54
-5,-27
4,-35
1,29
7,-2
9,44
1,9
2,-50
-12,-5
-2,-4
6,-27
-11,-20
19,6
19,-11
0,24
-2,34
-7,16
2,-17
-19,-71
1,-10
8,43
3,6
-3,-8
15,-65
3,-28
-4,71
3,-27
-6,3
5,23
-10,-74
9,15
20,-7
-3,19
12,14
3,-24
0,-37
0,30
5,1
1,-20
-17,-17
7,-7
-3,37
-1,-40
5,-34
4,-30
0,7
-3,21
-11,-3
-3,-6
13,16
0,21
0,-56
5,34
-3,34
-6,-91
-9,4
8,41
9,37
14,-5
4,-8
0,-50
12,-9
2,4
-8,0
8,-51
-1,0
-5,50
9,36
-2,-90
-7,-39
12,8
-6,20
-6,-4
5,0
0,19
5,-41
3,-16
-7,-20
4,39
20,-21
22,-42
-33,-32
2,7
30,-25
9,57
1,30
3,-28
0,-19
-9,30
5,70
9,-12
7,42
35,-11
-11,-37
-8,-52
0,4
18,-13
-2,9
1,19
0,37
6,-27
-3,-27
-6,-37
22,-6
9,18
-6,-20
-5,-45
-15,27
8,45
9,-43
8,-24
-5,8
5,-5
7,28
6,-10
15,23
7,-44
1,-16
-1,0
-4,-42
2,-9
5,-39
12,-19
-5,19
6,51
3,0
-1,5
1,-19
8,-8
6,-36
-7,4
0,-41
14,0
2,-10
4,15
-10,21
-4,-30
-14,-26
5,18
-14,32
0,-26
3,-21
-2,-27
-2,-35
1,-19
-3,-58
-7,-53
3,-10
-6,8
8,11
8,17
0,7
9,-11
8,-57
9,-36
8,5
13,20
0,-11
6,-21
0,15
-8,-3
-1,-24
-4,-7
2,-58
6,-50
14,33
-2,3
-9,23
7,7
5,-5
-2,-2
21,-22
-6,-84
7,29
2,-12
-10,-19
5,23
1,15
4,-70
-8,-82
3,43
-4,106
2,-18
4,-30
-2,-42
18,-27
-4,-3
0,9
-2,2
6,-26
-3,-45
0,-5
2,15
1,21
2,12
-6,16
5,19
2,-27
13,-40
7,19
-3,52
20,-5
-4,15
-8,-96
18,25
3,34
4,5
1,-30
-3,-57
0,-3
-7,1
1,-12
14,34
5,-63
-14,-57
-4,24
-2,49
2,20
5,6
0,-3
-1,5
-11,-15
-4,3
0,6
11,-50
9,9
-4,32
-8,-1
0,19
9,65
15,8
7,-24
0,-30
-1,-8
-3,-4
9,38
0,45
-2,27
11,-37
14,-8
14,-38
-1,20
4,-13
-4,-5
-10,-16
7,3
1,52
6,35
4,-26
1,-43
-1,-23
1,-10
-25,6
20,4
-8,15
-2,-8
1,2
2,-44
0,-2
11,41
9,-10
8,-9
0,2
0,23
0,-38
-7,-17
6,-50
15,49
4,20
-4,-15
3,0
8,15
-5,12
-4,-24
8,-76
7,-11
9,74
-10,-20
9,28
-1,16
0,-6
0,-55
5,-20
0,21
12,-15
8,34
1,45
-5,-9
11,-27
4,-10
7,-36
-6,-32
3,12
0,30
16,-15
19,-24
6,-27
-10,-17
0,-26
-3,17
12,-8
1,-11
-8,-17
4,-27
1,2
-3,12
-2,-52
9,-31
4,-34
15,13
-2,21
0,16
-19,0
23,-16
4,-26
-16,-24
20,-28
1,0
0,11
-9,6
15,1
-4,-9
1,-56
0,-12
0,11
9,-66
2,-19
2,4
8,41
-4,6
6,-1
6,-34
5,4
3,36
8,-17
-2,-32
-5,-5
0,56
5,-14
-2,-41
0,-8
8,46
8,-47
3,11
-1,17
6,1
-8,27
-8,11
14,-12
4,-24
-4,5
-2,21
5,-13
6,-20
-1,17
-2,-17
-4,15
-13,13
23,-23
5,-52
-10,12
-13,20
9,22
3,-11
19,-6
-1,-32
2,-19
-3,-39
-2,-25
0,56
2,27
5,-18
5,-47
7,-83
0,-23
-14,18
9,0
-10,-25
3,12
-13,44
0,3
-2,26
-8,-35
12,15
-7,-20
-7,-19
0,13
33,31
11,-20
-8,-53
-6,-44
5,3
4,16
7,16
1,15
-2,18
-1,13
2,-8
0,-8
0,-21
-4,-34
20,0
6,15
0,-4
5,31
6,0
14,-31
0,-22
-1,-20
13,5
0,26
0,8
-9,25
7,-23
5,-46
-4,-9
9,32
0,0
4,33
13,-6
2,6
17,-19
-18,-30
2,24
11,-42
3,-30
7,42
8,-3
-12,-33
17,7
-9,4
-5,14
2,-21
7,-1
0,9
0,-53
12,-12
26,52
5,15
-20,-7
6,-22
2,-9
24,6
12,25
-19,15
0,0
-4,-26
0,0
-4,6
15,-31
-8,-41
1,21
11,15
14,13
8,50
-4,-20
0,-6
13,7
8,-2
0,-17
1,-21
-5,-7
-1,36
-6,39
8,-27
17,-24
16,-51
-7,-12
1,44
-5,2
5,-26
1,-26
5,-15
0,31
5,24
-4,-19
0,-79
9,-52
14,38
7,37
-6,-36
2,-1
2,9
5,-9
12,-6
2,-18
0,-6
6,13
13,20
0,36
-5,-29
5,-10
0,-20
12,7
3,-12
2,14
-4,-34
-3,3
0,4
8,-30
3,-13
-1,5
1,-11
0,29
3,17
22,32
1,21
0,-29
4,-42
3,-7
1,-29
11,-34
0,35
0,14
0,33
-11,-36
5,-22
7,0
0,3
-3,-62
7,-25
-2,15
0,0
-2,15
0,0
-5,-12
-3,-8
-1,-34
-4,27
4,12
14,-15
4,3
-11,-19
-2,-33
6,19
0,23
-1,14
0,0
1,-9
0,13
3,-8
8,0
3,-38
0,-81
12,20
12,27
-2,21
4,-13
3,-14
-6,-17
-1,-50
7,19
12,4
6,-29
-3,9
5,20
-2,9
8,17
-9,-24
6,8
6,-11
0,-1
2,0
9,38
-10,21
0,-11
-3,-4
4,-27
7,-40
0,3
4,-10
18,4
5,17
6,18
11,-18
1,-31
0,-26
5,16
2,-17
9,11
4,-8
7,12
11,18
0,-31
0,-12
-3,3
2,48
0,11
6,17
7,-3
3,-12
-1,38
-4,-18
12,-1
4,8
-9,16
-8,35
8,46
9,29
0,27
-8,4
0,-27
6,2
-8,45
16,-5
-6,25
-2,24
3,-41
-2,29
-6,-38
3,34
-7,15
-4,22
5,5
1,20
13,18
7,48
-5,50
15,-30
0,-2
-6,20
9,18
-5,39
-1,47
11,-14
18,-45
16,-22
-3,-7
-11,25
-3,29
8,41
7,21
-1,20
0,33
-10,-45
1,-8
-1,0
4,19
9,-6
6,13
0,21
5,-2
3,-1
5,-16
5,32
-6,55
4,24
-5,18
-5,1
2,23
9,6
2,24
-7,32
19,37
-2,32
4,-23
3,8
-4,37
3,35
2,6
-1,8
3,-38
-7,8
2,52
-5,43
5,-17
6,20
11,24
3,-31
-3,-42
-4,11
-9,7
8,23
18,9
0,38
12,-41
0,22
-1,-24
0,18
0,33
12,25
-6,39
4,8
-2,-41
1,5
0,54
16,-47
1,-24
2,-11
8,34
-3,8
4,25
13,-67
7,-26
1,12
-4,33
2,76
-4,52
4,46
1,-23
3,-53
5,2
6,41
4,14
-7,7
-5,30
15,34
4,-50
1,60
4,36
-4,-49
7,-12
13,18
-1,27
12,9
4,21
-2,15
-5,-27
1,5
5,36
2,24
17,23
0,14
15,-2
4,17
-10,-19
-1,14
2,-18
3,1
0,34
3,43
2,8
-18,-22
-2,-12
4,17
5,-5
-4,-7
0,20
5,48
0,-23
3,-21
0,-3
12,33
0,20
0,29
13,-60
-3,-11
1,32
-7,51
8,50
8,-23
1,-36
9,11
7,-19
3,-6
-14,51
9,57
0,-3
7,26
2,-72
-10,-46
2,3
-5,78
0,-18
3,19
9,27
3,5
9,25
3,28
3,11
3,-22
-10,15
2,5
9,50
12,-5
0,-3
5,-44
9,-36
0,70
0,34
-8,-14
5,-21
8,21
1,-2
0,3
-5,1
5,9
2,20
-1,44
1,8
2,11
6,19
-5,-25
17,-35
11,32
3,84
0,57
-12,-29
8,-20
7,79
-2,55
7,-9
-11,-30
-9,-6
12,48
0,51
-1,-7
3,-24
0,19
2,24
-2,7
0,-13
-6,13
6,23
2,17
4,23
3,37
9,9
3,-85
2,-92
16,48
20,47
-2,22
-6,5
-10,-55
0,-34
9,94
3,94
0,-34
-8,-36
2,-17
16,79
-1,-42
0,-30
0,33
2,38
11,-6
1,-15
8,24
-3,58
9,34
-8,-5
5,-50
12,31
7,-24
2,-14
12,21
3,-37
-2,44
15,52
0,39
3,-2
-1,-8
-12,-62
13,-23
9,2
1,36
-4,31
-4,54
26,40
5,-69
-5,7
1,25
4,42
14,-18
-2,13
0,2
-2,-3
6,53
0,22
-1,-12
2,29
14,34
6,22
4,-2
7,-26
9,39
9,-8
4,-44
4,-12
4,38
-3,14
2,0
1,-10
4,15
6,-43
-1,-21
3,-49
13,28
5,21
0,15
6,1
9,12
14,-8
-2,-26
0,-14
-2,-11
2,-21
-3,3
0,-11
15,0
-7,-16
2,-14
3,-43
0,24
7,-9
-4,-33
-5,25
0,16
-2,8
6,-29
15,-47
11,-2
2,-6
-2,6
-7,11
2,-3
-1,49
7,4
-4,-28
3,-15
5,-26
-4,-6
-6,26
7,18
1,-2
8,11
1,8
-1,-78
9,-23
5,-19
5,17
8,3
3,4
4,-8
-8,-37
13,-12
0,9
2,3
8,-23
9,7
0,14
-7,-21
0,-16
3,6
6,-18
-5,-5
0,17
-6,34
2,-60
-4,-35
-1,27
3,-16
7,0
8,1
12,-7
0,0
0,-30
-2,32
7,60
2,-28
2,-103
0,-85
5,21
6,50
14,23
-4,15
0,29
0,23
4,-52
0,-26
3,-8
-1,4
11,-6
4,-17
-2,28
0,-6
4,-8
0,-41
2,7
7,28
2,0
-2,-30
-4,14
-8,15
0,-10
2,-37
3,-6
9,6
-7,-7
2,-5
0,22
6,6
0,-30
1,-7
11,-4
8,-20
8,-1
-10,40
4,19
-6,-103
3,-1
7,26
9,-13
13,-26
3,-1
-2,39
0,15
1,12
-11,-16
-6,-10
8,6
15,-10
1,-25
-7,-4
1,-24
11,4
4,62
-3,-55
1,-15
-9,-19
2,-9
-4,-7
2,-2
3,-9
0,9
1,-24
2,23
3,22
11,-26
-6,-20
-3,35
3,-3
0,-11
-6,-23
3,-25
-2,23
3,-6
13,-19
12,-43
3,7
0,22
-3,34
6,-24
2,-8
2,-21
6,-7
3,2
0,-12
-5,-28
7,-23
0,-14
0,-24
-3,-11
13,-36
1,-10
-3,1
11,-33
8,46
-5,67
0,31
-17,-2
1,11
4,16
2,14
7,5
4,0
9,-6
6,14
6,21
3,-4
2,-36
0,-17
3,2
6,22
4,42
2,7
-3,0
0,-30
15,-40
8,-14
-5,1
-7,-21
7,-12
19,-30
-7,44
-2,-8
-4,33
8,-9
6,-7
1,-36
-9,-15
3,-14
2,22
8,20
-4,5
1,-54
5,29
-4,26
-20,12
4,23
4,-54
-6,-18
4,5
5,-33
1,-67
-8,-6
3,-25
3,12
7,11
-5,33
-1,6
-7,11
0,53
5,-37
0,-24
3,17
-1,-29
-1,-48
3,0
5,-11
8,-15
0,21
1,22
-9,-91
7,-91
5,32
-12,6
14,26
-3,-34
13,1
-9,-11
1,20
4,5
1,43
2,8
5,-25
1,-58
5,-58
-12,-23
4,26
-3,47
8,-35
0,-38
5,-43
-3,36
3,20
13,2
0,-1
3,-19
6,-39
27,5
-7,-4
-9,-25
12,3
12,-13
-2,8
11,14
-1,-62
-7,-10
0,12
15,56
0,-9
12,-55
-1,-23
15,-15
0,0
-2,-16
2,-13
2,67
-6,14
-7,-30
26,-28
-2,6
-8,-3
3,3
18,-36
6,-3
2,-20
0,39
3,-29
4,-41
-2,42
5,29
0,-10
5,15
1,20
3,-18
-1,-27
0,-31
4,19
0,62
-2,-52
-1,-17
4,7
8,-40
0,-6
-6,-29
18,-45
-7,-36
6,-1
0,41
-2,46
-1,16
11,-36
-20,-27
0,26
15,5
0,-45
2,-26
7,-5
-2,-75
3,-5
3,9
4,22
3,-30
4,-14
-5,-5
-2,-25
3,-2
9,-20
4,46
-7,63
-4,-17
32,-29
13,-46
16,-29
-19,31
5,-5
-15,11
2,36
16,-1
-10,16
27,59
0,-14
0,-2
23,-32
0,6
-1,-42
-4,16
-3,11
18,-39
8,17
0,-8
-9,22
7,1
-4,60
15,-9
6,2
4,-29
-2,-1
5,7
2,-32
2,33
2,-30
1,1
2,-46
4,-39
13,19
9,42
7,-29
-5,-30
-2,41
-1,-2
-5,-55
-2,-32
18,-21
9,35
-26,34
8,25
17,-76
1,-41
-10,24
7,-4
3,-49
5,36
2,-40
0,37
-8,-56
0,-15
0,14
18,-22
-3,1
4,11
-7,25
7,0
13,-12
7,12
2,11
9,-42
3,-17
-6,-5
7,9
3,23
0,24
6,-25
-1,4
-1,-11
12,-9
-4,-19
3,-8
0,-6
-1,24
2,-18
8,16
0,-35
0,-17
8,-2
5,-11
11,-31
4,9
8,-10
1,22
-7,-19
-5,-44
1,-24
2,24
-1,-7
2,30
6,14
2,-45
1,22
2,-5
-1,-10
-1,-39
1,17
6,38
-4,-8
-5,-1
11,-14
-2,-6
-4,-2
2,-20
7,28
-10,2
1,-16
0,-9
1,0
0,-3
9,27
3,-4
-11,-22
-4,-42
9,-22
5,-27
5,36
0,23
18,0
0,-38
2,-16
2,-19
2,-5
2,0
14,-23
3,0
-1,4
-3,-3
0,-14
1,-15
2,-3
-6,-30
13,8
24,-9
13,21
18,-2
11,-13
3,-37
3,9
11,46
12,1
6,-24
11,-10
6,-45
3,-16
-1,5
4,-25
0,-30
4,2
4,-1
1,8
3,-12
3,11
3,33
6,-45
0,-22
8,43
3,34
0,7
3,-42
12,42
-3,19
-2,-27
0,-55
4,-36
0,2
5,21
5,41
6,31
3,-6
-7,-32
-2,-35
8,-28
7,0
2,-4
-8,11
3,-12
1,-29
4,-27
4,-9
11,0
7,-14
-4,0
0,4
1,-18
-2,28
2,54
1,15
4,0
-3,-68
2,-18
9,-4
2,41
3,-3
5,20
4,-38
-4,-57
1,-47
-11,-22
1,46
8,6
11,16
-3,15
3,-58
6,-8
7,26
9,-8
1,-9
13,32
8,-37
1,18
-5,-43
-9,-42
1,-22
8,8
3,13
1,2
-10,8
6,0
6,67
17,-38
-6,-36
12,-44
2,5
