46,-45
-14,-53
113,62
226,45
-89,-4
-222,25
-14,43
170,-49
-128,-107
77,-39
99,57
-37,-3
391,-74
124,26
24,-30
-150,12
113,56
279,25
158,87
-454,74
-173,-19
24,-37
82,-48
-148,-97
-267,-40
-137,-58
-7,-57
-85,37
173,69
94,62
-346,-17
13,22
75,-45
216,-32
166,-39
423,-15
20,-50
-343,-3
-181,-36
29,22
-178,22
328,-39
149,20
-87,60
-185,34
-141,-107
5,0
564,-16
365,-34
-72,-18
-242,-5
-45,-5
248,-52
-5,-62
83,-31
-138,-23
-253,0
-45,35
135,26
365,-11
-65,-7
-160,49
-46,51
124,4
-139,-7
-262,-3
111,-29
27,-32
-9,-18
-83,46
-40,-52
-127,22
338,-17
309,-31
-38,-3
-99,28
-126,-4
3,-72
-78,-2
-60,-22
-12,-19
-26,-22
-2,13
-28,-58
194,-19
12,57
-41,66
-120,27
-24,-8
184,20
-6,-44
27,-51
-105,-47
-126,-76
6,74
58,-63
155,50
47,-7
-188,49
-69,-87
490,-35
49,-69
-290,-72
-61,-13
285,76
41,-73
-192,-57
-173,56
153,20
170,67
-47,83
39,0
-87,-59
-45,-7
38,-26
-45,-23
152,-129
184,-52
-29,26
14,40
53,19
-378,24
758,24
388,-31
-319,-61
-295,-19
334,9
406,36
-231,29
-129,-33
-93,44
255,45
2,6
29,-23
-77,-87
146,-46
134,106
-153,8
-142,-73
159,-113
67,13
-29,83
-232,49
175,3
153,64
56,44
-109,34
81,-13
83,-16
-73,11
119,-67
-347,14
287,19
155,72
96,16
-62,-19
131,52
40,4
114,-50
-42,-44
-182,-7
27,-15
125,-25
-98,-76
106,-25
-179,-8
6,59
209,-36
122,-108
-73,-29
-56,-31
12,-10
-130,51
35,23
138,-93
-90,-25
64,56
-46,79
-93,83
291,41
-24,13
-9,-11
-168,-1
-18,-41
67,-23
-1,-31
-18,16
11,22
49,-20
206,25
113,-83
-128,-56
-115,-30
192,27
29,50
39,0
-132,4
87,-73
112,-64
107,-57
-30,-8
-163,0
-242,-10
525,21
317,26
-406,-2
-7,13
207,51
112,-10
-109,-66
307,-54
-27,-96
-96,-88
-241,-36
29,82
93,8
160,-14
-77,-23
-78,-8
-13,67
134,12
43,23
119,24
69,-93
-72,-6
-16,21
31,68
23,12
15,42
3,-30
30,-22
54,-35
-22,-68
-144,-41
-17,-43
232,6
-47,-34
-185,7
104,-39
223,27
99,26
23,-30
-107,-55
33,13
32,44
-115,22
4,46
5,-24
-90,-39
60,-54
18,18
89,6
-80,-5
189,-28
101,-25
3,-62
-123,18
36,55
-107,51
93,65
5,23
-172,-5
-109,-1
7,39
178,18
-16,-18
-51,15
-10,20
-132,6
-35,-80
391,27
99,49
-162,12
-29,6
-89,103
-36,72
131,-156
160,-185
-85,-89
-144,125
-37,14
-33,-72
249,-67
-141,-38
289,45
-38,43
-17,52
-89,59
-3,67
58,76
5,-3
-184,-55
43,-62
144,-40
163,-37
-121,8
-195,81
234,73
225,-11
-131,-52
-18,17
-145,19
-134,54
224,1
90,-51
-3,-80
53,-94
9,-2
-68,66
-14,-101
30,-4
-26,-26
-129,9
-56,53
221,-28
83,-20
-101,4
-109,-37
258,12
70,-3
-61,11
-202,-18
247,-6
157,6
-69,-10
-133,-39
0,-21
144,-5
127,5
101,34
-107,62
-68,25
-138,23
237,-24
56,14
-198,-5
69,-5
83,-1
13,-3
99,26
-5,-22
-11,-30
-46,20
-98,-3
57,81
296,-15
-35,-42
-139,-84
222,-20
-64,30
-14,0
-8,-16
171,-25
11,-15
-155,-39
-183,22
190,-5
264,45
-13,115
-62,13
-66,36
3,-55
8,-36
101,-59
167,-102
-117,-59
-53,11
102,0
-23,12
-68,-24
45,-16
73,64
261,35
-31,22
-109,15
-207,-8
-70,-22
137,-42
191,48
-25,11
-100,-9
-1,80
118,-11
64,4
5,-31
-5,2
41,-37
91,-54
57,-49
-67,-45
-34,9
-43,-29
158,5
75,79
-85,63
-5,14
238,-5
-110,40
32,-35
100,-52
72,-32
-182,15
51,18
148,2
2,-83
-12,3
40,19
-130,-32
29,5
23,9
99,-3
139,16
-120,-49
20,-63
61,-17
-126,-33
82,-16
-151,-75
113,-31
149,-22
50,29
-10,73
-62,83
50,32
-25,82
-64,54
99,11
-15,-12
-112,-34
-14,-107
4,-63
-69,15
294,25
158,45
-85,49
-368,78
-52,-83
225,-78
157,26
6,11
-5,-35
-76,-82
154,-92
-13,-40
-105,-51
-45,-35
70,-73
53,-28
21,47
-55,52
-72,31
124,16
76,-37
-16,-48
33,-13
-75,9
-8,-15
-33,52
24,91
127,-12
-11,-61
9,-54
-11,-38
282,-40
55,-16
-94,16
32,56
-61,-26
-59,24
-84,32
275,38
50,40
28,80
-32,-19
-282,-63
-35,-77
70,-36
72,11
21,0
-18,12
-13,-24
51,114
53,35
-78,-36
74,-59
50,-12
1,0
1,37
-103,-21
-4,-44
16,12
122,36
54,18
-114,-27
14,5
27,0
-88,15
-91,17
164,1
79,-30
-60,-2
-121,20
40,62
-59,19
129,27
136,-39
6,0
-162,-21
-100,-15
78,-16
59,-5
195,6
-217,22
8,-14
238,-27
-37,-44
-70,4
17,-13
-50,-23
-35,45
295,75
23,33
-94,-33
-97,-79
38,-22
58,39
-25,-18
14,-57
18,50
-52,50
-15,-10
81,-55
26,-17
-105,15
74,51
-127,-2
103,55
48,6
-89,-45
162,-85
25,35
-35,24
39,-31
155,-54
17,-30
-255,13
130,-9
126,-36
-57,-15
-107,98
50,79
293,-49
-13,27
-138,-13
-22,39
201,-41
45,-116
-112,-73
-94,77
0,0
-43,-7
103,-22
110,89
-60,-23
3,13
72,15
268,-22
-63,14
-97,34
7,-78
-28,-56
-28,-3
-23,25
116,43
-22,3
-181,41
41,26
99,-32
-21,18
163,-79
72,-14
7,-1
33,-81
35,23
-78,-25
-77,72
-52,9
-58,-62
173,-1
58,-9
-85,-21
136,41
53,-59
56,-61
-99,6
50,65
79,-44
-74,29
-22,39
29,38
-96,-48
196,-56
77,-53
-7,-39
67,-61
-43,-56
140,-69
134,3
-91,51
-79,87
-70,43
-5,2
66,-22
39,2
115,-12
7,26
2,-37
-55,28
71,1
-82,-5
77,-12
-137,-33
-53,-8
-14,-16
-6,-5
-82,27
0,-65
120,-22
7,32
-35,-11
110,-84
75,-36
57,34
-262,33
6,73
152,11
26,-14
161,-19
82,-35
-61,-48
37,-4
-11,-15
28,63
-42,-32
-73,-44
-98,19
9,-13
-57,98
82,-69
-66,-70
43,20
111,-22
99,45
52,5
-126,-42
93,-67
33,-84
-70,72
-104,107
129,31
136,24
-126,-24
-111,59
120,-24
208,-9
-16,-47
14,16
-14,50
-167,-45
16,-34
49,-32
56,-11
-72,2
94,-27
-112,33
1,56
65,52
-38,-16
-81,-9
-43,-52
-192,-47
11,-41
168,-4
146,39
-165,33
-171,-11
71,27
126,7
-3,40
16,-46
4,-37
-45,-8
-55,8
45,-11
122,-1
64,28
-112,5
-51,-17
-18,-19
-10,-67
-9,44
-106,-7
-47,-9
-22,-35
59,-57
87,-144
-120,53
29,65
194,93
-9,52
-44,-20
-125,-10
59,-89
55,-5
-223,-35
130,-21
180,-62
-73,23
-154,80
90,65
126,73
-83,80
-57,-10
111,-94
-50,-14
-80,29
-14,-19
120,22
-110,-43
-48,-10
146,-22
16,-66
45,-30
-78,51
-67,88
-44,11
23,-52
126,1
-80,20
-56,48
-103,-40
36,0
64,32
-23,11
-58,51
-53,-62
-95,-40
0,-19
162,51
54,30
27,-6
-129,93
-27,-4
-5,-73
-16,-75
198,-25
-103,-32
44,-54
-76,37
-83,18
28,-23
-20,93
-44,13
88,15
-7,8
-29,-11
19,-39
49,-86
-180,9
-87,9
121,-20
69,-21
27,-4
-17,40
-40,-8
-21,-31
107,5
42,8
15,6
-37,-45
-23,-47
41,31
18,32
-5,23
-158,57
-55,12
101,13
185,-41
89,-10
-122,-28
-56,1
36,-9
1,23
2,31
-60,29
-63,-4
9,-28
25,-13
115,28
-101,-67
-69,-40
-33,-37
-21,77
274,15
98,82
-118,34
-4,-66
-73,-77
-22,-30
-20,59
-53,86
106,5
88,-13
21,-1
-119,18
-127,-8
25,-1
146,44
103,8
-64,31
-112,-29
108,-50
-178,-17
-13,-19
70,26
6,-9
-41,11
-94,13
38,-5
139,-24
4,-35
-86,-14
-67,-9
55,-37
-106,15
-58,39
-36,0
21,-20
88,-21
-90,123
-14,-42
70,-87
41,-10
-113,-63
29,-41
163,-34
-78,-32
-103,-26
34,0
-68,-6
-13,49
28,26
-11,-8
12,36
15,50
15,58
2,35
66,-94
-67,-31
27,-6
98,8
-112,-52
57,-10
80,44
-90,-15
47,2
98,-26
-26,29
-194,34
-134,-1
173,-4
-68,32
70,-20
63,-21
-8,-39
-2,2
74,-40
-147,-26
33,-15
16,20
71,6
-181,-31
-67,-15
-68,66
23,-44
-24,-18
-34,-62
84,38
166,77
-26,42
13,-79
-2,26
-128,-3
-51,-32
72,-43
50,30
-99,60
11,17
68,13
-81,-67
-3,-40
-15,64
-169,74
31,-21
69,-62
-45,-13
-56,38
21,-32
-27,22
-24,-71
-72,-77
19,-50
105,-134
167,26
69,83
-39,18
-84,-9
-14,-30
-39,-75
41,26
-24,1
-6,27
-23,54
-82,38
-12,-31
142,2
-61,-3
-21,-51
115,-26
29,-27
-101,32
40,31
-29,21
-49,-15
131,-7
23,-25
-101,-60
-71,6
109,43
147,-61
1,94
-26,-75
-60,-34
-178,21
89,99
54,-83
-43,13
-8,-16
70,-31
-66,-73
174,-93
4,-16
-132,25
-49,12
77,31
20,20
-79,-7
-19,17
63,-1
38,-49
108,-23
-113,-69
25,-7
137,33
43,19
-16,15
-15,26
23,55
-46,-43
61,56
-52,-33
-17,-36
1,-20
-47,-11
16,18
116,38
-28,-35
-137,-33
89,-7
25,7
6,44
5,45
22,-26
194,-37
-55,2
-141,76
31,16
80,0
89,7
8,11
64,-44
-26,-57
-9,-38
151,-15
0,-39
-65,-19
7,-10
99,-44
-35,14
11,29
38,-13
37,11
20,57
189,11
-85,-19
-122,7
11,53
97,22
64,33
5,-9
-26,-21
-61,-82
15,1
67,14
5,3
46,49
75,-3
61,-27
-128,-33
77,28
-18,11
-62,-42
94,13
-43,6
20,-5
37,-94
-36,-19
-45,-6
25,-84
25,34
-29,24
76,46
12,-12
-99,65
1,54
129,21
-64,0
-4,-137
-26,-82
94,-25
-6,-13
4,-38
-9,13
119,-3
62,-4
-36,52
-173,20
123,26
173,13
21,5
-64,-59
-50,-19
-45,-87
-133,34
81,-12
377,43
-79,-45
-164,62
104,63
-37,69
125,-80
-13,-65
38,-61
-110,-16
-148,-28
66,25
163,36
121,51
-23,24
-33,-6
-3,-22
-94,9
157,-8
115,-23
0,-32
-119,8
-9,-6
93,-18
0,37
99,26
53,24
-5,-34
-110,-1
-85,-22
115,-21
79,7
-156,-29
20,6
-104,-48
69,-4
111,21
78,-77
-20,48
28,1
0,-21
-48,-11
-10,-26
-7,-30
33,35
-201,-33
89,14
123,34
-37,-38
-15,36
-120,-2
103,0
84,-25
131,32
-33,17
-52,-7
-25,-52
-157,1
72,-75
62,28
42,-49
-4,23
22,-13
-74,78
121,12
116,-14
2,-78
-38,-55
21,-19
-71,-75
65,6
73,-40
-35,-43
-42,5
52,33
30,24
84,-15
-44,-35
-16,12
70,-15
-10,-9
66,32
-48,35
-71,39
-64,-68
72,3
162,84
-103,-99
38,-29
87,54
-33,51
-84,-19
-145,1
15,-49
134,99
46,-30
-66,3
9,-36
76,63
45,26
-47,-41
11,30
100,13
72,-54
-121,-30
170,-36
143,-14
5,54
-8,4
-31,-50
-50,26
20,-92
107,-68
59,8
26,-7
-77,3
72,6
39,-34
31,-30
32,13
96,50
49,-39
-42,-5
11,18
-2,-71
-104,-8
118,33
-72,-57
27,-13
85,11
190,-14
35,21
-61,32
-56,64
34,22
184,-89
17,-28
32,63
-23,22
29,-31
108,-11
48,64
37,-31
39,-24
120,18
-34,-25
51,-45
95,27
-60,-43
36,-6
45,-6
-148,-12
47,24
41,48
20,-16
42,2
80,15
27,12
-64,-24
26,-18
71,-54
22,12
53,22
-142,-21
-23,11
183,17
81,48
-52,12
19,-10
0,-22
-18,-36
88,11
82,39
8,-47
-78,26
-14,0
-9,19
-7,6
76,0
16,59
101,-102
1,-44
9,29
49,-80
-4,9
-58,-37
155,41
13,-116
30,-57
-58,24
113,99
24,-1
46,21
42,37
66,6
-69,-86
1,1
18,55
84,-39
34,8
3,54
24,6
-53,-33
29,8
45,0
105,-60
34,3
105,-33
-70,-41
-16,3
-124,-58
92,-35
82,0
32,-12
-55,7
36,-5
102,38
89,-21
-105,2
4,-25
237,-13
-28,39
33,-43
8,12
68,104
-19,-31
182,-47
-29,6
-54,-7
161,-105
-49,29
74,8
-151,-22
-18,64
-78,48
-24,-20
193,-31
162,-11
32,-104
-38,-1
-26,-11
91,42
49,-66
-44,-27
-21,-37
26,-8
-69,-92
17,4
-21,22
15,41
83,-53
17,-25
-15,-41
-24,-26
21,-8
26,-10
34,24
111,47
128,1
12,28
-26,-3
0,-9
148,-16
5,-79
-25,-11
20,41
151,99
21,-32
-88,-71
9,-66
90,58
23,-37
14,6
13,-12
59,65
94,49
70,-2
-37,-38
4,17
73,-20
53,0
8,-26
19,-12
22,9
1,29
-33,27
29,-43
56,-37
95,-73
-55,-21
98,23
52,-4
-23,7
129,7
7,-25
-50,7
38,-7
-25,-83
7,-38
191,-71
-32,-46
-48,60
-92,-53
-4,-56
78,-56
143,-1
47,-22
17,-15
18,36
-32,30
-60,47
-44,-17
138,6
122,-32
-16,-32
-20,-18
-27,-46
22,36
-46,-10
40,-29
32,-3
36,31
69,-12
0,12
-36,27
0,-24
121,71
58,-64
-115,-35
199,-22
53,0
-56,-29
31,-23
132,-16
14,55
72,-76
-68,74
103,2
69,-40
-5,22
57,-22
150,-16
-12,13
3,30
93,-6
-54,9
21,-28
-17,6
16,-14
23,3
33,-17
20,8
86,45
17,40
-35,-52
-65,-29
51,-53
114,-54
22,-26
81,29
58,49
-75,-12
-48,-31
-83,-5
-77,49
46,-9
163,5
94,-10
50,-75
38,24
-75,-59
107,49
106,-80
49,-18
34,28
13,25
-20,73
19,-37
-3,56
-49,-53
41,-3
118,-34
29,-37
56,0
48,71
-68,-1
-106,-2
-28,27
85,-23
126,-23
95,-1
-35,-21
9,1
0,46
-98,25
27,-12
46,-65
44,-15
-10,13
-24,-29
-68,-9
26,19
47,-10
153,8
-63,-13
-75,-36
74,83
-88,-57
-133,-90
151,-64
62,45
-134,3
-81,51
22,-25
9,12
-64,-50
-8,-39
110,37
-33,40
-92,32
-27,88
42,-15
-147,-42
87,-12
87,11
60,9
-10,14
-21,25
51,-7
-6,-37
37,27
-1,28
-3,4
-111,-47
105,-27
-20,-19
-176,15
-51,29
246,-8
-40,-19
-86,-43
-6,-30
165,-16
169,17
-125,20
-88,3
15,25
21,-20
-1,-33
-38,-22
31,-12
38,6
-121,-17
12,6
78,6
30,-12
95,-4
4,-37
99,-23
48,50
-91,35
15,59
77,25
-43,-18
-53,-103
19,-14
17,39
70,-14
66,-33
-8,22
-103,-43
-59,8
68,-4
101,-20
-20,-52
-7,-16
-54,14
-35,0
120,-48
117,-41
14,19
-6,54
8,-57
63,5
38,-19
-58,-40
22,50
36,-42
2,-49
-51,-9
62,-15
-52,-55
56,-31
97,29
-24,22
-42,95
-3,-15
36,0
62,-8
15,-31
-93,-46
143,-16
96,9
-11,19
-91,6
-31,1
56,-8
77,-20
36,-36
-8,1
-50,6
3,0
95,28
65,99
53,-41
9,23
-7,-28
-58,-27
67,-23
8,44
114,-21
-2,-29
16,0
30,27
-68,-39
146,-23
46,-47
-18,-26
-52,28
-29,96
60,39
-12,-41
57,-81
-26,-37
29,18
106,18
78,18
-114,14
-34,23
117,7
-17,14
5,29
56,13
-53,0
70,-3
-72,-16
-105,-46
136,21
97,71
33,-53
-96,-59
-6,1
-11,-30
-69,8
78,46
76,6
47,-21
-29,22
49,-15
13,-44
69,16
-19,50
124,-5
-85,11
-34,-50
37,-4
-154,-53
-6,-25
52,63
48,22
-143,-33
208,-6
104,62
-77,2
-30,-19
101,-21
-25,-14
5,-20
-32,16
1,26
30,38
85,22
80,40
2,-10
165,3
26,-24
-142,0
-6,-22
60,-7
-5,44
-30,-36
90,43
-20,18
-43,2
64,-27
76,39
61,24
56,0
-17,37
66,-41
5,18
24,-13
-31,-15
-147,13
19,-24
116,-5
-34,29
-21,-83
-7,-15
18,-1
-46,74
128,-2
163,-39
-24,-29
0,42
70,58
-5,-14
-46,2
82,-35
-25,-3
-21,-12
-57,-12
59,-11
23,-26
-11,48
-58,-29
-51,12
226,-23
113,-15
0,-11
-57,3
-98,-32
23,-56
187,23
-86,-17
-164,-67
37,-49
132,39
95,11
-116,18
-49,-7
171,0
41,36
42,-20
-39,33
6,-21
-41,-42
71,-31
22,11
45,43
-35,-48
46,2
66,-19
48,-2
-1,-7
-42,8
-3,51
-33,15
9,25
-2,8
189,-31
-41,-60
114,-63
45,-31
-32,-43
-4,44
2,-18
25,64
32,-83
-127,1
-110,-20
183,12
-34,34
-38,-47
-40,-54
158,-44
-5,2
-28,-1
17,-1
-49,-11
62,1
-17,2
-42,34
160,0
57,0
-48,19
-6,9
36,-53
80,-20
-5,30
-9,-6
-93,8
-37,50
61,12
-52,-41
-83,-46
58,-5
112,-29
-18,-7
-58,-27
-4,-2
-43,-28
69,-35
142,-10
-11,-45
-22,18
43,33
23,75
7,0
52,-45
-36,-50
-97,-6
56,-32
112,-40
91,-12
56,19
132,16
-100,8
-16,12
91,61
-36,90
81,-7
129,-56
42,-19
-124,-18
-217,0
20,-18
116,-47
20,9
-117,27
-50,-32
96,38
165,23
-44,-9
2,-14
-19,22
6,-47
112,11
-11,-29
62,35
29,-30
-78,4
-178,-72
139,3
-7,-92
20,-43
-49,-47
-56,-12
-5,-27
12,-22
-17,52
66,-5
-76,4
-45,-58
-31,-60
214,7
-6,-1
-73,81
39,55
-51,-10
-85,-56
63,-3
27,22
-85,6
-73,-17
98,-2
56,-13
-110,14
-17,-69
31,4
-4,47
205,22
128,-27
-53,36
-3,13
-76,101
-31,-73
-114,-11
20,38
110,-17
-78,-60
-44,-1
-11,-53
9,-106
-24,23
9,-13
97,15
118,-5
-135,-5
85,51
198,16
20,62
-65,0
43,42
-81,-42
68,-148
90,-29
-38,18
-112,-11
112,4
45,-30
12,24
13,36
64,-66
-7,-26
157,7
29,-11
-117,-37
-27,75
-50,46
3,11
-55,-38
-58,-51
169,-115
52,0
20,-53
-39,-41
-9,2
-92,-26
108,8
134,44
-58,-45
35,1
7,14
-1,3
124,-19
-28,21
-127,-22
-5,-61
125,-13
105,-66
-73,-46
-63,31
-40,78
42,26
95,3
0,-24
-12,-31
74,-16
-9,-60
-37,-36
30,-1
26,9
2,64
-19,-2
6,-7
74,-23
0,2
-17,7
30,59
98,68
-21,-12
-56,-8
-21,-42
133,6
26,-32
-4,-21
-30,-10
-29,24
-47,-5
-2,-51
79,-59
185,8
-13,-2
32,44
-37,9
60,29
59,26
-11,-45
-7,-37
-39,11
-50,77
0,-100
140,-42
64,24
95,-11
-105,-16
62,91
143,-3
-26,17
-3,-43
79,13
29,-15
-51,50
-64,-11
8,-64
-9,25
111,22
-87,-40
24,7
23,40
61,-9
18,26
-17,-15
-23,-19
-54,-10
51,-32
-28,-37
13,-23
-97,-16
57,80
44,16
55,-4
-59,29
49,8
185,-49
-77,-16
38,-39
45,-8
36,-36
-29,15
-39,41
-115,-52
145,-37
78,16
29,-59
-3,-34
105,-23
33,-5
-29,25
-35,33
-124,7
-122,-32
84,-32
28,-81
-18,24
74,46
-65,72
-34,-7
9,-23
-81,-3
98,7
48,42
-14,19
94,45
8,31
-86,40
-52,-5
85,-64
-26,-64
-47,13
-27,79
171,66
97,17
-186,2
-52,20
13,36
205,-85
16,-27
31,92
-28,26
46,53
-13,-57
-10,-47
101,-41
-54,0
-57,50
126,130
20,1
32,-13
-12,0
18,49
-34,17
-42,-1
84,39
219,38
5,42
19,-8
19,-2
-48,38
-34,24
33,69
80,-11
45,17
-83,1
25,-48
11,0
-21,-19
-104,0
28,-64
13,30
-3,76
203,-15
82,-45
-118,7
-23,5
32,117
136,103
-13,-47
-29,-102
-27,-76
-14,20
-23,15
-41,52
26,47
-23,-46
-48,-26
110,35
-72,27
77,112
13,-33
53,-3
-184,-53
-14,40
11,89
44,54
-64,-78
85,-73
-51,-51
-8,-92
38,60
70,132
28,88
-146,-91
6,-177
58,16
-16,-24
11,20
90,193
109,112
20,161
-53,-45
-13,-80
-24,-94
7,-33
51,83
31,107
98,-86
-146,-353
-24,-174
86,-13
3,114
91,124
47,405
-18,394
74,-4
105,178
31,-222
0,-122
-76,-162
4,-182
72,109
105,143
-9,-240
13,-240
1,-36
-31,-54
-46,238
60,158
-2,12
61,-12
-37,20
-20,79
-37,328
106,342
60,-131
-40,-391
-17,-176
45,-426
0,-284
-2,-9
-5,-49
81,64
73,194
-55,104
-62,379
-73,356
83,350
53,235
32,30
-55,-410
-28,-357
4,-358
-75,-415
-7,139
132,54
69,103
51,643
121,772
-100,797
62,519
168,-164
23,-307
-7,-134
1,370
83,626
54,89
31,-236
-42,158
44,377
8,500
-49,333
-31,362
17,661
83,203
22,95
-8,61
22,-135
-38,-202
-25,118
90,322
-5,133
108,111
-67,4
-43,-46
78,-66
76,-111
-12,-101
-59,-19
-79,196
-115,128
4,111
4,218
-10,57
65,91
45,314
-134,34
43,-226
99,-247
-76,-98
68,113
52,187
-58,-128
-67,-262
61,-31
13,73
61,254
-2,138
-11,145
34,115
-111,-80
-1,3
-29,331
204,-35
-21,-7
48,309
-62,238
-30,-77
116,-149
93,-16
110,108
-21,-76
-76,-100
-60,-2
118,279
105,366
-41,61
-133,-146
-52,19
69,145
43,235
-121,171
-54,-206
149,-126
-128,-13
122,-135
1,-70
-37,151
94,52
-80,121
-71,58
86,6
40,132
41,158
-28,-22
-53,-131
-21,215
26,337
71,-379
37,-88
97,106
11,48
21,-25
75,93
-89,193
-63,0
-4,-111
18,-51
47,-74
-2,246
-30,283
40,17
41,-188
11,-12
-59,67
-17,91
-71,74
-12,40
40,92
-74,-115
228,130
226,39
12,80
-38,97
-59,6
83,65
68,29
77,-120
24,-76
-39,104
-23,124
27,65
62,1
2,16
-26,-68
17,19
50,78
46,24
-2,-57
-36,238
-18,201
37,-127
66,18
58,-9
4,60
42,-76
36,93
-44,279
22,74
-35,-48
130,-83
6,-78
-34,15
30,265
61,97
-11,-104
12,-83
0,-91
44,68
25,175
27,106
17,-3
3,-118
34,138
-95,214
-45,255
-6,-33
106,-165
28,2
33,-36
-17,15
5,79
13,72
2,-80
-36,-54
76,252
5,283
-8,16
-26,61
-32,24
56,-57
140,-95
-16,-136
84,209
-2,86
-112,-85
47,-151
49,124
59,378
46,94
2,-157
-16,56
-74,165
19,-28
-38,-229
-29,-181
-56,312
22,260
74,-14
48,-18
37,88
28,86
25,118
-27,9
37,95
-17,17
22,-71
1,-122
64,35
20,232
-5,119
26,0
106,22
32,-58
1,-147
23,178
136,65
140,-65
-47,-128
-27,45
0,93
17,-10
76,45
64,78
17,94
-36,70
-7,89
116,-13
7,130
-143,260
-14,169
2,73
70,-63
47,-93
-31,-23
-8,68
48,-62
-58,-155
-16,-7
69,235
28,146
-48,-112
55,108
-77,304
-43,96
-29,-5
-42,-101
43,-90
60,-22
40,0
-42,-42
-36,175
19,223
-19,-44
-6,-130
-27,-62
129,95
56,213
13,9
56,-88
-30,1
38,161
55,-69
-3,53
-28,67
-36,0
44,99
27,87
90,7
-95,-4
-35,-49
17,192
30,67
-160,30
-21,-21
-16,12
-95,78
66,112
136,28
5,16
-86,98
59,290
48,32
40,-28
47,-25
9,-122
41,-115
2,220
-6,82
2,-41
39,6
5,134
-2,66
49,-23
77,178
23,304
-30,5
-50,-175
-64,-170
73,13
164,220
51,69
-3,12
13,-71
-26,-86
-12,92
39,88
98,-80
8,-38
-113,42
40,72
75,132
-41,-23
56,166
47,336
-25,41
69,-5
-3,82
0,-57
7,84
96,85
18,105
-89,58
-12,-100
24,117
48,287
-8,18
30,-80
3,71
16,-16
46,-85
-50,84
-26,229
-21,230
14,-111
-38,-43
-27,-56
113,43
53,174
-12,57
13,123
-48,13
-12,-28
-1,-116
36,97
-55,226
48,223
76,-16
0,-94
-57,185
-75,44
85,-38
16,37
-57,145
15,186
125,76
-27,-74
-14,-133
-44,89
93,100
46,39
12,93
32,90
61,93
32,62
-19,89
14,106
73,62
30,-55
-23,-72
-25,-28
-54,-42
41,75
82,128
-2,61
-72,181
-27,136
35,147
121,0
-2,-64
-81,44
66,25
21,126
-66,86
8,36
-17,30
35,-10
96,-16
34,34
47,309
-32,159
-28,-5
-81,-59
13,-25
