-58,-131
-491,-56
-369,72
-56,45
146,-4
67,-17
-124,-128
156,-11
470,-2
-547,123
-172,85
-35,-73
224,-119
105,-54
-49,-19
18,13
498,29
-183,-38
-399,3
-133,26
-50,25
-55,55
55,3
118,-128
154,-22
-3,28
-371,-7
-195,-84
31,22
256,32
435,92
63,90
-86,-24
200,-104
-630,17
-370,-44
120,-155
107,9
163,28
5,-6
-21,6
150,-16
-233,-22
-283,45
14,80
81,-13
124,-70
-109,-29
-82,-6
319,6
335,-126
-179,-60
-555,2
-407,41
19,39
220,13
76,-91
15,-116
445,13
-423,1
-274,81
109,5
60,8
63,-104
-41,-95
-4,-10
281,-14
-13,64
-729,81
-568,18
-364,-69
53,-68
237,-32
102,-30
-93,28
-273,-14
431,-3
-344,-45
-544,30
52,-3
186,21
258,-12
55,-11
-63,-17
407,-65
2,22
-450,-31
-91,4
210,0
193,14
133,-1
-373,7
-45,-9
222,14
-434,-35
-230,-33
43,-30
44,-24
-19,-96
-12,27
161,1
529,27
-167,67
-737,-9
-237,-5
123,-2
148,29
29,-30
-106,19
307,-17
261,-66
-589,-99
-143,26
5,21
408,-46
174,-8
-40,39
-247,-95
197,-13
-419,-57
-439,64
-10,27
62,-22
127,24
67,18
46,9
553,-48
-158,6
-704,-1
-236,2
136,-5
123,20
-66,6
-49,-36
80,-33
341,-8
-233,18
-72,-45
-20,42
-208,3
102,-17
36,5
-1,-47
74,19
-336,50
-253,22
83,7
209,-26
172,33
-6,-9
-54,13
342,4
-100,-73
-447,26
-126,45
13,39
150,31
138,47
-58,-86
-13,16
47,-6
573,7
-176,21
-275,20
204,-8
114,1
-299,40
-605,14
-194,-47
285,-1
178,7
-462,65
-318,-25
8,2
147,21
187,-1
145,-34
235,-22
478,18
-636,-13
-411,25
-35,3
-66,-3
156,-3
81,-53
94,13
321,17
-257,11
-287,-3
-132,25
95,36
173,36
174,-35
-194,-32
81,-14
134,46
-302,0
-202,7
-101,13
19,52
28,-96
61,-30
77,-30
275,5
-316,15
-421,-23
-140,37
251,2
336,-6
77,26
-234,-35
-137,-19
23,-2
-368,88
-126,-52
-80,-14
280,19
127,-12
-25,-8
77,-32
335,-29
-185,60
-315,-25
-261,0
113,2
-39,12
-106,1
76,-29
672,-1
-304,-5
-514,35
-189,15
285,16
61,9
-151,-26
-154,-51
168,-14
-19,-54
-453,23
-161,-9
118,7
142,51
79,29
-221,1
135,-54
354,0
-486,-12
-301,0
137,28
303,-23
98,4
-283,23
-352,38
304,-30
31,-37
-532,-6
-174,65
82,-9
25,39
40,-21
-111,-62
453,-6
240,-9
-332,35
116,-21
-24,15
-353,26
-184,48
93,-34
287,-32
350,-37
-382,-5
-320,-7
-42,31
235,9
179,6
52,3
72,-71
635,50
-135,4
-719,-6
-515,43
169,-4
184,12
81,53
-62,-31
222,-15
0,13
-553,34
-132,-40
80,37
495,1
332,42
-353,-14
-35,-17
208,-39
-137,-1
-614,-12
-174,41
144,6
172,16
-82,-1
-198,-1
242,-9
-35,7
-6,-27
63,27
-40,32
-361,-6
73,-11
207,-26
279,-5
168,-54
-462,11
-236,-16
29,11
166,6
12,-14
5,-12
147,8
601,-13
-264,47
-821,-18
153,-15
-42,3
213,16
115,-23
-267,23
411,-64
207,20
-460,41
-354,-4
461,-9
176,26
-389,4
-416,-28
286,3
385,29
-271,-19
-363,16
-170,16
256,18
144,17
-64,3
132,7
523,-53
-433,-11
-563,26
-77,6
211,-4
-68,15
69,3
-65,8
285,-23
130,-22
-359,-26
118,58
19,23
-275,38
168,27
167,-17
51,11
497,-8
-498,20
-677,64
-32,-2
253,-4
216,2
-30,-7
56,-29
419,-4
-229,-21
-598,-41
6,41
268,22
97,-37
-175,31
-419,30
262,-33
301,-25
-222,-5
22,48
-362,9
-16,42
133,-15
77,17
58,40
355,-25
-354,-61
-403,4
167,34
225,-18
49,20
-79,-2
-86,18
360,-3
-85,-1
-421,-1
-281,-1
317,79
-116,21
-176,-38
-19,39
580,19
302,16
-801,-20
-493,-12
24,31
312,13
149,18
161,54
117,15
666,-38
-208,-43
-775,-9
77,8
145,1
90,20
43,42
-22,66
499,25
53,-80
-848,-47
-200,13
226,16
232,27
-129,34
-143,40
158,24
333,-40
-289,-27
-404,35
246,-15
197,42
-199,30
-175,31
-53,-48
583,-20
-80,8
-741,-58
-209,75
249,-10
125,67
128,-66
-139,-33
-75,26
145,20
-211,20
-228,-41
51,0
53,40
255,23
367,57
-144,42
300,24
-482,-79
-328,-45
60,-16
-13,27
57,18
147,21
139,-12
434,-40
-168,-16
-717,-48
-282,21
29,80
274,-37
6,-45
-369,12
423,37
451,50
-663,-73
-482,-9
138,17
213,102
144,-13
-64,-21
-104,-4
355,56
-387,-13
-470,21
298,-47
-1,-2
62,6
-21,19
83,-24
462,51
-120,0
-585,-26
-109,-61
80,-6
192,21
130,0
-200,-11
102,22
181,-94
-490,33
-76,-76
157,17
-19,91
80,-2
-249,-7
75,24
603,-48
-308,73
-390,76
-155,-86
-104,-26
240,27
100,6
58,3
376,40
-24,5
-485,-95
-287,-23
-322,-76
3,-13
200,57
119,89
53,83
335,-62
-174,-44
-91,-7
-92,4
-207,-12
148,68
126,36
-175,-68
326,-17
-213,-46
-550,-9
-242,-6
614,155
375,0
21,5
45,-19
71,49
221,-3
-352,-4
-624,-65
84,-51
78,-18
27,0
20,-28
258,3
429,-21
-345,-2
-713,45
88,-51
261,-29
125,54
206,-1
-346,87
176,-20
-245,-22
-506,86
51,-32
208,-36
155,4
-24,-24
-119,-89
490,15
-77,186
-782,0
-147,-140
205,47
12,81
-6,-27
40,-70
29,43
485,27
-287,-56
-442,-26
-31,-116
107,89
236,-29
19,23
-187,16
287,15
41,-36
-703,54
-62,-71
256,-11
222,-61
-89,-53
-49,11
-100,196
309,109
-233,-225
-167,-94
119,57
152,37
0,-2
14,-39
31,0
399,-14
-42,-70
-466,-107
-514,4
84,94
373,-15
-128,14
-184,-16
411,-50
79,2
-296,41
-123,-66
-270,-76
-76,3
77,16
51,-17
204,-9
-33,-25
-308,-22
-262,-51
91,17
108,-63
246,-14
288,55
-357,15
223,12
82,0
-485,-12
15,-84
110,3
-169,-15
247,-72
246,68
199,-17
-108,-41
-612,-52
4,-45
70,34
15,88
140,-40
-36,-57
81,-35
421,48
-356,17
-430,-13
-5,-122
205,-39
-33,-22
-201,82
-134,34
699,-55
-233,-15
-552,4
-444,-28
131,-30
414,54
161,22
-133,-30
208,1
411,-29
-737,-5
-438,-96
124,-11
563,13
40,22
-328,-58
-167,-54
388,4
-143,37
-168,13
-142,-67
-41,-34
219,-29
294,-15
147,65
-187,38
-164,-73
-186,-60
-66,-75
141,16
-27,38
173,14
-209,-24
146,-13
47,-58
336,-7
-247,-10
-622,-11
-123,33
314,16
58,52
-140,-46
-148,1
402,12
168,-4
-343,-19
-331,-46
96,-8
109,0
182,-25
121,-16
25,19
469,-31
-509,0
-552,-39
-208,-3
192,-5
318,-62
-177,-8
-17,18
399,47
-209,-5
-365,-10
-70,-32
158,-11
238,-84
-130,-4
31,50
361,97
193,-75
-674,-82
-144,-53
234,2
366,90
-191,-43
-95,-57
-10,-28
312,59
-135,57
-413,-98
-307,-20
77,-47
238,60
-116,-8
81,-38
310,30
-11,-22
-419,0
-171,-73
48,-78
178,-29
19,31
-157,-19
168,36
350,110
-230,-100
-237,-119
-90,-31
260,169
-122,1
-291,6
178,2
434,-75
-185,-70
-468,-71
-108,91
57,-90
189,-60
12,73
-97,-31
358,-9
187,-58
-538,-54
-118,22
-18,45
303,-21
50,-101
-84,-14
151,46
239,88
-347,-17
-323,-125
0,-24
21,25
98,-29
139,-6
179,-2
190,42
-160,23
-708,-42
-130,-52
179,23
205,3
46,-29
-12,-64
146,51
284,74
-606,-50
-197,-67
75,-85
46,-10
-155,167
-190,-20
-83,-37
353,-129
-328,-66
-292,34
35,121
185,120
73,-115
218,-75
24,-22
-259,81
-264,-44
-258,37
-315,-75
265,-34
366,-35
-259,37
-299,-25
211,-34
397,88
-334,-66
-204,0
-64,-39
-314,-79
222,-54
217,0
-55,51
-17,34
-348,6
-274,-43
271,51
108,-82
-186,-89
-144,-18
-66,-21
247,27
-41,-3
-313,-18
-157,-8
-114,-57
-81,-79
123,-19
66,15
255,66
227,-15
-549,-68
-274,27
-1,19
-55,3
28,-60
6,-95
8,110
400,92
-68,-86
-601,-54
-43,74
-74,-43
-61,-6
178,-120
104,-13
285,-27
140,66
-656,-29
-272,-58
65,137
321,21
196,-64
-80,-33
21,30
527,-26
-698,-86
-491,15
156,-14
-16,-67
-10,-60
-73,-7
99,6
408,-35
-173,-27
-485,-65
-140,21
313,76
206,35
-248,-79
-131,-30
386,20
110,-1
-551,-16
-40,-9
-30,-1
106,-113
-170,-29
143,42
236,4
224,-12
-281,40
-562,70
-29,-91
-68,-165
142,31
193,161
1,-25
294,-105
-252,-25
-465,-29
-144,70
324,-38
222,-68
0,-86
-277,-62
316,33
127,44
-737,23
-148,0
176,-65
-62,5
-42,-45
48,33
143,-14
331,-77
-233,20
-396,-1
-124,-15
98,36
172,-88
53,21
-118,-26
375,-2
-162,44
-504,-45
-108,-4
-53,36
-178,-73
140,-68
-20,-62
163,1
401,38
-370,-12
-337,-87
157,-25
297,111
184,72
-243,-125
-293,-71
431,-7
-227,7
-527,14
-200,49
186,-44
169,-52
232,-54
381,-57
115,40
-511,11
-713,-17
-136,4
208,63
12,-7
76,-30
30,-98
28,-16
456,20
-324,-54
-365,86
17,-1
15,-42
67,-29
-166,-105
3,-44
107,5
-196,157
-541,47
31,-102
214,-45
71,28
78,24
-94,-35
-250,-59
324,40
-366,-27
-458,14
-67,-69
438,-35
342,8
-338,0
-464,-11
473,-24
-148,68
-398,0
-47,-46
201,51
166,-97
-131,-13
-15,3
307,8
-70,1
-601,-90
58,-46
-65,-54
3,-12
39,24
104,-30
218,7
115,-21
-749,17
-403,9
185,-16
193,-29
109,-62
-62,30
-151,15
401,-15
58,-19
-304,-50
-146,11
138,25
100,-92
59,-78
-51,-39
261,123
-14,0
-514,-87
-219,-4
58,4
85,33
-18,-78
-78,-76
41,48
187,-28
-288,-54
-105,20
-138,53
-64,4
19,9
190,-101
98,-78
4,2
-223,36
-433,-16
11,-46
147,-33
116,-78
-169,44
-93,63
44,-65
199,-18
-416,-1
-193,14
-117,42
-28,-53
182,-48
-5,-72
59,-31
349,-45
-532,-8
-335,0
24,36
-9,-16
15,35
61,-61
122,-47
61,15
155,-27
-373,-11
-222,-44
64,52
123,9
-117,-93
-243,-93
223,-3
462,73
-545,18
-552,18
82,-27
310,47
151,-29
72,-124
172,-27
278,145
-152,-1
-264,-60
-74,-86
176,2
-41,34
-55,-65
15,-41
305,4
-51,-28
-424,-8
-45,-40
7,11
89,2
-204,16
-260,-48
174,38
352,-9
-182,5
-423,-67
-114,-25
70,46
-7,0
143,-31
275,-51
401,18
-212,-53
-740,-31
-338,28
124,46
245,-80
109,-63
-62,-65
53,43
33,-14
-487,-6
-199,0
65,-4
236,-46
235,-2
-361,-89
38,-38
586,2
-360,24
-548,-24
106,-28
-232,-8
-22,-37
49,-17
289,-7
332,68
-87,-61
-562,-27
-125,4
-37,30
239,-117
142,-24
-199,-19
205,-15
303,-34
-569,34
-384,-40
-80,13
202,-11
168,-14
177,29
-52,-20
-56,-63
-101,-43
-292,29
-16,27
340,58
315,20
-58,-93
-345,-73
52,9
44,-12
-273,8
-51,-32
56,16
138,17
164,-18
26,-26
-31,-68
293,-10
-261,44
-643,25
-116,2
265,-42
192,-64
-220,-83
-76,-17
253,73
-93,38
-471,0
68,-59
264,-6
316,-4
-299,-20
-26,-43
149,8
-254,37
-619,-52
-202,-22
213,-8
67,-13
136,0
-82,-20
-104,-36
291,-20
-140,19
-453,1
-45,18
134,-18
107,1
-157,-55
-119,-33
239,25
-16,21
-242,-4
-38,-19
154,60
21,5
-88,-79
-101,-30
111,2
161,0
-128,-35
-211,34
7,-5
-254,-111
102,-102
11,2
-140,-2
190,39
-278,28
-316,29
-18,-42
339,13
32,-18
-212,6
45,-47
198,-11
-247,-18
-459,38
-91,-10
61,-2
73,-4
-17,24
-113,-47
373,-69
370,-12
-522,9
-362,-8
-137,37
199,-37
248,-13
-224,-26
-348,-9
278,4
-105,66
-406,-17
-28,-55
-149,28
61,-88
-21,-48
-28,-45
197,-30
230,-42
-588,-5
-316,81
79,24
177,24
163,-113
-245,23
-64,44
263,-9
-265,-18
-154,3
25,-35
66,-54
110,-93
-38,114
72,-28
212,-23
-234,26
-307,91
-307,41
133,-30
105,-65
105,27
-54,27
207,-11
62,27
-291,-12
61,-27
-98,8
9,-25
-83,-1
-8,-7
67,32
293,-53
-320,36
-257,-8
57,0
154,-43
-113,19
-73,25
-237,63
264,3
98,-9
-414,-83
-464,-53
-201,99
-42,52
107,-90
25,-86
249,-25
144,-49
-506,51
-458,46
82,4
55,45
178,9
-180,-6
28,-29
138,-18
-552,61
-374,6
122,-24
353,-22
-295,55
-150,59
50,-61
-98,-56
-140,-70
-277,93
-238,46
156,-31
185,-5
142,33
-33,40
117,-106
131,-22
-370,-10
-73,-7
-176,118
98,104
-38,-80
-145,-18
-32,-45
347,-6
-9,-30
-140,17
-251,0
-322,33
-81,9
210,-28
-81,5
183,-30
104,-5
-445,6
-342,-33
-37,4
101,89
-49,-7
-80,8
44,13
235,-65
-292,-53
-338,-13
212,-24
-39,36
16,20
84,34
-45,-5
-107,-36
-172,-47
-304,-7
-191,38
154,68
380,8
184,20
-414,-21
17,-17
169,-8
-201,-7
-335,8
-221,-13
-29,-25
-26,38
-127,47
182,3
628,-44
-257,-29
-582,22
-135,11
223,28
72,40
40,11
51,-22
239,-42
-173,-35
-537,-6
-289,55
-11,18
219,-38
129,-7
-343,13
-35,7
118,-9
-251,-32
-236,13
13,-10
19,24
120,-36
157,4
-139,-15
-142,1
-36,-21
-208,28
-131,26
-61,37
109,4
-168,-25
-136,-47
200,45
51,-38
-425,-56
-58,-58
74,67
242,24
-243,-30
-215,-11
23,28
-290,68
-485,-9
18,-35
-101,21
33,8
72,-16
-28,-15
-63,5
632,36
-221,41
-467,-19
-187,-28
1,29
105,33
104,6
-18,-5
161,-19
358,-42
-264,6
-641,33
-302,-20
167,-6
407,-12
-212,23
-33,62
209,-10
-437,21
-383,2
36,-23
248,25
89,16
-225,-29
-28,-48
415,33
-149,28
-381,-5
-104,-44
159,-41
-132,0
187,63
15,-18
-96,13
20,47
437,-9
-231,-33
-451,68
-237,-42
177,-42
246,-17
6,16
-103,25
449,22
100,1
-775,-38
-182,-24
218,17
-108,26
-288,14
84,-1
211,14
82,-9
-398,-11
-131,-62
82,-39
251,26
-90,41
-47,-1
-210,110
496,-72
-33,2
-839,13
-326,0
186,-8
315,3
-361,16
-9,-22
210,-68
273,29
-453,5
-83,-51
-43,-36
91,58
149,61
56,-15
61,-5
290,-3
-631,51
-290,-28
-71,-17
-92,-6
55,6
-114,7
106,2
395,68
-186,0
-581,-62
-557,-38
22,56
148,12
113,-5
-29,-5
-56,31
106,-22
-558,-52
-255,49
12,3
410,-16
-110,43
-210,-15
-234,-41
239,-5
-137,61
-272,-24
108,-32
-9,-6
173,51
-70,3
-278,-28
388,-1
-282,-13
-333,-19
-212,-34
-35,40
214,-1
146,40
-244,23
-16,2
174,13
-319,-16
-157,-22
-166,-26
198,26
3,17
-342,12
80,34
435,-36
-135,-19
-376,-24
-269,55
-72,29
-4,11
98,-1
130,64
356,-8
12,-27
-498,-10
-345,-26
154,-10
272,-37
-202,39
-189,-26
35,16
163,3
-112,9
-339,-15
86,51
94,-4
64,-25
110,-18
-148,-6
24,16
-274,20
-366,-2
-37,-10
-42,-12
-47,7
-60,-7
12,-5
233,1
122,0
-494,19
-152,-44
96,-53
221,8
165,0
-326,14
-329,38
252,61
-142,-48
-316,-85
3,-36
100,95
114,75
73,-63
76,-22
219,12
-132,2
-205,29
-33,61
-257,-125
2,-91
55,41
-224,54
195,32
164,-58
-453,-69
-345,11
255,80
237,-58
-197,-27
-156,30
-213,30
393,-46
-146,67
-457,-69
-100,9
140,-2
-52,13
51,23
5,31
-287,46
-45,4
-190,-125
-112,5
119,-20
129,100
-127,51
-143,-41
77,-29
426,-5
-366,86
-281,42
-353,-24
1,-25
144,-30
51,-10
126,-16
319,-16
-332,-24
-602,61
-186,106
257,-39
129,-91
-391,-16
12,106
325,69
-108,-17
-558,-41
-135,37
258,2
38,-32
-236,-27
-83,-18
136,-29
436,13
-318,9
-344,46
-13,-56
77,-10
64,-20
-219,44
-135,-44
426,-23
-263,65
-370,93
-314,8
67,-62
162,-44
41,4
-209,-17
177,90
222,-3
-341,-60
-149,-34
-213,66
93,40
255,-40
141,-64
-213,0
-69,8
-409,21
-277,34
-17,45
-11,-30
-84,-50
124,-1
89,37
-63,19
258,25
231,-25
-586,21
-609,7
180,38
309,-91
59,-39
-234,75
-181,158
269,-97
-32,-57
-536,19
25,-9
-4,-31
-46,-42
-23,39
-117,-42
209,-1
-16,4
-393,9
19,24
30,23
226,-25
4,-11
-101,20
175,-56
188,11
-890,15
-457,66
248,24
-158,-80
-21,13
90,61
57,5
292,4
-427,-9
-416,-12
-18,22
12,-11
368,-29
219,-12
-754,25
117,12
352,-25
-21,-12
-384,19
-270,6
35,-4
118,-21
183,-3
94,13
-427,15
398,26
63,34
-319,9
-384,-6
-120,-25
-13,-37
-2,12
59,38
197,17
343,-15
-682,2
-432,31
-101,-17
37,-56
52,41
-238,25
102,-9
3,73
-256,15
-197,-51
-46,-15
49,-3
-61,-33
88,27
-78,3
125,-10
-40,-10
-396,-36
-139,28
425,-23
128,105
-135,25
68,-13
104,-41
210,0
-312,64
-191,3
56,-59
1,-112
-39,-24
111,25
37,40
274,16
-247,80
-319,0
-146,-4
67,-41
80,-67
139,3
-45,36
181,37
5,-19
-495,17
-163,-35
91,-33
-66,-24
-26,-2
9,17
58,-19
283,36
-302,-40
-378,-30
-88,21
-57,9
40,-30
-5,0
125,33
185,-13
-79,-2
-401,87
-97,90
180,-67
89,-14
-44,-36
-220,-34
156,1
201,39
-225,-11
-156,58
-391,-54
54,-13
45,20
15,-60
6,15
55,6
-350,-45
-358,40
-14,24
350,-10
273,-60
-180,-49
-213,4
88,32
45,40
-202,14
-278,-28
-136,0
0,-53
18,-26
-45,-6
163,-15
175,32
-297,86
-146,153
126,-51
67,-58
-156,-27
14,-4
227,49
101,-14
-232,-24
-497,47
-100,33
-174,-14
99,-78
273,-30
-28,17
177,73
-19,66
-505,20
-222,-55
151,-42
174,-16
-44,-63
-171,48
-292,58
172,-11
-217,-15
20,-24
408,17
61,136
-192,-20
-154,-141
-21,14
353,28
-6,30
-271,28
-224,-36
-120,-12
-129,5
149,-54
96,16
390,47
28,95
-351,48
-213,0
191,-40
217,-93
-205,-33
-41,116
201,-14
492,-8
-252,-15
-679,-6
-99,72
290,-21
-119,13
75,44
180,-26
1,3
-354,-2
-435,20
-164,88
22,-17
54,-92
-61,-47
168,28
406,-35
257,8
-552,19
-420,127
-65,-20
47,-117
208,-30
-158,-48
-112,17
311,-16
-245,26
-243,1
36,18
142,61
78,-63
36,-24
92,77
212,27
-84,64
-553,-124
-54,-24
41,16
79,-41
97,-20
-32,2
278,-14
-258,-12
-510,67
-321,25
103,-83
210,2
70,-17
11,-31
-82,-11
371,36
-270,19
-453,-10
48,-42
55,1
26,-76
37,-9
42,22
-44,-18
81,24
-439,38
-81,44
108,25
247,-13
-220,-79
-63,23
104,32
313,69
-409,33
-316,-8
-55,-57
77,86
265,-20
59,-24
-135,-67
287,38
-111,44
-449,53
-105,-18
91,-2
150,-7
69,-15
-147,-19
37,-21
171,-13
-248,17
-360,56
38,57
352,52
52,-74
-123,-13
126,78
512,-26
-332,-7
-467,60
192,6
131,-28
-163,-39
43,-42
-138,-21
79,11
-40,68
-406,27
-8,-20
159,-13
315,-9
-198,-5
-64,7
197,0
187,16
-383,23
-293,22
-79,17
68,0
98,35
65,-38
174,-39
294,-7
-130,34
-565,30
-254,8
-26,2
179,-12
130,-60
-107,31
116,28
59,19
-457,11
-142,1
62,-1
32,-13
178,-49
-27,-10
21,11
244,84
-430,-50
-243,-19
68,1
-117,38
126,0
-5,-71
-52,-18
247,54
-59,0
-261,-12
240,13
74,17
-92,-9
-42,12
-10,-18
298,11
50,0
-509,0
-189,-12
139,0
251,45
117,-19
4,-32
197,14
467,16
-362,2
-424,-10
-125,24
-160,5
281,-14
177,-7
34,8
446,7
-458,-16
-303,41
102,36
209,25
-27,-5
-209,-43
-168,1
209,25
227,22
-433,13
-344,-8
93,72
270,-25
147,-31
-10,-1
251,-8
308,12
-307,21
-363,-3
-99,16
102,4
143,-4
100,-62
-33,-38
12,14
-135,-57
-459,35
-195,28
315,35
-158,93
-457,-135
186,-23
282,56
397,1
-334,8
-362,19
-304,-11
172,17
168,6
-48,-2
115,30
401,-36
-189,22
-506,15
-279,17
328,26
355,-50
9,23
-174,-4
157,-4
80,25
-540,-25
9,-33
61,24
100,54
300,-36
-128,-50
14,25
163,-25
-370,-63
-348,78
50,27
270,-27
-18,19
38,11
-1,-34
-59,-7
158,-25
-17,-25
-187,77
-36,0
237,-10
-277,24
14,-17
64,-33
71,29
213,-36
-243,63
-372,-69
-133,39
76,-1
-14,19
-84,33
116,-28
438,-15
11,-41
-573,-42
-239,-1
70,-9
16,-8
223,-19
-25,-19
-176,-13
12,0
-265,29
-251,-2
-20,61
174,-32
70,-74
-47,9
-20,7
277,-18
-311,2
-283,16
-47,37
111,13
99,-61
-5,-34
-29,15
250,14
-31,11
-275,-14
-161,19
9,-12
162,49
95,20
40,-36
100,-17
95,-4
-377,17
-209,26
-54,22
121,0
87,-13
-286,-31
99,17
232,0
-242,14
-218,2
-186,-13
41,66
15,-35
23,-44
-110,-27
280,-24
14,24
-256,-10
-295,48
91,6
333,-53
101,-13
-151,-47
-86,-5
609,44
-525,12
-242,-9
117,-19
144,16
14,-73
-154,50
-308,45
494,-34
-99,-54
-556,57
-53,34
12,54
190,-42
330,-82
9,73
36,9
292,-29
-521,-24
-276,54
34,50
204,66
45,-17
-6,-85
72,-4
270,57
-373,-27
-327,-23
-4,48
204,46
-16,4
93,-68
241,-37
361,-9
-497,2
-396,130
-163,28
12,-56
166,-26
-57,4
85,25
307,-74
133,32
-590,-37
-428,7
111,26
254,30
234,-1
-109,-32
-157,35
683,-22
-489,26
-422,-12
166,12
487,44
238,30
72,-3
-254,-61
252,1
346,41
-373,24
-406,-4
34,17
269,-48
176,0
-186,-11
-26,-80
81,-29
-394,94
-49,22
29,45
26,22
-75,-64
145,-18
-36,40
260,-23
-317,-58
-445,21
-98,25
133,46
255,-40
148,-29
-186,-25
146,8
103,5
-576,100
-224,-17
223,-22
-44,-29
-24,-60
49,28
57,69
492,-19
-329,9
-620,9
-116,56
304,-12
254,-66
-382,-68
-89,-34
456,147
75,41
-471,-30
-208,-29
41,54
80,22
-60,-15
59,-21
334,-29
-5,2
-676,-20
-156,23
75,17
235,-2
95,-8
-162,11
163,-6
159,8
-267,-24
-266,7
9,0
238,28
58,-3
16,-44
112,26
357,41
192,48
-461,32
-336,-23
239,0
97,-13
139,-52
189,-38
114,55
-265,57
-272,-36
-165,-58
-152,-1
7,124
80,-24
133,-41
74,-57
352,11
-165,29
-324,24
-129,22
162,-11
153,16
-10,13
-118,-32
140,-46
-160,19
-558,47
-193,21
85,4
98,30
93,6
118,-30
107,-46
24,-10
-445,30
-167,-21
0,63
144,33
46,19
-36,-13
-43,-25
535,-2
-180,-2
-537,17
-72,-2
249,-1
318,59
1,-19
-343,-16
143,-18
83,0
-353,11
-327,32
31,8
189,0
159,-9
109,-63
91,-50
276,-3
-279,68
-362,-68
-121,-1
110,95
150,-5
-33,-24
-166,32
300,1
-50,-5
-301,-35
-147,3
-73,52
-25,37
402,4
31,-31
158,9
161,-68
-508,-52
-251,-15
-1,33
73,12
247,0
-16,40
-17,-82
374,-55
-239,-14
-468,13
-108,16
175,-44
-25,-36
130,64
-119,46
301,-54
2,-28
-615,-55
-78,15
139,111
48,19
-83,-63
-21,-20
259,-27
348,-32
-519,7
-360,-22
30,22
164,-59
251,85
-13,45
-176,26
402,-51
-347,-23
-472,-30
-88,61
112,40
112,15
49,-30
-111,36
76,19
105,11
-139,-97
-272,0
-94,0
158,18
114,49
-33,26
95,-31
362,23
-355,20
-403,-13
-19,-4
152,-27
263,56
133,3
-129,-2
444,12
13,7
-713,-39
-192,-55
290,48
289,24
78,-13
-258,-4
419,30
290,103
-568,-2
-205,-72
238,-24
305,-8
-292,55
-243,25
246,-6
520,55
-311,-12
-477,-11
141,35
76,-104
186,-16
53,-17
244,25
449,39
-222,-34
-324,0
0,-24
196,0
99,-23
-70,-42
-33,48
129,41
267,17
-300,-1
-193,-2
158,12
344,34
-89,-44
-71,-53
243,8
120,25
-338,-15
-263,8
-33,-2
136,24
134,28
108,-16
67,27
203,7
-56,79
-277,-29
-157,-40
119,-19
225,-35
170,-5
-32,0
33,36
168,-63
-318,41
-160,67
75,19
169,-4
24,-61
39,-20
141,7
19,-36
-221,21
-194,41
108,17
208,-47
-400,-20
163,-30
207,30
215,34
116,-23
-142,0
-369,9
9,-18
19,-51
107,-16
-51,25
111,36
190,73
-103,-37
-311,-9
-139,58
215,2
95,-15
