-3 -39
0 -8
-2 30
27 -1
-18 -18
-3 19
-17 1
34 -33
7 24
21 51
5 -25
-21 -22
-18 74
28 57
28 -26
24 11
12 30
-30 -10
-46 -9
-4 -24
52 -1
58 -2
-2 25
-30 12
-52 -19
5 0
5 -1
3 -16
23 -3
26 -8
-33 -1
-31 -20
-34 27
25 -1
68 3
35 38
-18 8
3 -10
-7 -7
-10 -26
46 24
21 8
33 6
2 7
-33 18
9 -27
14 33
3 33
-3 -15
39 12
24 -26
35 -3
-11 16
-15 2
11 13
45 -4
49 20
18 27
-10 -40
-66 26
5 5
-13 -18
-16 4
-14 11
-33 -2
0 -4
-30 -6
26 8
41 14
74 19
52 -24
-18 -19
20 35
-15 20
-19 -5
27 -29
-7 11
-27 31
-26 9
-22 -23
15 -9
26 33
6 -74
-44 46
48 35
11 0
12 -30
-17 7
-13 17
13 26
47 -15
-40 -20
-7 -5
-53 78
53 24
-7 -2
-40 -16
-5 -1
46 29
66 17
54 39
43 -11
-25 -8
-10 26
5 -3
-29 5
20 2
25 -5
0 9
-14 29
-19 1
12 -17
7 -1
56 -8
60 9
12 42
-32 11
-45 -9
-55 -15
-8 -30
52 28
19 46
5 -35
38 -8
-38 3
-39 -10
59 15
118 52
-8 -9
-185 -46
38 58
17 -3
-18 -18
35 25
53 -8
27 7
-35 24
-109 5
86 16
55 13
-38 -27
-106 -19
96 6
63 25
-10 -28
-88 5
-95 25
169 -7
16 8
-128 30
54 12
83 12
6 22
-31 -5
-12 -28
46 5
15 0
31 -1
56 5
-22 6
-17 5
-16 -7
132 -28
56 4
-123 34
-21 24
94 -3
-3 -14
-51 -18
17 -37
-5 2
12 0
-21 58
-14 -40
23 -30
54 1
66 12
23 53
-26 -17
-71 11
0 4
82 9
41 -11
-76 -66
30 -32
76 23
41 -31
-121 -4
61 26
18 2
-20 1
-11 -20
-12 -3
19 27
50 2
-4 -1
-46 18
6 -19
49 -6
35 -41
-10 -1
29 76
15 30
-9 -23
-100 -13
38 -12
69 13
28 -5
-22 6
-27 3
54 -6
16 17
3 39
57 7
-47 7
-74 -32
83 -3
-15 2
48 -8
-21 -10
-60 29
1 -14
39 -2
72 -3
55 38
-115 5
4 -8
97 12
-24 -1
-40 -13
22 12
23 41
-38 -21
73 23
-42 -26
12 13
32 -8
0 9
3 57
-13 9
-9 -32
34 -14
78 2
12 7
-56 22
-1 -31
31 -41
32 26
-3 -12
-30 19
27 31
-6 8
-2 -10
12 0
-8 0
27 -6
-47 47
-20 30
69 -13
48 -21
-35 3
-6 7
27 19
-63 25
-49 -7
153 -1
38 21
-50 -52
-46 -5
14 57
43 -29
-41 -11
-108 25
117 -13
-31 -17
-14 41
9 19
54 0
-16 13
-92 30
86 4
-15 5
32 11
-22 -41
50 -32
-20 -2
-58 0
6 14
51 50
36 5
48 13
-2 -26
-17 42
5 -6
-3 11
-33 -14
26 -17
41 19
-8 4
-1 -9
-12 24
-13 12
57 12
-1 12
17 -13
-26 -12
3 22
-28 12
34 5
34 7
-17 -21
-51 24
129 28
-25 8
15 -20
16 22
46 9
-2 -24
-45 1
-59 22
-30 12
63 -9
18 -6
-14 37
-12 40
26 -12
32 -6
45 -12
-22 -5
22 16
-53 -2
21 16
-2 -10
13 31
16 12
-24 -20
37 11
-41 -27
5 15
60 30
40 1
-27 -1
13 -3
-101 12
21 40
88 -4
9 -5
2 -6
-32 -2
0 -1
-39 -3
57 -4
-1 -2
-35 25
24 18
-23 0
7 -4
79 -10
-91 -18
62 -6
43 -8
-38 7
-78 0
-68 24
206 -8
-11 -2
-42 0
30 17
-42 -28
-53 14
83 7
51 -14
-6 29
-21 8
5 -35
-51 15
-70 9
85 -19
99 -10
-40 0
-40 19
-2 36
38 0
-25 15
-54 -29
108 16
-3 3
26 23
-22 -3
-15 18
16 9
29 13
15 0
36 16
31 -6
-23 -2
17 -1
-53 21
-18 4
26 -29
-25 1
-2 -2
84 25
-21 -4
-18 -5
26 -16
-8 -15
29 38
-13 22
26 -3
39 -15
-25 2
-28 8
41 33
43 50
-38 22
22 -10
-33 -24
43 14
6 -24
19 -16
2 7
8 8
-12 0
71 -24
-9 -1
-16 12
46 16
15 -7
-49 -5
34 23
31 -13
-63 7
43 3
16 13
-36 4
22 12
-5 -33
-35 2
50 4
59 25
-67 20
22 -8
12 -11
-15 28
40 -21
50 -42
-64 24
-59 -16
30 -11
51 41
41 15
-44 -54
-34 85
78 2
-91 -70
17 -36
-3 0
50 38
33 -2
-28 -16
-20 -35
21 -17
54 28
4 32
1 16
25 -13
29 0
-78 -3
-77 15
47 9
52 -7
40 13
-73 28
19 21
0 -25
-17 -14
17 7
49 19
-7 -2
21 -31
-4 8
60 33
-110 27
76 13
23 30
0 4
-24 -52
29 5
17 21
-141 1
43 27
47 -11
7 -28
-8 -31
-9 51
5 44
37 -34
24 -24
12 176
-18 -15
11 -79
-30 -39
-45 -29
58 8
5 42
-43 0
-4 -23
19 -29
54 -13
-53 45
-23 30
108 5
-83 -6
-80 3
37 -28
44 -14
14 -5
-51 -13
13 -7
29 18
11 16
-33 3
57 18
28 5
-87 5
54 -26
-63 -5
66 21
-5 5
-18 6
-18 -21
19 -20
-12 -41
27 5
24 43
4 -51
22 9
-24 25
30 11
3 -7
32 27
17 -5
-66 -6
-3 16
30 16
7 -9
-27 -26
38 -29
-2 17
30 7
14 -6
20 -12
9 14
48 6
17 -7
-59 5
-40 -4
14 -11
37 1
-2 18
-10 3
-14 5
65 8
46 4
-68 -6
-5 -13
115 -18
-30 2
-9 -1
15 2
-20 -65
-33 -21
58 18
4 56
-1 80
37 -25
0 -51
17 -14
-22 6
8 9
18 9
72 6
-19 -34
-2 -48
-17 -52
13 33
19 59
15 1
13 -6
37 -3
28 56
-53 6
4 -24
37 4
-56 -1
-37 12
60 -25
1 -2
-62 9
74 49
13 20
33 -45
-34 13
-32 -7
24 13
-54 -13
7 14
98 -26
3 -7
-37 13
-10 27
20 16
60 -2
-104 -5
-38 28
78 23
62 11
-2 -31
-13 -40
-76 12
46 52
33 42
3 -50
-21 -7
47 39
54 19
-4 7
-33 2
66 7
20 7
-49 0
-1 -5
0 -6
35 -39
24 44
-16 81
5 -5
-56 -31
-3 -21
65 6
19 20
-12 33
5 2
1 -26
-16 -23
49 31
23 -8
-23 -28
68 22
-60 -13
123 -8
-98 17
-10 -11
24 -16
90 -1
-43 19
-46 32
-7 3
23 30
32 31
27 -3
32 -48
-65 28
74 18
73 27
3 5
-19 -14
-58 -11
38 9
61 -37
-28 -24
-14 63
-5 62
15 2
30 -37
52 4
-19 1
-38 14
41 1
-53 54
11 32
16 -48
19 -34
-12 -39
21 14
51 39
-32 29
82 2
16 -49
-72 -23
-1 -41
7 12
28 15
0 49
1 22
-20 36
-64 -24
52 -18
15 23
-61 -90
13 51
-11 14
137 -5
-49 -6
-22 9
43 2
-8 11
20 8
0 36
15 9
-10 -38
35 -10
-78 -4
-42 -20
71 23
48 0
28 -10
8 50
-53 9
12 3
15 1
29 -15
-33 2
-68 9
24 36
137 1
-48 -4
-32 -12
16 4
62 18
-26 16
43 -7
64 17
-33 -11
-71 -38
-52 56
42 23
-69 -29
169 -18
-17 -20
-68 46
14 27
91 2
7 -40
38 -9
32 22
-12 24
-17 -8
19 15
-53 0
15 16
39 30
-3 3
20 16
-5 -3
20 14
8 -8
29 26
5 1
-17 -1
-22 5
25 11
-31 38
49 0
36 -45
-5 -13
0 33
19 -5
18 3
19 -31
-61 9
101 7
-28 16
-39 -12
19 13
-57 4
77 -12
26 4
45 17
-17 -5
-25 5
2 -5
14 -17
36 16
17 -11
-18 -15
-13 -19
24 42
7 104
0 -39
107 -52
-22 -19
-72 75
4 19
41 -56
46 -9
-124 -11
54 -3
12 3
-82 -31
23 -7
39 21
54 0
-52 42
19 35
3 -11
0 24
-9 -16
59 -47
46 -14
5 35
6 40
21 22
16 -84
12 -26
-29 16
-10 52
15 -3
53 -7
25 0
-20 19
2 16
12 29
-3 15
21 -24
94 8
-78 -7
-50 -19
87 -6
-41 24
-21 46
-1 -38
69 -16
74 -18
-12 4
-3 38
-17 -5
27 -5
31 1
-23 1
0 -18
0 22
-9 -2
13 -6
-29 26
61 21
-22 -7
13 7
11 3
13 -4
-6 3
12 17
-30 -14
-6 -15
25 -3
30 17
-14 12
-74 6
87 9
-7 -14
-42 -49
98 19
-49 64
-47 -1
71 -4
7 -2
38 42
-39 6
1 5
0 18
41 15
8 -1
3 -22
24 -13
-41 -9
-73 -5
96 -24
39 13
-52 -13
-19 -8
87 35
15 -9
11 -8
14 40
-36 2
47 0
40 11
-20 8
14 11
-11 0
-60 -17
55 -28
40 -11
31 32
4 61
2 13
-36 -4
12 -3
9 13
-126 6
-21 -29
62 -1
-11 -12
5 -36
51 -46
15 -23
-76 17
26 46
123 -67
3 -5
-17 -8
4 6
-21 -19
-5 -66
21 -2
-8 43
-30 -10
1 -33
12 0
52 9
9 -14
6 6
-5 -7
17 -23
21 -49
2 -32
28 16
-33 -16
-1 -27
8 12
-16 12
64 5
9 -40
-79 -49
59 -32
4 41
-17 6
9 17
1 -16
15 20
14 -45
23 -70
28 33
-35 9
-31 44
71 -39
17 -35
23 -64
23 18
35 -13
-59 12
1 -17
89 31
-94 13
-7 -26
59 11
0 -13
3 -36
7 2
27 40
15 -25
-7 -15
4 19
-84 -40
58 -49
18 3
-11 47
-16 -4
74 -27
-12 -48
-32 0
5 17
-1 -16
33 9
21 -41
13 -10
8 -7
18 -9
-21 -5
-38 -66
37 -32
64 -6
62 6
-43 -44
-65 -18
24 0
23 12
-9 -29
35 12
42 -2
-16 -19
-20 -4
28 -37
74 -11
-8 -20
-74 -23
4 -22
24 1
-40 17
28 47
89 27
-62 -34
-3 13
48 -56
48 -10
-6 18
-31 -40
5 2
37 -4
-19 -12
-38 8
0 -22
5 -19
-10 20
37 -19
44 4
50 -26
-49 -3
-30 3
72 -28
-3 -16
-31 28
-25 -3
-5 7
50 -36
5 -12
24 -24
5 -13
-40 -10
37 -10
74 -27
-28 -10
0 -7
-12 4
43 -3
-36 -25
-18 -17
9 0
-2 -13
37 -46
8 -1
-42 -3
-8 -5
33 6
4 -16
20 -23
-18 -29
-57 -1
81 -20
43 1
-27 3
-12 -7
9 -30
22 7
-14 -2
27 -19
41 -43
-95 -5
-23 3
50 -32
24 -7
8 13
6 -32
11 3
13 24
-66 20
97 -29
103 -25
-46 -14
-42 -17
14 -3
45 37
-45 -4
-13 -37
18 -2
41 6
6 -7
-5 -33
2 -47
1 33
13 -8
-13 -35
26 -30
-12 13
-3 30
21 -1
41 -38
-22 -32
27 -7
26 4
-15 14
4 -5
63 -21
-16 -30
-2 -4
-9 -10
-38 -4
107 0
-83 -13
5 -40
16 -31
14 -11
31 15
32 -32
8 33
-25 22
-19 -26
-18 -27
110 20
-50 -17
50 -34
45 -22
-17 -8
0 24
21 -7
7 -20
20 -4
-21 3
-42 -22
29 -25
105 18
-32 -9
-78 -40
-15 -9
28 -17
61 -61
47 -7
-11 -3
-99 66
62 -11
20 0
-3 -34
4 4
20 -17
1 -35
-37 -9
17 -33
93 -14
-1 34
13 -25
17 -42
15 -11
-26 -11
-5 -6
61 -7
-29 -10
11 -18
17 -40
-4 0
9 2
-35 4
51 -10
12 6
4 12
-26 5
8 -34
23 8
-4 4
2 -17
-20 -84
-7 -3
71 7
-2 9
36 -28
-30 -55
4 19
34 23
-21 -29
-26 -40
39 20
23 41
-18 2
-35 -12
27 -37
7 -9
3 18
53 -39
-3 -39
-13 -23
14 -12
17 -16
3 -59
-3 -19
3 -4
-36 7
-23 7
43 40
-27 5
23 -12
40 -21
-9 -31
3 6
-24 -19
115 -34
45 -23
-36 -29
-13 -28
-8 -46
-34 -6
86 -21
91 -6
-52 3
-21 29
-54 -30
21 -38
51 -12
30 -21
8 -27
-26 1
-95 17
53 -46
137 -33
-11 -18
-13 -6
-17 -7
13 -5
13 9
16 9
-3 50
-8 22
5 5
5 -29
-35 -13
-3 -15
0 -25
24 -7
71 -17
-30 -30
-72 -4
70 -2
30 4
-1 -3
4 -31
6 -17
-20 -12
36 -1
-11 -14
-78 -2
75 3
74 5
17 -10
27 -36
-57 14
-111 2
106 -21
34 -15
-19 5
-13 -45
-22 36
30 34
18 -6
-7 -21
-16 -2
0 -20
46 -7
23 8
-43 -22
56 -17
-27 -23
-38 -42
44 -10
0 -17
46 -16
34 12
-38 -2
23 -20
-44 -20
12 7
-10 -40
33 -11
-9 -21
18 -37
1 -16
-8 -12
97 -7
-25 -2
-74 5
29 -20
64 -11
1 -36
9 36
5 0
-11 -23
-3 -1
45 -3
-74 -17
-46 6
78 -19
-20 11
0 -31
18 -1
11 44
26 -6
24 -28
-29 -10
-41 -12
56 4
3 -3
-39 -47
-42 -13
195 19
-14 20
-71 -10
22 -16
-4 6
-25 -12
31 -19
52 -52
0 -9
-19 -49
-8 34
-1 4
15 -30
49 -18
27 2
-2 -4
1 -18
16 -5
-7 19
-1 2
5 -23
7 -11
7 1
27 8
2 -15
-8 -13
-13 -29
-28 -24
35 -29
60 29
-56 -26
27 -40
-19 -16
14 -8
12 3
-15 -30
16 -11
22 -35
-11 8
13 -16
30 -8
37 -2
40 -28
6 16
-42 11
-47 -19
70 -22
-16 -17
18 -36
18 -13
32 -33
36 -25
34 5
41 -1
-36 -13
29 -10
-26 8
-1 -3
60 -14
-6 19
-16 30
-11 30
51 15
20 8
-47 9
21 -1
13 -10
36 4
-54 -6
-1 -6
1 -7
5 -16
13 -7
-15 13
64 28
-11 8
-20 -12
17 -57
-5 0
16 49
-1 28
45 1
-36 -13
28 6
-2 -8
-37 -40
59 26
-21 21
-26 5
16 2
36 -33
0 8
-22 5
-8 -12
20 -11
-33 -15
-4 21
50 45
0 -3
8 -32
-6 -7
16 24
-50 46
17 27
69 6
-46 -8
44 3
-22 -13
-37 6
45 12
27 -2
5 17
13 -12
-5 -6
4 4
-2 -27
6 -5
-4 -5
25 0
15 30
-7 4
4 -30
35 0
-49 29
-22 25
7 0
15 -8
1 -19
25 20
-4 17
-19 34
56 43
-25 -12
2 -17
0 1
16 -9
38 33
-8 3
-13 -12
5 -8
20 15
17 -1
-32 11
-18 35
102 -1
5 -13
-5 7
37 6
-15 3
-6 -7
20 3
-15 6
7 2
23 18
-13 32
19 5
59 0
-19 -35
-18 9
4 4
-3 20
14 -6
-1 -4
2 9
-22 -22
5 43
-11 31
0 20
41 15
6 -5
3 -9
3 13
-6 4
33 0
13 6
3 -2
-22 -4
-7 -4
-2 -7
33 16
38 23
-83 11
57 8
16 0
20 -7
-10 6
16 9
9 -18
-23 -10
-4 2
9 -19
16 0
0 42
-20 8
-15 -29
38 13
59 41
-36 21
-37 -16
36 5
-20 -12
13 -15
22 9
-41 -10
-9 8
42 3
27 -9
-17 -5
-1 7
11 13
44 -15
26 27
-29 -12
23 -4
-24 41
-5 0
0 38
6 -21
44 -34
-35 2
-18 -3
62 -11
-6 15
22 16
45 -22
-26 0
-18 22
1 1
-4 11
33 18
4 34
11 50
-5 29
-44 -56
0 18
1 4
-26 9
96 4
-21 -13
-6 8
-16 37
28 26
3 -9
8 -29
11 -2
4 9
-3 11
7 -6
-3 -24
19 -9
33 13
-25 3
-14 -9
50 9
32 6
1 44
-31 -18
23 22
48 1
-26 11
-3 -58
42 0
0 8
18 20
30 -1
-30 -4
-19 0
46 13
46 4
-16 7
-28 16
25 -33
29 -13
-20 21
9 -10
-4 45
17 4
24 3
11 -7
-2 -9
12 -5
-11 25
-34 -3
-24 -32
67 -46
38 8
-47 34
-34 64
24 -14
24 -30
41 -1
-6 1
-7 24
26 -7
21 2
20 -8
-9 -35
2 -11
-6 -63
-4 46
-1 32
39 -21
22 -4
-21 12
-7 -3
23 8
7 -3
-49 -10
59 -8
66 49
-64 14
7 27
12 -7
26 -8
-5 -12
23 -1
-4 21
0 2
14 11
-11 3
26 -4
6 4
9 18
-14 1
-9 14
7 21
-23 16
46 20
-4 5
-20 -11
35 -12
2 -9
12 16
-3 14
19 -46
13 13
0 12
-6 9
6 -1
118 16
-129 -7
0 26
0 -11
2 -20
0 -17
4 42
2 42
21 19
28 -33
9 7
-17 8
-13 28
57 -14
0 0
-44 1
39 -15
40 -10
23 11
22 0
-12 16
-39 -8
31 0
-28 7
20 -8
-11 -4
20 22
17 34
14 -21
-37 -30
66 2
6 48
-27 39
-7 -25
30 1
16 -7
15 -8
-14 11
16 1
21 6
-3 6
-35 7
16 -43
23 0
24 35
1 3
-6 2
-4 13
24 4
11 -1
-33 9
-12 -2
94 1
8 1
-34 -4
-58 13
11 7
69 -9
42 -9
-29 5
3 30
-9 8
13 3
-31 -9
-9 18
25 39
2 21
3 0
-6 -32
-14 0
76 50
5 33
-27 4
34 -15
6 7
-6 2
4 19
4 5
-23 49
12 5
22 -37
-9 5
-15 46
12 3
54 9
-4 -6
-9 9
-10 1
25 1
-18 20
-8 -5
29 12
-34 6
-9 8
61 17
-13 6
-21 16
11 -20
2 -1
9 7
11 -32
23 30
15 -8
40 4
2 -25
-60 16
-48 -2
79 -12
2 31
-6 20
33 -19
-10 5
12 1
14 11
5 -29
-13 -7
31 5
16 0
3 -9
-69 22
38 34
13 12
13 -33
38 9
-16 4
-31 13
38 14
14 3
-1 -7
20 -20
-7 7
-20 17
33 15
22 16
2 12
12 -8
18 -7
14 13
-26 27
11 4
44 -37
-49 -2
3 19
0 -4
-4 -20
57 7
-1 12
-58 17
96 15
1 -6
-41 5
8 4
9 23
14 -2
26 -11
4 -19
22 15
8 -18
-17 29
-4 28
-4 19
4 -24
12 23
23 33
15 19
-4 -10
23 -8
6 -23
-5 -1
16 -2
0 9
-3 15
-7 2
22 14
36 -12
3 3
-23 18
22 -19
30 -12
-55 13
106 41
7 56
-17 -24
0 -10
-3 3
45 5
8 9
0 1
14 -1
8 -31
0 1
-29 16
16 30
38 1
20 -22
-8 5
24 7
-8 11
-10 4
0 -10
-5 4
31 -23
44 6
-24 -1
-15 21
-9 7
17 4
19 5
18 7
-21 0
-2 1
1 8
-6 12
8 2
23 3
28 2
33 -4
11 12
-32 2
-5 -17
15 33
-13 -4
8 8
-7 -13
42 27
3 -9
-33 -25
-3 0
5 4
19 -41
22 18
-16 13
-18 26
18 -28
-16 -34
18 26
4 42
-42 -4
-8 -29
27 0
71 7
-42 2
30 -14
28 20
-16 0
7 23
31 19
9 12
-4 -2
-4 13
12 -20
-3 11
17 -1
7 16
-5 -9
0 -2
13 34
-9 4
6 -17
32 0
32 7
-47 7
-13 1
56 -33
33 22
-17 15
0 1
4 4
0 37
12 21
3 -22
0 -3
11 11
5 4
-17 -8
0 5
-3 8
0 3
-2 -10
24 26
11 9
-37 33
6 -12
97 2
-37 18
-14 1
19 12
-5 0
-6 -2
-4 -23
16 15
21 33
-5 60
22 16
24 -39
-14 1
-5 -5
-4 -58
23 22
14 19
-17 14
-14 27
47 5
-18 -17
19 4
9 32
-22 8
-15 -4
32 6
12 16
-28 19
2 -14
39 -12
17 13
-2 29
2 17
-16 3
20 -12
52 -8
14 1
16 15
-14 38
2 19
14 -7
-60 -2
21 13
60 22
-7 7
0 -8
-1 -5
-1 6
-10 -8
21 -16
-6 -6
-7 0
-8 -8
-15 18
-24 28
-23 34
-15 -8
-12 15
-18 3
-21 13
31 15
16 12
-11 3
-26 -13
-12 2
-18 8
9 -3
-3 -20
13 7
-13 -14
6 -1
-13 19
-12 31
-30 -6
-16 -25
-15 1
24 -3
-40 36
-20 57
9 -58
16 -15
-14 14
-30 0
-4 -10
-12 12
3 3
2 -4
-28 0
3 -17
-1 8
-41 -7
-19 -6
2 -3
-5 5
0 23
-3 -14
-13 7
-21 -1
-1 9
-2 25
13 17
-4 -15
-4 12
0 5
6 -12
-13 -4
-16 5
-37 -1
-20 3
-24 33
-5 26
56 -15
-18 6
-42 2
-16 -8
-25 18
-1 -4
2 -3
26 -1
-37 21
19 -1
19 17
-51 31
-30 -10
0 -22
0 -3
5 -2
5 13
-14 25
-14 6
-9 11
-12 18
4 -11
7 1
-6 -5
-23 15
-5 27
6 -19
-13 14
-57 19
-10 0
22 -35
6 0
-4 -23
-67 4
-29 43
43 20
38 26
-48 4
-53 -5
-15 -9
29 -4
4 8
-57 -36
-8 8
12 -2
9 8
-32 1
-53 -5
-5 13
13 -5
23 12
-10 12
-24 -23
-17 -23
7 -19
-3 44
18 70
31 22
-8 -23
-39 4
2 -4
9 6
-13 -8
-15 -11
-15 -23
-19 -16
33 8
-8 9
-11 32
3 12
-41 -1
13 0
16 12
-34 -6
16 -19
-33 7
5 7
-17 -4
-8 13
-5 8
-20 -14
-37 -9
-17 -31
19 17
-6 2
-5 24
0 0
2 -17
-5 6
-43 -7
9 -2
14 -26
-3 9
-24 2
-30 6
7 -25
29 -8
-26 -33
-14 8
-16 24
-6 17
-7 -4
-15 -16
-18 0
-7 27
-20 5
-10 -5
-5 12
19 2
1 31
-9 6
-10 -8
-9 9
-16 9
-20 -22
-10 0
-3 3
-7 40
22 4
-11 -11
-17 -15
-3 8
-12 8
-14 0
21 -2
16 6
-6 15
-24 -17
0 16
-3 0
-14 33
1 7
-18 33
-24 -7
-2 3
1 -2
-13 3
-23 9
-17 -7
-8 -34
-13 30
-6 24
-10 7
-18 18
9 -8
5 8
-22 19
-24 52
-3 9
-7 -22
-1 -9
-1 4
0 6
-3 2
-11 5
0 5
-2 2
-5 18
-13 -4
-11 26
-5 -12
-10 23
-21 -1
21 3
-13 2
-10 19
-17 20
-5 -1
6 -1
5 -20
4 -8
-33 7
-33 12
11 17
-10 15
8 -2
-16 -12
6 16
-24 16
-8 3
-6 -3
1 16
-10 0
-9 22
-4 -4
-21 -18
-8 -19
2 15
0 19
-16 -3
-13 7
-29 16
-4 -7
11 15
14 -1
-37 -18
-39 -19
28 -9
-5 24
-50 14
-64 -7
40 -13
0 20
-16 -9
2 11
-18 3
-17 -16
0 23
24 29
12 11
-71 -22
-22 -11
-8 -8
18 33
-5 67
-15 23
-6 -1
-5 -47
-19 13
26 27
-14 -1
-29 12
-33 -12
-3 -7
-16 -20
-5 1
-12 0
-6 -6
9 18
14 -2
-14 1
-13 -25
9 20
-21 16
-41 3
12 -6
-7 -22
-10 26
18 -3
-42 2
-11 -9
0 -7
3 -1
1 -6
32 14
-9 17
-58 -3
2 13
6 17
12 12
-5 3
-18 7
-6 2
-7 -2
1 3
-15 -8
8 -7
-1 36
-29 0
-13 11
14 5
5 31
-15 -3
-2 3
3 7
-23 17
-9 -22
13 2
-1 -3
15 0
-14 16
-38 16
-6 -5
