20 -8
7 21
-19 -9
-9 24
0 5
-29 0
38 -4
37 6
-4 -16
-16 -5
-5 27
49 -12
23 -11
-18 5
-13 -2
42 8
9 13
-5 -15
11 4
46 0
24 22
-81 6
12 8
80 18
83 -7
-37 13
-83 -29
-32 14
-4 -14
71 12
-15 1
33 -32
11 -3
19 20
-54 -12
-11 7
-78 19
-11 7
57 12
98 13
-21 -7
-46 1
35 12
-39 8
-19 -2
39 1
48 -5
69 -3
5 24
-58 0
-35 -15
21 -8
75 9
-30 27
100 19
-126 -11
-56 -13
65 14
59 18
45 23
33 -1
-3 4
-83 13
2 4
91 -5
-28 -8
9 -3
4 2
75 12
-91 5
-56 -10
137 24
-26 -3
-38 -2
33 -16
214 11
-52 5
-145 15
4 5
133 -8
26 -1
-20 15
-25 -1
-40 7
28 -19
-9 0
-4 8
22 -20
-11 17
115 5
-21 8
-109 40
20 -10
3 -8
-18 1
201 2
69 -16
-247 -8
-160 5
125 9
361 4
-47 -5
-6 0
-5 12
-58 -4
-61 -2
86 -5
-24 6
-14 5
-71 4
84 -30
67 9
-54 8
-102 0
76 -12
42 7
33 -3
-57 11
5 -4
-10 3
-10 0
4 8
30 -8
-27 -1
150 4
34 5
-125 -4
-43 8
64 16
-3 8
0 7
-24 -18
-23 -3
65 6
4 -28
5 6
14 14
59 24
-66 -9
-29 8
43 3
56 -10
0 9
11 11
18 7
9 -2
-38 -13
99 -7
23 0
-39 4
-86 1
-74 -2
121 1
197 5
-137 1
27 -5
-112 4
60 -11
69 16
11 -2
-1 -3
-33 -2
5 1
-1 0
-15 7
3 9
14 8
61 1
-2 14
-69 9
33 5
-35 27
85 17
-33 -13
-83 -9
54 0
-16 13
70 24
-23 -16
-6 11
17 2
85 -4
-69 23
-36 16
74 -6
2 -14
121 5
-98 -23
-41 33
-15 12
29 15
34 -8
151 9
-126 23
42 -13
-15 -2
-4 12
104 0
-62 -17
-24 25
35 0
7 -14
-61 9
-30 20
54 -15
-23 -7
-40 7
13 -6
94 -3
-97 8
-3 6
22 -6
-12 5
25 18
23 0
-16 0
13 6
-75 -3
104 1
20 11
20 -1
-25 30
174 -9
-159 13
-49 1
30 0
102 13
48 9
21 19
-51 -16
-58 -2
0 -19
111 8
-66 22
-63 -23
52 -13
-47 0
55 -16
13 11
28 -4
-111 8
4 0
0 0
-17 13
22 -5
45 -28
28 1
-36 -19
1 0
30 -14
-29 -24
49 0
-63 2
68 -25
52 5
6 33
-77 -9
74 -5
2 1
36 26
-14 12
18 -10
20 7
-40 9
-3 15
15 13
0 14
33 1
-5 4
-98 -4
122 -4
-53 7
52 14
37 -10
6 -1
-35 16
-9 -8
-8 15
-2 -3
75 1
-22 0
-15 -2
8 -2
134 7
-265 -5
-70 0
-12 22
39 25
58 -38
8 -20
-12 9
-20 3
41 19
-27 0
-1 6
2 20
34 -24
65 -12
-89 12
-35 9
-22 0
8 13
19 -30
55 20
0 0
-42 8
47 8
-72 -1
51 12
14 -6
6 13
-25 6
14 -3
109 -9
36 13
-78 0
25 2
-4 1
5 2
104 9
-106 -6
-14 -14
19 1
58 20
-60 12
14 -4
26 0
13 -13
-21 -5
-15 4
14 4
23 -8
12 -3
-9 -6
70 0
31 -12
-16 1
-54 22
-12 8
27 -4
42 6
59 -6
-54 -5
-20 21
72 -3
-29 -7
-32 8
18 9
55 -3
42 7
81 -21
-203 18
77 29
26 -13
17 -17
23 -2
-31 -3
19 21
6 9
49 -8
-65 -6
7 13
24 -5
34 8
4 14
-11 17
30 23
29 -6
9 0
41 5
12 0
-9 18
11 20
8 15
-24 3
4 14
16 13
-10 -3
36 -12
-23 15
-16 -13
57 -19
-25 5
-4 -11
13 13
37 0
1 -4
-2 -5
-5 16
6 -14
21 -9
50 -4
-3 -5
-21 -12
3 8
37 22
-87 14
17 -13
-12 -7
-1 11
14 25
36 17
14 12
-14 12
2 0
9 -1
37 13
-29 -24
27 12
-5 15
40 -14
12 1
-8 7
4 6
-36 3
-22 9
54 7
0 21
-22 5
38 6
1 2
-18 13
3 9
24 -1
42 -1
11 12
-27 9
40 -7
16 1
16 17
-8 -1
7 0
70 5
-57 3
-4 9
47 2
25 1
-3 19
-37 8
7 -10
26 0
54 14
-40 -27
22 5
31 -12
12 5
39 -11
-39 0
-7 -1
-10 11
11 -3
58 -30
27 14
37 25
-26 9
-22 3
-6 3
18 1
35 6
-6 7
7 2
-24 -8
8 -4
40 1
-8 21
4 0
64 11
-73 1
-14 7
24 -4
-23 3
38 4
22 12
0 5
3 17
-29 -2
2 9
11 26
41 -8
6 1
-3 1
66 3
-36 13
-18 -7
17 0
60 -4
13 -1
-43 -19
24 -4
-29 16
100 2
-78 14
-51 0
58 -18
25 1
12 1
9 -8
25 8
29 11
-57 -25
-1 -3
5 -11
-10 -23
13 3
14 -8
5 0
43 2
15 4
-19 3
36 -2
-37 13
27 -3
112 -21
-74 16
0 7
-7 -26
8 -5
0 -17
24 12
43 13
39 -2
-2 12
-72 24
0 16
1 -4
70 -12
16 -9
-24 6
53 12
-3 -11
19 16
-58 6
44 -1
-6 17
-18 -11
1 6
26 25
-12 -2
9 -17
1 -15
64 17
-41 -3
-73 0
43 -8
5 -7
-41 17
50 15
-3 5
-7 11
-5 19
4 42
13 3
23 8
20 7
-2 2
69 5
-84 17
2 -11
1 -1
-10 16
18 0
31 0
7 24
-71 -16
46 -4
-16 4
11 -6
15 7
-17 3
12 -3
0 23
-2 4
40 -6
-5 0
-53 12
33 28
25 -2
9 -10
6 -18
-26 12
6 -27
82 -12
-23 16
-50 15
4 -6
28 -16
31 -2
15 24
-31 -5
39 -29
-59 7
22 14
7 19
5 2
-14 13
15 5
29 11
43 15
-81 15
25 -25
-13 7
29 1
45 4
-18 7
-40 -5
0 5
43 -4
30 -4
-11 12
7 27
32 1
0 -23
21 9
-2 4
6 3
-3 -13
-17 5
9 -17
26 0
-64 13
64 19
-6 0
42 -40
-3 2
3 26
34 8
-4 0
-31 -13
18 5
-18 20
24 15
22 -15
-8 -12
96 21
-90 8
-44 5
51 14
37 -21
13 12
16 -25
-26 -26
58 -30
-34 6
35 14
-23 2
20 -21
7 13
32 27
4 16
13 -13
-76 -17
19 3
21 17
-4 -3
-6 5
23 -8
71 -1
-89 11
-20 -2
57 12
32 -2
11 -2
17 -33
-10 -7
24 9
-9 8
26 -11
3 27
27 -16
-22 9
2 12
15 9
-1 53
-9 1
15 26
-6 31
44 1
2 -7
40 15
-39 3
12 19
30 -28
38 7
-2 30
15 2
30 0
-39 18
41 -14
25 1
27 -3
13 -10
-26 0
37 12
32 0
33 -10
-42 4
3 1
-14 15
5 0
40 -18
44 -13
-22 12
32 9
-29 7
15 7
9 8
-7 23
24 -20
40 16
2 17
-33 -6
71 0
-71 18
18 29
23 -7
59 13
-59 22
-32 8
25 11
23 7
2 3
6 20
17 24
2 18
2 -1
29 3
25 7
13 5
18 22
2 -5
-2 -3
0 2
23 -8
78 7
2 0
-15 8
2 17
1 27
35 -1
-75 -2
5 -4
32 24
25 -2
0 -3
13 0
9 12
-22 14
-3 0
5 -6
39 4
-9 -3
24 16
-44 0
-14 17
12 8
15 5
22 17
-45 25
-2 -3
47 -28
32 -4
8 -23
-32 7
0 -11
-22 7
13 -20
25 13
27 0
9 6
5 22
-25 -8
19 14
65 24
11 4
-62 12
27 4
35 -2
74 51
-60 11
-38 -20
22 12
12 5
3 4
21 1
58 11
-39 -48
6 5
33 -1
-32 1
-19 -1
24 7
30 -38
-67 12
41 7
19 1
6 -24
-9 2
-11 11
16 -14
2 15
38 20
26 25
-27 4
-48 -2
-20 0
32 -33
2 -9
-24 35
6 0
6 -28
20 5
43 -3
-33 31
-29 -4
13 12
21 -35
12 -8
15 18
-15 -13
-17 9
24 18
17 -5
0 7
-15 5
1 -9
38 0
32 -13
-31 28
-12 -8
25 17
23 5
-46 -8
55 16
-41 2
26 0
37 3
-4 -30
12 17
-11 -21
21 -14
37 -3
-30 24
30 -15
-4 0
-4 12
12 -8
25 -6
-15 3
4 4
13 -5
22 21
26 -6
17 1
-50 -13
50 -25
-36 0
25 14
16 -20
14 2
2 13
-35 13
-7 6
58 -10
9 -11
-17 0
7 -24
-38 -29
37 17
-26 18
-5 -13
61 19
9 5
30 -6
-10 2
-18 7
11 8
-18 -18
17 17
45 18
40 25
-47 -31
-26 -3
25 12
31 22
-45 17
9 -6
23 14
23 -7
34 0
17 -11
-15 9
11 1
13 13
11 -3
11 5
28 -2
38 -13
-35 14
0 -17
31 -7
42 12
-70 6
31 8
20 19
41 5
-35 -4
0 -2
-20 -3
20 8
51 0
65 8
-28 18
3 9
-2 12
49 17
16 20
-40 -11
13 18
30 7
17 18
11 5
-3 25
18 12
-45 2
47 -9
-2 13
-6 17
29 16
-5 13
-10 -2
4 19
26 -14
33 -6
-37 7
39 6
49 -3
40 28
-36 1
15 -8
8 5
-19 -2
11 7
-15 -6
2 0
3 9
19 -11
6 6
-20 16
-15 -8
47 9
-12 11
-12 29
40 -18
-15 -7
14 -1
41 22
-4 -1
15 -11
23 7
26 13
-28 -3
42 2
-52 25
1 -3
28 -35
23 1
-49 -5
-3 -3
24 -1
20 -2
6 7
3 6
16 19
-7 0
-6 8
-1 2
17 9
53 36
-62 0
-3 8
23 -16
5 6
22 7
-45 -6
19 -2
39 5
-3 4
9 -12
53 0
-2 -7
26 -5
-20 -8
-32 5
31 15
8 8
6 0
30 0
75 7
-84 2
29 -29
28 0
-22 -15
-12 20
34 1
-34 -22
-28 -9
12 -17
20 -30
7 12
29 17
-44 -6
5 -7
26 6
17 3
8 5
28 -1
20 4
16 -3
43 1
-19 11
-9 0
7 11
25 -11
32 11
5 15
-42 -1
38 6
-34 13
12 -18
5 -5
15 2
13 7
9 5
0 7
-1 -17
70 -10
-117 0
-9 3
61 -16
6 -33
5 1
51 23
-52 0
19 4
17 25
-26 -16
3 26
35 4
39 -7
-2 2
-22 -19
1 -5
0 -12
37 17
-1 20
29 2
-4 5
18 16
-33 -18
12 0
2 -3
-44 -19
-4 -5
27 -11
3 -9
23 9
0 6
6 8
13 -2
18 -12
-41 0
42 7
0 -30
-16 0
25 13
26 4
38 -2
-76 -15
-17 11
28 1
7 -3
-9 30
1 -27
3 -4
-1 35
58 8
29 -10
-43 -6
0 29
0 15
1 -1
13 8
18 -10
8 17
-9 21
0 19
33 -10
24 -4
-8 -11
-17 -12
4 9
-1 -2
20 14
19 3
18 -5
-14 20
-7 -5
36 18
9 27
33 8
-16 -10
19 5
30 12
11 1
-35 16
29 6
5 18
0 -15
29 -8
-9 18
-16 2
26 9
-55 8
40 3
-23 8
28 5
-12 -14
2 3
-24 13
0 0
18 9
-1 -7
22 -12
-11 21
19 -10
0 -5
-30 -16
32 1
-14 13
17 -9
22 15
-6 -6
49 -3
-4 1
-20 -3
30 20
12 -13
42 -2
-38 17
31 4
-4 -12
11 0
-17 -4
57 5
-7 9
-14 -9
-22 2
27 -12
13 32
5 8
22 -26
-11 4
31 0
16 1
0 -4
17 -15
-1 -8
-34 5
-2 -10
31 -11
11 9
28 1
-18 -4
57 -10
-25 14
-17 14
9 11
2 -5
25 -2
-11 3
22 11
48 5
-51 4
-10 8
-1 4
18 4
14 13
8 8
-9 2
15 -17
6 28
3 -21
5 4
14 15
17 -8
20 -1
18 -2
23 -10
-59 16
31 -12
27 -5
7 18
20 14
50 2
-52 -5
35 -10
-11 11
0 2
11 -4
37 -2
19 21
1 0
-23 -3
72 -24
-28 -10
0 1
-5 -17
28 0
-32 -2
6 4
42 14
19 -3
30 4
17 -12
-20 14
-49 0
9 7
-9 16
56 16
55 0
24 -5
-40 -5
-18 19
23 26
14 -2
23 4
-10 25
39 -5
-66 19
-14 -10
22 -14
20 21
32 -8
-10 -6
-12 -3
9 -41
14 17
23 13
-37 6
-29 1
24 -1
-16 -1
15 -11
44 4
-34 20
3 20
8 -14
18 -8
3 8
18 6
14 29
3 17
3 2
23 3
14 17
35 -15
16 5
-17 16
24 7
-41 -7
17 8
27 18
-11 -9
6 1
35 -32
-2 6
-9 21
14 -3
27 -2
0 -9
27 5
-15 16
-1 7
11 -9
28 23
-14 16
-19 0
5 11
27 3
41 -16
3 4
-52 4
-15 -2
3 -27
15 8
18 14
14 -10
3 5
-3 4
36 -1
-39 8
36 0
-43 14
34 1
-13 14
21 8
5 1
-3 14
-9 9
23 5
-1 1
14 -4
32 -24
13 0
3 12
26 0
54 7
-21 13
-29 1
-1 1
30 17
18 3
18 -8
-2 0
-3 2
27 17
0 35
41 0
-5 -3
-1 6
32 -11
7 7
-4 3
-5 20
-26 2
20 14
-24 -11
0 0
32 23
41 -6
23 1
13 -3
-43 -9
2 14
54 -6
-4 -12
-35 -7
-15 -1
42 -7
13 2
2 -16
-17 17
38 5
-12 -4
-10 15
50 6
-37 -2
-49 -7
65 23
1 -2
-29 -12
-12 -4
5 5
11 -1
7 -4
-3 -5
19 5
28 -15
-2 22
5 12
-22 0
8 5
19 0
32 3
22 -4
-39 34
13 22
38 -16
-31 7
36 -5
-6 4
-11 -3
4 -12
12 8
30 6
8 5
20 -6
-2 -5
-34 -10
18 9
26 27
45 -11
16 6
16 -14
-5 15
1 -20
-41 23
8 -8
22 4
19 7
34 33
-19 9
13 -24
-10 3
-4 -12
-20 13
23 -14
0 3
6 2
15 18
29 2
5 14
3 13
62 -19
-100 25
27 25
21 2
15 0
20 6
-19 0
-14 -12
0 -21
64 18
-69 9
53 9
25 6
-6 8
-28 0
8 -5
8 20
39 -14
-41 3
29 6
22 11
20 4
27 26
-34 19
7 0
7 18
-20 8
5 -6
14 -21
3 1
77 11
-22 8
-4 2
5 12
3 4
-20 5
95 -12
14 -13
-86 8
-45 26
56 0
40 -31
0 15
6 7
-19 11
15 2
-39 12
14 14
29 -12
-6 5
15 21
8 5
-6 0
-3 1
2 7
13 -7
18 7
7 -7
43 20
-16 14
0 6
28 17
-14 1
7 3
31 -1
8 5
33 6
-2 5
-80 5
30 -3
17 -10
0 -6
48 2
-39 11
15 1
23 -5
-13 1
4 -4
-10 -1
40 4
-5 20
-10 15
4 -6
43 3
28 14
28 0
-33 3
8 8
49 8
-68 11
72 -22
34 14
-49 0
-7 -10
22 16
-13 8
11 9
17 -8
-10 16
7 -3
22 -22
3 2
14 0
1 -3
3 -19
53 -16
23 5
-37 -17
-11 -12
-1 12
24 -4
-40 -6
-11 -8
-6 -4
63 1
-27 -4
-11 -3
56 6
-27 5
16 -5
5 27
5 8
28 -5
20 22
-12 -12
44 25
0 7
-55 18
0 -26
26 15
1 18
15 1
-1 8
2 11
14 27
15 8
26 2
8 9
20 -15
-16 14
-2 21
27 14
4 4
19 9
-47 13
4 -9
26 5
11 -9
13 1
6 20
14 -6
7 -22
27 1
5 -14
51 -14
6 14
-52 -2
43 7
6 -4
13 2
-22 -4
-5 15
6 4
25 16
-31 4
30 5
33 4
-2 -12
0 -9
-11 0
-17 13
32 -2
-17 -7
21 19
1 8
23 -34
2 0
-2 2
12 -1
1 -22
11 21
127 2
-110 15
-34 11
43 13
16 -17
0 15
-20 9
0 7
25 -15
-11 -6
26 4
28 2
11 0
28 4
-14 21
0 -8
5 11
0 8
15 8
14 -9
-8 -1
5 -7
3 -11
1 3
28 15
-5 11
-52 -1
18 -1
0 11
19 0
13 5
-17 5
32 8
42 25
-117 18
-10 6
63 0
-41 3
15 9
9 0
-8 3
1 5
2 -17
71 -2
-13 12
-40 0
13 12
13 0
-28 12
0 8
7 -6
8 3
19 0
17 7
20 -3
-28 4
15 -19
-3 3
21 -5
-25 -4
-9 15
35 9
4 0
2 -3
29 -18
22 18
-8 3
1 -12
-6 0
13 -5
22 9
12 15
14 14
-14 11
28 -3
-26 18
4 7
11 -37
-8 -7
34 8
-8 2
-12 3
13 0
-5 -13
33 -19
11 14
-11 13
-27 5
29 11
20 0
21 -2
-59 3
14 11
28 -9
26 -11
12 -20
-1 1
6 25
3 6
-3 34
9 -4
-8 -10
8 3
-25 -14
33 1
-27 1
8 7
-19 -2
37 19
6 -18
4 8
5 32
14 -4
33 -13
11 13
-33 -11
-9 20
18 5
7 2
0 -12
13 12
55 6
-96 1
24 1
19 -13
32 1
34 -15
-7 8
-1 -2
9 -5
18 -9
-4 14
-17 6
26 -4
-34 29
13 -2
44 -9
14 20
-9 8
-2 14
5 -3
65 -8
-103 0
34 20
-1 11
27 6
8 24
-30 0
12 12
23 -8
-4 22
30 2
46 0
4 25
24 3
-11 -6
0 -8
-29 1
18 -7
-4 15
13 5
9 -5
-35 0
19 -8
25 4
22 -3
-6 -1
22 -5
-14 19
8 5
9 -1
65 3
-12 -7
-3 18
3 13
25 13
-2 11
55 9
-85 3
38 -5
14 1
15 -3
8 0
13 5
27 5
-50 5
-51 7
23 4
24 9
23 0
33 -14
-1 -3
16 0
5 -7
-32 -9
8 23
-7 4
20 5
28 -2
-12 17
30 -3
-14 -15
39 0
-75 9
-2 -4
23 -1
0 -11
-5 -5
20 -4
-11 -5
-21 23
42 1
-65 4
11 19
12 16
14 -5
26 -42
-12 -36
-7 5
6 1
4 0
-2 -8
13 6
0 12
0 -6
9 3
11 9
25 7
-2 -1
3 12
37 -6
-36 2
23 2
-14 -5
42 -3
29 4
1 4
-22 -22
-3 13
45 0
15 9
12 -4
2 -2
-24 6
35 -7
-35 -24
3 -14
28 -2
-5 -6
29 -28
-14 -7
4 -6
17 -24
2 -22
-22 0
31 3
7 12
0 5
5 -16
23 2
3 16
-4 0
-5 -7
14 7
30 1
-16 -23
20 -8
-11 19
12 -3
5 24
-3 -10
-6 0
17 -3
-52 -9
15 7
46 15
28 -2
-11 14
0 11
6 8
-25 -30
-10 20
14 22
51 2
-6 6
-45 14
12 4
8 7
12 5
21 5
19 16
-51 -1
34 0
27 -21
9 15
24 4
-31 18
20 3
8 23
17 15
17 4
44 -12
24 12
2 -3
4 -27
-7 20
13 16
16 -19
-90 3
12 0
19 26
40 13
13 4
2 22
1 13
-20 -8
-13 -13
30 19
31 20
-30 6
36 1
-2 22
14 9
-13 18
-15 12
-10 0
0 4
20 17
32 9
3 8
-9 27
12 -28
-1 -3
28 28
-4 2
-19 -8
16 -10
1 6
-14 1
15 -11
20 8
20 9
31 -11
-61 15
26 7
21 0
-27 -8
16 14
44 11
6 6
-8 8
-2 -8
21 9
11 2
22 6
32 -1
15 3
-16 -4
17 14
-4 9
4 -19
8 14
11 -3
6 9
8 1
-3 0
25 8
5 3
-3 13
4 -15
40 4
-28 -12
-18 17
6 13
42 7
-10 31
14 -11
0 -7
-11 -6
33 3
26 0
-11 -2
-4 1
3 7
37 13
-21 -1
0 5
-6 6
-7 12
20 -20
42 -14
43 -7
6 0
1 7
15 0
16 -3
0 13
0 -9
12 -2
-7 -16
2 26
21 -14
14 19
-7 -12
-5 24
43 -13
24 3
-57 -10
-15 5
43 2
16 13
-12 -7
-10 12
-1 -4
4 7
16 -1
13 -23
43 -20
-54 20
37 36
-10 -2
3 16
21 -6
32 7
26 6
9 16
-33 -15
25 -7
29 0
24 -1
-20 5
-1 1
26 13
14 -10
-14 13
17 -21
54 12
-7 -17
14 1
-20 16
-9 -13
13 -11
-14 -7
44 -3
7 -19
-19 1
6 13
18 7
7 30
-6 5
7 8
12 4
2 -4
11 8
-6 14
-3 -1
7 13
21 -3
8 7
-5 -10
11 18
37 -8
-23 0
0 -14
18 12
22 2
-1 4
-1 0
7 8
23 -4
15 0
23 -3
8 15
2 -1
8 -26
-31 7
15 -9
15 11
6 -2
0 15
-4 11
-9 -2
-1 -4
11 7
11 11
12 20
22 -1
-3 6
-7 6
17 -11
0 5
16 -5
6 -9
-4 24
14 -7
6 5
-2 3
-11 -2
6 3
11 16
-1 3
0 5
5 0
7 -9
4 -2
1 14
17 -12
-4 9
1 7
15 6
-7 34
-21 1
21 -10
26 19
14 9
1 -10
3 8
-10 0
5 -5
8 11
0 1
16 9
17 28
18 0
19 4
26 16
21 -12
-16 -11
3 0
0 0
4 -2
0 -1
-7 0
12 -1
1 1
5 -5
13 2
13 7
11 6
0 -6
2 13
13 2
12 0
0 14
17 -10
6 -2
3 13
2 0
12 1
33 23
-12 15
-3 0
8 11
0 0
9 -5
21 -7
-35 0
-6 -6
21 15
0 -9
-1 -3
-1 -15
-5 8
14 15
8 9
31 -11
13 6
3 14
4 11
-5 3
-11 -1
-4 13
30 -7
-1 -4
7 14
27 15
6 5
-4 -11
14 -8
-1 0
1 11
-3 4
9 0
-3 14
0 0
38 -14
20 4
13 18
-1 -28
-7 12
-10 3
6 0
21 -1
2 -22
15 19
1 1
4 -19
-2 23
1 6
17 6
8 -12
13 4
27 -5
2 15
-22 -5
-5 -2
23 12
7 11
-6 17
9 15
0 -17
19 -3
1 -1
19 34
-6 -2
-1 13
4 -2
-2 14
11 3
27 15
21 3
-5 -2
-28 11
6 9
6 15
0 9
26 -6
6 13
8 21
36 -2
9 1
-21 6
4 7
22 0
3 -10
9 9
15 9
27 24
4 4
0 0
-1 6
5 -2
12 3
6 -10
-32 13
27 3
37 2
28 -4
6 9
-11 25
1 0
16 -3
15 -9
36 -9
0 15
-1 1
-33 14
5 26
16 -24
25 -15
15 11
-7 5
27 3
16 6
3 16
23 18
-19 15
-17 5
2 3
-15 15
1 0
12 18
16 -11
-6 19
-17 4
-5 -8
42 15
5 5
-12 0
-11 8
6 12
32 -3
-2 -6
11 12
8 9
28 12
-7 -5
-11 1
1 11
-5 6
17 -2
22 11
18 21
-27 6
-12 -6
8 -3
37 11
-15 8
29 -6
18 6
18 1
-25 -8
-38 -12
9 -8
22 2
-12 5
-9 1
42 -10
45 25
4 -8
-21 26
-15 5
38 6
24 -11
6 7
5 4
-7 23
6 -12
20 12
2 -7
-45 9
-2 -11
34 20
20 -22
-9 6
-3 18
25 6
5 19
19 12
-59 9
-17 15
44 8
48 -10
-5 12
-6 4
40 0
19 0
-35 0
-5 6
25 17
23 -4
-5 31
-27 -27
4 -10
-2 0
8 -1
23 -26
24 16
23 5
15 0
0 0
8 11
-23 -12
23 19
4 -7
18 15
18 0
12 -14
1 -22
-10 12
4 16
13 11
28 12
1 -3
26 -4
48 21
-43 15
-8 12
13 1
28 -6
17 -1
0 -4
-6 14
-8 2
3 -7
-14 3
26 5
40 14
-12 -8
9 -6
0 8
-51 12
0 15
46 22
14 0
-21 16
15 -1
11 7
9 4
6 11
39 -2
-15 -15
11 27
39 16
27 -21
-59 -3
-4 2
37 11
12 -1
5 -3
-25 -1
-1 -6
30 -7
-29 18
-22 -3
21 -9
48 17
20 -2
-29 -9
18 4
-8 11
9 4
21 9
19 -4
16 -5
0 2
-6 -13
23 1
6 15
17 0
-7 -7
-9 5
-8 2
14 12
22 -8
24 28
34 0
25 5
-26 7
-41 -7
8 14
-2 4
0 19
7 22
0 3
7 7
16 6
13 12
-11 -14
-15 6
7 -4
9 12
18 -1
23 14
-12 -6
16 0
14 -9
-10 -11
-6 -8
28 27
11 9
22 15
0 4
14 4
2 -34
-2 -12
14 -22
12 17
9 16
14 -6
23 5
-1 -3
-21 -15
-6 7
31 25
1 -20
4 22
-8 15
19 15
4 -9
9 3
6 17
-1 6
11 -29
26 -15
-1 3
30 -2
-13 15
-7 0
16 32
33 -6
-17 4
0 -8
6 23
0 -3
29 3
33 -6
1 6
2 8
-4 -22
-10 -13
1 -6
8 16
19 0
-4 19
26 16
-30 -4
12 -4
15 -12
5 4
1 12
-9 6
-13 -7
2 -9
46 0
-15 13
-20 9
-7 -7
8 -13
14 -5
4 39
0 23
26 19
-8 -7
13 3
14 8
12 50
1 11
-18 19
