-5 2
-18 1
-13 -3
-11 8
-7 3
-10 24
-10 5
-4 6
-10 0
-19 -7
-4 -13
-6 11
-6 8
-27 7
2 7
-12 8
19 -11
-11 8
-8 -6
-31 -17
-21 7
11 -6
-6 -14
4 16
6 5
-24 4
-6 1
2 13
-9 -12
0 7
-26 -10
-13 13
3 1
17 4
-1 0
-23 12
-16 -18
2 -22
-19 -27
-16 1
1 -16
9 16
-7 6
-21 28
6 3
0 -12
-11 17
0 0
-7 -23
12 6
11 19
15 0
-4 2
-34 7
-31 -35
-3 -14
2 -2
-1 27
-7 6
-16 -17
1 13
-12 9
5 38
-10 -10
-11 9
5 -3
0 -19
0 8
12 5
-13 14
-25 5
6 -2
-14 23
-11 -26
11 36
-5 4
-11 0
-13 1
15 11
-4 14
-13 -4
-5 17
-17 -21
-9 13
-1 15
-6 -13
4 -18
3 21
-8 9
0 3
-7 -12
-1 11
0 0
6 -2
-35 -1
-6 -1
-9 19
-8 15
-13 19
4 12
3 1
-2 -23
-20 16
0 7
6 -30
-14 -20
-26 25
-12 -10
-15 7
13 -7
-16 20
-24 0
-14 13
-13 18
-3 11
-12 -21
-11 6
0 13
-15 -6
-10 -5
-11 8
3 28
-9 -5
-17 -10
0 15
18 16
0 18
-51 -9
-12 -23
-6 19
-6 23
-13 24
-12 18
-6 0
-11 4
-16 3
-7 -20
-6 -19
1 -6
-10 11
-29 7
4 -4
13 -24
-11 -2
-23 -11
-19 -16
-11 -18
-8 3
6 2
2 9
-16 8
0 22
-3 11
-4 -9
-11 -6
23 18
-17 0
-21 -13
5 -8
-5 0
-20 5
-14 -11
2 -8
-9 8
-20 -3
2 -2
-7 9
2 12
-10 21
-6 -8
-1 -4
-5 3
-5 22
-1 27
-2 7
-6 -19
-8 27
7 -10
-19 -13
2 6
-4 25
-15 12
0 -8
-16 -26
-7 -7
-16 -8
7 -12
-17 9
-28 -7
-5 -7
-3 -22
-5 3
-1 -13
-9 27
-10 -10
-10 -4
-20 5
-17 9
8 23
-1 -18
6 15
-2 6
-16 -28
-20 17
-10 -6
-7 4
-15 -1
9 0
-11 -23
4 -40
-20 21
-23 18
-9 -1
-20 -38
-13 -21
3 0
-11 1
1 1
-2 23
8 7
-23 -16
-20 -14
-1 -6
-33 16
-35 -7
15 0
5 -10
-9 -1
-2 -14
-19 -9
-10 2
-14 22
5 18
-14 24
-6 -6
-4 -25
-30 -25
-8 7
-11 -13
-18 5
0 14
-9 8
-4 -7
-18 13
-12 1
-27 7
-18 4
-5 -11
-6 -14
-14 0
6 27
12 22
0 -9
-15 -25
-1 0
-2 -6
-23 13
-28 -1
-7 17
-2 24
-9 5
-16 4
-19 0
-11 -9
-16 4
-13 -1
-10 13
0 7
6 5
-1 0
3 16
-20 -14
-14 -5
-8 -6
-9 -8
-2 14
-2 5
-12 25
0 8
-8 28
-22 16
19 30
7 9
-2 -1
-31 -1
-3 9
13 -23
-4 -23
-20 -4
-11 48
-9 -15
-1 2
-12 -35
9 -24
-15 27
-13 13
-11 -3
-33 9
-5 38
-9 3
7 0
8 -19
-14 40
5 -7
-16 -2
3 0
-18 0
-3 9
-12 -1
-19 -1
-10 4
0 -6
-3 -4
-3 14
-13 -9
-11 8
-19 11
4 19
-1 3
0 14
-44 -10
-9 22
15 -4
-9 -12
-17 4
-13 27
-8 4
0 11
-3 -7
0 -30
-14 24
-4 19
-1 15
0 -29
-5 -1
0 -16
11 1
-5 -8
-21 20
-1 -7
4 -21
7 -4
-1 13
7 -2
4 -5
-8 11
-16 -10
-16 37
2 33
-14 9
-1 -15
-4 16
23 -30
-6 -12
0 6
-20 30
-18 -10
1 -2
-17 -15
9 13
-4 -6
-14 17
0 23
-4 14
-41 -2
-19 0
-1 -6
-7 7
3 2
7 28
1 -11
-14 -5
-9 -3
-3 36
-2 -11
-9 2
13 0
-5 -5
-10 13
-5 1
-5 36
-23 11
-19 -29
5 -51
-8 -16
0 26
-18 16
-22 7
15 -7
-7 7
-4 0
-8 0
-15 8
0 7
-12 -10
6 -4
-13 -7
-12 15
-21 24
-11 -16
0 -9
15 4
-8 9
-11 9
-4 6
-5 0
-2 15
-8 -10
-20 14
4 -15
-7 0
-18 -13
-5 -7
-2 16
-4 13
-12 9
5 1
0 6
-36 24
8 12
26 8
-3 32
-11 13
-9 -3
-2 21
-14 12
-9 1
4 -15
4 11
-4 3
-10 -1
-9 17
-19 -3
-8 3
-2 -3
1 -7
-3 22
-7 11
-10 14
-7 14
-21 -4
-17 5
-5 7
-9 -2
-6 7
-7 2
2 -2
-5 -4
-6 -4
-7 -1
-3 8
4 3
-29 -16
-10 0
-10 -4
7 -4
-19 -4
-26 1
-3 5
-12 -9
0 -12
5 1
-7 0
-18 30
-8 -10
-18 -3
-12 13
-29 3
-19 13
-4 -19
16 -10
6 3
-10 -11
-25 1
-8 -1
-10 4
-5 12
-15 15
-7 8
2 17
-1 0
0 4
-11 25
-7 3
-5 -17
-9 8
-24 12
-2 51
-14 17
-7 -22
-20 -10
-8 -11
-17 -8
5 22
-3 18
-4 0
-7 -27
-6 -8
2 -12
-7 11
-1 3
-5 6
4 -16
-6 1
-8 -6
3 26
21 -9
-9 1
-12 7
-20 16
0 5
-8 12
-7 12
-8 0
-20 -2
-4 -12
2 -10
-10 -9
-11 24
-3 3
0 -7
8 -5
-11 -1
-32 19
-9 -5
7 6
1 14
-9 0
-6 -6
8 -10
-10 11
-5 1
-1 -16
-17 3
4 -2
-6 -11
-11 5
0 12
-4 3
-10 4
-17 1
-25 0
-12 11
9 -8
7 4
-13 12
17 6
3 -4
-15 -10
0 5
-5 -2
4 28
-11 -6
-29 -10
21 3
4 19
0 8
-5 13
-20 22
-18 -14
-17 21
8 -2
-10 -6
-4 3
-6 -12
-11 3
-11 18
-13 29
-6 2
-12 -31
0 25
-6 27
-4 23
-12 -65
-15 -16
-21 0
-5 38
-7 36
-10 14
1 -8
1 12
-15 16
-12 -4
4 0
-12 8
-14 -3
-12 -12
-7 -2
-9 -20
-4 20
1 62
-11 3
-6 -1
-18 6
0 17
5 0
1 -1
0 2
-12 6
2 1
-4 2
-8 -21
-9 -7
-14 -4
-4 1
-9 -18
15 5
4 -16
-20 18
-9 11
-7 14
-9 -9
-7 12
-3 21
-8 11
-23 13
-23 -1
-7 8
-6 -5
5 -23
0 5
-8 13
-4 17
-21 15
-3 -10
-1 -3
13 8
-8 -9
26 19
-5 -3
-5 3
-15 -9
11 15
1 44
-10 -8
-3 -4
3 -6
-35 -10
-9 4
4 18
-32 14
-17 7
-7 -9
9 8
-14 -5
3 7
0 -32
-19 9
-13 -14
0 -10
-1 -2
1 12
-4 11
-16 13
-19 -23
-22 26
-12 -19
-11 1
-12 22
13 3
-12 21
-10 -6
-12 5
-15 31
-12 4
-10 -5
-1 11
-7 -7
3 0
25 -6
6 8
-22 57
-11 -19
-13 12
-10 3
-12 -11
-9 -5
-13 22
3 55
-15 12
-3 -51
-9 -9
-18 -13
-16 20
8 16
0 15
-20 3
-1 2
11 28
-20 12
-24 -1
-12 9
-17 -13
-10 13
-16 -14
-2 7
0 -15
-16 6
-16 -21
-1 -5
-9 0
-10 34
-12 -9
-10 -12
0 0
-2 -6
-20 -7
-13 -14
6 17
15 9
-23 -23
-7 18
8 -5
-7 20
-7 -15
-7 -15
-12 15
-16 -2
-4 16
-19 23
-8 -20
0 7
6 -4
-31 13
-26 -1
-6 18
1 23
0 3
-12 -6
-3 -11
11 25
13 7
-24 5
-5 14
-26 24
-12 -20
-14 3
0 -2
-1 3
-12 -42
-9 7
-15 13
-2 3
-3 17
-1 0
-12 -27
-11 8
-7 -1
-10 13
-5 8
-12 11
-15 9
-9 17
-1 14
-8 12
-1 -5
-18 -10
-15 -15
-9 -9
-18 -13
13 3
-19 15
-19 -12
6 12
0 -11
0 3
-7 -2
-5 11
-13 4
-5 0
9 -1
-2 30
-8 15
-19 -6
-17 5
16 8
-18 0
-11 -3
0 19
1 -12
-8 9
-13 -6
-7 31
-9 -13
-24 -7
-13 35
-11 6
-19 -1
-17 23
-8 -1
-9 0
-5 9
-21 -1
-17 16
-15 -9
-9 14
4 6
-1 4
9 6
-14 18
-22 -6
-23 -5
-26 0
-17 7
-7 6
-1 18
2 39
-5 16
-13 5
-21 23
2 1
-4 -5
-17 16
3 -3
8 -3
-8 4
2 7
1 6
3 8
-8 9
-28 -8
-8 5
9 -1
1 -9
-8 16
-19 -7
-15 2
-12 -3
-17 22
-34 4
-14 18
17 -8
-16 13
8 -3
-20 6
-38 4
6 -3
3 5
-5 -10
-14 13
12 -2
-5 7
-17 5
-9 -11
-1 -5
-3 -1
-15 -7
0 -5
2 -24
3 -9
0 25
-20 16
7 11
-5 0
-21 17
-1 -7
0 12
-5 -6
4 -4
-17 1
-24 8
-12 -7
-10 -3
-8 -9
-16 16
-3 18
-11 -10
-20 1
-4 -2
-10 -9
-24 14
-27 6
-3 -10
0 -10
33 21
-24 37
-8 4
-15 16
-14 11
-14 -3
-6 9
-12 17
-2 22
-5 -9
0 15
-11 22
-16 -14
-2 2
-13 15
-21 1
-5 9
5 -18
-11 2
-6 45
-20 15
-17 15
-19 -11
0 2
-1 16
-8 -4
-1 11
-17 23
-21 -6
2 0
-14 -16
-10 -21
-8 15
-5 6
-38 -1
5 7
-2 -12
8 7
-12 5
-12 -6
-23 28
5 2
-8 5
-14 -1
18 8
-7 -22
-12 15
-24 8
-11 -1
-2 -26
-2 0
3 21
14 5
-6 -3
2 7
-11 15
-11 -6
-21 1
0 7
18 0
-3 14
-1 5
-5 6
-12 15
-29 15
-4 -6
3 4
-22 11
-12 -20
9 17
-6 22
-12 7
24 3
0 -14
-4 -21
-13 -11
2 19
-8 8
0 7
14 -16
-24 8
-6 5
-5 12
-7 15
-2 6
-15 -3
0 19
-4 -6
4 -8
2 3
-18 -4
-14 -1
-10 8
-16 -8
-5 -6
1 -9
-15 26
-13 11
-30 0
4 -11
14 12
-3 2
11 4
-6 -1
-6 -15
-8 12
-8 -17
-5 2
-5 -1
-5 -17
-19 20
17 -22
4 0
-19 -6
-15 -11
-15 2
18 5
-13 28
-3 4
18 3
13 -5
-19 12
-20 5
0 7
9 0
-11 -2
-10 -13
0 -4
1 -4
6 22
7 -7
-1 -10
-10 1
-25 -14
7 5
3 -3
14 23
2 -6
-14 -22
-17 2
-21 2
0 18
-1 12
-11 -27
-10 -12
-23 16
1 -7
-9 -5
-8 -11
-23 20
2 -3
0 3
8 7
1 19
-1 5
-18 4
-8 18
-8 3
9 -2
4 11
-8 6
4 7
0 14
-10 -10
-19 -1
-17 -6
4 -16
-12 14
-13 -19
17 -2
-13 0
-15 8
-19 -3
-8 -2
-3 11
0 0
-21 25
-12 -20
5 -1
-19 16
0 3
-19 -7
0 2
-24 -1
1 -6
-1 4
-8 -9
8 25
-3 35
-12 -13
-12 4
18 11
-38 -9
3 0
-3 11
12 18
-11 -9
-29 -6
-12 1
7 -4
0 4
-1 -6
-2 0
0 0
-6 21
-12 16
-11 -5
-13 -5
-14 22
1 -23
0 33
18 -3
0 4
-6 5
-9 25
-30 -1
-15 -15
-9 -10
1 -3
8 -21
0 3
-10 24
4 7
-14 -7
-13 7
7 9
-5 2
-2 -2
0 2
11 0
-7 -7
-18 12
-8 5
-13 0
-15 11
5 14
5 -7
5 -15
-39 29
-16 5
-2 1
-10 4
-14 -18
-4 36
-7 4
-5 6
-4 2
-3 -25
0 9
-5 -9
-19 12
-11 16
-3 19
8 -8
3 2
-9 3
-25 4
1 -7
-7 5
-8 11
-19 -18
-8 11
19 9
-12 -7
-8 24
-11 1
-20 5
-17 3
-5 -3
7 6
-16 -3
7 21
-4 40
-24 14
-10 -9
-10 12
0 26
0 3
0 12
-11 0
19 -4
-11 5
17 2
-13 3
-13 -12
2 15
5 25
12 20
-10 -1
1 3
-17 7
-9 3
9 19
-13 -2
-4 0
11 -27
-14 -8
-3 -2
-15 6
-7 -27
-9 3
-9 -4
-4 5
6 5
-7 -23
-27 -14
-21 0
11 3
2 3
-6 -28
-12 6
-2 -31
5 -8
-7 19
-23 19
-11 11
-5 7
-14 -7
-17 13
3 3
-2 3
-33 -2
-8 -3
-36 -1
-5 14
-9 -3
9 -5
-12 14
-8 -9
4 -6
0 0
-6 8
-17 4
-19 6
0 5
-10 -4
-1 0
-1 1
-10 -4
-11 0
-7 -1
-18 -8
-15 -7
-11 17
-4 2
-2 13
-4 9
4 -20
-10 -1
-15 0
-27 0
-12 12
-2 1
-20 16
0 -21
11 3
-2 4
-8 12
-19 -5
-13 0
-13 -12
-14 -16
9 18
11 41
-8 7
-1 12
-17 -27
-6 6
-27 -1
-10 6
-15 -5
1 -8
-1 -1
-5 9
-2 31
-30 14
20 9
-9 -5
11 1
0 23
-5 0
0 18
-2 -12
-9 -7
-11 7
-8 19
-5 0
20 -1
-2 15
-2 -18
-8 8
-9 1
-18 5
-11 22
-7 -4
-12 1
-20 -4
-10 24
0 18
-8 0
-35 -23
-10 -2
-2 -1
-11 15
-4 12
-7 11
-10 1
-6 19
-7 3
-3 -10
-16 -1
-12 12
16 20
0 -39
-14 5
-3 -12
-12 -3
-23 -2
-24 24
-2 16
-11 13
-5 2
0 -2
4 8
-7 -5
-13 13
-12 -11
-11 0
-31 -2
-2 31
-2 1
4 -5
-4 6
11 8
-11 -12
-3 15
-17 8
-7 1
-23 4
-15 20
-5 -24
7 0
-14 3
-17 7
-9 15
-12 17
-4 5
-4 -1
-3 -12
-12 12
-28 6
-21 13
3 13
-18 -9
-13 0
3 -2
3 25
-7 -15
-6 8
-17 8
-7 6
-8 11
-14 2
-10 5
6 40
15 32
-3 1
-3 -15
-10 11
1 -2
-22 -1
-16 13
7 -4
14 -28
0 5
1 6
-17 4
-7 12
-12 18
0 18
-22 -1
-9 3
30 -9
17 3
-18 -13
-26 -23
-16 0
-10 -13
-8 -10
-14 -14
7 9
6 -17
-23 6
-14 9
-6 -5
-8 13
-9 -13
11 -14
-1 7
-6 11
-17 3
-9 8
-3 -3
3 -11
-20 3
-34 12
-6 -9
-5 -15
-18 0
-6 -1
1 -2
-16 -1
-6 14
-3 7
-19 -17
-18 -6
11 0
18 20
-16 -5
-29 -3
7 -5
-8 -6
-16 2
-8 0
-1 -15
0 21
4 19
7 18
-13 -3
-17 -13
-15 6
2 0
0 -22
0 3
-20 0
-7 -6
-14 -9
-17 2
-10 -1
-22 5
-8 3
-6 5
-15 6
-12 1
-2 -13
-9 3
-9 2
2 5
-3 7
-7 -2
-1 -4
-4 -11
-2 13
-3 9
-8 14
6 0
-16 9
-8 1
4 2
-10 -9
0 4
-16 14
-20 8
-21 9
-15 28
-10 17
7 6
5 0
-12 4
-3 0
-2 6
-19 4
0 -16
-4 12
-16 -33
8 20
5 -17
-6 -2
-10 11
-4 4
-7 -13
-16 -3
-19 2
1 4
0 -27
-5 6
-2 9
-16 19
17 15
-11 0
-11 0
15 11
-5 -6
3 -7
-16 11
-8 5
-23 3
-10 3
-16 0
-2 -4
6 4
2 -4
-11 0
-12 -17
-3 8
-1 -3
-5 25
-3 2
5 3
-5 11
2 0
-7 0
-30 20
-20 -11
5 -8
-6 -16
-3 0
-4 -17
-6 7
-24 -19
-2 3
-8 5
5 3
-8 11
14 0
9 1
-13 12
3 15
-4 -12
-13 16
-39 2
2 -11
-8 1
4 11
14 23
-15 37
-10 -7
-5 -15
-23 19
-1 -5
-20 2
-9 0
-3 0
-28 20
-13 -32
-19 6
-4 21
-9 34
-5 2
-8 -9
2 7
-4 -3
-6 38
-19 14
-16 -1
-6 -9
21 15
15 -12
5 -7
-9 3
-8 20
-10 -11
-1 -12
-10 15
-20 12
-9 25
-6 35
7 -9
-16 -6
-12 -13
-5 8
-14 -4
-1 -3
-21 5
-17 18
-6 5
-3 -8
-24 -4
-17 -3
-4 16
6 -3
-8 0
-2 -8
-2 -2
9 2
-7 16
-22 -2
-10 -2
-4 -3
-16 22
9 -17
-6 -14
-2 22
-34 28
-10 -2
-34 2
-6 16
-5 0
-8 -4
-19 17
-7 18
-6 7
0 -2
0 -4
-12 8
-3 -3
-15 3
0 15
9 -12
-33 0
-7 -27
-4 6
2 3
-8 7
-12 1
-2 0
5 1
15 -10
-12 14
-9 23
-14 1
-12 -2
-13 -13
-26 14
2 -12
-13 6
0 6
0 21
-8 4
-16 0
-2 0
-18 -8
9 -7
-17 12
-5 7
12 -1
-1 -4
-23 -3
-20 0
-17 8
-5 -7
0 14
1 -12
-4 5
-10 9
-5 3
-5 12
-11 -5
0 3
-13 -13
4 -4
9 -23
-7 17
-18 -22
-8 9
-8 0
-17 12
3 4
-8 -8
-37 17
-9 13
-7 5
-8 6
-19 -12
-13 0
0 5
-14 -1
-4 -13
8 -1
-5 -4
-19 -9
-18 -25
4 -21
-19 12
-13 0
-10 -2
-5 14
-1 17
-26 -4
-19 9
-11 4
-9 15
-13 16
0 4
3 -2
-16 30
5 -19
-26 -7
-25 1
-5 -3
-16 4
-8 -18
0 -8
6 3
-8 -13
-10 0
-17 0
-14 -8
-10 0
-10 -2
-6 0
7 -9
0 -4
-24 9
-12 -3
-2 0
3 21
-12 2
-5 -4
0 -15
-3 -26
5 28
-5 14
-16 -7
3 6
-18 4
-16 -15
-1 0
5 20
-13 -1
-2 7
-6 -1
-12 0
-17 -18
-9 -5
4 27
-1 9
-1 22
-12 5
-4 4
-17 -5
-8 6
0 -5
0 12
-3 1
14 11
-13 -1
-14 -7
-12 2
-19 2
-12 -5
5 11
9 -1
-5 -3
-14 -10
3 20
-4 0
-26 -9
-3 2
-23 -19
5 17
3 1
-16 12
-1 -3
5 33
-7 -9
-14 -4
-1 0
-14 37
-6 0
-12 -6
1 18
-17 -4
-10 3
-6 0
22 1
0 26
-15 46
0 -9
1 16
0 -7
4 7
-22 -9
-11 8
-15 14
-13 21
0 14
0 8
-7 4
-22 19
-6 20
2 6
-16 1
3 -2
-10 13
-8 2
0 12
-15 5
-15 7
-3 0
-19 -33
-12 0
-4 0
0 -4
-7 8
-5 -4
-7 -2
0 -4
-11 12
0 27
1 -20
-10 14
-6 6
17 2
-22 5
-14 -32
12 22
-14 -18
-12 -2
-8 12
-6 9
11 12
-21 -12
-2 -23
-17 0
-5 4
-22 7
14 21
-8 5
4 14
-21 20
-15 6
0 -20
8 4
-11 11
-1 5
-12 20
-15 1
-4 -5
1 -2
-15 -5
-9 20
-7 -8
15 12
2 5
-8 -7
-4 4
-4 -9
-2 22
-21 16
-11 11
-13 19
-10 4
-7 24
-12 -2
-13 -1
-8 3
-1 -12
-25 8
-15 -7
-16 -8
-1 -15
-5 1
-4 32
-9 0
-11 -2
-25 -4
4 -1
-7 12
-22 2
-9 2
-13 -1
6 -10
-15 -5
-10 6
-6 2
7 3
-4 3
-5 0
0 23
-1 -10
-18 -9
-1 5
-10 2
1 -1
19 0
0 19
0 -10
-22 6
-8 28
-11 -21
-11 -5
-15 17
6 20
-15 -4
6 7
-22 -9
1 14
1 13
-10 0
-15 7
-10 -2
3 15
-17 -24
-19 11
-3 12
17 -19
-24 7
4 41
1 -8
-5 4
-3 -7
2 1
-18 16
-15 4
-12 -11
3 17
-2 15
0 13
16 4
-9 12
-4 2
-12 -9
-24 -3
-10 16
-3 12
-21 14
2 16
8 5
-5 -4
-16 28
-15 -23
-18 -9
-16 5
-6 5
16 23
-8 -24
-10 -12
-15 9
-25 2
-19 3
-9 -6
-3 2
12 -20
-2 3
-10 6
-3 1
8 -2
-21 -18
-1 17
-5 -3
-17 -38
-3 -3
-8 -5
0 11
-32 2
-3 -2
4 -13
5 -15
27 21
-10 13
-13 -15
0 -6
-4 3
-6 -30
-11 0
-8 12
-9 2
0 23
-8 15
5 -1
-1 -10
-6 12
-10 11
-11 0
-10 1
-2 25
0 -14
-14 -26
-7 5
-3 -6
-15 3
-6 0
1 4
-1 0
-4 14
4 14
0 -13
-9 -6
-5 -13
-29 -3
-45 -6
-21 8
2 2
-6 7
19 13
-9 -15
3 -2
-13 8
-25 15
2 -3
-14 2
7 15
-6 -3
-5 13
-3 0
-9 -8
-4 1
-23 14
-34 2
13 2
0 -22
-9 -13
-13 -6
-10 -7
0 0
-1 17
-6 21
-15 8
-12 -7
-15 -5
-24 22
-15 -5
-24 8
-13 -4
8 -12
-1 4
-6 -6
-10 6
-15 -1
-19 -14
-3 -18
-3 8
-1 20
-26 -11
-16 -9
14 2
-2 13
-5 -18
-16 -18
-18 -4
-9 -5
0 0
-7 -13
0 -1
-5 -2
2 1
-7 -17
-17 -3
2 19
-31 14
17 27
-6 -9
3 -3
-8 21
-33 3
-10 -1
-14 6
-11 -15
14 7
-1 7
6 -9
-13 -16
-1 5
-25 -34
-20 6
-8 22
-14 0
-24 5
-8 -11
0 0
-1 2
-22 11
-16 16
-16 9
-2 1
-14 -2
-13 14
4 27
9 -16
4 7
-23 0
-16 -6
-7 37
3 -11
-22 7
-3 9
-21 16
5 14
-5 4
-7 -10
-6 5
-4 11
3 12
-10 3
-15 8
-10 3
11 3
-7 11
9 -13
-25 -11
-15 0
-3 9
-7 8
-9 -18
4 6
-15 14
-15 -1
-27 13
-9 -13
1 0
-3 -20
0 -6
12 14
-4 -4
-12 12
1 7
-7 2
-19 2
-7 15
-21 2
6 0
-8 -6
-9 0
0 25
-1 5
-2 14
-17 -3
-4 1
5 8
-14 24
-4 -6
-20 -6
-5 0
-11 25
-14 15
-13 -1
-5 0
2 4
-12 -32
-16 1
-45 -15
-7 4
-6 8
-13 4
-8 0
-11 -13
5 16
3 13
-2 -3
-8 5
-18 -30
2 15
-11 23
-4 11
-1 -2
0 11
7 7
-5 3
-8 4
-11 -3
-1 4
-4 4
-27 -5
-8 1
0 19
-4 11
5 11
-9 -16
-18 0
0 0
-23 3
6 -13
-9 5
-1 -12
1 6
-5 -12
-19 31
-11 7
-16 -7
8 1
4 -16
-8 5
-5 -1
-4 5
-1 4
-11 -2
-16 9
-2 16
-7 -11
7 -7
2 -9
-1 1
-5 -15
-37 7
0 20
-16 33
-1 0
3 7
-10 -1
1 2
-5 -9
-6 -3
-10 1
-10 -11
-21 2
-10 3
-10 -30
1 -5
-4 -13
-14 25
-7 5
0 2
-10 -1
-11 8
-25 28
-4 -10
-2 -9
-4 5
1 -6
-2 -5
-13 0
-23 7
-7 8
1 19
8 6
-5 9
-8 12
-15 0
-1 -8
-9 7
2 1
2 -6
-15 1
-10 2
0 24
-12 -1
1 0
0 -1
-16 -2
-11 4
-13 29
-14 31
15 5
-13 8
-21 7
-5 -2
5 -5
-12 1
0 11
3 2
3 19
-13 4
-29 8
-16 9
-11 -18
-6 -8
-1 -11
-15 13
6 3
15 -11
-15 -9
-13 0
-25 6
-8 8
1 -8
5 3
4 -2
-3 -3
-1 9
1 6
-27 -7
-14 -5
-13 -2
-8 19
-4 0
7 1
-3 8
-12 0
-20 17
-27 -2
2 46
-9 1
-22 5
13 0
5 3
-5 6
-20 -3
-20 5
-3 4
-15 -4
-18 17
7 7
-6 0
3 -1
-10 6
-2 0
-21 -15
-12 -28
-16 -1
-3 5
-19 -19
28 0
4 7
0 6
-19 14
-3 12
-12 -6
-15 -15
5 -9
-1 -11
-3 4
-13 -2
-2 12
1 -7
-11 1
-31 -6
-30 6
-2 5
6 8
-7 17
-1 -16
-10 0
-19 4
12 1
-3 0
-22 9
-3 7
9 9
-16 13
-2 -14
-15 12
-35 13
-1 -1
-1 -12
-5 -9
-3 -19
-17 11
-19 17
-10 -8
-2 5
-13 15
-15 -8
3 0
11 25
15 -7
-14 -20
2 7
-18 7
-5 -16
-24 -6
-14 -10
-7 -23
3 13
2 8
4 2
-25 3
7 5
-17 -6
-3 -13
-9 0
2 5
3 -10
-13 0
0 -6
3 6
5 9
-23 -10
-2 16
-11 2
8 4
-4 -27
0 -3
-1 8
-36 3
2 -13
-10 13
-7 -2
-10 5
-3 -12
-1 14
4 9
-28 0
-6 -16
-11 7
3 -12
20 4
-6 -2
-8 11
-4 17
2 16
-36 -16
-9 20
0 13
-4 5
-8 6
-17 -6
0 31
-20 -13
-6 2
-23 18
-11 21
-7 -3
15 5
11 -30
2 0
-30 -9
1 14
0 9
-11 13
-8 -27
-12 -23
-1 -28
-13 -14
-24 20
-13 1
-9 0
-10 5
0 12
-4 0
1 2
-5 9
-14 4
8 30
-22 -7
-18 -12
-13 1
7 6
0 -12
-7 8
-19 0
-11 3
-9 -2
-16 -15
-20 -2
-5 8
-3 16
-14 4
-15 2
-7 6
-16 -1
0 12
7 5
-3 -1
-3 -8
5 -7
-4 8
-2 9
-12 29
-12 33
-18 -43
-12 18
-7 -12
0 11
-5 -8
-17 -7
-7 4
-10 22
-1 7
-14 7
12 5
1 1
-4 -7
-16 -8
5 1
-6 -16
-4 8
-4 -5
-4 4
-12 5
-4 -3
-6 -2
-3 3
-8 2
-6 3
-18 -8
-16 5
-5 8
0 9
-2 4
-13 0
-14 0
-5 2
-4 -9
-10 15
-10 4
-12 16
11 9
7 0
-6 0
1 -1
-15 -2
-15 6
2 7
-10 15
4 17
-14 3
0 12
5 1
-1 38
-32 1
-31 16
0 3
-6 6
8 -13
-11 22
-6 -23
-14 0
-18 0
-3 -15
-25 -20
-14 4
-17 -5
-3 27
-7 8
-18 18
-12 -9
-13 -1
-15 8
-5 -3
-13 4
-15 6
-9 -15
5 4
0 -21
4 9
-50 -8
12 -2
0 -13
-11 17
0 0
