-148 14
-6 18
110 9
51 0
32 -11
-62 44
-59 -12
-44 -9
1 37
29 13
-6 -61
-60 -3
-4 59
-76 33
43 -11
137 -7
40 0
-15 7
-25 7
-36 4
-28 6
-77 23
-67 0
44 -35
33 36
8 22
14 -9
-2 -10
8 17
-38 11
-177 27
25 -82
-88 -17
87 9
183 42
80 -19
-40 5
-29 30
-48 18
73 -7
47 -1
-100 39
-135 -24
-150 -22
-77 -27
6 31
18 9
51 6
-1 22
-12 -37
20 22
41 17
2 17
-116 20
-145 3
-23 -61
201 73
150 -4
-21 12
-25 -64
-45 27
-97 -12
25 -6
38 50
-69 60
-72 -41
-147 -33
-31 -4
231 65
225 -15
-10 -20
-154 21
-135 8
-6 41
30 -12
-7 -3
-81 -10
-82 2
-31 -18
36 -9
58 -27
-39 20
-43 -25
87 -4
97 -5
36 29
-136 39
-135 1
4 -9
120 -18
54 95
-40 0
-45 -40
1 35
-57 -15
0 20
-12 64
51 -8
33 7
41 5
-68 5
-64 24
-144 0
40 12
-12 6
-20 58
-19 -52
23 -48
-25 -16
-65 16
40 26
111 11
51 -34
140 43
-40 -19
-192 54
-124 -10
-43 -41
19 3
32 0
-39 -15
-35 5
79 22
100 -3
121 -25
-9 20
-161 31
1 -11
-48 -32
14 32
-22 38
18 -54
-62 -14
-215 43
-119 16
246 5
152 9
-132 -31
-18 -11
106 28
102 3
-42 3
-146 48
-257 -66
36 5
101 25
-3 -46
-62 39
62 34
38 -1
-39 -18
82 20
228 2
-68 -54
-304 -28
-78 55
115 7
73 25
-85 4
-38 -35
0 14
105 16
43 -10
-13 -16
-75 30
31 78
-226 -43
138 -2
-6 -22
-28 8
-118 0
13 -12
55 12
43 0
45 -44
72 -17
-43 41
-76 17
1 -8
-71 21
164 -11
-323 -7
0 20
61 -11
38 8
38 -6
0 -5
-91 4
143 30
-105 -30
-78 -18
29 58
173 19
63 -4
-179 1
-126 14
-47 -32
9 -9
89 32
45 30
-75 -51
-57 12
164 -2
-66 0
-17 12
63 1
75 5
-30 -1
-237 -27
-24 8
32 -14
-65 -11
44 20
65 -16
-84 -2
1 36
56 18
-12 1
41 14
122 -10
-47 -22
-183 28
-135 64
-21 -38
116 -3
-20 19
-30 -3
-37 15
-75 -8
157 -48
-38 -47
-10 88
67 -4
-8 -15
-2 -10
-52 42
-76 3
4 3
62 -38
11 -21
-67 7
-63 40
11 -23
45 -32
40 41
-92 20
-75 3
58 31
-3 -65
-29 18
-52 0
64 -1
36 -24
16 -7
-4 46
-194 28
90 -9
46 0
-46 -4
-30 0
32 -42
-31 8
-22 2
3 -14
40 2
-3 -4
48 -11
-25 16
-21 4
-26 49
-27 -23
-53 -25
13 -43
0 2
33 76
-11 11
-16 13
-13 -53
34 8
-182 -11
241 -10
48 4
-134 27
-95 -22
83 19
-20 -26
-10 7
-6 17
11 -31
-14 15
-26 -26
24 -26
-18 40
9 80
-37 -31
-11 -20
42 13
-50 -44
-29 27
31 40
22 -101
-42 38
-62 4
63 -10
1 64
-50 8
7 12
41 -18
-66 -39
8 68
7 -13
-10 -14
-18 2
-3 -36
-13 -16
21 4
-5 36
108 -3
-29 38
-109 19
34 -24
37 -22
81 34
-126 -34
121 74
-44 -18
19 -26
52 12
-9 31
65 12
96 7
-1 -2
-52 -47
9 42
-35 -2
-26 -11
50 -7
18 9
-42 103
19 -8
-83 -38
-1 -8
155 14
-53 4
-14 -13
2 -5
5 25
-1 -20
-65 32
73 25
59 -9
39 4
-22 -10
-125 62
47 -15
20 -21
19 1
21 -24
1 79
-1 0
14 -27
19 -1
56 42
17 -13
-41 -1
-30 -13
-44 65
26 32
100 -15
0 -7
-75 -34
-43 37
152 39
19 -9
-8 -8
41 -16
-55 8
-5 5
22 -19
-24 18
-20 -12
18 -4
55 -5
95 9
-50 -97
37 -53
58 123
-190 56
94 8
13 -40
13 2
4 3
35 -8
-13 -16
-8 56
40 21
-17 -56
-51 35
78 -18
73 -72
-35 96
-6 -6
0 29
-33 2
35 21
13 -3
46 5
-62 -18
49 -5
53 1
-62 -8
0 -52
108 41
-59 29
-67 -57
70 0
-5 12
-21 5
25 16
20 -14
-4 -22
-22 -3
8 -39
15 26
-3 -29
-6 1
21 -26
23 17
5 24
22 7
25 -44
-3 -20
-52 12
46 5
-44 -7
77 11
20 16
-30 22
7 -18
-32 -10
-6 0
61 -25
20 21
-72 0
3 14
54 11
33 5
-75 9
-12 13
66 18
33 0
-22 9
-2 -11
83 17
14 4
-44 -15
1 23
0 6
17 0
33 16
26 -45
0 0
-117 9
1 8
72 -17
-20 -3
15 34
5 20
12 26
57 -23
-102 -7
-21 -5
47 -7
-2 1
6 -13
-11 29
-29 48
38 -31
22 -35
20 41
-1 -12
39 8
-10 -25
-46 3
42 9
-1 -14
21 -16
3 -5
-27 -38
49 3
35 15
-32 16
2 21
41 15
14 12
-8 -13
6 0
0 -10
30 2
19 23
-12 25
-15 -14
7 14
-12 -4
13 0
28 19
-3 19
0 0
-5 -38
29 -5
25 -46
15 -17
39 -9
-33 5
-32 41
38 45
-41 42
17 2
9 3
1 -3
56 19
-18 -26
5 -2
-11 1
37 -16
-27 6
56 23
-13 0
-19 2
14 -19
23 -22
-7 4
28 -27
47 -21
-46 8
-9 69
13 9
6 40
28 5
21 27
38 -24
-15 -8
-1 14
33 1
20 1
11 -38
11 -34
20 12
-35 20
-98 37
103 -10
94 -40
-71 -23
52 12
-65 34
-22 17
34 8
48 -28
14 30
-21 -4
-3 14
-5 43
1 -14
8 -26
18 28
13 12
22 -4
-12 -16
-7 -4
-10 3
22 -8
34 6
-109 -8
48 -6
132 34
-56 6
-27 -9
21 8
8 5
-9 53
72 16
-16 1
-15 0
0 5
1 -11
1 -29
27 21
8 -13
-19 -12
21 39
11 21
45 -2
-19 -44
-13 -10
119 -8
9 26
-24 15
-63 19
48 -41
35 1
-9 23
-4 2
3 19
-23 -1
-86 -1
135 -19
27 2
21 16
8 -1
18 1
-9 32
46 21
-20 31
-38 -11
0 -17
25 -8
24 -4
-31 -25
-33 -15
60 -8
27 0
-7 -24
-17 -10
24 71
9 19
23 -41
-13 -4
45 65
-34 19
-20 18
33 -11
17 -57
45 30
5 62
-56 -22
23 3
83 -4
-24 11
-10 -4
-14 -20
27 -17
13 2
-66 -18
72 -9
-4 -21
17 14
3 2
-7 1
70 19
-17 -8
-64 -8
86 -20
12 -4
-15 11
-48 39
1 -28
35 0
31 48
21 -21
2 8
-27 19
-50 111
99 19
31 -130
-39 -62
-14 0
15 156
56 145
43 -25
38 -113
50 -65
-4 28
3 89
18 30
15 -4
13 -36
1 -18
15 -24
-2 15
-3 29
-31 17
-13 29
38 25
44 -9
-2 -12
9 -5
-33 2
-23 13
46 -14
-17 9
9 38
-40 40
-3 1
48 -17
27 -31
0 14
2 27
4 0
-12 -13
9 -1
32 -40
18 15
3 32
-3 40
2 -22
14 -33
3 55
-5 -19
-28 2
51 0
38 13
-17 6
-13 -8
18 7
-1 -32
22 -1
-68 25
65 6
37 19
-26 0
-12 -20
5 7
3 18
-9 -8
28 -25
12 11
-24 31
-6 15
4 0
0 2
-8 4
7 8
-3 9
0 -22
23 8
-15 -6
13 -15
53 -10
0 11
-54 2
25 32
34 12
4 -11
-10 -10
-26 -1
-13 -20
12 27
-1 1
-21 41
-2 4
11 8
37 34
32 7
5 6
18 24
24 -14
-87 -21
12 0
78 16
-9 1
-9 -33
13 -5
-1 18
25 71
13 8
7 -19
0 -7
15 6
-2 3
-19 -17
29 -1
6 2
-4 -10
33 -3
15 17
-79 2
20 -4
11 33
-11 23
-2 1
-16 -16
-1 24
0 13
-17 -16
31 -4
-10 -23
-70 -19
-9 3
29 3
-29 -9
-50 -1
6 -4
61 11
-30 0
-25 -25
59 -5
11 -22
-31 13
-9 6
-31 -20
2 -2
-4 -8
3 44
-35 63
-17 12
46 17
-30 0
-24 0
41 -8
-43 -42
-54 2
39 -5
0 -18
-53 -11
-1 -8
13 -4
0 7
13 -2
-48 -8
-52 47
-36 11
85 4
39 -29
-81 -16
-76 9
85 35
-28 7
-12 7
29 20
-18 2
-17 -24
-39 -1
-23 24
-22 2
7 46
26 40
-51 -9
6 -5
19 9
-57 -1
12 12
28 -21
-43 6
-32 -11
7 -2
-1 43
-32 -13
12 3
4 6
-37 31
-12 40
0 -3
39 -6
-32 -5
-13 -5
-16 61
0 36
16 -9
3 -16
-2 -5
1 -2
12 8
-29 14
-64 39
75 -37
-12 -17
-78 -23
-10 7
62 -9
-10 -5
-34 -9
6 -6
9 -59
-48 -17
-32 -3
58 54
11 31
-28 -59
-28 -7
-16 -23
-3 18
12 -14
-1 0
0 -2
-45 -19
-6 -10
27 -24
-10 -20
-19 -6
-21 -11
25 -15
15 7
-10 -13
-31 -26
23 -17
-3 -48
-66 -36
15 -10
-11 21
-43 24
24 0
15 -3
24 -3
8 -41
-44 -9
-31 0
-15 -24
9 -49
34 -25
-56 7
-21 -14
38 -46
-8 6
-13 8
-27 -25
-3 -14
65 -6
-58 9
-51 -2
22 -16
44 -8
-4 0
-16 -6
-25 -16
17 -26
0 -18
19 -1
-42 -13
-24 24
29 -20
-26 3
9 22
-27 -15
31 -58
-16 -22
4 7
-18 36
-17 33
-4 -41
-1 -11
-41 -13
-16 7
11 11
8 6
12 -21
-3 -27
-10 -25
-13 -6
-28 -26
-72 -11
58 -1
-29 -11
-16 0
-32 -11
33 -7
-38 -2
2 -21
2 3
-10 -15
-20 1
39 13
-15 -24
-41 -11
-23 -13
-26 -11
11 -28
18 -33
-22 -3
-19 -27
6 -4
6 -15
-11 -28
8 15
-91 4
19 -6
4 -29
-4 -15
-25 -12
-54 -15
-15 -24
91 39
58 -2
-57 -23
-21 -30
-10 -26
14 21
-1 30
24 -7
-15 -44
-43 -15
45 2
-62 -33
-12 -13
32 2
0 -14
-13 -10
-5 -23
5 -9
-19 -24
-6 -25
-15 -8
-67 -8
50 -15
93 0
-48 9
25 -13
20 -23
-58 0
-48 -4
20 -28
4 0
-5 0
-26 -2
-2 -27
-30 -21
37 5
-17 -14
7 -11
-23 -18
-77 -1
58 23
56 -31
-31 -27
-72 -7
34 -17
7 -17
-9 -47
-13 -5
-16 -6
-20 8
2 -37
-34 -11
36 -13
-1 -18
0 -18
-30 -4
-52 14
4 -23
31 -18
6 -12
-40 -12
20 -6
-4 -28
-21 -7
-13 -46
0 -8
1 14
-22 -1
-2 -25
-15 -12
-26 2
0 7
1 -10
3 -20
5 -22
-1 -8
12 -13
5 -28
-7 12
2 0
4 -9
-2 -10
-5 6
-17 -22
-12 -45
-30 6
-3 -21
9 -19
-77 0
8 -12
-17 -12
36 -21
19 -5
-20 14
-28 56
21 -23
0 -29
-27 -13
7 6
0 0
-6 -8
-68 -25
36 1
22 -10
-36 -9
-84 -2
82 -3
-9 3
-51 -2
21 -15
-17 -3
7 -17
-4 -20
-3 -5
12 9
46 -2
-22 -21
-22 -10
-68 11
-3 12
23 -18
8 -8
-55 2
-54 5
16 -7
12 -27
18 -16
2 -12
-27 -19
17 -12
-22 -21
12 24
-82 -11
71 6
-6 -42
-15 12
4 6
-11 -37
3 -17
0 -19
-48 15
4 -6
8 -15
-14 -32
-92 0
47 37
78 0
-42 4
-28 -19
-7 -7
20 -3
-2 -27
16 -8
-21 13
-22 -22
-3 -37
-74 -2
20 -15
3 8
-2 0
-11 23
24 -12
2 -29
9 -18
-27 19
-32 -9
-5 -20
30 -20
-24 -1
-54 14
20 40
46 -7
-12 -42
-41 -11
-21 3
5 6
-57 -1
25 3
104 0
-28 -11
-42 -16
-49 -4
-7 15
9 25
-6 7
-8 30
6 22
-24 12
-49 -16
3 -2
50 11
-28 -13
-17 -3
-13 -3
-7 42
29 5
-68 -20
-29 -28
25 9
-20 22
-19 8
-21 -1
3 22
57 2
-22 9
-60 17
9 5
20 -10
-22 0
4 6
15 6
-34 0
-31 -7
2 -10
14 -8
-9 -8
1 -18
-5 0
-9 8
39 -7
-83 -33
5 -6
-3 26
33 25
-33 -3
-54 -9
-10 -1
2 13
-2 -4
9 2
-44 -11
0 -7
72 -11
-30 -3
-37 19
-28 2
-27 -17
0 -10
25 4
9 -2
-26 2
-53 6
-9 -4
24 -6
-3 20
2 5
11 -2
-37 -8
0 -16
-46 0
6 -9
5 16
0 0
-10 -21
-46 -23
29 -10
39 13
-45 13
-27 12
21 12
11 -8
6 -6
-10 0
18 5
-33 18
-25 17
-32 -20
-55 2
15 -2
43 9
-25 -17
-49 -14
-17 -2
13 15
13 -3
2 23
-14 -10
-18 11
-18 -2
31 -9
5 -8
-22 5
-31 11
-9 -22
-5 12
-8 -46
-2 6
-1 -1
7 36
-12 31
-8 -15
-71 -8
70 0
-20 5
12 2
-41 -16
-5 -27
8 3
-26 -3
-35 14
-20 75
-1 30
-6 24
4 -15
-1 5
26 0
-16 12
-73 8
7 0
11 -16
19 -9
-25 -7
-22 1
-7 14
7 3
12 20
-32 20
-9 -8
0 4
14 -3
-10 13
-25 -31
17 -11
-4 1
-38 4
-49 2
66 -6
52 7
-66 3
-22 9
-18 25
-6 17
30 24
4 15
-9 16
-70 3
14 0
-7 13
42 0
-26 -15
9 -7
-22 -5
-23 22
22 24
-24 7
-3 7
-6 -22
-1 -11
7 8
0 -15
0 -2
-28 -6
-30 25
-27 16
1 -7
3 6
0 20
2 27
-44 -1
-40 -2
21 -20
-21 7
-11 7
-95 13
102 3
-27 -18
24 -4
-19 -8
14 -14
-16 -1
16 0
1 -7
3 0
-34 12
-10 -10
-58 -7
-19 -4
22 27
-31 -1
-6 -10
7 14
2 15
-15 3
-65 19
2 -12
42 8
-29 -6
31 5
7 12
-15 -14
-29 -14
1 11
-23 19
-18 -25
0 5
-19 3
-11 -31
-16 -15
-24 13
21 5
-27 1
-18 20
-6 -5
-5 -12
-12 -19
0 4
-9 7
-14 -2
-28 -34
21 0
-20 -5
-66 34
26 0
13 -16
-31 2
12 23
-12 7
0 -5
-12 33
-17 8
-7 -11
8 -12
-8 19
-16 2
-9 -4
-26 -18
-5 -21
-12 -3
-5 -13
-11 -24
14 9
-12 4
15 -28
43 0
-68 7
-4 30
3 0
8 0
13 -18
17 11
6 20
-88 3
-62 32
84 -15
-12 -5
-40 2
17 -11
3 -16
3 17
-34 13
-46 -13
40 -4
-26 1
-7 22
-3 4
-15 4
6 1
-22 -1
3 0
-41 8
-19 18
39 -1
-48 -4
-12 12
4 3
19 24
-16 0
-19 -15
16 31
-14 21
-44 4
9 -3
6 -14
27 0
-2 40
-48 9
-7 3
-8 28
-13 21
11 18
3 15
-15 -4
-6 -16
11 -14
-35 -2
21 -14
-28 0
-17 11
27 8
-33 -9
8 -2
-13 -4
-5 12
-5 15
-25 44
-9 12
29 -33
1 -25
-39 16
5 5
21 0
-5 13
-5 -14
-41 0
3 -4
37 9
-5 8
-19 6
11 4
-2 1
-9 19
-6 -1
-12 18
-9 0
9 7
-3 -16
-50 0
-4 -3
57 6
-33 -11
-85 15
54 12
11 -7
-30 -4
-11 3
11 22
-5 23
-28 21
-22 -9
6 -36
26 5
-35 0
-36 -6
6 -5
0 4
-16 3
9 5
-56 11
-35 -5
137 -2
0 6
-40 0
-13 -17
-2 -33
-20 -9
-10 55
1 70
-19 -22
-36 -40
49 5
17 17
-71 21
32 -13
20 -15
-30 -6
11 -10
-8 0
-16 0
-12 26
-24 22
-10 11
-4 -11
28 -3
-35 23
-7 -35
-24 -5
53 -8
17 5
-57 3
-44 8
-11 -13
25 -1
11 12
-45 2
-36 -13
77 22
-53 0
-11 13
14 11
-19 -19
31 0
-15 21
-26 32
-16 -5
-9 22
-6 5
-11 12
-46 -2
16 -40
16 -1
-4 -8
-38 19
3 26
-9 -11
-19 -2
0 0
-3 15
3 13
-7 0
-32 12
-16 0
-1 -17
-27 13
-37 1
5 23
51 8
-11 3
-19 30
-10 12
25 6
-13 -18
-80 -5
-57 2
59 -18
-26 -13
-39 4
35 23
-25 17
-10 12
-2 -5
1 -17
7 -9
-20 14
5 20
-7 -11
-24 -3
-23 -38
30 -4
-7 12
-47 -21
-25 -2
32 -9
37 14
-47 15
-50 18
9 24
9 0
-8 11
2 5
-17 -1
1 11
16 66
-27 2
-13 -9
8 9
-30 -4
26 0
-8 6
-4 -14
39 11
5 -5
-67 5
-78 16
90 14
14 8
-41 20
7 0
2 -16
-1 -4
-8 -11
2 19
-32 13
-22 9
46 -6
-7 -4
-28 4
-39 11
3 13
14 -2
-14 -12
-12 14
61 -8
-20 -15
-30 -3
-37 1
21 11
3 22
-26 2
-4 8
0 2
-5 -13
25 -3
-11 12
-53 25
-3 -2
-11 -5
0 -5
14 -30
19 38
-12 18
-22 -15
-39 -17
32 -22
-2 12
-2 4
-24 23
-2 6
-27 -11
-17 12
35 -1
7 6
-32 -3
-6 5
3 14
-35 -8
-48 -12
96 -14
-49 -7
-7 3
-19 37
-22 31
-25 -9
4 -16
-3 3
-49 -7
14 -4
-18 -23
-32 0
4 18
-53 -2
-69 -15
6 4
100 -4
-64 27
-13 26
-7 -11
19 -6
-9 15
-42 -7
20 15
-26 -2
-15 2
-19 20
-3 22
11 3
25 -6
-33 -11
-14 -2
-7 14
0 12
-3 19
0 0
-3 -26
-30 3
12 -17
28 19
-19 24
0 13
-8 20
-7 8
9 17
-12 9
-13 15
-7 -3
-8 -15
-1 -2
-30 12
-14 13
-25 -7
32 -19
25 5
-23 49
-59 31
-15 -11
-20 1
100 5
-39 2
-22 0
21 -6
-14 -11
-8 -6
22 -6
-16 -15
-30 1
7 -7
-10 -7
-1 24
-5 13
-11 21
-23 19
7 -16
-17 -8
-40 11
50 15
-8 0
-11 -2
-2 -2
-5 1
-5 -5
-3 -11
-2 7
0 12
-9 23
38 -3
-35 5
-42 -15
-10 18
-2 18
4 11
-5 6
-2 -15
-58 19
-67 12
-22 7
58 -6
7 0
-49 9
-23 6
-11 17
20 -4
-17 19
62 -10
-29 2
-14 -4
-24 12
-6 6
-11 1
-18 -29
1 2
-6 -11
-32 -12
0 2
-12 13
4 6
-16 3
-15 -4
-4 -5
27 0
-61 17
28 19
-63 6
8 12
-29 15
-15 -31
8 1
-7 -17
8 17
-15 2
-20 1
7 -20
17 13
-25 3
-14 9
8 -28
-2 -11
-12 -1
-30 0
-28 1
18 -7
-18 1
-7 -4
5 -3
-10 19
-4 16
-9 -32
-15 -24
-13 4
2 15
0 19
-23 6
-44 -13
23 17
19 0
-42 16
-5 3
3 3
-22 -9
-18 12
0 -6
-29 -26
-2 20
40 16
-42 15
9 -18
9 1
-18 9
9 -4
-4 5
-3 6
-41 3
-22 4
22 -22
-32 0
-34 27
14 6
3 11
-13 1
-3 14
-8 14
12 1
-11 5
-35 7
2 12
20 26
-11 -14
0 -23
8 -24
-31 4
-45 6
49 -4
-20 -5
-51 11
-37 3
97 5
18 -39
-60 18
-50 11
-41 2
50 -9
57 -9
-11 -2
-44 0
-36 36
-56 -10
60 4
-15 6
28 11
2 3
0 22
-27 -6
-11 21
-37 1
11 -3
4 15
-51 2
2 9
-2 13
22 -20
-63 -9
60 2
-31 9
-31 -6
0 13
-2 -25
-17 39
-13 0
3 -19
7 -5
-9 8
-13 -8
1 -25
3 -14
-27 8
-32 24
-7 17
0 18
-11 13
3 -4
-23 -11
20 0
-9 -11
-36 27
-11 -6
8 3
30 24
11 13
-7 -1
-111 9
-27 11
0 -4
19 0
2 6
-17 6
-6 -2
41 -3
-40 -3
-1 7
41 9
-25 34
-37 9
-15 -9
0 2
-3 -15
9 -9
-36 1
-23 -13
0 11
8 22
-14 -16
-2 4
-15 3
-16 -9
-17 15
-9 15
-35 -4
5 5
5 12
18 15
-11 -3
-26 16
3 -9
-27 16
13 -23
-9 7
-10 21
-4 15
-3 1
-2 -12
-3 5
-8 6
2 11
11 -8
-32 0
-45 3
-9 -5
76 19
-33 -27
-45 6
-22 -14
-15 -1
11 2
-12 1
-9 -1
-7 15
-9 -15
-25 -3
-32 -5
-7 -10
0 9
-5 2
-12 5
-17 11
4 20
-4 7
-3 16
-21 13
-10 -8
2 0
1 3
0 15
25 37
-1 2
-21 9
-3 12
1 3
-5 3
-21 -11
-7 11
-5 23
0 12
-13 0
-19 9
3 6
7 16
-15 2
-7 -5
-8 1
-6 16
0 -6
-24 -46
4 3
8 2
-60 -3
-16 -17
18 5
-16 41
-3 4
-5 -2
2 -2
-10 -16
-13 7
-19 0
-10 0
7 2
-10 7
-17 -9
-15 17
0 -1
7 -14
-31 6
8 11
3 38
4 3
0 -3
-9 -13
-5 -11
2 -4
-9 5
-6 -8
-9 11
-8 8
0 -11
-5 11
-11 -7
-4 -2
-18 -7
-8 13
-16 36
6 8
-5 -22
-9 6
1 0
-3 12
-24 12
-11 -5
-12 -3
-5 -21
14 -3
3 6
15 12
3 2
-5 -2
-13 18
-30 -2
-10 33
-5 17
-14 23
-5 0
-3 -15
-10 1
-2 -27
-6 14
-11 14
-10 4
-15 0
-9 -2
-14 0
5 -23
-13 8
-2 -5
-13 16
-14 21
-9 -9
-11 24
-1 -9
0 -3
-17 9
-18 -25
3 -4
-10 -5
-20 -1
-16 7
9 9
-8 17
-9 -20
16 -11
-25 8
-19 6
3 0
-15 11
15 1
-10 -27
-39 -6
-2 7
19 15
-3 20
-14 -10
-4 -14
-13 11
-1 11
-1 12
-1 -21
-13 3
-11 -8
-8 3
-3 7
-5 19
8 2
-11 -33
5 21
16 8
-26 -10
-16 29
-33 4
-8 -8
0 5
24 5
7 14
2 5
-19 -14
5 0
-6 -24
-17 21
6 4
3 0
1 20
3 12
-6 -2
-5 9
-14 -16
-7 -4
-2 9
49 -11
-15 23
-16 12
-15 -11
-4 -24
-21 -13
-6 -32
14 -14
9 -15
-2 -10
-5 21
-12 45
-10 -4
-12 -26
-5 0
-18 17
6 8
-35 0
-8 -3
-13 -4
-5 -14
-6 -23
-3 2
3 32
-11 7
4 22
-4 -5
-8 -15
22 8
-19 9
-31 -10
-10 2
-6 11
2 7
9 7
-10 6
-8 -20
-3 12
1 -3
-18 -29
-9 -7
-14 25
-8 15
-29 18
6 2
5 -13
-7 -4
-16 6
-30 -2
-15 -3
12 15
3 0
-18 -11
-14 2
-26 3
0 5
-11 4
-23 2
-16 -5
-9 -11
-5 -10
-2 -4
6 0
-7 16
-12 4
33 25
24 -9
-53 2
-16 -7
-32 -16
12 16
2 9
8 17
-9 -4
-11 -8
-11 8
-16 8
-4 11
18 14
2 7
-17 -10
-5 8
-39 32
-11 -8
-6 13
-8 -33
-2 -3
-20 24
0 3
-16 7
-17 0
0 32
-3 27
-11 -20
25 -29
9 23
2 13
-70 16
17 17
30 0
3 -30
-17 5
-28 3
-4 5
-5 -1
-12 12
0 5
-1 -3
6 13
-10 -26
-5 -15
-3 20
-3 0
-18 22
-4 -11
16 18
-12 -34
-20 -25
-13 16
-9 17
4 5
-10 8
0 0
-16 -6
-15 -15
3 27
3 12
-8 -3
2 -2
3 18
-13 8
-34 1
16 11
-11 19
-8 -5
-20 -19
19 -22
-35 16
0 20
31 25
-20 13
-38 -6
-7 19
47 12
-49 22
-65 23
36 14
26 1
-14 -12
-26 -7
0 3
-5 1
-9 -3
1 6
12 1
-31 0
-1 13
37 9
-43 -2
-16 -5
6 -5
3 -22
-10 0
-19 -2
0 3
-15 17
4 7
-11 -10
-14 6
-17 -2
-23 -10
-13 1
0 -3
-2 -3
-15 -1
0 9
0 -14
11 7
-13 8
-41 12
25 -6
19 -6
-17 -7
-14 30
-8 25
-12 -8
3 -12
-4 -4
-9 2
0 18
0 13
-12 -2
26 0
-28 0
-17 -1
-11 15
-18 17
0 0
-4 7
-13 -2
-7 -5
-15 -9
-2 2
-4 23
-8 2
-4 12
7 2
-5 5
14 -5
-36 19
-36 -1
-8 -1
0 7
-2 21
2 0
-7 0
-7 0
-7 6
-14 -11
-6 -11
-10 2
-33 -13
19 8
-25 -6
3 1
-10 3
-1 -5
-7 -8
-4 11
-4 1
-13 14
-7 -3
9 9
-1 -3
-20 4
-10 6
-5 2
-9 -12
-22 22
22 -2
-17 20
-9 6
-13 13
-1 0
-18 4
7 -12
-35 14
0 2
6 9
-5 26
-15 2
-16 -6
3 17
-6 6
-12 16
-10 11
-3 -12
-7 -31
0 -13
-14 11
-15 5
-10 16
-10 -3
0 -12
23 6
-13 -1
8 11
4 -13
-3 9
-5 -17
11 21
-17 8
-36 12
9 -20
4 26
-8 -12
-16 7
-12 14
-17 15
-5 2
2 -3
19 0
-8 -7
0 27
-18 -2
-7 -8
2 5
-21 8
-4 -16
-3 0
17 6
0 1
-6 8
6 40
-1 8
0 -13
-17 13
-13 13
1 -8
4 -24
2 -26
-11 -8
-19 -7
-28 -10
-1 -7
0 -9
-10 16
-18 21
-8 27
-8 28
-15 5
-3 -7
-6 -2
-1 -9
-8 -1
