14 23
-4 63
-3 96
-90 184
26 103
24 121
58 95
-13 170
-102 68
-107 126
-96 172
55 14
-17 17
-73 189
12 147
-34 162
16 87
-105 65
-64 77
-100 -126
-82 287
66 265
-22 144
55 136
92 88
-62 61
-101 156
70 114
43 44
97 132
-114 136
-202 46
-10 155
86 174
65 30
0 106
-224 76
35 156
-77 23
-9 81
-21 95
-125 46
-51 108
20 71
-83 56
15 108
51 139
67 64
-21 -137
-80 122
-27 178
-129 101
-87 81
-124 152
88 112
42 60
45 75
-43 77
-32 264
201 216
-50 93
-117 43
31 114
59 84
-64 117
-32 129
-110 125
0 73
-16 96
67 210
-31 120
-57 88
52 66
63 68
-59 171
-35 196
-46 78
-22 91
98 33
128 67
-68 137
129 143
-72 137
-21 49
4 113
191 130
33 165
-36 43
-39 77
-40 162
-42 119
-40 75
-41 83
11 299
-83 -17
-47 12
1 123
30 186
-24 72
-120 96
-63 129
-23 188
67 -37
118 77
-23 160
-8 113
31 80
-86 155
-38 84
8 105
93 126
28 48
-206 80
-96 117
-33 104
25 84
-59 21
18 280
109 110
39 109
125 84
13 185
-29 27
-9 120
-99 135
-151 144
-66 174
-15 68
-18 56
-24 39
48 144
-47 127
19 135
-11 149
-12 195
-73 100
-6 26
-64 54
37 98
55 296
-40 106
46 36
-37 132
-23 110
-18 37
-49 8
-19 173
113 155
-18 2
-55 219
-140 94
80 13
25 182
35 210
-168 117
-29 -121
104 7
-120 49
-41 167
33 28
9 62
-87 83
183 96
-57 63
-7 177
-47 95
-115 18
32 58
20 100
-32 56
-176 109
-19 79
80 20
42 -18
-28 194
-69 93
-64 74
12 233
-59 63
72 71
40 60
-37 153
-126 141
-74 114
13 125
-104 175
-84 128
-43 12
-39 -1
4 137
67 133
-64 60
-9 157
-33 241
-9 21
-82 102
4 -14
-3 69
2 102
-100 102
-98 52
-41 70
6 225
19 213
73 92
-108 42
-97 197
5 54
109 54
-15 68
0 108
16 28
-21 91
-3 59
35 41
-24 180
-44 204
125 63
86 93
-77 80
-74 142
-120 116
-56 57
6 62
51 108
-40 111
-112 139
-88 112
36 123
68 79
-15 129
-64 78
-66 121
-23 99
-56 102
-160 115
13 109
-23 66
63 69
64 78
-8 149
-33 72
-105 156
46 49
-17 132
-53 81
-102 68
65 24
-49 16
-60 127
35 22
-48 88
111 189
45 23
42 140
13 -2
62 43
-48 154
5 185
-95 132
-44 154
36 40
-45 1
41 63
-91 115
37 97
32 206
63 162
-6 60
-76 -2
8 72
52 21
67 48
-103 100
-110 151
-222 217
63 72
34 133
-41 117
-129 102
-95 -15
89 148
-33 157
116 91
3 -2
-80 156
37 75
4 63
33 95
-84 218
0 -42
-43 71
-20 24
1 465
-39 96
-34 6
-12 97
-73 19
0 118
62 85
46 113
-130 69
-107 228
-76 115
-128 37
-64 45
120 68
-125 39
38 178
46 59
-40 40
-130 95
60 35
-6 103
-23 66
30 126
82 92
58 39
3 -20
-48 109
-58 149
55 1
-33 20
-126 231
-10 119
-81 67
-71 27
47 140
51 87
-35 -1
61 76
-78 37
-59 42
-68 205
-143 95
2 47
-21 46
27 137
-48 91
-82 -3
45 147
31 198
-72 111
51 156
16 64
59 106
-7 -20
-5 58
112 96
17 49
-18 82
66 77
-37 57
4 57
33 101
5 29
-27 -15
107 153
55 296
25 40
-232 -80
-185 196
-39 89
19 101
70 54
137 79
-17 106
28 96
-70 88
15 98
-55 50
14 131
50 23
23 66
-110 33
-122 77
-90 70
-75 61
50 99
48 17
44 35
-183 61
40 398
-37 -146
-86 7
-3 101
74 331
7 58
46 85
92 20
-28 155
29 76
-63 149
-45 80
6 161
-26 59
22 16
-30 -30
183 191
-9 80
16 181
34 134
-114 87
32 60
-13 108
-31 139
-37 34
155 -19
-106 121
-30 91
-120 -21
-23 62
84 231
11 107
-15 86
33 92
-26 57
-51 77
-40 123
1 278
-9 -5
-67 33
-32 12
2 82
-24 145
-19 143
-18 77
1 69
0 89
14 103
68 39
-92 -12
-2 113
-67 31
-109 158
31 150
-39 100
44 102
19 121
22 -46
2 7
58 121
74 132
-4 123
-119 96
84 94
23 84
3 47
2 65
-43 99
52 123
-126 12
12 160
-82 242
-21 43
11 19
63 93
19 101
63 -53
17 146
-90 58
93 28
-71 258
-75 133
-39 115
-47 144
133 171
-83 144
-148 -7
-114 135
-67 27
79 95
-6 95
-22 72
-53 131
-24 210
84 156
-17 88
123 55
-11 57
4 34
18 106
64 49
43 95
-8 87
-108 137
35 124
-40 221
2 75
78 93
69 9
31 -11
58 66
-6 17
-1 74
25 57
80 33
57 192
-51 61
-21 26
-43 227
-19 93
-51 77
-21 91
-62 97
-10 109
-78 118
-72 126
-73 -12
164 -19
-81 61
111 119
-8 105
-48 -74
45 220
69 97
59 65
-71 76
-121 111
-75 -26
122 125
149 319
-3 42
-70 64
-62 84
-58 60
-33 123
-63 65
2 66
86 166
-19 130
70 53
36 -126
36 -24
58 147
-159 45
-12 60
-84 173
31 124
57 125
40 39
-14 7
-34 -22
-29 124
60 106
-17 88
-149 74
50 19
-93 13
19 -36
-69 -126
-79 113
-56 150
21 53
29 90
58 58
34 88
-19 80
-47 65
-59 102
62 137
35 73
-13 -15
-82 109
44 41
38 -20
77 11
31 53
-72 7
-19 64
-11 154
-127 224
-66 75
-156 98
12 0
9 89
-6 28
-81 66
26 58
27 107
111 5
-47 103
-45 5
-32 -6
-2 34
-38 49
-32 7
-20 86
12 115
-109 80
-63 83
-124 -27
82 45
6 107
48 147
-107 96
-77 30
35 33
-4 -5
-62 -36
24 -29
9 100
61 111
26 97
-59 136
-26 112
41 73
55 58
27 -34
-48 133
30 68
62 117
12 96
-62 16
-70 74
-62 122
-61 74
7 -18
-75 -5
89 2
20 129
-67 125
-16 93
-7 112
77 149
72 79
-36 24
33 42
66 105
-61 69
56 127
3 69
12 29
59 134
-37 27
8 114
-94 -113
-22 124
67 157
13 179
12 -7
-73 108
-99 38
146 131
2 59
80 168
84 82
-94 3
17 87
34 137
6 119
-171 112
39 -42
-4 106
-17 31
-7 137
-69 80
2 12
-72 47
51 -53
112 104
-30 46
81 42
-57 59
-37 139
-106 133
-28 142
-72 120
43 -35
7 74
-5 42
-71 118
9 23
50 182
-10 12
-44 5
-55 12
169 108
-18 115
-2 158
-54 97
28 178
-87 20
25 57
21 57
80 91
0 70
47 100
117 68
79 40
160 211
-8 90
-12 100
46 68
7 71
-50 69
-70 30
16 114
-38 43
-20 36
-29 34
40 20
-17 89
-32 56
-61 34
97 17
47 -33
84 90
-18 52
-31 22
-117 42
-95 -6
45 86
5 82
79 107
56 110
-7 93
23 9
58 19
17 -36
21 86
-52 30
-98 73
-111 63
-77 32
36 9
29 21
56 -20
7 74
-49 78
88 32
-109 223
37 41
-47 -40
25 93
25 90
46 104
-77 0
-40 24
-42 41
17 70
15 29
180 67
-33 -1
-73 -95
-63 124
-26 68
-41 7
-87 145
20 150
52 6
90 26
-40 8
-76 27
-6 115
101 38
32 46
4 25
-69 166
-8 83
-75 99
-51 -52
24 -13
60 130
-28 141
42 108
-33 112
57 -1
-14 -39
-61 54
-123 -50
-58 246
-29 27
-33 12
-89 90
5 117
-9 32
41 36
-1 -6
57 51
-73 71
-53 112
0 67
-46 -14
117 91
63 112
-17 70
-52 50
-41 62
-89 -4
6 7
-24 164
-38 161
52 -92
-25 0
0 78
14 41
-51 53
68 77
29 61
-17 75
-31 -40
98 8
-31 -22
-171 83
-21 48
25 69
-44 137
-51 42
-23 40
-19 68
106 -60
-31 -143
73 187
-66 138
21 70
118 118
15 96
142 79
-77 92
-55 45
68 79
-72 80
61 73
-80 103
-76 48
-37 89
67 9
14 18
-33 16
5 110
70 -21
19 106
15 110
-15 172
41 56
-12 -1
-19 30
-6 83
112 -44
-24 45
51 163
46 180
-71 43
-98 17
-182 76
-20 75
84 91
70 97
-29 82
27 116
-27 52
0 69
-15 -29
21 22
-50 103
42 80
63 61
76 9
42 31
53 23
-67 12
-166 55
16 44
6 -55
-13 86
-49 43
24 87
-104 128
16 -2
82 -13
-12 -49
11 105
61 77
0 137
-68 11
95 1
-5 15
66 80
-15 113
37 9
-47 113
26 -6
9 85
-33 70
-90 70
-10 73
0 101
81 68
17 165
84 40
-95 95
-195 133
72 -3
-42 80
134 -7
-18 123
-46 123
-66 23
-16 80
21 11
82 122
50 92
-58 67
-12 -5
-42 57
-114 119
-23 53
30 61
46 103
-19 152
18 -44
0 -18
-151 -144
92 61
20 81
-69 98
-32 105
-5 114
25 -9
-18 -77
-81 27
-97 113
-116 119
-15 46
20 81
160 140
-48 -10
59 147
-15 32
74 45
69 132
-24 70
82 79
68 -25
68 -14
-9 -17
-19 18
24 115
-48 64
36 18
-19 -12
24 86
-40 33
69 65
-7 44
96 30
-21 23
80 -80
-73 84
-85 78
55 72
169 21
-9 60
-9 28
-27 -38
-2 111
-117 40
-41 166
-22 76
-30 245
-5 107
7 -145
144 -39
42 23
23 228
13 -21
31 27
65 117
31 65
59 -38
29 -28
-31 93
-18 -32
-72 128
-13 0
-6 -140
-138 180
102 1
14 45
35 30
-81 -37
0 169
-26 129
101 22
61 104
16 53
-104 60
-193 69
60 49
57 36
-23 63
20 49
-83 128
76 43
59 -43
38 -6
-4 -59
23 75
-12 -20
-40 255
83 58
-17 51
-98 62
75 38
11 18
-19 9
8 166
74 67
-85 9
3 0
-13 -36
-2 124
-14 27
9 20
129 39
-17 -66
-108 124
-37 169
-54 83
-44 12
-120 -30
2 -37
6 163
27 32
98 75
3 13
-22 76
-68 95
-2 -122
85 -38
84 167
-26 65
-110 71
13 92
45 144
26 16
-75 30
-24 42
59 47
8 87
13 83
51 -5
17 85
76 36
0 57
-35 235
50 -129
24 33
62 126
57 61
-54 147
13 82
-10 -10
-35 48
-70 49
-71 72
35 -22
8 73
-12 74
55 50
15 -21
-40 52
-74 142
-73 25
60 33
1 4
-42 15
-48 110
46 237
-53 122
-16 17
109 -71
119 79
-1 54
6 56
22 35
103 33
-4 42
0 174
3 -33
37 -10
45 164
69 89
-54 95
80 61
100 13
-130 78
9 70
-51 50
14 69
-13 43
-78 104
-67 110
11 -75
-62 -48
-31 65
-3 54
96 115
103 108
-1 45
-4 50
-60 14
70 114
36 153
25 -8
-9 -168
12 -42
85 209
68 13
-124 78
44 16
43 -124
58 15
-52 23
81 149
-76 27
101 79
1 72
15 100
49 -13
0 -45
5 51
137 54
-73 74
64 63
85 23
6 58
-34 56
37 208
42 -55
39 -37
-9 16
66 1
46 45
-61 27
90 57
-28 43
25 -17
27 -120
-62 48
80 131
18 18
-64 -2
-50 156
-123 105
-62 51
54 88
28 -43
64 96
-110 72
0 99
-100 34
-46 42
-58 106
-101 -7
82 132
37 19
-21 61
39 92
56 69
-10 125
52 8
6 19
38 93
-174 -18
30 33
-37 115
80 61
34 30
103 17
30 18
-57 -15
-3 3
-39 31
-73 84
-76 2
71 -16
-51 33
-31 -3
-14 68
-37 -8
79 33
24 41
14 46
-14 106
-30 154
-66 19
-126 -33
-95 35
29 28
46 97
36 118
-64 -66
51 -161
-7 207
-73 -20
38 -97
-19 14
-40 125
-96 41
-32 0
-14 68
98 62
8 41
-15 -61
-8 92
-103 6
-15 -38
21 102
41 85
24 126
-107 228
-36 -27
-11 -35
-104 -11
53 67
94 12
20 40
64 137
51 38
-17 99
-50 88
31 -6
18 -130
-10 18
107 132
-46 131
-106 26
-37 59
-1 -32
48 40
-53 93
-95 77
61 56
79 -53
-49 66
-84 65
2 47
-22 4
29 89
-14 -1
-71 163
-77 11
111 126
-3 55
79 -3
-18 47
-69 -25
-101 146
-99 17
59 17
37 28
13 82
1 115
39 -32
-90 -67
-22 21
23 35
46 38
200 57
-15 75
-59 124
-111 -10
187 0
17 53
77 -9
113 125
-78 65
22 -13
132 124
11 93
-41 55
1 81
5 -51
83 0
-65 86
-44 127
23 36
-122 41
12 75
-52 -44
78 32
-18 93
-5 42
-55 16
-1 29
37 80
-52 77
0 -39
9 27
85 55
128 -62
82 51
-3 69
128 147
-21 21
58 2
-56 -16
-17 21
5 -65
17 48
94 48
35 21
-15 115
11 82
-15 -103
25 -7
26 80
-8 120
-85 47
49 143
-102 162
0 -33
136 42
46 -38
-2 54
19 28
33 -23
-11 49
17 63
81 67
70 23
-26 -17
23 89
-75 49
-112 161
-53 8
-4 -88
9 7
164 -2
-20 68
25 -41
-10 -72
-68 -27
-16 46
93 30
-27 55
-53 118
-62 118
-58 5
113 -39
71 40
-6 37
2 142
-59 -15
41 92
52 81
26 -33
-59 55
-92 24
205 -29
-59 112
-18 37
1 31
44 95
-26 37
40 18
6 -4
184 94
42 130
-81 13
-109 148
-88 105
-15 41
141 -30
-19 4
6 -11
-5 16
-30 87
-27 7
5 41
71 4
30 57
4 0
-35 -57
-68 -5
58 33
-47 -55
19 36
113 111
28 83
4 53
37 15
-9 13
15 99
31 37
-15 12
17 87
56 18
-42 7
19 -42
0 17
8 67
12 89
-11 14
-7 51
51 134
45 -17
17 37
-51 -91
-75 151
-41 78
117 11
37 36
-21 145
-22 46
8 16
42 66
-19 36
61 -38
90 89
-62 74
67 13
-93 86
30 24
34 -63
-25 17
-25 22
-15 -14
-10 33
13 133
-9 77
-40 -50
-152 45
119 66
28 14
77 -7
97 63
59 27
16 125
-87 17
81 -34
33 -27
-40 81
-102 -65
-62 50
-117 63
29 74
31 154
-42 39
8 -7
11 54
50 -46
32 84
-39 108
1 116
23 71
58 -21
-48 38
15 4
12 51
86 -42
35 16
-4 66
100 -34
-54 188
-19 -16
108 -20
65 34
-31 24
-51 56
30 93
-2 11
37 128
-23 -36
21 -72
-11 43
-3 21
-11 95
25 118
-45 40
52 88
-79 152
104 131
-19 -28
51 -49
149 -17
-17 -25
-78 41
-19 -33
-7 81
150 95
-16 21
9 16
-11 -17
39 104
-120 -65
53 57
40 21
3 26
-28 35
86 83
76 -57
-82 64
26 -4
32 -53
32 -3
-44 102
-65 58
47 -23
50 -31
5 58
-26 -124
30 82
19 21
-31 103
-15 42
92 37
72 19
-148 -37
-111 52
-83 54
108 9
32 40
-58 103
57 41
-41 -43
65 -3
149 -16
69 -51
-19 12
-53 -11
11 83
0 -51
-54 -60
-129 1
-18 79
36 100
43 63
-28 -21
-54 16
12 114
-25 48
68 -58
-1 -57
14 5
3 35
31 81
12 -54
-32 15
-13 131
57 53
116 61
-100 -74
7 91
20 42
18 38
68 109
30 149
-88 132
32 -137
-3 -29
99 28
64 -34
93 49
-24 100
-72 51
13 -3
94 -10
-19 -25
26 -38
9 145
13 101
0 105
12 -45
-29 30
66 53
34 66
-68 -61
-3 73
-64 -45
47 67
97 12
-39 28
-110 85
44 -51
-47 -5
57 -2
83 22
44 63
27 32
0 134
-141 -17
15 -13
18 -19
193 7
-69 77
22 40
7 42
16 113
-181 14
79 -7
126 -10
-4 21
-22 26
47 246
-49 -116
39 -75
-22 27
79 59
-2 157
43 15
14 -25
-68 61
-68 30
-10 115
64 15
43 114
22 66
-42 -11
-37 7
64 -52
-68 85
39 0
-34 46
94 94
-19 -23
29 57
71 23
26 63
51 42
-61 124
131 -105
-66 31
-67 77
46 -8
61 -54
93 3
-33 36
14 40
51 9
14 14
-41 0
-2 -29
-22 -54
48 -32
-87 78
-15 47
4 158
61 17
-37 124
-26 0
119 -53
-38 15
-65 60
6 54
-46 -9
-90 35
-37 126
-33 -80
-28 38
-28 -22
22 -41
-52 5
-94 15
44 46
-12 82
52 93
-58 -4
-105 53
94 -35
-39 -6
-4 101
-101 -16
-20 86
-49 12
-49 45
9 16
38 -2
157 -37
103 65
56 112
23 -76
-66 -81
-53 -129
-29 45
52 -129
85 -4
47 -22
98 34
-13 -44
133 76
33 120
-62 -78
-139 -97
-67 -49
-12 1
130 106
-24 91
-110 -122
74 -4
-35 95
39 1
-33 -23
47 71
6 50
39 39
-10 -48
19 23
-106 31
38 -12
-44 5
20 -86
14 2
-77 99
47 -13
93 -22
-49 60
-33 5
22 -83
12 8
-58 85
-73 -1
14 75
-90 -29
-37 2
80 32
-54 -72
58 -118
58 109
55 6
-54 50
-15 63
-27 -36
-71 95
-73 18
77 -16
22 -123
-16 14
18 48
-7 -38
-44 57
63 0
67 1
58 -86
-54 -49
-122 38
32 131
-24 -92
-63 -1
23 65
60 13
4 103
65 -46
-32 -18
-6 9
-67 1
-61 138
69 48
-4 46
43 33
18 -82
57 55
41 -73
86 -32
126 82
55 -54
-18 -63
-24 31
-35 -21
48 -38
49 -56
-67 11
-36 74
52 143
62 181
-33 -3
-65 -89
33 40
68 18
-49 -22
55 5
40 -10
25 97
6 -29
-36 -30
18 29
28 -67
63 -48
61 166
-63 46
27 -33
54 12
22 -31
46 27
18 -84
24 13
44 -68
88 -54
80 -14
4 83
0 76
11 30
98 -52
-52 76
30 -13
-8 -70
-69 61
38 -19
-55 168
17 86
-126 -178
-53 -44
29 5
14 49
-44 114
-75 -100
39 3
50 -19
131 17
19 -59
8 -1
71 24
23 23
-22 47
-38 1
101 53
-44 -73
45 -31
-113 5
37 89
-14 32
-46 -66
27 73
110 70
-48 27
-70 -39
-54 23
156 -12
17 26
37 92
28 6
-26 40
32 34
78 82
89 -67
-60 6
77 -65
9 -39
69 -12
-43 47
-27 133
-53 44
-111 -112
153 77
-37 -10
73 40
62 -14
-58 54
55 33
-6 126
117 61
-68 -98
3 -13
34 106
-126 113
59 21
70 -1
-16 111
-14 4
-11 -115
-61 -33
-147 38
13 68
-70 -23
-11 40
-47 57
76 -66
-75 39
-44 -79
6 83
36 107
82 -17
-2 67
66 27
18 4
3 -14
118 -37
-72 22
-28 21
111 15
-46 -35
67 48
3 5
132 -7
60 58
79 54
-161 15
48 32
-15 104
-47 81
7 36
16 -33
71 -20
-38 -71
35 -25
186 51
1 -62
44 51
49 74
-29 -30
33 -22
-55 -86
-86 2
-50 90
82 -64
-103 -43
54 -68
12 -4
64 24
-51 -62
-4 -21
19 -63
75 6
17 91
93 8
-27 33
35 -1
65 -88
57 -81
18 58
-77 88
50 30
35 -47
27 180
40 86
42 -38
-126 -74
17 26
-66 35
-29 36
57 -51
-16 107
-14 87
-34 -18
54 14
62 42
6 -138
-78 -70
-22 32
-41 -67
7 24
113 14
-12 72
-36 -10
8 -18
-158 -9
85 -3
-97 -69
11 5
91 11
23 -74
-19 29
29 -12
-10 -64
-65 -17
7 -66
4 -34
44 16
-6 26
41 34
13 37
-56 -19
16 -85
53 11
90 13
-27 8
88 -21
29 88
-92 7
-39 60
9 28
22 -14
2 -43
101 16
46 -5
-94 -50
58 8
-26 116
37 43
-3 -10
69 -100
-17 47
-8 7
70 57
31 27
0 49
-14 49
-15 73
21 -69
-113 -45
49 11
-15 56
-9 -88
19 76
17 95
14 4
-70 -61
-2 -30
41 7
87 4
169 51
-92 -95
-47 -16
-108 17
40 -34
-8 -146
3 -43
-59 64
106 34
44 50
-39 -49
-61 84
-2 43
18 -68
-40 -12
37 -63
16 51
18 -183
1 128
25 64
9 87
99 17
9 16
-10 13
1 -36
0 -128
-20 30
33 74
74 99
-44 72
-4 -25
-33 -71
-7 37
18 171
147 55
167 109
-6 11
29 -1
-127 -36
28 -124
17 -54
14 67
15 54
48 -14
55 -16
-50 0
-44 -73
53 -45
-62 -76
98 92
-28 31
43 16
-54 62
46 37
-40 21
-112 -8
69 -23
18 52
-23 105
5 -62
75 -219
-15 -65
36 86
57 4
-24 -93
84 -5
-29 100
-123 -22
27 127
115 35
32 48
50 -32
-27 -7
-32 -4
52 69
60 -2
52 -120
51 -104
3 237
-71 134
-21 -65
-67 -41
79 0
64 -78
43 117
-43 97
49 57
-75 109
32 -29
-11 15
34 -39
-7 -18
77 -81
59 -23
-54 -81
70 61
1 13
96 -19
-8 -26
-27 -69
-47 61
93 -7
-5 64
27 91
-17 9
-3 -9
26 -51
-24 -112
7 0
83 -13
63 29
0 21
141 72
-50 18
49 7
28 -62
-177 97
5 -29
-10 -29
16 158
72 47
-19 11
-12 -63
-23 -65
12 121
133 -1
-63 -41
68 131
67 -29
-99 337
26 -135
-15 -21
37 -7
-10 63
56 123
97 -32
-38 -17
-32 -180
-32 99
87 -60
-97 50
12 -65
81 -46
-107 102
29 151
73 60
76 16
22 52
15 -93
82 36
-20 -17
27 -33
-84 57
79 77
148 -51
0 -27
155 -66
