-213 -191
1376 83
756 296
436 -50
-1613 262
-662 314
1042 -35
1649 -193
870 -132
-1613 -18
-1613 108
564 -43
1649 62
1564 2
1649 102
911 66
-1613 89
-1613 -34
279 94
1649 67
832 -125
-1159 -31
-1613 156
-1612 -238
1124 -167
1649 424
1649 -124
-602 -128
-1613 84
183 -71
1649 -288
880 21
-1613 41
-1173 2
-144 -185
-186 -46
-1613 64
-488 -67
100 26
1295 119
321 62
-67 48
-1 69
-234 -8
-1 -40
1649 24
1047 71
-1613 77
-578 84
240 -34
1649 98
237 -100
-1613 -153
-1613 36
1649 0
1434 90
996 169
-813 -30
-153 100
847 15
252 15
674 -69
233 102
-372 62
-163 -57
424 19
-791 277
-1353 5
-959 -71
-467 -141
1134 -102
981 185
-83 -267
-17 104
308 -22
397 85
-348 -9
1047 40
949 -227
-862 151
-1312 165
-1241 352
537 8
802 -92
4 85
73 -62
1292 117
-1613 92
-902 182
1649 15
1629 -96
-215 -74
-1613 -64
-1612 -8
925 -29
677 8
407 -29
645 -31
691 -99
392 3
-64 19
5 102
-903 -81
-1613 -42
-154 236
815 -33
-1098 -66
-196 145
925 92
1225 -8
135 -21
-912 -131
104 -33
1457 -36
-195 -87
-1613 83
1649 198
-453 195
-1613 24
-70 -150
188 -87
1454 187
672 168
66 65
132 -276
-207 -15
-339 279
-78 -20
287 -129
935 135
-79 98
-873 197
-711 -109
-39 44
536 -131
698 -153
599 95
249 -72
-1613 38
-1113 63
-213 93
928 166
-27 77
-699 59
484 26
240 -1
-597 8
-67 33
642 -20
615 27
81 80
-947 183
-1546 -113
472 2
1349 61
1515 -101
-157 -20
-1613 -61
-1613 66
1628 117
466 138
-1613 64
-168 -11
1649 74
1649 58
-1613 -206
-1612 42
1649 -166
1204 -52
1106 100
-324 1
-1613 81
595 47
1042 68
1571 215
168 23
-1062 76
-591 150
-197 -84
182 -96
-205 29
-476 47
133 98
567 -78
451 160
344 54
-96 3
135 -55
-1002 3
-473 59
-166 -138
-207 93
172 46
761 -177
998 134
-151 141
-1613 45
35 -6
-416 -4
690 -34
1649 196
-1613 20
-1612 -93
841 -78
1023 -13
252 53
1649 12
618 79
-1613 171
-1613 186
1420 35
101 -108
-640 -153
193 -359
802 37
1474 192
-360 -47
-1612 -84
688 36
1649 190
461 155
-392 136
-1613 164
-73 162
689 32
597 3
-346 75
549 -2
95 -122
-1613 232
-121 -113
773 -96
340 -15
284 139
-173 126
-349 51
592 -30
1575 -91
814 42
-1613 12
-1110 131
908 110
492 -32
-144 -3
-379 -53
795 -4
648 60
-1613 78
-878 -41
1511 -34
-676 186
-1272 -80
680 187
398 83
-218 -172
477 5
732 -54
48 -19
-459 136
-1612 146
153 -153
809 -252
217 98
-1612 43
-625 -9
1291 41
351 -105
157 85
1201 162
377 -90
-1613 -54
-1173 -48
915 46
482 -47
250 35
75 8
165 -8
15 212
-31 -26
453 -31
1381 15
-101 -235
-1613 154
1512 134
-631 113
-1574 7
764 -95
215 63
256 118
990 48
-1613 45
-1613 110
-905 113
1649 -55
1093 -237
913 56
560 34
-1613 25
-1599 35
1130 99
1126 25
314 13
-485 196
14 159
-238 56
-684 -108
-266 -121
428 303
593 -67
376 84
149 13
-168 -4
-661 -36
-241 -7
33 -12
-388 8
6 25
230 51
838 119
440 -7
-452 43
-1216 27
67 -36
346 2
-62 17
-458 32
-201 93
587 19
69 97
-656 46
-133 -86
256 48
-654 18
-308 163
549 -167
495 -23
-145 157
906 -61
1378 5
-1613 -78
-1613 69
356 181
1017 22
557 114
-537 12
-404 100
-384 -66
948 41
772 51
-381 48
684 -58
-121 34
-647 78
759 27
-639 34
-1613 -112
53 -6
905 76
439 -21
-177 46
255 14
293 49
-213 -9
-184 -67
-471 127
-86 67
338 115
792 -8
313 48
-1613 -48
-142 113
455 56
93 42
-204 83
178 2
-54 -12
-376 -3
140 32
120 105
258 -16
-25 27
209 -57
358 6
95 26
-977 66
-255 161
351 -71
-211 169
189 79
395 -54
-224 -39
-279 104
-55 50
300 38
469 114
-955 -16
-625 26
41 68
382 -138
387 28
419 -109
-638 33
-1384 56
327 -77
191 156
-3 92
747 94
740 -92
-1406 -18
-1613 42
721 -41
740 -33
429 111
-131 61
-46 -145
216 5
48 35
-681 123
453 62
745 36
-35 54
-408 5
-399 -148
130 -82
-330 50
-234 103
207 169
307 -58
29 -53
108 43
252 111
312 18
-891 -102
-1246 -133
-304 -56
439 -4
-117 28
218 50
397 114
171 57
65 -108
307 -63
-578 -59
333 54
850 152
79 62
-1013 22
-546 66
-300 -31
209 0
645 53
142 47
130 80
-176 0
-214 -44
-486 79
-188 19
-186 -103
76 47
345 33
221 23
-242 66
-221 108
478 51
744 167
-605 -6
-639 -114
521 89
690 -31
-947 -118
-1135 192
-199 58
486 -60
203 0
102 22
-378 38
240 156
544 105
-22 -27
230 -157
-189 9
-367 -67
-299 -32
21 42
191 -51
-143 0
-367 72
553 36
-10 160
-608 -22
-211 116
348 -219
-387 61
-373 172
186 -31
-34 65
419 -55
361 23
-247 -4
481 -19
114 -46
-744 80
-794 107
431 112
-60 -3
-147 69
172 -25
459 -34
-228 -13
69 -1
810 18
245 -56
-667 98
-302 -83
-841 1
29 90
357 92
227 61
-40 84
-181 119
-203 -99
398 17
396 26
463 15
80 21
-1337 64
-171 32
479 43
149 -14
-676 89
-324 -4
411 99
605 -35
-239 0
-645 96
209 120
403 33
-60 -137
-93 -4
285 66
-320 22
-636 -82
-464 146
690 -27
-189 50
-983 -38
160 175
75 45
1510 -18
-106 120
-1613 -77
-121 -35
1206 51
491 23
-92 29
-444 82
0 -34
184 53
297 -90
183 6
526 29
-713 68
-317 75
258 2
58 47
-195 -66
-136 -66
547 44
-139 144
-634 35
-500 0
521 -49
238 41
-103 -18
-69 -184
-455 46
193 44
436 -95
-380 175
-303 144
129 41
136 -116
432 -54
-394 107
-269 18
75 26
915 7
-500 38
-1249 59
151 66
477 93
92 -19
-85 90
-16 250
-111 -248
12 -69
652 69
892 103
-445 53
-590 -83
23 27
33 96
-334 54
-299 -54
55 83
398 8
566 -30
807 -45
-143 -23
-1608 82
124 -8
-376 116
-142 -25
232 177
-344 24
160 93
469 76
264 -71
111 -121
-249 -64
-238 -24
95 136
-415 13
-158 159
324 45
-203 -39
-740 85
628 134
341 127
-396 132
121 26
-170 -102
-58 34
-109 -100
-36 -105
235 83
250 231
308 93
90 -88
-333 -226
59 40
157 -7
-410 2
126 76
514 -18
-783 -37
-553 80
-52 14
226 118
14 37
-149 171
76 11
123 -1
-41 120
-304 -24
293 52
380 -19
-120 0
84 -84
-352 58
-869 -76
-661 -21
119 75
392 80
52 6
-76 12
144 104
206 14
259 89
161 95
127 100
-649 60
-385 22
354 49
9 161
-477 -83
173 34
627 -88
-89 48
-895 17
309 -31
275 -77
-20 -20
-19 17
-255 96
-95 74
120 119
433 -76
370 13
-81 76
41 157
120 -40
-378 -2
-700 -19
-308 -118
458 -11
111 50
129 134
327 116
-142 -87
401 -168
130 105
-850 149
-461 24
660 -19
253 21
-696 129
-186 34
65 -87
264 -66
942 -21
275 39
-1011 -77
-568 -39
-57 108
-15 -2
77 75
166 31
-42 51
386 3
138 75
-420 1
64 5
298 -33
173 49
-85 39
-315 -23
-579 2
-82 27
190 65
306 -15
246 -109
38 -2
-83 63
-403 16
-327 56
-475 -101
402 -132
108 192
360 182
-64 31
-293 -43
-395 27
-461 19
162 111
372 49
268 -23
-143 -89
-316 54
-558 41
493 -49
509 162
1 87
126 -148
28 19
-24 64
506 148
-71 150
-969 -121
-364 31
696 33
228 0
-47 -118
-154 43
-526 -15
338 190
438 -75
179 17
566 113
34 74
-1056 148
-674 6
451 109
247 -26
84 72
-27 50
154 36
-73 -41
-252 52
216 -22
703 89
332 89
-940 202
-617 56
535 -44
-193 -8
98 -23
258 -22
-330 157
-386 -136
772 49
-79 76
-781 -6
271 -59
411 -105
351 17
-59 18
-150 -55
372 153
-210 -34
-539 -73
184 -9
230 5
223 -35
11 0
-300 93
-311 37
20 -68
206 -44
155 -138
102 1
-12 21
-27 56
-500 -14
-129 54
313 91
174 -23
109 88
-499 220
348 16
450 -79
-375 -41
142 53
-6 117
-831 5
271 111
409 -6
-639 -58
-644 -13
412 -62
633 86
48 25
301 -31
207 4
268 45
183 119
-192 -94
-56 23
467 5
-436 82
-552 94
-37 -46
310 -71
31 32
-170 -67
-229 -3
84 -78
406 41
200 163
-338 -7
-209 21
219 17
9 106
-259 52
30 56
512 -16
-263 -45
-432 -165
68 164
272 103
120 -38
-891 -75
-110 99
399 -19
143 4
-241 133
287 6
615 115
57 -31
-261 -182
-606 -6
382 -5
122 83
-12 77
-297 -33
28 -71
189 6
327 101
-341 -38
-2 16
-174 154
223 79
90 -3
-105 -49
-19 80
-44 -54
56 18
-3 -45
330 -40
573 204
126 1
-528 -24
-19 -54
234 -120
-807 131
130 43
942 57
-318 54
-840 5
-236 49
954 65
-16 183
-242 7
276 -51
-761 103
-516 -177
653 -70
372 -25
-63 -90
-153 45
84 91
75 39
157 -82
54 -105
199 97
67 -32
-77 224
-252 134
-205 36
14 -9
411 -45
158 -28
-657 42
-261 62
191 -25
-361 24
-297 -23
119 -34
-344 4
35 -227
604 -140
14 -45
-318 120
-135 4
229 21
408 29
-21 19
-398 42
171 17
855 29
-61 -14
-1225 46
-93 54
216 107
92 -23
-9 -51
121 -81
265 39
-360 17
169 67
634 58
-61 -96
-598 45
-227 -88
-467 49
-53 30
222 -36
164 183
-18 39
-199 31
118 -40
463 9
362 -163
337 4
-277 71
-1037 85
-44 116
431 -36
382 70
32 -27
-374 100
-247 14
292 51
335 -39
166 37
100 35
17 -40
-61 30
-61 113
-140 90
109 42
262 -188
-40 97
-158 8
-114 32
187 -43
630 -31
66 -112
-656 -111
-573 28
297 46
192 61
36 0
-118 -43
297 85
-348 18
-200 -77
308 -2
392 104
223 -28
-27 36
143 -37
158 9
-54 122
-407 -54
-195 -105
116 -128
12 -44
387 13
148 53
-372 14
-370 145
580 85
232 31
-293 62
-127 1
-62 0
-36 -45
183 -214
52 0
43 181
362 -5
101 -17
-700 -95
-70 71
347 36
316 85
-707 -66
-60 31
689 63
-281 -130
-546 89
341 147
461 33
368 27
-41 0
-208 47
244 12
512 51
-190 -84
-564 -149
-4 90
353 99
71 141
593 -57
259 -48
-574 96
-919 49
16 -4
580 -48
391 -6
28 -61
-66 -16
-145 0
25 73
47 57
311 58
176 -1
-304 -5
-3 -26
-372 112
-136 24
236 60
80 70
-8 17
-211 -104
274 19
-47 -89
-14 20
69 28
126 7
-140 35
-150 -20
334 -105
429 45
-121 -43
-488 -23
-203 178
186 105
-19 -111
363 61
155 48
-133 -20
-171 28
16 62
261 -41
186 58
57 83
-126 117
-81 35
288 -88
193 124
-17 71
-344 16
-495 -30
56 -217
360 -20
113 112
388 -109
94 48
-1061 40
-504 134
594 96
340 -99
-179 -48
-321 -22
179 53
27 91
64 137
258 39
245 -76
-328 -37
-150 -41
463 164
70 143
-328 -46
-253 -176
-10 22
95 138
199 -7
-27 41
-316 -20
-284 152
486 33
332 60
-182 -49
-148 -2
-157 197
341 24
480 -114
-215 220
-240 35
-101 36
120 61
116 95
117 28
205 95
238 143
-143 -19
-276 -54
-155 -10
-231 93
164 -10
133 -59
87 86
185 174
-57 -68
-359 -108
151 -51
254 50
258 24
-227 -77
-130 49
48 0
-69 38
141 -29
40 -169
-142 77
313 114
398 -26
-289 8
-266 119
-101 -21
156 -47
74 113
35 51
146 8
596 -278
103 92
-511 219
-244 29
286 -51
94 -64
-102 82
252 159
73 31
-164 112
-570 125
346 -64
577 -189
207 -71
-30 -60
-330 97
-568 120
-75 56
621 141
201 169
6 -83
-13 6
-149 175
72 38
23 -26
61 -25
59 6
-116 -51
60 98
260 11
-88 -120
-65 -27
131 145
213 -45
-124 63
270 191
-1 22
-205 -60
-668 -6
468 15
653 -22
-22 -58
-653 62
-254 -1
4 -127
183 0
356 92
385 40
-237 -40
-668 184
65 73
315 55
188 -135
300 77
38 48
-78 -65
-71 49
-145 35
23 -27
-104 -106
446 84
-60 74
-264 89
48 53
353 0
-69 105
-197 -65
193 4
227 11
201 109
43 44
72 -110
107 -60
-252 -212
-425 106
215 -72
351 -67
105 148
-126 -58
-158 -36
-320 84
218 -144
561 -48
-527 -36
-251 79
295 135
278 -175
216 40
214 185
72 -24
-144 146
-139 -23
95 22
-55 16
187 -19
43 67
-138 71
208 43
159 64
-388 -12
-319 -23
572 79
286 156
-337 13
-599 40
-89 -20
39 -3
-158 -73
110 -22
350 21
109 -1
-54 1
116 23
235 54
-76 32
287 24
-86 -7
-511 -15
38 84
84 -73
-232 18
221 72
-191 70
-10 -76
287 -58
99 161
126 -58
-24 32
495 123
309 -16
-290 52
-137 74
227 26
319 -67
89 0
-646 114
-873 77
416 29
135 -46
-24 14
441 -11
193 -40
-363 -31
-284 103
-187 33
69 41
244 -46
105 44
92 110
69 74
-240 -119
-152 71
257 43
333 -88
187 -107
165 138
-128 5
-143 89
-71 60
-304 -29
-55 -125
146 102
200 14
-12 27
-28 38
-25 93
-15 105
58 -109
376 12
225 -49
-418 126
-231 2
162 37
-371 123
-262 -131
315 73
-612 57
-827 137
366 -248
464 -81
204 152
131 99
203 81
434 15
-11 67
-364 25
-139 60
329 9
117 -11
-346 62
-218 175
6 52
63 -98
176 -187
233 14
6 122
264 -91
-134 15
-324 165
-204 41
49 -131
-47 -20
41 -10
196 11
-133 39
88 18
-46 167
-364 -21
101 -61
150 -98
-261 16
307 13
499 46
-118 31
-571 94
-252 22
-28 42
282 -123
168 -3
-160 87
-156 -13
-3 -92
72 86
280 95
398 11
301 -8
-316 66
-706 -16
-105 -260
133 121
134 179
101 174
-111 -21
-249 -287
146 204
478 -22
73 174
-643 66
-163 146
214 -102
44 33
-16 -90
128 73
-44 -121
-82 51
118 36
-22 -34
-18 43
57 38
-59 56
69 -54
5 -95
80 -5
73 56
-167 196
-19 -69
311 2
51 57
-451 -117
-141 119
250 32
128 97
-103 70
120 -37
98 -113
-84 154
490 35
36 7
-747 6
-55 -78
394 17
-92 31
-162 101
301 81
51 79
5 37
153 -85
129 -66
-8 70
120 -57
-11 7
-36 -57
-111 -101
107 22
-306 -31
-337 153
-57 82
363 72
68 -31
60 15
-104 69
-159 159
128 6
233 55
221 -118
428 -43
140 23
-681 102
-773 105
225 -61
656 -39
-67 29
-318 64
25 145
-72 31
-205 43
383 -41
326 -24
-248 37
-359 164
114 39
138 -98
17 83
-127 44
279 -12
-112 79
238 124
69 38
186 16
101 66
-235 -50
-499 -36
121 73
305 17
208 23
-70 -55
-243 -50
-110 -121
67 -47
65 76
53 179
-13 7
-30 47
137 26
210 24
-416 114
-281 -53
-334 -7
457 107
181 139
-198 -74
-28 -43
-49 120
105 23
205 -87
84 -58
40 -27
177 57
-160 9
-348 209
105 -7
267 52
-533 -135
-299 -23
-116 77
89 18
451 -32
181 6
-369 -59
-385 -33
-87 -112
394 -39
589 119
186 81
-565 0
-171 109
2 62
53 13
6 -54
303 97
-70 5
-267 68
34 8
168 80
48 39
15 69
195 -25
-15 14
23 -130
21 -73
-72 -10
-140 33
-51 16
170 -122
-96 -62
303 85
102 -55
-494 -69
-404 -21
7 -20
190 73
80 80
-67 72
-268 2
-41 29
97 33
59 27
35 44
8 89
-334 -51
268 11
806 66
259 21
-940 -29
-1039 -73
260 -51
489 88
20 27
148 -40
-89 -30
-238 18
144 145
244 -25
229 -99
120 114
124 -28
-43 97
-36 -69
-74 3
-261 -6
-425 -45
39 22
302 191
20 83
4 -32
-59 40
-78 -37
97 30
46 -52
147 -84
-8 -204
-134 86
-122 31
53 -7
174 132
96 76
-572 51
-382 29
128 -91
97 -71
202 133
209 98
-214 -97
-319 -124
93 -56
188 -13
327 -3
-140 125
-57 20
60 -95
47 28
101 38
155 -30
-100 20
-293 -24
-285 -30
370 131
146 122
-211 -39
-7 45
114 11
39 -114
147 -182
175 7
80 19
-191 11
6 -14
125 58
103 114
70 35
-21 -132
52 1
-11 -67
-16 65
37 -9
284 126
269 -25
-172 -142
38 -29
-382 28
-276 33
271 46
380 -53
220 -245
-70 36
-245 66
-267 -54
-103 120
27 199
173 76
-56 64
153 130
-20 36
38 106
-53 100
-55 1
8 -147
183 -78
20 65
-468 73
-61 -36
77 -64
90 23
-5 37
-312 -39
223 -118
140 83
-211 -13
-53 91
135 62
186 -10
158 -29
84 -48
-49 -89
-30 -88
37 -32
70 -9
26 -19
22 17
91 233
11 -198
-116 78
-85 110
-66 140
6 -16
73 -105
155 81
34 77
319 20
-44 -67
-784 -136
32 56
-69 92
81 74
72 -40
-423 68
18 68
393 1
235 35
-494 46
33 9
352 -68
350 -34
177 141
-364 -90
-146 -30
-6 20
162 79
15 59
-134 -105
16 130
71 38
-56 -45
-35 -41
-56 64
51 -63
-102 -211
98 -38
42 114
304 -2
-64 43
-329 104
-144 -3
62 12
160 49
54 81
-34 37
59 161
128 -136
124 7
47 88
86 -166
364 -106
194 -44
-455 54
-315 109
-167 54
-25 -84
132 -17
345 -95
141 23
-129 60
-517 39
175 -65
298 -35
-31 5
-130 -20
48 -41
251 -15
94 1
-52 134
-251 -45
145 -20
343 -76
-1 4
-112 -71
65 119
-86 16
-340 43
-25 -10
317 -28
171 73
-124 90
72 -22
-2 81
47 9
118 -14
118 12
-1 -17
43 -26
138 -103
-260 68
-226 -65
-187 48
-194 -15
28 2
188 32
-103 -83
124 -31
341 208
-265 -45
-57 52
-41 -24
402 -55
-236 17
-294 20
-269 -102
329 76
319 84
68 -121
93 -51
-236 36
277 -30
450 113
-267 -26
-920 -23
42 56
368 76
162 2
237 43
-57 -60
192 -117
-14 -13
157 2
-299 51
-91 31
-63 -13
69 -51
43 6
-26 -8
-73 -40
32 14
21 86
366 -25
98 -63
-557 -18
-308 44
105 -99
205 129
112 25
-245 -7
-201 72
-13 130
316 -88
352 -15
-40 93
-163 -16
-169 -145
-188 60
-118 -65
746 22
382 31
-730 -78
-971 45
533 -60
595 -276
-271 154
-94 19
124 4
77 49
139 95
337 21
