-50 -1611
45 -208
149 585
-17 514
40 805
118 381
0 -750
-101 -1075
-20 590
-47 -328
178 -504
96 366
93 933
78 662
-24 601
39 -191
55 -1240
-52 -898
9 635
-132 1503
-180 1388
-326 -817
34 -1443
561 -767
167 929
88 997
32 -25
4 -743
-2 143
-66 -376
7 837
38 974
95 484
-131 -273
-133 -583
39 -1609
213 -45
-60 627
212 715
375 -171
-18 -1214
-219 -5
-335 -251
92 925
258 941
-61 -346
88 -46
-62 289
83 -1365
-49 -1615
48 699
115 1649
-37 -357
-185 383
-113 168
139 -1201
-59 -302
-186 1513
45 278
34 -438
156 -17
120 864
64 23
-83 -1394
45 341
124 1059
6 428
-43 1604
1 -111
239 -1615
103 -688
72 1214
13 837
-108 675
66 -346
-20 515
-85 -539
77 -1201
202 1038
-56 1182
-127 -292
103 283
53 -1098
43 246
150 92
-12 -227
-40 343
278 -248
179 -650
25 -832
18 361
-139 870
-1 -121
55 -1031
149 -327
-33 1147
-42 1488
76 -610
-76 -1610
100 311
-43 -35
-17 -148
-37 592
-12 -23
117 -607
-80 907
-43 -408
18 787
14 135
-39 819
-70 -1113
56 -1614
83 508
-41 832
-103 376
-27 -142
163 -216
62 -118
63 526
-10 235
-50 603
-32 -64
169 -29
69 439
48 -1613
106 267
65 1649
-19 178
80 -1615
125 141
-24 801
-88 51
37 -527
-97 62
96 538
68 733
71 539
43 -323
118 -500
38 -598
-23 -1166
47 -1
1 930
15 145
-73 -92
88 46
95 -189
-137 -123
108 212
142 -70
-60 523
70 143
59 -325
-2 -129
-55 478
-128 -224
-109 164
86 520
90 260
101 -199
16 -60
-71 -202
59 -841
113 -229
39 1257
44 628
25 -1287
-27 -309
71 691
56 -614
66 -15
7 -274
142 270
-41 338
-70 379
-51 347
60 727
111 -824
-41 -725
122 981
-144 -447
9 -676
23 -186
-32 75
125 147
-9 588
69 1126
-39 -549
-7 -1498
-45 278
-123 677
104 736
217 -704
58 -898
101 95
-79 1069
-76 67
143 -129
-104 585
37 218
128 -1616
90 -81
0 109
132 30
84 285
-21 276
-39 281
59 187
-4 274
96 274
-4 -427
3 -635
27 -3
37 305
15 563
-33 -149
43 -1077
33 641
-78 564
17 -449
42 403
-114 525
-9 217
112 -1297
40 -169
-45 390
-4 294
-9 -789
-12 108
-21 721
-102 -134
29 -447
89 388
-187 233
2 220
172 -86
94 -261
-58 22
-37 -580
187 181
97 485
57 118
55 -766
-11 -687
152 764
-50 869
35 -430
9 -983
42 -170
17 96
31 763
110 153
72 -747
100 -337
54 400
7 487
79 -216
27 -33
83 155
-99 349
15 -947
90 -45
71 552
-42 390
35 -823
145 -322
158 498
9 195
-51 -447
-109 -219
84 32
14 104
65 209
82 -349
108 43
8 -52
-21 -123
73 66
136 177
77 351
-56 272
12 -463
3 5
-10 -74
101 717
126 1260
-22 -709
49 -1146
69 -997
12 147
-34 520
76 371
-2 -162
-128 -97
173 148
98 354
76 425
-15 -41
17 513
-20 971
102 -1602
-5 -1612
-3 -343
-18 657
-27 456
56 20
82 139
72 456
21 247
-79 1060
34 -286
61 -1000
50 -269
84 6
-81 46
-17 -72
65 -123
19 -19
8 292
140 223
52 91
-60 665
-32 -18
9 -496
76 -1613
39 -427
-40 657
64 479
6 62
-5 57
83 936
-47 -610
15 -507
38 402
88 68
182 -192
160 -423
-69 -161
5 271
25 -429
-40 -37
51 919
-120 688
1 -616
0 -468
-159 1002
102 -569
7 -1115
259 121
119 907
-96 253
214 -592
71 -771
1 -154
16 696
-10 111
-27 597
-160 -428
77 -818
128 423
138 67
38 -214
-94 -521
47 -36
128 573
40 -84
-19 -184
-24 90
-89 -20
-18 398
51 351
-120 169
121 -633
-3 -1009
-1 246
52 163
9 66
164 100
135 -413
124 -198
-16 -44
51 247
-8 168
-76 311
46 434
79 -124
-28 -781
132 -180
-9 667
32 -176
-56 35
35 -594
126 -916
128 -160
-8 731
71 722
45 243
-40 -183
103 -126
-24 -80
16 320
36 667
54 41
50 -437
-11 -1111
-107 -219
53 -104
117 483
74 182
-96 209
48 -418
52 -251
86 21
85 346
20 316
-122 -226
51 57
63 19
59 -105
-39 -514
-6 -139
134 -130
-12 282
-80 380
57 -67
42 -443
109 72
-46 129
-7 -312
8 147
102 658
124 -62
130 -394
-5 184
-60 -464
14 -170
63 321
83 -114
57 -152
-31 -64
18 542
15 134
7 -301
-17 52
174 444
81 599
65 -322
-15 -948
-20 -282
20 420
-114 150
-57 -12
20 -137
77 -6
115 156
69 41
79 353
48 565
-54 565
2 -780
134 -1053
58 -176
12 31
-59 -139
5 -150
164 -13
96 483
-2 -178
-20 -60
48 501
213 -393
219 -109
55 152
-31 401
-122 236
104 -140
60 -300
86 -5
0 9
23 -70
-44 184
154 131
35 -520
-87 -237
35 268
43 249
-38 244
121 339
131 -306
65 -20
-17 685
-80 -643
-3 -192
118 583
163 -328
52 -660
-36 -111
-92 175
2 545
120 215
67 75
192 -749
-89 111
-102 -70
75 20
127 567
-15 378
148 -870
194 -189
-21 521
55 -288
1 -489
-56 102
133 250
-10 401
-90 827
52 -647
-37 -986
45 -291
8 627
21 311
18 -22
81 -202
-11 -245
20 179
2 664
-9 131
-55 -271
45 297
13 445
109 -897
104 -1149
-8 250
24 117
97 -65
102 0
154 284
4 186
54 69
30 262
54 -81
96 -37
-19 -226
-36 39
89 -380
-153 -107
-7 74
49 187
17 202
85 409
21 50
74 -626
77 20
32 411
42 148
-14 299
59 -201
-93 -1613
-43 102
81 433
52 443
-62 -140
-35 -249
142 131
236 597
119 224
94 -88
-29 17
15 178
64 164
60 -151
-67 -593
107 -54
-1 -55
19 222
46 -155
32 -376
25 -85
8 316
26 657
-41 511
-4 151
46 -1034
34 -410
75 -472
-30 356
-54 429
129 165
-92 -131
99 -27
45 99
85 48
0 290
-63 683
47 131
-87 -440
-23 5
165 -125
54 -797
-12 -583
-31 531
-8 348
39 -174
22 139
-45 -53
87 137
-38 139
98 156
78 383
-6 -305
75 -714
-11 453
-53 126
42 146
109 -129
95 -336
-21 -69
13 130
46 524
8 -139
17 -343
150 -194
12 -190
18 -9
217 399
46 -15
5 -384
174 27
33 593
-45 556
73 -169
36 -292
38 212
-28 -60
-23 -217
52 -265
118 211
5 11
-49 284
-104 -91
-46 -511
70 239
26 -67
41 -100
-96 103
72 -103
-134 283
-30 118
48 1
88 58
64 -295
65 297
160 130
86 -177
-156 -1008
45 87
90 402
295 -307
-69 275
-29 136
41 91
-31 -363
4 655
-28 334
39 -40
-79 -219
79 -544
47 -227
-1 579
-93 232
30 19
63 524
-7 291
59 -483
-21 -116
-22 397
70 347
54 -976
-181 -49
118 454
45 -468
212 -180
96 -214
-31 26
53 176
12 582
-5 -33
26 -349
106 330
-35 293
26 -606
177 188
102 737
46 -827
80 -844
-33 350
-31 362
-47 -643
-178 410
142 449
84 197
55 263
-41 29
60 226
-32 168
72 51
-13 438
42 -427
19 -1035
56 -89
-55 309
-49 8
0 -13
-12 280
-119 -268
18 300
95 263
2 21
75 -200
126 -11
60 -380
21 148
11 901
75 -678
-11 -1023
22 -488
106 528
57 753
-179 44
0 -743
44 -147
112 484
101 225
90 91
87 453
34 -49
-26 163
5 346
-68 -455
-34 -940
-2 17
38 101
-44 355
-3 181
14 -46
9 -65
-78 676
62 533
-6 -619
-64 -579
36 62
2 -171
6 247
84 -348
-27 -190
39 223
37 229
-33 -26
-53 527
-31 802
-10 -676
35 -237
25 -136
-3 -515
70 -548
46 214
44 292
85 316
76 265
-65 255
-6 -232
112 51
4 131
-73 -367
51 -117
-44 308
-26 101
173 -1611
127 -449
119 637
-56 520
-32 179
-7 371
7 57
-119 -267
94 107
154 306
-12 -221
262 -137
214 -53
47 112
28 -184
76 16
7 -276
66 44
-6 180
-4 457
153 484
-62 -1439
-162 -1595
41 616
70 518
-8 267
21 64
-85 256
-117 -112
20 -75
8 -33
22 312
11 367
33 45
6 -195
58 70
2 -259
45 -1138
-64 476
37 485
-101 398
206 1030
149 -5
127 -1611
-9 -967
-68 94
-11 1030
2 176
103 151
37 34
14 50
14 337
11 805
-41 -25
42 -768
-139 20
58 306
19 -52
-67 -332
-19 -222
-54 14
-71 205
180 404
129 507
110 556
-114 73
14 -317
69 -431
93 -978
201 -689
-7 393
-42 504
17 339
16 124
71 435
95 164
-57 -115
23 623
2 -247
-21 -343
38 -419
-60 450
62 292
-41 -129
-47 77
-179 297
100 315
95 178
73 412
-42 -170
-70 -87
-29 -374
-52 125
-52 -67
64 -369
-33 -141
-112 458
135 526
85 480
118 242
33 20
48 -899
38 -630
-7 16
123 899
-12 730
-24 -419
27 -1022
72 484
17 537
123 274
85 -720
-117 -584
19 441
-63 662
172 466
106 574
30 509
-138 -478
25 79
-37 69
-8 130
93 -241
-60 -65
140 -367
76 -417
61 394
7 231
66 451
-90 900
77 783
79 114
-48 -781
-63 454
-25 534
41 198
5 -857
32 592
114 -1365
-54 123
18 319
-6 424
19 -408
76 133
49 754
0 744
50 94
-86 -647
16 457
86 -347
117 98
186 -218
52 451
-78 331
-24 -110
82 -15
82 403
-106 69
81 25
101 386
23 -127
0 -821
270 464
-60 -223
-91 -61
150 704
40 771
-54 589
-61 -701
61 -515
-53 289
66 -99
11 152
98 534
21 402
92 299
46 -1094
106 -295
-112 689
-57 680
-55 -92
6 -89
-33 -69
12 62
-10 23
49 224
-101 526
7 298
-85 41
-66 -473
72 -1021
96 -137
-71 560
-39 344
59 -137
92 -167
-27 362
46 852
-45 891
-10 -61
27 -232
24 -708
73 -91
-36 134
-6 119
-22 -217
-40 53
74 180
95 323
96 765
-62 1027
92 302
16 -1240
5 -773
75 -27
85 247
61 366
-46 47
51 334
96 682
35 195
-78 -38
-11 252
46 38
-73 -757
75 -61
86 73
53 -237
-63 63
132 267
57 465
36 606
75 479
35 366
-144 328
-19 -299
-51 -122
14 -191
144 -520
75 126
87 13
76 232
65 671
6 -51
24 191
44 -748
-12 68
-12 115
25 -544
-46 -101
40 48
58 137
-49 129
-9 318
5 -82
-49 -242
20 263
-107 463
-4 192
60 -535
92 -395
-38 329
-70 189
-21 265
80 517
-32 -483
46 -1150
29 -404
-5 826
34 499
213 -141
165 -200
224 -44
-13 217
27 405
81 427
55 280
-21 -57
51 98
64 -723
-73 -241
115 140
6 -409
22 17
18 295
48 401
32 -9
-75 29
-8 -1
-92 -80
28 77
-74 80
135 55
24 194
-39 77
2 -344
-26 -494
-55 625
22 595
146 -804
-127 -637
-16 354
-50 172
24 -400
-15 -15
-42 253
-38 400
-58 808
71 -85
-73 -912
62 -174
-44 455
58 594
-1 -341
31 -451
5 -654
18 217
1 393
126 -170
-44 216
141 336
147 144
63 -26
-60 14
-123 81
-20 132
119 210
-18 141
0 -201
97 -160
-100 -26
-24 107
-25 -567
-5 -56
-64 530
168 296
-40 -411
-56 196
-224 -52
-9 -123
94 -119
-33 40
93 380
3 -213
-332 -115
-40 468
24 342
79 279
-70 133
51 158
11 -993
65 -1617
-92 906
-27 460
41 -70
48 100
26 44
45 -332
-20 644
-45 901
-48 -660
26 -286
30 105
9 20
-96 -162
102 -366
167 73
-22 693
-63 484
-12 -270
-47 -361
-189 -137
-46 89
49 -200
-32 -712
45 -89
53 211
164 335
56 493
-28 278
-104 142
20 41
-25 -199
86 -23
22 320
9 -18
-51 -401
56 -183
20 456
-48 188
-33 -231
15 -668
115 -203
-53 305
40 569
49 374
-119 1
83 -295
59 95
-20 119
-5 -33
-90 -66
57 122
31 292
39 -179
-47 -139
-59 -26
156 -33
45 492
55 454
13 286
33 29
-14 -317
-6 -636
-74 112
67 -64
-66 -518
74 302
56 514
2 166
-15 -232
-79 65
-55 -129
-28 306
-2 436
64 -164
-74 -150
33 -201
68 -58
17 -58
28 -71
40 178
-20 233
-29 286
-33 277
45 205
-26 425
-95 -769
-5 -1284
43 -395
18 648
80 285
64 -27
27 123
-73 41
-6 414
44 610
21 361
-61 67
5 294
4 -65
23 -362
-12 -158
-2 -325
-84 65
69 16
54 -31
143 446
46 320
34 131
4 189
31 144
30 222
-9 -134
11 -222
-93 524
22 213
-37 -99
137 -177
107 -540
118 127
103 184
51 363
-62 851
-151 605
79 -864
101 -1127
28 179
-48 439
134 595
-54 442
18 -407
150 -708
-16 -150
29 936
68 754
80 -190
52 409
53 -172
146 -590
-121 -163
-5 369
-33 514
134 483
116 -211
95 -26
-36 48
-327 -282
36 -242
37 346
128 244
113 199
-75 61
-4 -165
34 191
72 466
-34 38
57 -43
36 182
-36 89
16 692
-47 -271
-37 -1407
57 -333
3 445
-26 654
11 193
6 -52
-19 12
-3 -186
-30 414
6 354
63 490
2 304
-44 -589
-93 -1024
26 339
-15 58
-12 33
-2 64
1 33
117 540
-168 707
-54 334
68 -293
-104 -1612
136 -303
47 572
-3 563
-132 -72
24 51
-56 524
-67 605
21 383
-22 -188
70 61
20 -732
201 -88
40 122
-79 92
-16 -147
-148 58
-98 54
-93 463
-18 190
28 186
1 86
-228 61
132 -134
130 342
-65 94
-9 -715
-30 -185
57 751
87 185
-76 30
-71 39
57 -220
-98 46
47 -67
22 -234
-2 405
48 612
47 87
44 -565
-23 71
37 -94
98 368
25 -54
75 -51
22 86
-12 92
20 693
50 1182
-31 -887
-9 -1614
55 260
5 999
41 528
1 -299
-24 -212
-61 265
84 909
55 20
-5 -591
-47 22
54 204
37 -188
27 -66
-31 -104
78 133
-90 276
-26 192
54 152
61 379
-18 156
-58 320
47 289
120 -825
23 -298
14 108
-68 94
30 380
-20 460
81 51
-30 430
-59 589
-20 -1037
112 -1058
15 -226
90 306
36 477
75 -9
44 156
-55 91
-48 88
-148 237
-42 456
118 624
225 219
129 -54
54 -462
-5 -509
-29 30
105 132
-111 156
-24 186
-11 37
-11 260
-4 -213
-61 30
-9 360
98 371
30 -168
-16 -305
-27 108
-42 742
2 267
-6 -538
-4 -312
-31 456
-29 331
55 478
70 -101
3 -123
46 222
-38 74
132 -76
-88 68
49 76
84 176
-24 112
107 412
111 235
101 352
-15 219
27 -468
52 -453
50 25
56 441
-69 4
-34 -52
-9 273
188 214
-75 243
15 357
-85 117
27 -434
119 487
51 -119
55 -743
26 -163
4 453
7 291
68 546
143 959
-76 -364
-85 28
132 427
44 -324
104 -672
-28 102
3 148
-123 -84
-52 269
-4 313
95 283
-122 122
113 128
54 467
-137 276
-31 -1
91 -67
128 -166
121 -154
48 198
23 204
0 139
-38 -43
-48 179
37 71
53 415
32 88
4 -130
-42 -650
-51 -526
-63 458
41 565
38 314
0 157
-28 -18
-52 379
-12 -74
-59 -23
-42 -96
77 90
-38 570
0 398
-43 174
102 78
-61 -523
-3 -267
-20 915
21 999
-65 -309
0 -1184
45 -558
-35 174
-39 728
44 240
98 287
128 169
-138 -148
-126 306
-105 500
88 288
-13 -83
39 -68
158 24
-183 -82
96 248
41 -188
74 48
-145 313
6 149
97 204
-14 -53
30 -302
-101 50
-125 187
-4 299
-23 335
-1 -20
11 274
-76 -211
71 -95
25 229
-27 128
-5 463
-30 -36
-8 -687
-8 -560
86 62
-99 716
48 133
87 30
8 240
-61 216
-46 211
-10 576
-9 169
44 150
102 123
54 143
-185 -172
9 101
-40 225
47 -209
38 -547
-47 298
-13 465
38 -92
-58 83
-110 96
0 150
1 580
63 61
58 -440
2 -129
-106 570
8 427
0 224
24 63
9 83
58 268
-67 -601
18 -585
-36 473
14 1215
-50 740
37 -1012
-10 -303
-99 272
-43 189
-29 426
50 311
-10 -94
86 349
86 114
-14 217
-53 280
-28 -236
-11 -444
66 150
-24 436
2 312
-132 167
-101 -801
131 -369
103 1161
16 354
26 -176
70 -10
-35 265
30 -356
-130 -274
154 188
40 429
-6 566
43 333
205 -109
9 8
-44 342
-27 -169
-36 -466
199 -54
32 272
-125 335
49 -20
-152 -30
-20 164
-55 243
32 187
65 381
-30 11
34 320
24 52
0 -487
-5 44
110 12
69 -207
-120 290
37 644
-8 351
-5 -232
7 -185
-7 -120
54 373
86 546
-40 257
-15 -196
138 -260
-42 -2
45 497
-87 226
-17 -1
98 -634
70 152
-146 575
-164 609
-96 -23
-10 -337
-15 47
74 433
-97 -391
79 -199
-12 462
-73 421
63 -88
12 -448
-122 -112
-37 174
-28 607
-123 624
-21 -1095
-138 -688
8 921
73 1388
31 -120
88 -1610
-40 -674
27 528
-54 652
-86 317
2 314
25 689
84 -34
163 -215
-36 -257
68 325
-3 299
23 73
-27 -27
77 38
117 81
-31 190
-66 243
47 235
-17 194
22 65
-4 -305
-15 23
-60 -395
19 144
15 345
-33 39
-63 -8
210 725
143 625
-221 -1075
-89 -520
60 512
0 537
-11 263
-82 -401
25 -130
-53 383
229 617
63 442
-5 367
4 311
81 -36
73 -1024
-50 -695
-14 358
-18 1010
-56 411
-72 -924
16 -165
51 990
138 886
37 453
-34 -224
41 -635
-2 -248
-102 -136
29 581
-96 1
-51 -57
25 78
-55 171
-37 434
13 413
-54 421
-39 260
59 -295
65 358
-4 -59
-56 -75
-49 223
-5 84
-1 -506
7 142
-45 584
117 89
-70 -16
131 -51
117 196
-32 204
-97 557
-135 -369
32 94
36 70
125 -358
243 -41
-30 263
-8 368
-59 191
-19 -69
-28 13
18 239
55 282
12 -158
-5 629
38 224
87 -517
-34 194
135 -131
52 -861
-45 1242
11 1121
-27 -115
-45 -704
35 -1065
0 -1024
-54 560
11 1355
-15 519
-60 52
85 215
77 433
-213 575
-190 48
76 135
-38 215
85 -174
71 -4
27 -227
-38 -180
-76 224
-98 192
-138 242
-134 344
-45 323
188 47
68 -4
0 -143
0 -360
21 -191
-16 -83
-64 434
52 419
-31 282
-33 42
32 46
17 -513
-27 208
105 639
148 -1023
5 -266
-10 502
27 336
-117 843
107 249
-42 117
80 495
82 1233
12 -427
42 -1066
131 -179
-50 334
-47 515
3 -93
-27 -221
6 -66
34 89
90 707
-55 696
88 262
-90 102
22 54
62 -330
-10 -97
43 5
-35 119
23 -297
92 -105
68 372
-52 534
-38 325
17 424
-4 -1243
-67 -374
-83 368
-47 615
-53 546
-63 150
14 -613
70 152
46 217
-97 -258
-53 -309
134 227
2 -774
5 -3
-78 35
70 254
70 545
108 371
102 515
121 201
-136 -324
-118 393
16 321
115 236
22 -76
58 -792
-89 72
3 531
-82 396
198 472
-2 90
-13 -247
-93 90
35 377
-165 105
-21 67
103 61
-94 110
-6 165
-32 98
58 -566
-61 189
-37 336
13 -156
210 150
60 449
-25 -243
-57 -360
115 -78
-103 466
50 516
-14 -122
-56 198
117 305
-16 -519
67 -429
-41 543
-64 504
8 171
65 -88
21 140
99 235
26 -123
-76 354
-36 170
26 79
-69 -588
-115 -8
-140 417
64 415
-85 -846
-62 -219
17 541
138 580
102 562
30 524
-48 -172
-101 -420
23 160
43 237
37 -147
59 -225
188 30
77 153
-14 72
-8 253
-87 350
-26 511
43 546
0 -254
48 -271
-71 -223
-43 -294
-55 126
11 172
-39 63
0 113
39 213
-146 368
-80 483
113 352
-3 -321
23 198
25 271
54 468
16 -803
26 -527
35 -61
-62 580
-1 553
44 -348
-25 304
0 -48
65 -78
76 516
131 446
21 123
54 29
73 274
-95 -18
4 -169
37 572
32 439
153 -280
-103 -449
-29 -2
172 25
73 630
74 122
88 287
-62 442
37 -358
132 9
-60 121
23 -115
142 -65
26 43
67 -192
-9 199
69 233
-12 557
-4 669
26 -555
36 -443
0 286
40 197
39 180
38 44
-7 -147
-157 7
55 172
56 199
6 242
-24 412
-74 18
120 -1
68 -154
95 -235
-2 -272
48 403
95 340
-17 -159
-27 190
-23 103
-1 274
28 616
38 -145
178 -716
88 -142
46 301
69 139
52 324
143 119
41 190
106 82
-71 144
6 190
70 273
79 95
56 176
187 186
-15 24
-14 -45
22 -147
30 -265
0 200
-91 268
-29 110
20 204
-12 35
-22 73
43 -40
-64 83
33 269
-16 73
97 -10
0 23
147 162
-123 47
-60 -2
-188 -73
-24 208
128 263
264 247
426 222
159 150
65 68
