99 85
-100 106
49 -248
80 -296
-33 -90
-5 129
3 202
-60 17
27 -148
-40 -130
71 -63
62 49
67 -34
9 -327
72 0
53 182
43 158
-74 -29
-150 100
-248 58
-125 -95
59 50
-50 57
32 104
-54 29
-154 -10
53 -137
148 -106
124 88
120 51
17 86
-35 189
-178 -36
55 -217
25 -138
-48 5
-47 75
12 -27
-153 27
-55 -118
-13 75
48 -22
22 -39
-22 -90
60 4
75 -76
-10 -26
11 137
-29 208
-16 71
47 28
-76 -230
-33 90
-76 -82
-14 -235
-9 -159
82 79
-16 82
60 149
49 -23
2 3
-31 14
-67 80
-57 -158
-11 -1
-109 255
96 -31
96 -116
34 -41
-19 -2
-44 17
4 200
35 220
77 150
81 27
53 -55
16 -116
4 -72
-108 -118
-122 92
-2 82
-62 -46
66 72
28 17
30 -49
19 -71
-59 128
144 -197
-27 29
39 85
-29 -187
-68 -80
-5 58
25 89
-30 68
15 0
65 65
31 128
-187 44
-97 -272
86 -157
242 28
124 55
100 -70
-116 63
-140 17
-58 27
43 19
83 93
70 129
-86 -121
45 36
22 77
0 -11
-44 -71
55 -13
-59 32
28 118
4 -158
-17 -64
20 83
65 193
-66 -73
70 -469
14 -100
32 125
146 68
-30 58
67 99
-129 -77
-109 37
42 82
57 -280
-76 -99
-213 120
12 133
187 -119
7 -199
61 110
-29 205
-87 -76
100 -41
-43 -21
-47 -100
-50 73
66 -2
63 -120
-84 -32
86 -20
-3 81
4 29
-21 111
-45 14
75 23
51 15
16 -98
81 1
-93 65
-193 -213
-228 157
-104 15
180 12
108 11
-31 107
-130 -106
-98 45
-125 29
44 70
45 -173
16 -141
-4 -245
37 46
-49 163
-129 -97
-41 -31
-71 18
65 102
-25 -174
77 34
80 -80
-89 44
-57 2
-54 1
105 -126
112 47
4 112
50 137
32 6
-101 -49
-77 -105
17 -76
-31 -82
93 -162
-42 -2
-48 127
-13 63
90 -40
-37 -66
-37 -55
37 48
-18 -32
-38 71
-76 -108
-79 -118
72 33
55 -7
2 -59
-63 -77
-31 30
129 80
52 -19
-8 -37
-74 -124
-127 -53
-20 53
-91 40
163 -60
4 -68
-117 75
-149 111
181 -41
125 -99
130 -130
120 35
-60 -44
-95 -30
-226 198
78 91
80 -167
0 -196
2 -89
-32 145
25 116
75 -12
176 -53
-14 -16
-84 114
-54 100
-84 16
-29 -218
-100 38
57 -121
61 -62
1 89
33 -39
64 -23
7 -62
-21 -128
-113 4
-103 65
30 203
22 86
112 31
12 -166
28 -46
-54 -52
-57 52
54 11
2 107
47 43
15 -21
-28 3
30 -150
40 -230
43 -68
76 84
-9 8
-118 11
-50 25
-163 -6
36 24
101 -76
-18 47
-56 -135
12 -2
118 164
189 -99
25 -206
-53 -16
-134 -134
11 41
74 131
34 163
-15 -88
-74 -9
-30 49
102 -17
139 57
80 -238
-43 -43
-81 -68
-54 -8
-14 47
-31 39
-97 26
12 95
46 -121
-12 -155
14 0
119 137
-25 70
50 -82
-75 -49
90 -48
109 25
-41 -122
14 30
-36 98
-81 107
-26 46
114 -89
186 39
79 -27
-26 -97
-158 -134
-178 -24
77 147
88 -17
-38 74
51 145
42 47
74 -146
-82 -245
-34 -190
49 11
-25 241
-42 -22
-8 -248
71 -80
71 195
46 13
0 -106
80 115
-39 -23
50 -27
-58 61
-22 62
8 -184
-27 -68
-45 65
0 120
-63 -63
-31 61
-67 45
55 -14
93 107
69 -58
-100 -252
30 55
-81 9
9 -57
34 79
125 93
-41 -75
-117 -76
17 -74
40 88
-50 195
-57 -2
92 -215
-179 -297
-48 -80
-18 42
0 26
33 -17
-19 -81
8 -116
161 90
-21 47
37 167
-15 -26
-39 -98
26 20
9 109
-12 19
-64 -128
41 -86
105 -5
12 49
-98 -44
-62 -91
-1 -2
-48 -146
-75 1
-27 104
-3 33
0 156
63 115
-29 -14
-157 9
-77 -39
-32 -73
166 -123
123 -10
-15 109
-204 23
-131 -134
-1 9
166 -106
85 61
80 92
54 97
17 49
-54 -76
88 7
-23 45
26 -4
-34 -34
-68 -16
28 -29
-79 -49
-8 70
8 -9
-24 -74
-127 -173
20 22
61 43
28 -48
0 44
-64 113
-72 -171
5 1
-32 -10
-4 -39
-18 -22
91 -132
123 -38
83 2
-73 -25
-81 136
-92 8
-86 1
221 -62
161 57
76 44
-201 63
-126 -78
211 63
163 -7
-100 -17
-120 37
-86 -9
-20 88
73 53
29 57
-16 -17
119 -4
17 -158
51 -16
11 123
-13 69
8 -121
-23 -1
22 -255
-59 -151
-19 105
-9 21
30 79
-16 65
-15 -97
-54 -5
7 -12
38 3
-152 -78
-49 -129
-116 -8
3 -112
25 -17
31 119
70 86
-6 13
33 131
47 -22
-38 -37
40 -179
-2 -95
8 -49
11 -106
21 -1
91 -91
-11 12
-37 92
-1 107
39 -58
9 -65
-17 -10
67 -96
48 60
160 -153
128 -155
47 -30
-105 37
-100 119
34 -166
142 71
90 -79
37 -93
-166 64
-75 61
154 -117
53 -48
84 4
-39 95
-84 84
112 -27
93 -129
11 -84
-42 -56
-18 -98
89 69
82 -60
48 40
-61 -11
-78 33
-46 44
-73 100
-6 -7
-66 35
11 47
71 94
20 -39
7 -67
-89 -163
86 -30
-10 8
-3 80
-34 73
-19 81
-55 0
-12 -134
-21 -81
-161 81
-43 -17
100 -62
30 -31
-76 38
-97 -91
-22 124
163 -130
-77 -151
-6 4
-41 20
-68 78
2 -84
65 -29
14 84
66 -41
-12 5
46 -70
25 97
43 58
76 47
87 -221
-11 -76
-48 30
-69 -38
-40 29
146 -1
134 284
1 -164
12 -93
-100 5
-62 93
52 196
12 -183
-83 -73
-160 11
82 -21
157 -55
-33 12
-25 67
-16 -18
60 65
-15 140
-71 18
-100 71
-19 -45
-53 -156
100 69
84 -100
152 36
-76 -63
-76 17
-24 -98
8 186
60 1
-33 -7
-8 151
76 66
-17 -152
-56 -176
-8 -44
-41 -9
-54 40
-134 9
51 -71
18 -17
-89 52
-50 14
-69 7
40 -49
58 57
38 -51
43 -32
-44 26
-15 8
-116 -51
-71 -112
-9 82
-69 24
108 -126
69 -10
73 -90
-95 -75
104 -78
46 -84
26 43
51 80
-6 132
-35 -66
0 -21
72 77
38 107
-97 -53
23 19
16 -74
-10 -213
-89 40
-44 204
148 -93
71 -83
-82 -107
-75 35
-47 39
1 18
50 181
62 90
-57 36
3 -31
39 -351
15 -168
-28 11
-38 78
88 91
126 29
46 83
146 87
-30 -182
-135 54
38 113
-97 69
-78 -367
57 13
-142 51
23 60
107 -38
100 -153
78 -37
-2 -11
82 144
24 -199
23 20
-54 54
75 -21
43 -30
-99 -69
-75 98
8 75
57 126
-57 92
-153 -191
-87 -75
92 85
7 98
-82 -90
-28 -4
27 -136
96 69
45 118
-45 -112
-33 -78
59 -93
31 -3
-103 -93
14 -1
9 9
52 181
7 70
90 67
1 -37
-167 -309
-116 -137
-86 72
100 117
31 24
14 97
99 63
-30 51
39 -51
-64 -150
17 -44
-50 43
158 172
100 -33
-118 -305
-70 153
9 298
63 84
57 34
-15 27
45 -35
-25 -55
-59 -36
9 -83
39 88
55 -54
-13 -44
34 11
-145 -60
-32 76
-37 40
20 51
-34 -54
-7 -178
17 -60
-25 69
109 72
118 111
88 -59
-21 -208
-75 -116
115 34
62 6
-125 26
-86 -16
-168 15
2 160
48 54
57 157
-137 -16
-4 -57
87 56
72 -212
-42 63
-116 87
6 135
6 -263
71 -29
60 90
5 121
85 -63
-128 -18
101 43
-60 -1
-16 76
-2 4
30 -40
96 31
-27 -218
-63 31
7 -166
134 -19
-24 138
-5 -11
-145 28
4 16
21 -33
-34 -11
-69 30
42 112
116 -4
39 84
85 -44
88 -20
2 -18
97 49
99 75
-131 26
-143 18
-168 -191
88 -95
0 21
112 -48
-35 -79
-15 22
-84 37
-78 149
-5 59
211 79
-16 -27
7 -20
-194 34
-148 -48
-90 -210
-29 14
31 -72
186 -40
45 83
-63 100
-121 -33
173 -49
94 135
-69 47
-108 -171
-8 12
70 -116
-31 -56
37 127
41 45
-35 -40
-12 -85
-50 17
83 112
46 56
-65 38
-120 104
-38 61
67 -124
94 -194
48 -195
-8 46
-135 64
-49 -11
26 -18
95 -25
141 100
-15 95
90 12
0 -48
8 -18
26 16
33 -87
-8 -117
195 82
95 -31
-72 83
-242 37
-119 -72
116 18
65 68
0 41
5 -48
5 -67
34 -77
-29 -221
3 -29
-43 130
15 34
40 35
34 68
54 -124
25 -62
-66 66
11 -21
71 -34
17 17
95 117
53 0
-2 -103
-222 54
-44 -96
-45 19
189 127
153 113
-90 11
-75 -33
-32 8
39 68
158 15
53 18
34 34
-63 -8
-33 45
15 15
-27 -23
53 29
74 -85
17 83
11 138
42 77
57 1
131 -38
36 14
-9 -107
15 52
-63 -72
61 0
7 118
-87 -33
45 -164
127 -124
66 187
-35 131
0 94
-36 38
-49 3
-19 30
46 158
125 122
115 34
12 8
-92 8
-198 -165
-16 105
99 55
0 36
-117 -3
0 301
21 71
122 -76
56 -42
67 -14
0 -2
-100 -47
18 120
112 233
-2 -201
-109 24
-8 65
-34 3
20 153
24 -53
109 -95
9 81
61 20
87 183
50 16
48 14
-13 -104
18 -117
28 239
-80 -32
-33 108
184 5
96 -101
-87 -48
-20 65
31 3
47 14
33 77
-19 21
29 -8
0 31
84 16
-85 39
-43 83
42 -120
-23 24
-37 56
284 116
70 16
-65 -50
-149 -300
-57 -81
52 189
198 195
0 44
-121 -4
-76 -26
-30 -41
32 94
119 130
45 -138
38 -174
103 -1
-5 113
24 146
150 -156
-17 -192
-47 181
-203 107
40 0
33 112
-72 28
-56 91
110 98
-137 -47
-77 -4
-9 42
67 65
62 -8
-149 -89
-122 0
-34 78
8 72
23 -50
-22 7
-8 -19
-15 40
107 44
-64 111
-6 -208
116 -40
-29 76
44 11
89 25
87 0
72 -98
71 36
64 202
-85 -15
-69 -4
-60 -38
175 -71
3 12
-30 29
-72 33
-37 142
109 139
-17 -54
95 -51
-115 -30
-156 201
49 -45
2 -179
47 87
-3 55
69 -126
29 -194
16 37
71 149
-150 130
-128 119
-72 121
73 158
68 69
-2 -91
129 -21
-76 -200
75 -47
-154 -155
-153 114
-60 145
138 104
66 66
-36 -49
23 106
-72 192
17 47
14 -52
58 91
30 -20
-63 58
24 -42
-142 -24
-28 -156
40 8
-30 63
36 -32
41 -81
-26 76
-44 -66
-78 -152
-33 -97
66 90
64 171
98 28
-83 -118
-235 -123
-46 141
-5 45
46 8
-30 -142
56 1
67 123
-35 116
78 -21
67 -284
124 -156
140 127
-16 -23
7 102
35 75
-137 32
-24 36
-108 141
80 -66
-7 25
41 19
-90 -62
-196 -79
-118 -38
22 -56
203 49
70 129
26 162
-96 -135
-182 -11
-8 50
190 51
73 21
21 -20
48 48
30 -143
19 -116
91 101
-3 -34
-79 -15
-44 111
83 95
20 33
55 -34
-21 -30
-64 -37
122 129
113 21
-92 79
78 -3
24 62
164 67
21 163
91 -114
-28 -58
49 8
-39 -5
-138 7
-184 168
-5 0
-28 -65
92 -102
92 59
-58 248
-7 -106
115 68
28 79
61 34
133 80
105 -132
-174 -10
-167 88
30 -10
-27 47
194 -9
110 -7
-63 171
-177 102
105 67
50 -90
22 -22
-80 19
13 128
42 169
128 -5
-18 -119
92 -22
167 -221
-40 179
-148 -7
-89 -39
14 64
-35 19
-106 35
23 51
5 56
160 -37
94 -79
-148 -126
-263 64
-100 68
40 36
102 34
78 -54
-129 -83
-10 -42
-24 -19
36 28
209 21
129 2
19 116
-171 71
-37 33
23 -112
81 43
-48 -18
-68 56
65 13
87 -20
-26 -85
-88 -14
-4 24
-34 38
38 -24
85 -34
-12 191
3 9
39 -31
-172 154
-103 -6
-56 -74
-40 48
-24 -111
-46 120
-41 39
-90 18
-86 -42
-49 48
105 -15
138 -29
24 -54
-79 -2
-91 74
-26 -32
83 112
90 160
-88 189
-152 22
9 -92
-82 -16
-22 -33
-107 83
57 150
3 -10
-29 23
-11 91
18 0
27 -169
-22 -33
29 84
1 29
159 59
1 0
-247 -15
-257 39
1 246
154 -133
123 -131
-56 -220
-29 128
-8 82
-104 77
-38 -35
51 -99
176 1
84 25
-165 -15
-139 226
-37 82
17 129
65 166
25 -204
-111 -128
139 60
-51 30
78 113
-13 76
23 -95
21 -193
69 117
-14 148
-206 -3
-60 -124
-40 99
55 189
68 -27
-49 -87
1 26
-69 -89
65 -88
68 -31
24 187
-160 113
-95 21
-47 42
-41 -28
-90 14
-104 73
36 46
58 65
-64 62
-26 -88
-40 -279
24 -7
83 98
38 -42
-46 66
-68 75
112 76
-12 73
12 281
35 225
-52 -42
-55 -159
-33 62
-20 -24
46 -86
51 185
29 108
-84 -29
18 76
-16 -101
51 207
45 144
-79 0
-121 59
50 -27
-53 -72
71 -128
-19 -88
22 74
-44 163
15 -45
-84 -2
-89 -213
-80 104
59 103
57 178
-24 -34
-100 -38
-153 -40
33 167
12 -106
183 43
-54 136
-232 92
-153 -75
30 19
134 137
-114 177
26 3
-117 -483
-46 -131
68 360
99 161
8 -12
119 -160
44 -16
-42 96
-8 126
131 151
97 -84
-108 -176
15 -60
-94 -19
2 -56
-153 25
-39 89
33 38
-13 184
54 207
21 -90
42 -31
-61 -184
-44 -79
-146 126
71 8
-14 -14
-33 34
74 -57
-185 52
57 -122
-77 32
-38 57
-13 -56
-76 9
-32 0
-116 -226
-33 -66
18 258
-52 173
-87 32
57 -80
19 -29
3 -248
-55 80
-132 85
-32 76
99 -29
61 -44
83 -14
-115 143
26 -126
-35 27
-2 -34
-61 -73
-80 109
12 -32
22 17
27 53
-6 64
8 -118
-99 -131
30 -4
24 -23
-54 79
-106 -64
-6 21
159 -150
-41 -45
-53 167
-146 60
-43 78
9 -91
-19 -125
-79 -121
-190 -54
156 138
100 34
-37 -9
-38 -42
-43 3
-95 -89
15 98
54 59
-17 73
-32 -47
-152 -39
-60 -120
111 -159
21 29
6 202
-42 119
-91 -7
62 25
-9 -16
13 49
83 -181
71 97
-58 104
4 -86
35 60
54 27
-67 43
36 -39
-69 66
-188 77
-26 13
-13 -35
35 -8
-8 -166
119 -74
38 174
-17 -63
-90 34
-3 -26
67 -92
-39 270
-58 42
-78 -88
-191 81
-65 -28
53 2
-4 -41
-29 14
76 -6
50 15
20 -24
-95 -25
-47 35
3 -146
52 -91
-29 -19
-19 44
-106 13
26 52
-76 37
-42 47
25 72
9 -29
24 99
-87 -12
-50 -31
60 -37
93 -41
46 -26
-74 -15
-110 72
12 -57
20 48
5 49
-37 14
-1 153
31 -10
32 8
75 -98
-80 -154
-37 11
46 129
28 131
76 117
-54 -116
6 -163
47 -182
-28 108
-23 47
-38 -17
145 75
15 -190
49 73
-56 100
-72 139
67 7
-97 -135
-20 -20
-57 177
-48 111
112 -48
62 98
74 150
1 -52
4 -187
79 -36
104 87
111 60
33 41
-35 -94
-40 -37
97 222
-19 -150
6 -289
-64 -29
-71 50
19 161
129 7
100 26
51 60
-5 -80
0 42
18 -74
-45 7
40 105
156 -164
46 -32
-199 44
-248 -48
-94 -49
172 -2
45 4
150 -44
16 -4
-3 120
-48 209
19 248
99 -3
67 -177
112 -274
-57 -45
3 17
-22 120
-10 11
92 -129
3 53
-60 196
-120 177
-73 -144
-49 -72
0 -4
-5 -22
-28 -89
4 75
29 -193
11 -112
64 62
-6 95
-8 -8
-124 -25
-143 167
-35 62
65 -89
-104 -99
-53 14
14 45
60 -17
93 52
-118 17
-110 30
101 -6
42 -98
108 63
143 113
-35 -54
-52 -38
-59 41
65 -27
-28 -102
-39 -153
-25 -3
96 93
98 51
-78 138
0 -59
-61 137
114 151
60 98
-42 -179
-199 -81
-118 34
-127 102
88 21
96 80
36 -118
115 -34
-140 80
-89 96
-49 -100
28 -34
-2 57
-39 83
55 -95
101 -42
93 232
-73 -8
92 -2
1 -154
0 -162
-80 -78
-1 -45
3 85
-78 5
24 -108
59 -75
2 33
-24 152
-2 172
55 105
-49 -188
27 76
44 28
8 -129
38 -136
-59 94
-46 -78
-75 119
-34 118
71 -45
50 -80
18 -49
62 -158
-91 -46
33 29
-29 93
25 40
-65 -147
24 13
30 -5
-37 66
-22 28
43 36
3 -30
-35 56
52 -42
88 -77
29 -42
-86 0
-33 -42
58 121
16 -59
-102 11
103 -198
45 76
39 64
-98 69
-67 -282
51 81
23 4
20 262
102 -98
-16 -64
-22 -32
68 94
-46 -25
-66 -213
-82 -61
-44 264
-4 -32
437 -96
-310 -54
-138 49
202 4
87 -67
2 -32
-15 -118
56 33
-10 91
75 -49
-61 -47
95 95
64 7
-39 109
40 125
-198 8
-78 -104
4 219
115 29
49 -210
-7 -90
-129 -49
-149 -8
-67 3
223 -2
109 52
-91 -57
-317 -74
-133 -55
-70 -44
62 187
82 43
-15 -62
-301 -70
4 -158
171 188
-33 27
140 42
15 -170
-33 18
-13 175
-58 -61
54 147
143 47
85 -121
-2 -56
24 -185
105 1
-101 146
-23 118
42 -3
38 13
-23 27
4 -207
-22 34
-66 93
120 -55
-5 -154
-132 -236
33 171
87 128
131 66
27 -49
-20 -26
39 -178
-77 94
114 198
150 -17
99 5
-51 -177
-234 -127
59 -65
103 94
84 173
-115 -72
12 -47
42 19
59 -30
1 -54
-60 52
26 -91
83 11
30 -11
-130 -480
109 1
35 60
38 -36
98 -83
16 -13
-73 33
-69 74
43 68
20 97
-15 226
-62 173
49 -247
16 124
49 -104
91 -165
29 -89
188 70
114 69
63 46
-55 -6
-146 29
-52 56
74 125
52 85
-28 -38
162 70
-26 91
-159 -161
-58 -94
164 19
139 7
-93 34
-97 27
-29 -69
-72 -84
62 -195
37 85
13 -60
-22 -43
6 40
29 -151
-85 -5
-19 125
-80 100
-65 106
-34 -40
35 13
71 -128
-17 -67
-11 15
-140 107
-102 14
4 -58
139 25
-10 101
-49 33
-90 -27
89 -2
74 140
-68 81
104 -9
131 93
76 -195
281 -202
-188 108
-197 -4
-95 -96
-14 -7
53 126
0 162
13 -19
109 -20
16 -44
132 70
97 -65
101 58
92 287
-31 -39
-11 -185
-46 -85
-78 83
-41 136
-4 105
-81 142
-54 107
-119 -81
45 -69
46 -129
-47 0
-47 -26
112 -232
100 52
31 257
-52 31
-3 -139
-29 20
41 1
45 -27
178 44
-119 32
-43 -91
-77 2
36 -31
186 -31
105 -279
-152 -50
-119 235
-32 -124
25 -118
74 19
148 145
30 -66
99 -61
-30 -95
15 55
46 268
114 126
41 -91
-144 -145
67 -262
51 -209
72 52
136 -51
-66 0
-65 29
-114 11
87 -35
-15 30
-28 99
59 154
47 -65
-9 0
-11 -79
-7 -2
49 30
55 -47
14 18
-147 -53
-123 16
141 95
169 -13
-195 41
-160 111
-43 -101
93 -90
38 -118
-41 -20
0 17
13 -133
-6 -69
92 31
-53 15
-9 39
-32 -171
-2 83
92 30
15 22
24 2
-56 -142
-76 -65
-40 66
118 -89
31 124
8 -100
-32 -102
32 -97
112 49
53 160
26 89
70 -40
77 0
122 -31
22 -292
-4 -131
-23 197
31 141
30 42
55 -113
124 30
325 8
-9 43
-204 -76
-71 173
16 98
77 -226
111 -88
-6 44
-78 -208
-230 -125
-150 281
-27 158
66 -19
117 -73
40 -154
-26 105
-112 73
31 -104
53 3
152 -239
87 -229
50 79
-56 152
-98 64
32 33
-123 -65
169 50
-8 -7
6 -70
-107 -108
37 -118
24 92
125 -41
118 130
-139 -71
-99 21
-1 52
12 110
167 60
5 -106
-124 49
-97 18
54 -124
192 -139
131 -148
-103 -161
-201 29
-135 -118
112 -20
136 141
31 139
-1 -10
48 -121
101 -208
-121 111
24 269
-24 128
-41 -128
-48 -138
-1 -114
33 -13
-18 23
-21 68
-35 -33
67 -45
-13 87
35 46
68 -31
12 -137
27 -48
-55 67
80 -226
-64 48
30 104
-56 26
-28 -70
135 -21
-18 27
81 -14
-10 11
-37 -45
44 -35
-114 12
-100 -52
-42 167
111 -6
125 -227
19 -139
-10 126
-38 9
9 -53
66 -135
152 -90
34 86
-15 90
-60 33
-75 86
-33 102
20 -259
79 -179
35 -62
113 162
105 35
38 -37
29 -29
-59 -115
-71 -26
-23 87
-1 78
143 87
79 -36
15 -24
-43 -154
-55 40
-77 59
-56 77
121 2
18 39
2 73
-45 -57
37 -33
195 -117
58 88
-165 -113
-338 -139
-258 -111
-35 -67
198 41
41 -71
85 45
13 -6
-152 -126
48 7
87 124
58 66
71 79
166 12
-111 -33
-68 -90
-180 -238
-13 -245
101 -34
126 38
92 171
29 -4
-97 -69
-13 -124
-98 122
79 113
-8 115
107 74
77 -290
15 -96
-32 -49
-7 86
96 23
-35 -67
-42 17
65 45
-5 83
60 41
49 -53
-182 -108
-62 16
-163 69
59 -150
241 -44
52 -32
-92 6
98 78
147 -20
28 -71
-68 265
99 -143
71 -49
-56 -187
137 5
0 61
7 -160
-6 -70
-42 45
-29 -16
-103 42
18 49
-86 -175
29 -6
-84 36
-13 11
31 -68
-10 -13
9 135
-14 -108
15 -168
47 -9
-139 7
-29 -73
-21 1
-28 -155
50 30
25 114
-6 83
-78 -24
-61 -53
52 -66
38 -117
-48 20
-115 -12
-100 18
-24 20
139 20
130 -187
8 -31
-106 -60
32 35
82 21
21 -76
104 -94
-17 175
20 -101
-10 -98
-50 -49
-107 134
11 104
109 -12
30 -190
-26 -55
118 44
7 -55
-79 -158
4 -70
-35 60
107 124
28 35
21 106
-50 56
46 78
23 -97
7 -206
45 -170
-27 -35
-42 -30
-85 -1
-3 23
-33 0
-12 23
-43 14
6 65
20 -63
0 72
41 2
-58 -150
-167 11
-97 -61
5 -104
207 -127
135 -26
-104 30
-67 80
-62 167
74 -34
190 -63
-37 -169
90 -79
100 55
6 47
-32 74
104 -34
-28 -48
71 8
125 -100
-100 41
-44 11
55 -112
109 50
-101 -104
42 -19
59 185
56 -61
15 -52
15 -53
9 -116
-3 138
-13 182
-115 34
100 47
74 0
50 -123
29 -22
-10 15
-93 40
-17 -19
54 -25
65 47
75 64
18 -29
-29 -19
70 -47
167 -14
128 5
45 70
-59 119
-43 -25
36 -97
-4 -154
9 -241
123 -15
-11 92
-13 8
53 76
114 46
-62 -31
-44 -76
170 -68
216 -1
-39 158
7 195
-34 -38
106 -134
371 -118
-14 -20
61 0
