80 9
-39 87
-71 48
-16 -2
-120 68
69 -45
-31 -3
-75 -2
-104 -20
-114 66
-20 171
-27 133
-4 147
17 20
-79 -3
-195 -84
-25 70
-163 38
-115 52
-19 -18
-70 154
-241 8
-55 33
48 71
9 -21
104 -24
26 113
-134 -4
-23 64
-61 95
-78 -76
-300 73
17 13
7 50
-3 40
38 121
-5 32
-125 -60
-101 -27
-62 -81
-90 -4
-75 71
-18 -70
-11 -47
-57 84
4 66
-58 114
-86 -70
-52 -46
2 -60
13 -208
0 -45
-70 48
-76 -7
-153 1
-83 168
-65 191
18 188
110 105
-108 -68
-50 60
7 58
42 -63
-137 8
-22 142
-45 54
-31 -82
99 23
6 118
-81 103
-66 48
27 6
-195 52
-111 13
-169 19
-127 -115
-42 -28
-87 -62
-125 22
-148 90
-97 220
24 76
110 -9
-4 79
6 -14
-104 -6
-75 -90
-114 192
-125 81
28 32
20 -76
20 -168
-43 -2
-47 -92
-51 216
-62 128
-102 150
-98 9
-115 -39
15 -11
-18 17
1 144
-94 39
-29 70
-57 -106
-115 13
-27 44
-32 -45
-172 -45
28 141
5 81
-70 25
25 214
-41 -34
-39 1
44 -76
12 -64
-54 42
-16 33
93 74
-42 62
-31 56
-62 -12
105 14
-83 45
34 -28
70 55
-23 -27
44 82
-169 -8
-42 -38
-155 78
8 114
-74 -6
36 34
-12 83
-41 120
-21 45
-11 157
81 61
-167 -12
-83 -55
-174 -18
-137 114
59 97
4 -9
-27 73
13 97
-78 -64
-29 -5
-66 -143
-19 118
19 156
38 52
6 115
-59 -49
-59 52
58 -94
-16 -51
21 -142
-101 43
-139 256
-44 4
-132 2
-93 100
-118 76
-17 -64
-76 74
-73 113
-45 210
-2 -20
-83 3
-27 -54
-197 97
30 -50
-16 32
-20 15
-6 71
-43 27
16 83
-46 -13
-99 -228
45 92
-153 -25
-31 119
11 -20
-81 71
33 36
62 52
-66 -33
-95 -24
-4 -44
-49 22
19 50
-19 -15
19 127
-125 51
-104 46
-13 -69
-44 -152
-27 -5
1 -6
-53 37
-46 69
-89 33
17 5
-15 -39
-157 123
5 54
-11 127
-23 -47
-25 11
-86 88
-35 22
-44 -91
-80 40
2 -60
-8 99
-108 -35
-102 103
-91 95
87 -16
-57 -19
-72 53
-118 72
-170 -31
-68 67
-6 -32
28 -130
-48 -10
17 119
-35 38
-109 109
-133 -19
20 25
-20 34
-93 -53
22 54
197 59
-166 -65
-38 16
-68 -26
-36 -34
-51 1
-85 31
143 212
-86 87
3 -24
185 -60
-93 -12
-7 -47
51 97
11 -107
-52 122
-49 66
23 93
-8 71
-185 -46
1 -61
36 -17
-165 -156
-91 179
-26 148
38 -107
-34 107
18 -82
-136 -88
-111 -50
-33 199
-31 27
19 -3
-46 42
-136 94
-64 -68
-197 -34
8 12
-47 4
-70 67
33 2
-77 -17
41 -112
-152 102
-137 -5
-88 -57
-188 106
-86 69
-37 58
-125 16
-82 -30
-18 107
-67 16
-102 -18
-65 -111
53 55
-23 28
-50 52
0 63
-94 38
-163 25
-58 38
-84 -43
-124 -223
-16 116
-9 7
-23 84
-14 88
-80 44
-26 95
-80 7
18 -19
-58 -68
-116 -76
-87 148
-48 222
91 -49
-161 -124
-155 -16
-9 -74
15 90
-35 55
-104 64
25 59
1 61
-131 -13
-28 3
-63 36
-44 -85
-53 40
11 17
18 94
-180 -17
-72 26
-28 33
7 15
-49 54
-52 0
-93 44
-51 36
-63 74
2 46
-80 -39
45 -69
-3 -106
-20 24
-77 61
0 27
24 50
0 66
-22 -56
34 253
-101 -43
-108 -99
-82 0
-60 -24
-51 22
-70 184
5 109
-14 -16
-13 -34
-45 207
51 77
-79 -5
38 195
28 -201
-10 -194
-27 -104
16 -78
-57 -37
-77 193
31 84
48 -43
-53 82
11 67
104 292
-79 7
-54 -170
75 -41
-33 36
69 261
-13 -51
117 89
-253 31
22 -40
-52 -121
-39 -40
86 -72
33 -25
35 69
-32 54
34 8
-85 136
-57 72
-73 -21
-141 -124
-247 -10
186 61
109 -109
-106 -13
-59 0
-49 44
-10 -100
-13 -84
-62 -31
-31 135
-52 69
-29 4
-43 -24
-47 18
11 -82
-5 -53
72 72
23 42
64 -16
14 -13
-104 25
60 25
-56 27
-55 30
-59 68
-11 -62
-10 -11
-62 -95
-125 -26
-23 21
3 -9
-48 -58
-56 36
-7 51
28 35
-32 17
-21 -34
-25 47
15 156
-34 -50
-57 -155
61 -76
-16 24
35 167
-14 -70
-40 41
-32 57
-106 69
-35 -12
-4 -53
36 85
-8 67
1 -71
-22 72
-2 226
14 4
-65 -89
-18 2
-27 27
54 135
50 -43
28 12
-45 59
-4 -38
-58 129
-17 -128
-23 0
64 65
-65 5
-192 5
53 60
112 -29
-157 -12
-158 11
-18 -170
-35 53
-114 22
34 28
-16 -26
-10 50
-11 52
-88 -59
27 36
-9 -4
-25 -31
-7 34
32 -14
-13 18
-89 -30
-92 7
-115 -90
19 -61
-13 2
-11 114
-70 -53
-38 -44
-18 79
-59 56
84 -33
-93 -69
-44 59
166 -12
-61 -42
-37 39
-6 178
-85 9
-110 -7
104 -101
-30 54
25 100
-225 55
-30 -25
20 -77
-66 62
12 1
-44 -12
-207 7
68 -43
-22 20
33 30
20 59
-72 19
-108 -18
-82 19
-106 -30
-80 89
22 41
-34 15
-148 39
30 -21
-39 -13
-22 -23
-117 -83
-39 -58
37 -5
-51 27
110 21
-39 62
31 113
-88 -145
-41 12
19 6
0 108
-41 90
-43 14
-25 22
-97 -81
-15 80
33 -31
-23 -51
-12 28
-27 56
-98 14
12 -67
-41 90
-133 56
-99 28
-38 -29
-73 61
7 12
-21 -116
-41 -52
-36 81
48 2
-40 -21
-84 -68
-95 -98
-82 -18
8 120
-47 55
-34 76
16 113
-52 62
-91 -22
-91 -106
-68 125
-23 -69
-20 184
42 42
-4 -29
-85 44
-103 -41
-40 -166
-42 -25
58 136
39 94
-51 -20
28 21
25 -3
-65 53
-9 -54
26 -86
-58 145
-18 -15
7 181
-72 60
-19 -57
-79 -63
26 76
-2 -17
-9 38
96 45
-75 29
-54 -3
-31 42
-14 -300
-65 230
-60 -75
-19 -50
-84 -13
-63 15
22 -28
23 137
-62 -15
-54 -26
-49 -76
-110 -45
-61 35
74 -57
28 -75
98 -26
-44 14
17 122
-2 105
-78 -142
52 -159
48 22
-13 264
0 -84
-97 -62
66 -10
-104 -30
-116 -79
-51 60
-39 -67
-185 56
15 -19
-6 -48
-94 34
-74 99
-1 45
-91 42
-9 32
32 44
-228 1
12 -11
-65 -3
-85 -2
-7 36
55 -55
-46 7
-61 -15
-49 -85
59 79
58 72
-40 -13
74 -55
-67 -100
1 17
129 -1
3 40
90 -8
88 -153
-38 159
1 -20
-61 58
-106 -45
45 -37
13 -50
-23 39
-7 -14
43 59
-81 -39
-40 72
-47 -58
2 24
27 -196
32 22
-46 49
-65 85
-1 -167
-122 122
-118 53
-2 -26
-34 3
-11 43
-41 -251
-31 219
-109 28
55 -63
90 72
-117 30
63 -83
-40 -62
-53 35
-3 82
118 -42
-29 -38
11 -10
-105 22
-24 -2
41 -17
39 0
-32 45
-59 -74
-33 -63
-8 32
-8 105
52 20
91 47
-71 -41
-46 -25
-47 20
-153 26
-75 64
-54 102
-113 -145
-182 -58
-92 -9
-86 -20
48 4
-48 -32
-36 -29
-20 37
-14 24
-112 81
21 -99
67 14
-47 -46
-29 50
-58 -22
57 29
-27 -48
-27 76
31 -100
31 -76
-45 38
-70 76
26 4
60 -9
-39 -58
-9 60
55 -80
61 -111
0 20
7 74
-63 -1
-138 8
37 161
-133 19
-6 143
5 -81
41 -15
-47 -15
-19 -44
34 -20
-100 0
53 2
-124 -30
-17 -37
3 29
-46 52
-55 -138
-160 -24
-13 49
-10 -71
-166 -5
-48 26
88 -2
-10 35
-26 -22
-3 2
8 30
-81 45
-43 -24
-97 63
44 -74
-40 -87
-45 29
-120 2
27 -1
70 65
-58 39
-45 -63
6 4
-27 -77
17 -5
166 162
-51 -24
-17 -58
-184 99
-94 -46
-46 -83
76 -60
-110 -36
-151 -130
109 -40
-142 72
-82 -81
-105 -100
-46 68
-1 37
-39 -13
-22 -28
-98 109
-158 -52
-54 23
-11 -20
-21 24
12 -43
-35 -123
42 -77
30 152
-51 12
29 32
-58 -28
30 -2
-16 -17
0 -82
-46 -81
55 -78
13 25
-22 84
15 85
-45 14
-24 -19
-131 41
-42 7
-7 -59
-53 -6
-133 44
58 41
6 -12
-134 -83
-16 -26
-119 -109
-113 -25
-50 -9
-15 32
-12 19
-16 -33
23 106
-85 21
92 6
70 -43
54 20
-51 -24
-40 -20
-96 73
-6 -74
-40 73
-54 -22
48 -66
-134 78
-44 -46
45 -37
-75 -16
26 51
-91 35
45 -38
-104 -63
-98 -77
-69 -5
71 -63
60 113
79 -52
9 -28
-100 130
-30 -80
-48 -42
-31 -36
27 3
40 -17
-149 48
-107 -17
-39 65
39 5
179 -35
-111 3
81 -38
36 246
25 -18
-84 90
-105 47
-28 -20
-88 -17
-4 -144
14 -51
-34 5
118 29
17 -25
-50 -92
192 22
-37 47
-82 -35
44 18
-61 -82
-12 -21
70 4
16 41
-67 25
18 -41
-42 -83
-177 -104
-11 -131
96 60
-52 -28
-25 40
-25 58
-112 6
-44 -87
-146 -6
9 29
105 69
-28 -68
-66 35
-84 -27
-25 -41
-93 13
-130 -110
-50 -196
-39 32
-10 -40
-91 29
41 28
-132 95
20 8
-87 62
-129 36
-19 -20
36 36
-96 -1
-75 13
-102 68
-2 -72
38 -81
-74 16
16 -89
-131 -128
53 128
-22 201
-63 -58
-89 92
-144 -96
-82 -34
-62 -19
-70 0
-16 -42
-24 -121
-5 5
-14 28
-47 -27
-61 -20
-17 -10
-51 26
-36 -21
-34 28
25 -2
-41 -129
14 -13
-75 -234
-57 58
51 74
12 103
-107 104
-8 -45
42 29
-59 53
-42 12
-35 13
-42 5
1 -14
37 56
0 25
-49 35
-9 89
-80 43
-39 -16
-85 -46
-3 -104
-73 36
-51 202
38 -18
6 -102
-200 93
-25 9
-9 -29
-94 -33
35 157
-27 55
-60 -33
39 -48
-9 165
56 -41
-19 -81
-71 6
0 -102
0 8
14 92
93 -63
-5 -15
-94 0
-110 50
-77 -120
-35 -71
113 24
80 94
41 -58
-48 -48
16 -49
2 80
-71 -48
-18 -109
1 -51
-32 78
-4 128
5 -26
-48 -41
4 -71
-24 -99
-7 -31
17 23
70 -23
-192 -5
-32 54
4 -133
-102 133
5 3
-47 -80
-71 -204
-19 46
14 63
-68 27
-7 -6
17 -30
-78 50
-23 -61
-20 -91
-11 -64
17 74
21 -64
-22 37
4 29
-17 -81
42 -21
-4 -62
-32 -42
17 -18
-59 53
95 88
-163 -11
-25 -10
-58 -108
-150 -117
-131 -72
-86 -40
-152 84
-108 57
-37 -63
34 -57
-35 -34
-6 239
-4 -107
-9 -66
-18 60
6 34
38 40
-99 -88
-26 7
-125 -24
-30 -39
-75 -51
50 -39
-80 -64
76 -203
8 37
-20 -1
-24 12
-33 -64
69 -2
48 -5
27 -69
1 177
21 19
50 -24
-82 -106
7 -42
49 43
-21 136
26 -140
-32 -217
-54 -34
-61 21
-16 126
-47 113
-38 -3
42 -30
59 61
-153 -94
-56 -88
-89 32
-57 149
69 17
-54 70
-2 -99
137 -132
-44 -26
1 23
-115 28
-27 -36
-14 -60
-68 45
-32 86
-1 26
6 -7
31 -156
-163 -25
53 50
-44 9
-40 11
-63 30
40 19
26 46
-64 -11
54 48
100 38
-94 73
-4 14
3 19
14 87
-74 39
-25 -28
-9 -26
-20 -44
-129 -1
-12 174
-57 -35
42 -153
-40 60
34 86
-81 -96
0 -26
-2 38
-63 47
-61 88
-125 42
-44 8
52 20
-57 -124
11 0
-9 47
4 -17
-21 -92
-92 80
28 -3
-68 20
24 -38
70 -12
-58 58
-27 17
-44 78
-32 82
-33 140
-17 43
19 26
24 -13
-74 31
-11 1
55 75
-146 6
-80 7
34 114
-46 -12
-41 -57
19 -95
-137 19
2 12
-16 30
-121 -50
-33 25
-83 -47
-56 183
89 -81
39 -141
-10 75
-120 -9
-44 12
-75 -10
-75 70
86 -9
29 -16
5 -26
-55 -33
-39 22
-86 34
-167 6
-23 38
-30 47
75 -50
54 -58
43 87
-84 82
68 0
-58 58
-85 130
40 2
-43 31
62 92
-6 -56
12 -6
-34 -90
20 72
-70 39
-69 161
-112 74
-113 -20
100 -121
30 88
-71 75
-7 67
-5 19
-14 37
-83 1
-44 6
-89 -39
-134 -51
36 56
-61 -33
18 79
-113 67
-68 -41
3 5
-47 35
8 -39
120 107
-54 57
-18 -129
172 9
23 37
-77 41
29 -66
-4 -43
26 61
16 -41
-8 43
-34 58
-112 61
-63 27
24 -11
-49 -51
97 -22
37 -48
-43 16
-63 83
-91 -66
-69 -35
0 69
52 -61
-24 -112
-75 12
-126 48
-9 -17
-23 46
-11 -2
8 41
-22 9
-50 -111
-40 -46
-31 65
-76 16
-10 -32
51 -6
9 40
-35 82
-98 32
7 -1
22 -48
2 27
-43 134
-46 -43
-26 19
-74 -4
-13 9
16 -33
86 -50
-75 11
-73 16
-119 -22
-115 45
88 14
-17 31
-1 59
-18 77
-140 0
-31 -39
-50 42
-33 47
32 -64
31 -102
2 7
0 -26
36 129
-16 12
91 61
-47 -16
-50 119
-13 44
-59 40
-4 48
79 -11
-39 79
8 -131
121 50
20 89
6 46
-30 -59
-85 62
98 -31
15 31
-19 57
-1 41
65 -1
29 38
-5 -8
-64 -14
-48 -19
15 72
0 60
29 74
-46 39
60 -67
4 8
-31 -4
-144 122
0 -48
45 -112
77 -56
-11 95
-64 150
33 -142
-32 83
-23 114
-45 7
-3 35
-126 -13
24 137
2 28
50 88
-14 -19
-1 -21
-52 -31
-17 -119
14 -28
-77 113
14 68
101 -9
34 -64
-5 38
-15 -11
-12 -34
81 -7
80 -10
49 1
60 11
-20 -45
-80 27
-127 19
3 -50
2 -45
2 -9
46 35
-38 138
-61 55
-23 8
-57 13
-77 55
39 128
-32 22
3 -148
67 6
35 8
-65 6
60 3
24 82
-171 59
69 0
31 -3
13 59
88 -168
22 172
-17 128
-97 76
-16 61
-45 -108
33 -78
88 -8
-58 1
82 84
-7 -5
88 -95
77 -23
-1 36
-32 -7
-48 -131
44 -77
15 82
-70 107
-56 -84
136 -53
27 42
58 -15
-12 -90
8 -124
11 1
-1 6
41 85
-15 -48
64 -99
71 1
27 126
112 -122
57 -7
-26 -141
-24 128
13 -63
63 -63
36 -23
11 42
45 -43
-17 -36
34 86
25 30
-129 -19
44 48
4 228
-40 -138
-10 -73
34 -39
11 -7
-139 -11
71 -7
14 -25
-36 -43
68 -33
-82 49
23 -47
-6 39
98 53
-40 180
-86 84
3 105
91 -21
12 -22
-59 -50
-69 5
50 -37
-68 -29
143 -18
-137 41
-63 48
66 33
-79 -51
-22 40
-22 46
34 -47
130 70
6 78
-11 102
-65 -6
16 -39
83 -49
-28 32
-22 -4
1 -97
-41 115
12 116
-42 -2
52 -170
-132 46
-52 48
53 -7
1 123
58 66
54 27
-167 -114
-103 39
16 -91
57 -122
17 47
-71 87
53 66
-67 8
-58 1
-50 66
45 20
82 -12
-57 40
16 -52
-17 58
-93 -17
20 199
-40 177
34 5
24 -53
-14 -81
-57 -161
0 62
-8 44
-35 -76
-46 -2
-20 109
48 41
-45 -63
107 53
12 -6
0 109
33 76
20 -8
-26 -11
17 -20
-32 43
-22 36
47 -78
34 90
-28 40
-94 -48
-109 42
-118 26
-115 24
-51 20
3 123
-103 -148
11 -281
-21 127
-89 70
13 39
-15 190
-125 -16
-18 6
-99 68
-31 1
-35 -5
-155 -57
-161 -39
13 -4
-10 130
61 81
-64 -7
-101 -112
118 -32
41 47
-34 -19
-73 -8
40 95
-1 66
1 -156
-3 64
39 56
1 117
-58 109
31 72
-186 9
-62 153
-13 -106
-14 -31
-34 -81
25 -26
-93 72
-35 -31
-36 -32
99 42
-79 47
1 -47
-41 -74
-62 -21
-8 -64
-32 40
-142 28
23 101
-9 -53
31 169
46 -86
-207 20
120 -21
-58 151
-29 162
-44 -6
8 -62
-14 111
0 -121
-28 0
-21 -183
11 -39
-80 21
-94 -69
-62 -40
-17 32
-49 50
33 -124
-38 -124
5 94
-46 -6
3 66
-37 -25
-23 -74
-34 -37
-66 -41
-7 5
-98 92
-23 76
-173 -32
-36 2
-10 17
-44 29
-37 -76
12 -78
-14 88
-38 33
7 -6
30 -30
91 73
-15 47
-105 -39
43 -100
-29 -60
-50 -185
5 116
-65 24
-32 -3
-66 -19
23 -11
65 -136
-21 -67
6 71
-96 36
80 -40
67 -73
-33 -72
-136 28
-29 -137
1 -112
215 -31
-21 -13
77 138
153 2
-44 -12
30 -12
29 -11
-93 57
54 38
-110 -2
-33 17
-40 56
2 -14
26 76
-52 -162
43 0
-55 66
122 89
-19 13
21 -35
-54 -40
4 -12
-29 31
-4 -60
104 -81
-98 -43
40 -6
-56 65
-28 1
-22 0
57 -17
-7 -41
-81 -72
-30 -21
-205 0
12 -59
34 -23
-55 40
101 0
-89 -15
-31 -56
-42 -111
51 -91
-38 17
65 -56
31 136
-54 101
-38 96
65 -152
28 -12
23 -178
8 31
-43 124
-11 41
-14 -32
66 0
-36 -34
-17 12
59 13
-11 15
-44 -50
-26 -65
36 1
-38 61
-10 36
-23 -17
3 -61
-90 -100
51 -18
-83 -61
-4 -81
-51 71
34 218
-24 -3
-75 -87
-118 -17
46 32
-3 94
-5 51
5 65
-45 20
-50 12
-43 -98
-23 -96
-109 -23
-55 44
-49 -41
-86 61
25 219
-23 -17
39 77
-99 -95
11 -100
-2 -47
27 197
11 3
61 70
-5 -21
24 -28
-5 -20
0 -33
127 -32
-36 67
-69 -8
54 52
61 54
-32 5
-57 -130
45 192
-10 -90
-66 -41
-128 -26
-12 129
72 82
-92 9
-4 -27
-24 -44
-71 -65
66 -70
-81 23
-9 -45
28 -42
-74 1
-95 5
111 0
-10 56
61 -25
-70 -39
-16 66
-37 24
-123 32
47 -74
-73 -104
-8 36
56 -122
11 -30
-49 38
-121 11
40 46
-167 60
-104 37
22 109
38 -114
33 -192
-92 -250
-27 216
29 0
22 -57
-35 -115
-2 51
-118 -43
65 -123
116 22
55 17
-86 41
-33 -28
-72 -45
13 4
-51 -55
55 -54
-82 197
37 -43
-8 58
2 -152
67 11
-77 30
-43 -100
-35 2
-35 -19
67 -87
17 17
-79 22
25 14
-28 -44
-92 44
-58 35
-14 -164
44 -36
64 -69
-96 126
-126 -11
71 -126
45 24
-99 144
-57 -190
18 -258
141 -107
11 -287
-50 146
-19 68
56 -20
21 -105
11 16
-146 35
-74 -51
-8 115
124 -50
-72 2
-126 109
-49 -108
50 58
-88 -70
168 -74
57 -92
-94 -48
69 73
-78 0
-15 26
-6 -73
-57 -77
-91 -48
71 -26
40 -37
-61 84
-30 125
141 -37
64 -18
-125 -32
-186 -127
46 73
63 -30
-33 48
53 -53
-14 46
-159 -88
-97 55
-85 71
-62 -79
-50 62
32 31
-68 -88
-108 61
-5 -60
-36 40
-52 -75
102 -79
14 -95
-46 -44
-5 110
13 111
173 23
41 -72
-115 -25
-134 -48
0 -30
5 -10
-70 18
43 32
100 -61
-142 43
-167 3
-183 -40
42 -61
55 53
-81 13
138 -40
-23 -52
90 26
7 3
27 -121
63 -30
-30 -2
40 -55
-41 -45
-82 -83
-22 33
-138 -23
50 -61
-50 -82
51 0
-96 -50
5 110
-55 -38
-17 4
-58 4
-76 40
-36 -33
-47 -16
-46 0
-5 -4
-7 13
46 -94
62 -3
-71 -38
-12 -8
-59 -5
-18 24
-61 -21
29 -44
-38 68
0 -5
-85 -16
22 -2
-32 -61
-72 -66
55 52
-20 12
38 4
-83 -68
-10 -36
-11 -35
32 36
7 -51
-34 -52
84 89
41 9
31 -6
-79 71
51 -5
-34 -70
-16 -62
20 -40
-51 -9
51 -31
38 -74
18 85
41 41
-35 -183
35 -78
44 -23
-35 -40
-12 50
153 15
-18 17
36 27
131 -21
-7 -42
9 0
23 276
2 -182
-16 76
-27 -168
20 -38
-40 29
-75 -20
-62 -45
-10 38
27 -54
33 -14
-40 39
-34 -243
85 -85
-129 107
25 -48
63 -194
87 86
72 -7
84 62
55 -77
-8 232
147 -98
1 104
-42 -103
32 -121
