48 -99
21 -157
-20 75
67 48
8 72
-14 142
-6 45
1 -6
111 -199
59 -77
-18 182
53 -105
-13 -88
7 -43
85 58
9 -24
38 -93
62 -95
77 -122
60 60
30 42
-40 29
-24 79
15 -140
65 47
-25 -129
54 15
53 -111
0 18
-48 57
47 -22
41 -44
48 -43
86 -54
75 47
27 -36
77 -87
0 -150
39 -12
-12 49
-39 -117
14 31
205 127
52 -35
-218 66
51 -219
85 -61
103 -90
-4 9
-26 73
3 -64
43 2
-63 -103
109 71
-80 23
-23 -188
114 -131
18 -149
40 -164
217 76
-110 -54
35 -22
59 -109
-33 -15
14 -13
55 115
71 76
82 -124
52 -42
5 -164
80 18
14 -167
92 -56
65 127
-75 69
73 -149
34 -92
45 -225
2 60
30 -85
70 108
58 20
19 -200
50 -31
43 6
-32 7
60 -88
-8 -73
-66 -48
-116 -22
12 -50
94 -68
36 -190
26 -25
-17 7
64 -81
88 -64
84 -225
117 47
-27 -132
48 -37
98 -38
72 32
-1 40
23 -153
-11 -65
28 7
74 -81
129 -17
68 1
0 62
16 22
47 -69
34 -61
-48 6
87 15
75 -66
112 39
73 -86
-45 3
37 1
-34 -101
-73 2
54 69
0 -52
28 25
-1 -57
38 -57
63 106
25 -76
23 7
17 -68
15 -138
-97 13
144 -77
-38 25
40 -16
23 -55
49 87
125 -56
56 -36
45 22
57 -117
61 -32
-2 13
41 -11
-97 -96
31 -39
-35 38
-1 -2
15 -39
73 -67
113 54
65 29
21 141
20 -93
85 85
43 -43
119 80
25 -61
-18 -41
3 -16
41 -12
-27 -60
40 17
79 82
-27 0
32 0
1 -41
40 -49
149 -71
-59 -3
-29 63
90 -107
60 1
115 21
-77 20
22 71
-34 2
118 -98
18 72
166 -44
30 65
47 35
63 -64
87 39
35 44
29 -74
56 -59
0 -42
36 -5
54 159
-4 113
76 20
18 -95
72 -43
17 65
-53 79
24 37
99 22
37 -22
63 -27
-21 84
9 87
39 -96
29 12
119 20
61 -3
66 -17
-48 58
83 16
87 -66
96 56
77 53
133 72
-51 -126
110 76
116 39
69 14
52 124
66 -168
20 -223
6 -60
-8 76
93 -133
25 -53
139 -56
104 26
64 12
48 -33
39 -3
-64 119
80 2
158 202
79 -51
74 16
73 65
8 -73
25 -132
19 -40
81 -53
57 36
75 112
35 61
103 52
45 -25
-9 0
75 25
24 55
99 -162
78 -52
88 -15
101 58
-10 111
47 75
27 89
45 14
8 80
154 30
109 61
-56 -48
101 30
192 -181
-58 -83
45 59
40 145
134 -96
182 62
145 4
-44 87
76 58
22 85
54 114
83 151
134 -90
66 -33
56 -31
1 5
78 68
92 14
116 61
17 53
35 21
138 -125
-25 -134
136 -84
130 98
85 40
139 -237
45 -93
-32 -24
63 -97
70 -115
58 13
63 -4
150 82
26 -29
-17 -40
12 38
-13 88
-1 -69
38 -93
27 -107
126 26
-13 -2
53 -23
0 80
37 -54
86 -64
166 21
61 32
55 -97
20 26
28 -56
117 90
71 14
15 -56
109 -29
82 -90
109 9
75 -12
43 -42
21 -93
-121 -99
154 0
101 -13
75 -56
-32 0
132 -127
108 139
13 -29
52 64
3 -79
61 -107
184 14
64 37
-4 7
6 -96
57 -18
-45 18
78 -5
136 -11
126 0
61 77
71 26
76 -1
52 66
-5 -101
52 199
46 34
60 22
-57 -46
62 24
80 -36
144 -43
48 -121
-24 -39
55 -72
79 219
87 175
142 179
69 33
106 17
134 112
61 -62
26 -41
77 120
140 138
16 54
-24 98
74 15
53 50
-14 -110
77 25
49 19
83 -10
0 49
148 -7
79 -16
-36 79
-42 -37
223 6
17 -25
159 127
149 -107
1 -55
-21 -175
100 131
88 -66
-8 101
54 122
70 61
214 49
68 -81
51 -212
85 -108
24 24
138 40
56 4
164 -42
32 -93
44 91
91 64
56 88
28 -66
81 77
-86 -40
75 -18
115 140
22 -8
105 158
24 -210
90 -18
0 2
88 71
99 60
28 -116
68 -49
153 -28
22 -138
130 47
21 -170
117 42
69 1
63 42
125 8
43 68
47 65
138 -128
78 -5
-4 85
56 -178
81 79
82 35
139 -131
-35 -49
72 -60
105 -164
46 23
-16 -213
30 54
34 5
-10 23
35 107
86 -137
52 145
73 47
105 -294
30 97
-42 8
35 142
4 -17
22 18
160 124
40 -97
64 -133
67 -29
6 84
107 -85
109 -153
92 123
86 68
81 -123
96 16
194 54
2 84
113 59
43 76
128 16
42 -40
16 -101
80 34
-22 14
77 43
-3 67
-48 -112
102 -92
104 -20
184 -38
63 84
-47 23
6 -29
-22 54
51 -71
-32 34
63 -26
81 46
57 -48
-16 47
-52 -40
28 -24
26 -54
60 167
-13 -64
95 36
94 -36
82 -98
100 46
-81 -38
8 -42
137 -22
42 29
-22 -78
98 22
14 46
52 30
-1 80
101 74
16 36
33 28
116 -20
128 94
-48 61
9 -30
2 68
15 -100
7 5
90 -13
77 -23
62 -95
-16 141
90 3
36 30
-48 12
1 -64
97 -5
39 -41
119 -58
83 28
17 19
36 -151
1 -141
35 129
0 17
86 59
55 26
46 89
77 -96
83 -18
38 -65
-95 9
25 -40
106 -30
9 38
78 -30
18 20
-69 -32
74 -88
27 40
-117 -54
-23 -19
31 66
106 37
79 65
-6 56
79 -17
102 23
94 136
50 21
25 -23
65 -5
5 -69
68 -16
30 47
4 64
42 62
26 90
3 23
57 -37
45 -8
76 1
87 72
34 125
-2 14
81 -46
65 -127
119 104
105 105
17 121
-34 -129
50 -145
49 51
93 15
-81 62
12 -81
67 54
76 0
23 148
14 -1
15 13
-13 88
60 55
56 13
-84 -3
17 96
44 -159
-47 21
84 26
48 -85
37 91
-32 48
-8 -23
55 -33
73 -1
17 -2
65 -34
21 0
67 -23
-32 76
96 89
-2 31
87 -159
72 12
33 36
-3 -30
21 -187
64 -110
135 -5
49 64
30 2
-81 100
64 -168
9 44
43 16
39 -26
41 14
72 82
118 110
7 103
30 -220
36 30
42 29
-7 -6
48 56
72 9
-14 8
92 -145
50 -4
47 44
160 49
-20 61
53 72
-34 93
58 -37
-4 107
-23 -122
119 55
55 74
49 52
36 -68
13 -154
-37 -12
57 -15
106 -11
-57 1
-16 -114
21 -20
103 48
114 130
48 -17
-65 11
105 86
28 124
79 -39
104 -48
81 -102
84 55
-94 -28
8 121
67 -96
77 -22
58 -59
-45 68
85 25
35 -38
97 5
-18 -64
23 -55
-6 -23
95 -27
-31 -65
48 11
-3 -9
66 64
91 28
14 79
6 58
51 -45
-43 -16
101 51
-50 -54
36 186
21 0
160 53
-13 0
17 22
12 -38
74 8
76 42
-51 -12
128 -37
50 -11
22 -61
24 -8
70 1
85 -41
50 -91
-55 62
-34 116
41 -25
19 -50
57 6
82 31
118 142
50 53
109 -128
3 -3
-7 -27
-53 -29
34 -56
-9 -83
51 35
13 -31
-48 98
32 -29
2 -17
95 35
-33 43
-58 -13
68 -66
-45 37
176 31
-139 7
165 56
20 -107
-20 -151
-14 -76
52 2
57 -68
30 14
40 34
-45 -22
-36 -73
-39 -50
3 -129
22 54
84 2
36 159
-2 14
58 -13
-68 61
18 -16
82 -47
87 -11
8 109
-2 66
-3 -50
7 -49
31 26
-29 -172
-89 -38
-50 -3
102 -20
47 -3
9 -149
-18 -14
36 98
29 -85
-8 -58
-15 12
35 28
38 18
45 84
69 -27
52 80
13 78
19 -75
0 39
59 -231
73 20
64 28
32 25
49 -54
82 -15
24 47
-26 -56
8 -8
89 3
1 8
44 -26
1 -98
62 -152
-44 -108
-67 24
125 -5
40 -144
13 -70
82 64
42 91
17 -65
-13 -90
21 26
-49 88
69 101
71 18
-14 -277
55 102
43 -188
-7 -111
32 -7
36 -29
71 1
17 81
-11 -79
44 11
49 -49
57 64
-63 37
23 -90
39 69
-44 -218
74 -47
64 81
42 -6
-18 15
31 47
69 6
-81 -84
12 -3
23 -26
148 34
43 -21
15 -61
-29 -15
15 -206
7 143
71 -12
-34 -144
15 55
129 46
2 41
-100 4
41 -143
16 80
-8 -84
81 -99
19 62
-45 51
36 -7
11 -3
34 79
9 -164
12 28
21 -3
71 -88
109 -91
70 -59
23 -54
25 -144
-72 -62
-37 119
55 -35
9 -13
91 17
23 -19
30 8
68 7
33 -54
76 -37
0 -55
-59 3
45 12
30 -117
-39 -32
38 -26
2 -1
15 -125
-110 52
52 45
61 -21
-10 -110
35 -83
8 -11
132 -25
48 -80
122 55
-80 8
64 63
44 -56
83 -11
-88 -67
3 -30
45 -9
-1 83
-71 38
39 -53
41 20
16 48
13 -69
-27 30
55 -87
24 -41
46 -114
2 84
-18 -82
26 -15
13 -64
-43 100
-53 -19
14 53
28 1
-115 -24
27 29
58 20
36 40
37 34
-16 0
23 -47
87 -25
2 75
-26 -48
45 -77
29 93
53 35
-2 24
-38 60
120 9
-34 0
80 -43
81 -19
-4 6
72 90
18 -29
-9 43
26 34
-32 104
-48 -140
117 68
35 28
76 -19
-9 69
62 85
-60 32
14 39
33 89
45 -45
33 29
47 68
27 -33
-16 62
90 -2
12 148
11 41
-47 -75
46 -45
3 49
72 216
36 133
-6 22
41 95
-43 -120
56 87
4 140
-28 -12
45 -4
-18 -141
-7 128
12 60
-15 138
-4 68
-12 46
60 69
-5 -3
54 21
-1 68
-28 -127
34 34
13 -29
1 34
36 99
63 68
-29 -41
44 -3
28 35
109 50
-9 134
3 115
116 31
11 -16
67 -35
33 -49
12 32
-10 -10
29 -63
-10 71
-4 38
111 -73
54 59
79 39
34 44
27 -6
-76 104
-27 17
11 65
25 78
42 -130
-6 137
99 132
-45 51
35 -65
-11 -4
-6 -66
95 -7
50 62
42 -101
101 -22
-93 59
65 51
25 22
-64 67
-46 37
28 26
6 -20
-20 72
-24 -69
41 -107
53 -30
-6 -112
-2 14
2 -50
6 -122
36 -91
40 -7
-73 46
23 -7
-3 -111
13 2
-13 -96
-19 87
68 -53
-10 -98
59 -9
0 -11
25 -54
-59 -71
-6 26
32 84
-45 37
-68 -3
35 106
-8 61
30 18
36 -110
14 72
-7 -21
12 50
-13 35
62 -27
-35 -53
31 -103
60 -3
88 -61
-6 -15
-44 -36
39 -51
31 -24
14 39
76 -79
25 -72
-48 -47
-26 65
-3 167
17 12
-52 -26
-69 54
7 -1
-2 -21
-19 -45
-28 28
-35 -91
-50 2
-26 18
34 -122
0 -15
17 12
25 76
-45 -82
-46 0
56 -34
46 -28
-3 17
-38 62
28 7
-15 -71
86 47
31 15
33 -13
92 -27
3 54
-82 61
6 -30
-12 -37
90 7
11 23
-1 -51
-2 -83
32 -2
83 12
-14 29
38 34
-70 75
-7 57
25 -57
0 -88
-6 -91
-29 -25
88 2
7 -92
-51 91
35 -43
-33 45
-38 -102
-37 -81
22 -30
-28 -23
-44 46
24 144
78 -113
-2 -130
-96 0
58 -52
67 -16
48 91
29 59
115 48
-83 0
-47 -31
-10 -9
41 -39
-85 79
13 6
39 -49
95 74
-48 0
-33 -24
-26 74
71 -42
11 -38
44 1
-10 -45
53 131
-47 -88
-64 52
32 107
82 33
71 123
-61 -74
23 14
11 -52
-12 24
133 57
21 39
99 -105
-62 -103
103 2
-59 75
-65 -87
41 117
35 82
-84 -17
-29 -4
56 7
-7 23
42 120
-23 -1
-1 -147
-2 58
0 -15
29 23
20 40
-15 -158
15 129
-64 35
39 -112
18 -212
26 -63
42 64
31 50
0 -33
-7 -59
5 -193
-45 27
7 112
-18 -218
-12 6
46 28
11 4
-58 -101
41 -91
34 154
-45 -20
135 43
6 130
48 -72
-41 -163
-68 91
-46 82
-31 30
-13 -26
72 63
-13 -129
-46 -25
-52 54
-16 56
-18 -5
-35 -107
12 88
14 6
-2 15
19 41
22 -22
-101 50
40 -197
-16 54
-3 -103
-21 122
-57 -78
-38 -256
30 63
-7 -84
-30 48
-82 24
-46 87
5 55
11 -162
-58 -136
26 78
-46 73
-22 -17
-99 101
-80 -144
-51 -125
56 80
-28 14
-29 -82
46 -107
12 -43
20 -98
99 -73
55 20
-59 1
-44 -84
-43 -49
69 27
17 -39
-34 57
37 -10
-51 7
29 -40
44 -20
129 0
-31 -104
-69 -3
-15 50
-55 73
87 -28
-16 -43
-18 1
-23 101
17 27
48 -36
-71 -8
-63 22
-122 110
-12 -3
3 -75
63 -54
45 -51
32 34
-49 52
-17 -19
-126 143
-5 -96
34 135
20 -62
31 30
-45 -28
-7 -71
15 5
-36 141
33 27
-70 -100
43 -84
60 -48
9 186
74 44
-1 60
-50 35
-122 38
19 148
87 -33
-24 55
9 -21
-148 95
57 -14
0 72
-1 37
32 0
0 -54
73 -11
17 68
-21 -15
-14 100
18 25
-108 83
-169 73
18 145
22 9
-14 50
28 -20
66 -64
3 -9
-61 -77
-6 -39
-40 18
-161 1
39 84
74 56
56 107
-28 63
-51 13
-1 -55
-6 -27
33 57
62 144
70 -21
-52 -94
-36 51
34 -71
-27 76
42 67
-26 186
-54 -66
-3 -9
-34 45
26 -19
26 58
-92 -6
-105 124
64 139
17 95
-61 -50
7 -88
-26 -94
-33 84
-41 -165
0 -4
-32 0
-57 96
-5 35
-53 55
31 -1
-8 -123
16 -108
0 42
-26 87
22 35
80 -173
-25 -95
-6 22
-68 89
-55 -127
48 -9
-7 -166
4 -137
2 -129
-88 44
54 -116
49 61
-32 -49
34 -82
-57 -5
-2 -21
-35 -79
62 -68
-21 -7
35 74
-3 57
-18 29
12 -206
-92 58
-31 58
100 52
120 -50
50 51
-60 -42
-29 -200
28 76
-55 -1
-42 73
13 89
-102 40
44 26
4 -147
9 -11
-67 26
26 86
6 86
-12 105
85 -155
17 49
21 21
-23 60
-49 1
49 -150
15 51
8 -116
-64 55
-83 127
-167 37
-28 33
66 -105
-61 -47
-30 -49
-9 209
-47 -164
16 -125
-49 -251
55 -226
-21 -18
1 -54
-70 84
12 -98
70 126
-27 8
0 51
54 -2
28 57
23 34
-42 0
14 103
-91 74
45 -33
108 -10
28 -130
-116 4
69 -133
16 -12
-38 -29
20 26
-82 2
-33 -28
41 4
-133 -44
-29 -88
12 8
27 -67
22 -15
-77 -26
-19 31
31 -73
-28 75
96 56
-26 14
163 -51
-62 -51
-41 -42
-13 3
40 -46
99 37
-3 50
-24 -3
30 -41
-12 52
-20 -81
-21 61
40 20
-15 45
-9 -9
32 -30
-24 -61
-78 44
44 1
-15 11
-135 78
8 -93
-5 -30
133 -62
-18 17
-95 25
-58 -63
92 -21
1 45
-52 -44
-25 8
-22 25
27 1
-55 -8
-65 41
-32 -29
-51 -65
38 3
-69 -21
68 -6
-33 -5
-10 42
33 40
-34 -2
-12 55
-50 27
40 -19
-6 -99
46 33
-92 -35
64 19
-10 72
49 -77
16 84
-61 -17
-94 -4
18 -47
56 3
36 44
-94 47
-9 7
21 -2
20 -65
-131 -108
-3 6
24 -4
25 -68
21 -22
-84 46
-14 99
0 29
17 -25
119 61
-24 -19
-68 -10
96 -73
-49 76
-7 -17
-13 -46
-13 28
-20 8
-155 -23
21 20
-31 2
-54 35
-24 52
38 60
-21 65
-25 5
20 -61
6 62
-6 -6
12 -5
-33 40
-40 87
-59 100
-49 24
46 128
-53 -36
-21 151
-9 -172
54 -19
28 17
-33 55
-62 46
59 46
-45 -108
-8 151
-5 124
-51 -181
54 -16
-60 -35
16 -34
-28 24
-34 -117
35 110
33 -62
-1 60
-53 156
-7 -154
-105 3
-18 82
60 -7
40 -8
-46 8
-43 -49
-15 82
-27 -163
71 14
-2 -281
-52 14
16 -16
23 -5
33 -24
30 -81
-37 74
-52 7
37 -43
22 60
-20 -96
-25 -286
56 -64
-20 -183
38 75
-14 -120
62 170
-37 24
3 -223
8 106
49 -90
16 5
0 170
-23 114
129 14
-24 103
36 7
53 19
47 6
-12 13
57 109
-64 -1
-53 -88
-33 -23
-42 13
-63 54
-51 108
49 0
-74 11
-37 -144
59 45
91 28
70 72
0 77
-52 77
75 11
-22 -33
174 -91
-65 -127
47 -44
9 147
-41 -65
-34 -47
-72 -17
28 -12
28 128
58 -19
-96 40
37 47
-4 -17
-33 -78
42 -22
53 -23
53 -59
18 14
23 188
-16 -30
-76 130
28 -5
-122 -25
42 -7
-28 -36
-52 27
35 -35
-43 77
-33 35
20 -61
-133 34
63 57
89 -60
6 0
-2 57
-93 -10
26 31
89 96
31 -37
40 49
18 -16
7 3
1 9
2 59
-64 47
0 13
-80 -108
47 -7
7 3
-23 14
70 37
-1 13
-15 -189
-37 117
-44 -50
-67 38
-105 -10
49 30
36 -51
44 -61
8 -3
-37 -51
-31 -74
-83 -6
2 -53
12 16
-21 -137
25 87
40 -26
-6 29
-18 -46
-10 24
45 -32
49 -28
-45 93
-23 78
-6 114
83 177
-47 123
-78 19
40 6
6 47
-91 132
-70 4
-9 91
-13 37
-109 150
34 98
-14 -49
2 47
-53 -52
-9 -54
8 22
5 -69
14 21
43 137
-4 30
-22 -41
-65 0
57 103
-32 -22
99 68
7 80
-15 86
23 19
59 -47
42 28
42 6
-29 1
-40 46
-110 98
-25 -42
-12 78
-91 -166
-43 -76
27 60
-9 27
36 5
-7 -87
44 -109
38 52
9 126
-6 50
5 47
-54 33
16 189
82 103
35 -11
-7 6
13 -70
-9 43
-4 85
-45 57
34 50
-40 -156
96 93
-6 150
-15 46
0 7
0 -80
12 -191
-67 -133
-16 101
-47 84
13 117
25 -1
25 -3
-25 77
58 -54
-15 154
-22 114
-5 7
-32 -6
-23 -40
-69 20
-76 8
-46 100
14 -73
-93 -138
37 24
-27 91
-25 -114
51 38
5 73
80 95
-3 79
-19 68
-19 76
-5 -10
50 -227
30 109
48 -147
-3 73
-2 3
-19 70
-13 33
-28 -102
50 -1
4 72
27 36
-15 53
-64 -2
-12 140
-20 -5
36 45
2 -91
-80 -23
-32 -133
-41 -85
50 -77
-4 -10
-129 -63
0 37
2 32
51 -3
15 -125
-91 1
67 -15
-4 -45
-1 25
34 46
0 6
-29 -39
-9 2
-175 181
76 121
-46 -24
-77 17
-153 -12
-74 -38
37 -2
61 35
-22 -44
8 -20
-5 12
18 61
-36 -21
5 -31
-75 -31
-1 14
-7 0
28 -137
29 135
-103 -129
65 3
-39 -25
2 3
-13 -56
45 24
72 -34
-133 43
66 -2
28 37
65 -53
16 -3
-17 -39
20 -10
13 -44
51 29
-93 47
-15 -86
0 -43
78 39
-14 -10
-43 140
-30 -2
-5 -72
-6 -26
-46 -46
58 12
-22 0
-29 -51
-35 -89
-69 26
56 -19
-36 -31
-9 -108
-11 -1
-37 -21
67 -14
83 -58
-77 -93
-34 50
1 -47
-21 36
-42 -102
40 199
-56 -57
-79 -16
25 0
-36 -7
38 76
23 33
-44 25
25 48
83 -31
-12 -37
-18 -13
-18 32
-54 -123
54 -16
-20 -87
54 17
-86 31
-31 -47
-33 89
-46 84
-42 138
23 132
36 111
38 -4
-13 53
34 112
-111 -182
7 -24
-52 -136
-8 -211
79 29
-20 -179
-57 54
-38 128
-14 -198
1 137
-66 50
4 60
14 67
-25 35
45 43
59 -51
-65 127
-16 -4
-28 57
-13 -206
-33 4
2 -150
3 66
25 -222
-73 75
-4 -8
64 170
14 38
-41 -153
24 71
-11 81
44 -47
-27 -95
-1 -40
71 -65
-2 4
-59 -139
26 81
0 21
61 11
74 39
16 96
-22 -43
8 -76
-71 45
73 13
8 -115
28 90
42 62
66 -106
50 16
-7 -66
-49 -8
100 -19
14 27
1 152
-22 -11
51 70
22 -115
36 55
49 4
-45 37
-29 44
11 0
34 90
1 -101
-43 46
32 66
12 -114
7 39
-43 -108
-4 83
31 -8
138 54
-4 58
7 -155
-9 74
-92 -40
-73 -18
66 78
33 134
-80 56
61 -115
48 -3
-55 42
-14 -20
-25 -36
31 -101
96 -81
-20 -12
-8 -84
23 14
-73 -81
-17 -49
-16 28
37 -33
58 -10
5 57
-67 126
13 21
-23 30
18 55
82 -15
25 -26
44 75
-41 2
99 11
54 -85
-7 -13
-38 -26
-32 11
-43 54
65 -25
-12 -161
-93 21
-48 -28
42 -58
-12 -133
56 -80
-31 -45
-24 -44
-31 -80
75 -83
-16 -91
16 -8
-36 -75
-192 -67
26 -24
31 8
-26 -2
65 -43
83 45
36 -108
11 -150
12 -81
4 18
32 -7
31 -116
34 33
-41 -41
22 -56
-93 59
30 -25
-48 -136
-7 -8
-7 -39
5 16
19 -72
43 26
-49 -38
-25 33
85 -52
103 -19
-36 99
-21 -43
-2 -17
35 -24
-42 51
16 85
19 11
-53 58
-14 -57
52 15
-76 25
3 32
-102 -56
22 -39
31 -27
-39 31
-41 23
-28 96
78 -26
-5 -75
17 -77
-1 -31
30 -35
20 52
14 21
20 87
30 2
21 -50
20 28
7 113
-32 -111
78 -64
-23 -9
0 29
60 -79
-13 60
3 -71
3 131
18 -181
-10 12
-13 61
14 -12
-14 -23
42 -5
-13 46
70 -112
-19 -47
5 31
-38 9
44 -58
8 -221
-46 98
-13 45
4 76
-17 82
39 -6
92 -25
-10 -175
-45 20
35 33
22 55
33 -149
36 40
39 2
-21 59
56 -102
17 94
-10 23
34 -24
-22 -112
8 7
-15 17
50 53
-17 -20
137 34
-15 -54
28 155
87 -45
-8 -19
-1 -39
65 69
28 33
-1 56
34 27
18 19
-5 9
71 -78
21 73
-19 109
177 -65
9 26
-34 95
-38 7
-40 37
28 19
70 17
44 -24
-1 172
-19 -43
-20 -203
65 -13
35 3
-32 -57
6 22
107 -76
26 -60
-21 16
60 47
44 -204
11 21
-30 12
0 51
-25 -8
-28 -11
-14 -86
-65 -45
77 60
5 55
74 32
-33 -44
6 -66
-37 -58
74 -80
0 21
-9 0
-62 -28
0 -81
-64 -89
97 -64
-9 -44
89 -26
20 -77
-24 -80
90 0
-35 -8
5 -18
-26 -44
71 -3
31 -42
78 44
0 16
-66 -129
13 -65
-89 -84
27 -80
-26 -27
0 -112
56 -92
57 -48
-29 -56
68 50
45 -113
27 -72
56 -10
-33 52
4 -72
53 0
43 30
-22 6
40 34
-3 65
26 -129
-3 9
74 -23
66 -18
50 44
-21 -48
-1 -19
-13 62
47 -55
37 -25
26 -38
-50 -15
33 -9
43 -75
7 -44
19 56
63 -72
-62 16
-6 -19
94 -40
15 5
47 30
9 -51
32 -26
28 79
-33 81
7 -33
-89 -26
91 -24
-47 -69
81 -7
18 18
-31 95
-59 130
-71 -5
-26 42
-16 52
18 -83
28 119
26 7
43 110
-9 -51
-52 -77
1 -60
18 26
-7 22
30 -20
47 6
0 97
-9 56
-4 -25
11 -42
45 -114
12 87
-4 -11
35 17
26 -181
-44 -34
-68 -5
28 29
-22 3
32 122
12 -9
-18 19
-25 -16
13 105
-34 -110
2 -26
28 5
9 -153
32 -170
-21 -131
-4 -73
5 -8
39 116
58 -29
-122 -55
-106 37
61 -221
75 -27
18 27
-32 8
49 -41
1 -38
69 5
-11 -2
24 28
14 -180
-30 -3
40 33
-9 35
25 17
-29 112
-39 18
-3 51
30 16
-6 -13
-17 71
66 92
-53 -239
24 40
-22 -143
-7 42
13 -57
-3 65
-9 18
-20 -41
8 34
-22 1
-50 -10
-3 -156
22 -39
46 12
