104 -66
24 -45
109 -39
-114 159
-71 18
74 -50
-78 -69
-32 -24
-37 186
-45 -12
-64 -15
6 53
23 35
34 78
-2 21
-88 42
91 1
50 22
48 87
-72 87
-55 9
-105 -18
-57 -137
-48 51
24 -151
-21 22
20 -35
-23 -216
27 -22
-60 54
76 -33
-47 -46
-52 -60
-37 -50
-1 -124
60 -60
37 57
91 -18
-12 -145
-86 -239
-6 44
20 -16
-57 -158
-133 -19
69 -23
23 -110
-114 -127
-29 11
-38 11
0 -13
9 -12
31 9
69 0
-54 -30
-89 28
-70 14
41 58
65 -17
-31 35
-125 -43
-6 -78
45 139
-69 40
-1 -48
-17 -95
34 -42
-101 31
-10 -27
87 21
35 -20
25 -67
0 93
-74 -78
4 6
74 -54
-78 32
-12 -4
52 0
-74 -44
3 -44
-51 31
-52 -40
54 -30
11 -42
68 -17
38 13
-25 62
-32 -27
-39 -17
-7 -147
47 -6
41 41
-37 -36
22 -18
-21 16
-107 12
0 9
7 -9
4 -224
-39 76
43 41
42 -169
-28 0
11 -120
-109 -44
-58 -49
-11 137
20 -7
15 -3
-19 12
-11 -89
58 -149
53 -29
-84 -101
-28 28
-75 -16
-24 9
85 -29
-96 -39
38 -50
37 -33
-20 -55
-16 34
-37 -110
0 -29
-124 33
-54 -13
78 11
0 -29
-57 49
-108 -81
5 -37
30 -27
0 -60
53 19
7 -19
-79 -66
8 -5
-29 -14
-79 -56
-1 107
-8 103
-8 -16
48 -121
23 -50
-34 22
-34 -12
65 -211
-65 -34
18 34
-56 -71
28 -84
-21 -61
38 -27
-21 -108
-2 -43
-15 45
22 -143
18 3
55 -78
-22 104
51 -152
22 39
-76 -130
45 39
-20 -57
-48 -108
17 -49
116 -91
-70 -106
-111 -47
-5 -78
25 -25
19 -25
-121 -45
-71 -54
-15 39
-91 -29
-58 45
26 -9
88 -59
-2 -119
34 9
-2 -15
90 -13
15 -38
-89 -73
0 -101
-109 16
-72 -45
-2 108
67 -39
39 -19
-41 -79
97 -43
-13 40
-88 -165
-78 -28
-19 -48
-28 -51
43 -89
25 -92
22 -26
24 -84
-126 24
32 -56
47 -110
13 -31
18 29
-1 -99
-35 -116
-29 -40
-1 49
-29 -22
-46 -51
-30 -31
26 -20
20 3
65 7
3 -3
57 -151
-4 -134
12 -19
-10 27
63 61
17 -62
51 -87
-6 35
-71 42
-118 32
13 -43
-32 -17
12 53
14 -28
44 12
9 -95
28 0
63 18
12 -45
-61 -18
-176 1
-144 -88
-10 -15
-41 -16
-59 -27
-10 11
-50 -45
3 56
-26 47
-62 26
45 -9
75 -86
-10 -28
-78 37
47 -27
-37 -65
-19 -12
-22 51
27 -21
-1 -13
9 -146
-122 -112
-51 23
76 -51
46 -13
-79 -106
-4 -105
59 29
8 -41
3 38
-33 135
60 -41
-33 73
-36 -13
-40 40
-20 -90
-32 -145
29 -133
0 78
-15 -69
-6 35
31 -109
-133 91
13 -34
-34 25
-2 4
67 -158
46 -156
-11 17
-7 -106
-60 -61
-51 -144
-11 -10
-52 -32
-33 -117
39 170
-64 -114
65 60
18 -88
-46 -12
11 60
-65 -58
-80 -62
9 -104
0 37
50 84
-2 137
65 51
34 -41
22 35
41 -94
0 -4
-76 -48
11 -59
-36 70
50 -37
66 80
-1 -44
-10 -136
-4 -56
-42 37
-8 92
-7 -59
55 48
64 -10
41 35
-17 -5
-105 126
-24 -16
-4 -19
-3 -134
61 -13
69 13
-136 17
11 11
20 124
-76 -43
-97 -82
-7 -72
-37 96
-86 -73
-38 55
33 57
-64 144
5 -18
-122 -62
6 87
-4 -106
-139 49
-89 50
31 -86
72 -21
94 54
-57 -42
-143 -131
54 -31
-24 -40
-34 -90
-104 -63
-4 28
1 -124
-50 43
-46 -7
5 -37
62 86
-7 32
83 -50
0 -12
26 -115
9 -43
-15 74
-10 -5
-1 13
-53 -28
19 -132
17 -23
59 23
-34 -42
-166 6
14 -12
62 -47
58 30
-52 -2
48 -8
-33 -129
41 80
23 95
-1 107
-14 135
4 0
41 -34
-59 13
15 40
47 -10
-41 87
-49 -22
-47 -64
36 11
79 52
-21 27
33 -47
93 107
-63 -52
-138 -23
33 -24
66 19
4 55
-28 14
-16 40
-23 112
-30 -167
-9 -18
-40 -57
47 18
-19 19
52 34
-6 -161
-1 -61
-24 -19
-21 65
-35 78
-59 -49
-36 20
-12 -3
1 -182
46 46
43 26
-50 -60
-19 -49
1 -6
-69 -8
-29 -242
25 -105
0 -24
22 28
34 60
-73 -74
130 13
-102 85
-13 -146
-111 -57
-35 60
30 74
-23 -60
-7 -22
-10 128
3 87
4 51
33 -8
-70 2
-57 67
2 22
38 -158
-22 -30
-12 63
17 40
26 -35
35 -3
0 -162
0 6
-117 -140
-29 169
40 11
14 107
-53 93
1 19
-30 -184
-75 85
31 44
7 -13
-6 -213
-38 132
-40 -137
79 -62
32 65
45 32
-26 -155
20 47
-62 33
4 -100
-71 53
2 -105
-105 18
46 52
-76 30
-1 -70
38 -192
-19 -23
30 30
32 -57
-34 -117
-30 -150
1 -3
15 43
-4 0
-64 -16
5 -146
-40 -18
-1 -23
-17 -83
-18 -24
5 -58
2 40
-66 -42
-49 -40
-9 -107
-22 -9
-61 -67
0 -61
-32 105
55 66
-15 27
-15 -17
88 43
68 24
-32 -83
80 70
-10 -13
-5 7
108 26
-5 0
37 98
-6 -153
79 -157
32 -93
-20 -45
-100 -31
-8 76
113 18
-68 29
-18 -41
9 -25
-6 -70
-34 -58
94 25
55 65
-11 -50
-35 2
-58 -79
-48 92
-87 66
25 -100
-55 -10
-74 -52
86 -31
13 -5
-61 -15
-26 -3
-13 100
30 -44
-19 78
-3 0
19 -69
65 14
34 19
-38 -49
-2 52
-32 -52
45 -21
-20 -80
77 46
-42 86
-133 2
130 30
17 -21
4 -62
-9 7
45 -26
-104 37
-8 123
68 -18
-129 -38
-4 -55
-11 -44
-31 -32
-15 -21
-86 213
28 -84
-22 -135
-15 15
-29 39
-104 15
9 39
-2 -17
-8 -16
-18 78
-25 56
15 47
36 33
-19 -87
26 -149
-31 -57
32 -199
-35 -71
-45 21
-27 31
84 -8
1 -27
53 -34
-106 -55
22 -3
-96 81
32 11
60 6
-11 -13
-30 14
26 85
6 -10
-13 23
-55 -55
36 45
61 65
-22 43
31 -23
-89 -4
14 17
20 4
9 -16
63 38
0 43
4 -45
-12 21
-25 -94
15 36
50 43
50 14
-21 -18
47 -108
64 -13
80 48
-86 -4
-17 89
0 -165
-7 52
64 25
89 -3
29 -53
41 -56
84 12
-37 22
-16 101
58 -2
-14 55
-5 -5
73 -144
67 14
49 -18
-10 -16
4 -65
-54 35
42 -9
29 -3
46 37
6 35
58 -104
44 -79
57 51
53 -37
-146 38
40 4
29 -46
109 28
82 -109
27 -20
1 -12
64 50
56 15
6 56
-30 53
-93 -8
0 8
126 34
41 -56
-10 2
42 21
12 36
59 -64
-63 -36
27 -169
69 -76
81 -77
48 38
34 -10
-33 -34
30 30
15 17
-8 11
-6 39
-28 15
30 -21
-13 31
38 11
36 34
-76 37
35 2
11 182
60 27
16 65
-20 5
46 -19
46 39
19 12
24 -34
45 35
1 -42
98 30
89 100
-114 -86
74 52
53 -4
-34 -66
9 -72
20 8
-33 109
28 -36
74 -45
21 -71
-41 28
-22 25
12 -53
-22 -149
124 -16
-14 3
-55 -105
14 72
-8 23
25 -29
2 12
43 -39
47 -68
35 34
41 -51
-16 46
52 -5
-28 55
73 47
-24 -30
55 22
29 -38
-73 6
41 81
-79 -64
98 -42
47 -18
61 128
-44 -151
-45 4
-24 19
49 115
20 -66
34 187
-9 26
27 -58
-89 3
56 74
140 -64
114 -19
14 -7
-86 142
90 180
35 229
73 -67
73 -13
54 79
52 -9
-43 55
128 -1
-36 -19
5 61
-16 37
75 -61
88 -85
59 -54
95 -100
31 26
94 126
-43 72
76 20
60 -129
9 19
19 159
-24 21
17 -172
-60 23
9 -23
97 151
-30 -54
-56 55
-33 -185
63 -24
-23 72
18 -11
72 38
4 4
30 -71
97 -7
7 -47
35 -141
76 43
19 52
41 -141
0 1
-6 -62
54 -16
52 -2
62 -47
91 138
124 -114
31 -20
57 2
-26 65
-33 19
-19 3
-36 44
44 17
40 30
-56 22
5 -58
0 15
-7 -70
71 20
-33 -121
56 40
-30 51
13 61
43 -8
1 39
27 24
24 110
83 83
-72 -47
-36 54
63 100
15 -15
17 -44
53 144
-41 37
2 -37
-59 -2
41 95
80 80
-136 -75
47 29
53 46
84 -17
-10 -4
55 42
24 30
101 40
-34 56
20 64
30 -6
33 25
-40 24
15 82
19 -102
106 77
84 0
-73 11
-4 62
63 61
-3 30
2 99
35 48
-94 -17
5 51
74 -33
80 -16
-26 -6
43 90
7 -19
67 -23
-108 -111
-72 16
40 121
13 -20
142 -23
63 43
44 92
22 43
-4 -40
-10 31
2 36
28 62
51 -65
69 50
25 -113
16 -37
-43 -82
52 23
5 105
31 34
64 -51
109 -60
-12 -42
92 97
51 -18
60 -50
-11 -55
82 -7
28 6
40 -46
9 71
50 -33
104 75
19 -30
29 142
-14 40
89 93
70 4
59 -68
112 -5
14 -59
36 82
-28 -35
38 23
57 31
28 -19
-8 -4
58 16
172 37
33 48
-50 -6
54 18
24 -15
79 14
-44 -55
-12 20
91 -87
4 -13
24 53
36 64
75 91
47 -11
36 3
103 -69
-87 11
-18 -13
-4 49
61 -24
41 -35
21 113
104 -47
75 13
57 20
95 83
52 -10
7 -27
-10 -29
-4 -68
-32 -27
30 52
32 24
28 22
-72 44
-10 19
15 94
57 56
47 -18
93 84
32 134
38 -11
68 -80
-48 79
86 60
34 72
-99 -29
-41 -88
118 20
48 24
26 -24
18 25
-15 110
-67 44
1 -2
52 16
33 54
-41 -48
56 65
30 83
35 32
1 -15
25 99
-44 6
41 -47
30 48
28 51
-1 19
26 49
80 -43
46 -15
51 7
45 62
5 -5
45 -26
52 -125
73 93
33 -116
40 -55
20 8
117 107
-53 -22
-25 43
31 0
101 -172
-7 -96
-114 57
5 43
29 36
57 -167
40 26
36 54
18 36
27 -12
-13 -94
-95 53
86 63
83 -43
-5 -117
-21 -113
-28 28
19 27
9 45
2 37
11 -108
44 235
-41 -103
-3 -49
111 96
51 40
43 -130
-26 -89
-22 -230
0 -138
9 -155
-39 50
55 48
-44 167
20 207
-8 -58
18 -58
-94 -10
-10 86
-44 -114
-6 7
109 -6
12 59
8 -237
-11 18
-51 -83
59 46
44 -69
20 31
24 84
-41 -44
24 31
83 -33
22 21
39 37
102 135
55 35
4 72
42 50
70 -61
-28 -124
-9 69
12 -5
72 57
33 -68
67 5
-20 -12
55 67
-31 195
35 33
39 -21
-3 3
-21 4
190 29
19 -7
-21 -50
47 2
87 18
-75 2
29 6
8 149
106 -24
26 32
44 -48
31 124
33 -39
29 24
78 -44
26 102
80 4
68 64
87 88
0 14
45 86
27 -16
61 -96
-130 121
-120 123
48 -26
62 -3
-32 -25
73 -30
93 -105
-3 37
-70 31
30 -106
-9 43
33 -42
120 -75
1 15
-12 34
43 65
59 90
58 25
18 53
-1 -3
30 52
-23 29
-44 -56
11 -11
2 -5
3 2
36 15
-78 55
53 8
-46 50
76 57
-19 21
7 82
86 59
-68 -19
64 0
46 113
54 -98
26 -35
64 129
83 80
19 64
70 106
-57 57
-56 63
4 6
62 12
70 25
36 -47
-1 116
-54 -93
-3 126
13 132
66 135
3 -79
25 135
-32 54
76 127
71 -40
-73 121
-57 -44
5 39
17 16
24 113
35 -44
-25 -58
-24 -148
41 -198
2 76
-49 -89
25 41
-25 -89
28 -92
13 71
-50 144
-72 -25
-72 97
70 45
-63 127
41 -19
-56 -28
60 50
-28 58
25 93
28 211
-10 96
1 203
-82 -97
79 24
62 -46
-52 138
68 -92
28 -13
54 -63
-19 1
-16 31
6 -28
12 -40
43 -39
25 -15
-92 146
-93 36
-1 -27
14 -168
64 -72
24 50
-21 27
80 92
4 167
40 37
-44 -32
-31 -41
-10 98
29 -100
-2 -68
-5 159
-9 218
0 26
-14 128
47 75
-36 -3
-20 -30
-7 -48
23 -92
-35 -40
32 -165
65 43
-7 20
-53 30
25 96
23 11
94 -48
25 -85
23 127
101 95
39 49
-16 93
-37 13
37 -33
86 11
2 108
19 31
27 32
18 45
-17 -34
-9 185
29 -40
2 -65
-24 -48
-31 -69
71 96
-71 95
-35 -87
12 -111
26 -112
-47 75
26 -10
31 39
30 -7
20 108
36 87
3 142
-31 -2
-45 35
-8 194
28 27
14 0
56 -22
14 -12
19 0
-43 35
-68 -20
87 52
-34 38
14 -69
56 46
-33 132
104 -95
-67 47
44 -3
-6 131
26 75
-3 66
-55 75
57 -9
32 39
-46 -2
-11 38
13 37
-17 -5
84 32
38 15
100 -6
-44 116
20 6
66 33
-64 -29
27 51
58 49
27 7
21 -13
104 21
-30 58
27 39
-46 52
16 -9
1 -75
21 -21
-38 13
-1 18
136 110
-69 0
94 -71
-4 -22
20 -25
14 -45
86 51
58 -28
-20 94
-62 -12
-28 114
11 35
-6 16
58 43
-49 29
-19 0
-71 -8
-6 131
53 50
47 -36
33 -3
-40 -15
36 70
27 142
-35 117
-15 17
35 -57
-1 35
29 46
5 -7
-65 146
-54 35
-9 139
36 -98
21 -35
17 -132
4 -43
23 -73
-51 -34
5 -10
34 190
41 -55
-20 92
23 -47
25 -19
6 54
9 147
12 -91
70 1
-19 -45
33 52
55 -72
38 13
-26 -38
-46 -60
34 -198
1 -36
-29 -53
7 72
22 149
-21 37
-11 35
-23 96
38 132
-68 107
58 60
99 -136
-33 107
32 184
-51 -34
-46 -20
9 57
5 70
4 -110
-43 34
-24 31
70 162
-9 2
62 -14
-31 214
-61 18
-21 119
43 55
83 64
22 -163
0 -133
-73 -64
24 77
-31 232
67 -66
-5 155
44 -21
87 40
65 73
-40 30
-20 123
-37 180
22 -113
-12 62
11 1
21 -98
-95 6
59 -58
26 -8
0 50
-14 43
34 17
41 -3
-13 -102
45 6
-5 111
-57 -14
-2 142
5 -31
18 -47
27 -27
64 -82
-26 53
-38 6
8 -21
64 108
-3 5
24 -40
4 31
120 121
-26 -7
64 -14
-40 -33
44 9
8 103
71 -35
-64 -15
15 -49
13 36
23 -68
97 -23
-28 21
32 55
28 -37
30 -43
-101 88
68 27
-85 77
59 -26
70 16
-5 -44
-17 23
-50 41
-31 -33
3 39
22 110
17 -67
-91 -5
-17 -38
17 88
44 87
64 0
17 -18
70 40
26 -60
-20 14
99 0
37 139
-65 -27
-170 -42
-33 -57
29 -27
26 -7
-88 -11
77 88
-69 66
84 -39
-47 54
-91 8
83 24
-71 43
28 -58
-14 31
42 30
-51 11
74 62
-4 -68
65 144
4 117
66 8
-84 29
-8 -1
-51 -30
25 -6
-10 -120
11 69
1 36
22 -24
-33 -32
45 58
36 24
-33 23
23 17
-2 23
-12 34
79 18
-29 64
40 61
13 -8
-38 50
-14 20
20 -33
-65 89
79 121
-11 -54
35 -13
-29 -6
-57 -24
40 -27
-2 94
-86 128
-11 107
-26 -117
49 138
7 32
-48 -34
18 -92
99 -45
18 131
-36 186
-14 -69
52 36
16 8
14 51
35 -76
17 -87
19 110
-117 -24
1 96
-32 130
8 -111
84 -122
16 -26
6 -170
0 -124
-17 196
-24 -77
56 97
59 0
-63 -43
26 -140
14 130
9 91
-12 90
19 97
-26 39
62 -29
88 57
-8 193
-41 115
12 53
-8 27
13 -71
-8 188
5 -53
31 -62
6 -226
0 -51
-21 -88
-43 127
1 -95
-14 -9
-2 -108
-55 68
22 62
-15 -116
25 5
70 -81
89 -104
-47 -50
-36 -109
84 -116
-10 -38
-12 -27
74 23
176 -14
-39 -16
-5 174
3 -88
69 -59
-19 188
-25 -91
-31 132
8 167
83 172
-13 -145
-77 -70
-116 86
43 56
-1 -81
1 94
19 -52
26 46
-22 134
-1 153
13 46
46 -109
62 -102
-31 -70
55 -70
39 -55
-48 32
20 -11
41 -120
-37 -78
0 11
33 -39
20 -36
50 111
68 67
-26 11
7 49
-37 -26
-35 -88
85 12
-33 3
55 56
72 38
33 -12
-22 17
-29 -4
36 144
64 51
55 0
95 126
-77 24
-45 62
14 -18
61 -25
13 61
16 7
41 29
23 -3
44 9
-116 59
-113 50
17 22
7 84
-9 21
33 -39
46 -52
-73 -23
24 -1
59 124
-86 5
0 28
-28 0
-104 -14
-65 -17
-48 -5
80 -21
19 47
30 37
72 -191
11 85
-8 32
112 -1
-1 -6
-80 -12
40 -29
-10 25
-100 -8
-71 4
19 -52
35 9
-31 17
19 -40
67 23
83 2
-55 -154
20 -25
28 163
-24 -46
3 4
45 50
17 -13
14 -79
3 23
-23 18
-11 46
-50 46
18 84
-2 61
-60 -14
-92 172
-9 55
130 -35
13 -57
32 110
0 125
-79 54
-6 -18
-22 56
131 185
84 -51
33 -54
43 41
-93 0
-72 -49
39 32
-23 187
-36 101
-30 119
-25 84
71 -94
0 -103
-20 88
7 14
20 81
62 -11
-4 0
29 8
-26 118
-13 -187
-49 133
-42 54
62 28
12 110
0 -89
61 103
64 11
41 62
3 187
-36 53
-12 -27
34 91
-5 84
17 77
-87 -98
-1 -113
39 181
26 -20
-75 -32
-6 210
63 159
-66 4
-20 -84
48 134
87 14
-26 132
34 184
-40 -105
38 12
19 82
42 14
-23 129
-35 -164
82 101
16 -51
-44 -92
31 118
58 198
-6 3
-37 -255
25 -82
59 187
-2 124
-31 -62
-12 -79
28 -153
-26 102
-16 20
-92 18
8 129
20 166
19 78
-32 22
-46 -71
50 -102
0 -105
80 -69
35 147
16 -39
-91 41
-72 28
-18 82
-14 -19
57 -92
65 39
-55 -36
9 214
25 -48
24 -16
-25 -118
24 42
22 130
31 -27
-48 -100
66 0
84 156
8 84
-52 -112
12 48
76 -77
-32 101
24 -112
63 113
-47 -41
-59 83
43 -19
19 -37
9 -17
6 -106
0 -64
31 -75
23 7
40 -56
-24 -52
30 7
27 -41
-53 110
-66 18
133 -29
-64 -25
-16 -2
-52 -37
-1 -35
-103 8
125 -97
-9 75
75 1
-26 7
-26 0
18 -63
7 15
70 -6
18 20
20 0
-104 -15
-38 15
84 27
112 -1
-22 -30
-44 -32
42 30
-24 -3
8 -24
14 43
128 -54
6 -197
18 15
22 -114
-30 3
98 86
-90 111
-15 0
1 -6
-25 96
85 -13
30 111
-43 -103
-37 -15
79 17
84 -111
39 -48
23 -43
-2 15
61 -12
0 -151
54 26
-42 14
93 100
-11 29
16 -92
0 41
-1 31
21 -3
-27 6
-19 19
-70 59
-100 -29
44 4
43 -10
59 -71
41 58
61 82
-39 -12
37 76
37 188
7 -91
-19 -5
87 -35
6 40
-83 -35
-49 -13
30 84
62 -12
-84 -46
70 -22
-98 -7
27 -19
-48 32
-110 -71
7 144
-4 148
-20 -111
3 -44
-19 22
-6 16
-45 -171
-7 93
-30 25
-75 -2
45 -11
-20 0
-116 135
-1 -1
-20 181
14 -66
18 -3
0 -88
38 65
29 -240
-11 141
-11 -91
-5 -21
0 -131
7 91
74 -6
25 -3
-13 107
-71 5
45 80
156 77
-10 -29
-18 -18
-2 5
-73 -5
-19 16
62 -127
69 72
30 1
3 84
15 48
-32 63
1 76
2 199
-15 -35
20 -58
81 57
-36 56
-61 53
9 -79
6 -61
4 -84
-12 87
-24 20
2 -9
-20 73
-35 43
56 73
46 -298
23 99
22 -143
3 -94
-35 119
79 52
-19 -118
32 72
4 -41
-59 19
-6 -127
5 81
-32 -167
60 50
-40 73
44 -3
72 76
30 -48
-2 -100
-105 -43
50 94
11 -66
29 -39
91 136
-7 69
-131 79
-38 -31
-3 155
4 -82
48 -4
-85 7
51 137
-6 -85
-50 69
-37 -129
-18 -140
94 -50
47 0
63 109
-34 -37
-3 150
25 33
24 -63
31 -79
3 -36
75 -100
91 60
-45 -145
-60 -61
38 -40
-103 -26
-9 -12
-34 56
26 -58
20 -74
92 88
7 -8
-30 29
12 -5
-127 112
-114 -20
13 -80
-2 -18
62 -7
-89 14
79 -19
-9 -38
6 79
-6 2
13 22
102 18
-10 -3
22 26
49 8
-69 -73
-47 -64
19 -23
56 -75
-16 51
22 -17
58 76
38 -45
-10 25
43 14
-26 -66
-37 12
48 33
41 79
-34 13
-55 -96
34 -43
14 -21
22 -49
-34 -104
-56 -52
-62 -45
-11 5
74 -29
8 -36
30 -59
56 -61
-38 0
-53 15
62 -17
46 25
-70 9
66 -33
16 100
13 -16
4 -35
-8 2
-49 -33
43 2
75 57
-16 44
-23 -12
-13 -2
-43 26
2 -60
50 -67
-45 26
-90 -4
101 64
32 -15
-67 -25
-6 75
-85 -9
14 21
0 -13
-4 -24
18 -55
82 -100
31 1
80 -9
110 3
-63 3
-19 7
133 35
8 -97
14 -52
25 50
36 -43
-8 69
-37 -52
5 -87
-46 -110
14 -46
28 12
22 105
27 103
28 -51
-38 125
-97 61
15 -14
23 -176
55 -29
0 32
26 70
-32 -113
17 0
11 -130
-45 21
-58 28
77 -52
60 204
11 -90
-27 -2
-10 84
19 44
-142 -16
0 -36
0 49
38 138
-112 64
146 -23
14 -37
-25 6
-18 57
16 -38
29 -4
-53 -64
40 -23
71 -155
-2 -16
86 -9
3 -34
16 105
-108 30
49 -167
-9 -36
-7 -30
7 60
43 24
-63 36
-70 106
50 36
-74 136
42 -146
48 -38
28 -132
-19 119
-25 -139
-78 -148
39 -57
37 -46
0 163
78 7
42 173
-87 -173
39 -1
14 -70
-1 28
15 86
102 66
-36 44
-11 -130
44 60
-15 104
2 71
6 -103
-98 -49
29 -15
1 116
109 -1
44 -18
-11 -6
27 95
-4 142
91 -20
36 -136
-21 26
4 69
90 176
-101 -170
95 -169
65 -2
-25 -76
44 -144
-10 75
69 215
-31 -85
58 -30
27 -48
49 -48
106 -72
47 -3
-26 -100
-23 -67
28 -20
31 32
-70 -16
-52 -37
82 153
-30 73
32 -24
-8 152
54 158
62 62
-18 106
42 -6
12 -28
-28 90
40 -43
-81 -19
22 -82
68 -41
-17 52
91 79
-29 9
16 48
-19 16
-26 14
45 68
-31 98
-62 40
55 -13
73 -18
13 -32
-46 -84
-30 -38
-8 -48
18 -64
31 36
47 15
3 5
27 -94
82 -9
36 19
-72 -11
-6 -26
-48 79
-3 150
