-127 -14
407 87
611 -116
-805 72
-299 92
48 66
505 -44
-616 -95
54 2
53 23
-234 112
168 -108
-252 -45
-250 -141
1649 -229
-1606 -91
-1108 336
1471 189
410 -205
236 -23
-103 45
-1194 28
1 -67
1649 -80
-1280 110
-1614 -131
523 -103
1649 -156
651 -86
-451 104
-183 230
-257 84
267 -113
-250 -312
-430 -102
1300 2
-1615 -148
-1609 -43
1649 -68
222 -36
-787 -141
-148 44
1649 124
1088 -87
493 -129
-1614 47
-522 -4
-375 -22
-30 -50
30 -127
-964 80
-1615 115
-174 -20
1649 -22
204 89
-1610 -62
-1163 -16
1338 -89
1649 -186
-1605 -64
-128 -106
-443 231
-858 356
-1508 24
-1617 -279
1649 -143
1649 110
-1300 213
-1612 -127
275 -159
814 -112
0 39
-238 -104
-402 -13
185 -95
-1613 381
-1614 -172
1649 -339
-160 -6
-1615 49
593 201
1649 -69
-842 25
679 -96
674 -92
-425 99
-1611 -38
-1186 -62
830 -170
646 -27
-5 -64
803 -153
-457 -49
-194 -32
-686 50
-235 224
915 69
-439 -153
-904 22
1649 -137
238 -268
-734 -274
-884 121
1649 83
-247 142
-1032 115
-95 -75
-185 97
398 -127
-65 170
-174 327
-18 -271
20 -202
233 -161
171 -238
270 180
41 322
-596 108
-473 261
-603 -291
329 -285
-465 128
507 103
-730 99
351 -91
539 18
-16 -111
237 -103
1096 191
-899 136
1 100
247 -148
792 -159
-471 -131
-512 -43
-474 150
40 -78
-46 -149
-292 163
840 3
-336 199
-684 74
-409 56
92 -298
492 -131
-275 -72
-744 262
-385 84
117 80
7 -132
-571 -101
990 -21
38 116
-81 -103
-146 -414
-252 27
-8 132
560 90
-268 71
-158 -447
-457 77
-1007 338
-78 28
1649 -185
335 -123
-405 -107
-1190 -4
-199 26
182 -85
-70 -69
-202 -8
-305 154
54 -76
-394 35
406 284
208 109
451 -369
-318 -297
-396 69
-226 -91
-581 34
-937 -38
-116 60
-51 -138
-75 -270
-271 -55
1057 119
507 196
19 -90
503 -242
-597 -36
-1391 25
470 70
-79 -68
857 -67
-1168 197
360 -60
-1356 -276
316 -268
270 279
165 -58
275 -260
335 -158
-1108 -3
-669 -143
557 1
68 167
32 243
171 -15
16 -274
-283 123
-627 303
-437 -28
133 -86
457 -27
-412 87
-892 -267
1107 98
291 179
-147 -102
-919 -146
-95 -168
-122 172
-125 118
-874 56
-505 26
403 -163
241 118
-654 -107
-154 -75
434 -294
416 -16
246 116
174 -258
296 18
-1101 -73
-498 -27
17 -111
95 -359
31 -169
35 115
-104 172
-339 267
100 -274
290 -130
419 265
-165 0
-324 -158
-340 81
-154 150
-291 49
356 -84
236 -66
356 26
-764 201
500 222
513 -48
-740 -151
-557 -8
190 70
444 -111
134 105
-1098 77
-578 -146
606 -82
549 202
-1026 330
246 -47
702 -203
202 -381
-457 44
-106 138
-444 -134
-397 -72
185 -239
-113 11
-474 130
-188 38
419 -75
-339 -20
202 91
-409 113
1180 -7
637 -205
-13 47
-609 -109
-823 253
-814 86
-256 -45
297 -101
-121 -286
-362 -333
-403 5
287 193
200 180
-220 -354
324 -91
221 -42
-690 -166
497 224
-366 -65
-76 426
-414 89
-291 43
-410 -26
445 -305
-116 -149
750 482
81 186
-1602 1
-436 -211
188 -54
-188 122
251 58
479 57
-579 -80
179 -11
-618 -156
189 155
945 65
274 -26
-380 -121
-898 107
-418 -207
-11 123
-84 -86
-118 -238
117 191
-159 -20
-219 -306
-218 -57
756 57
661 -32
-6 143
-670 40
794 -244
-440 -51
-538 -229
162 173
754 -155
-286 -31
-200 -128
-794 34
-794 105
115 -289
105 -170
607 126
21 -483
258 -265
478 -62
20 197
-595 235
-307 0
493 123
280 -7
488 -202
-429 -79
-256 120
-128 77
-237 59
-264 -104
553 15
251 -52
483 -66
-550 185
-651 17
-1142 24
-15 -213
436 -187
606 -235
726 63
-951 -138
-311 -261
224 15
-461 97
-48 160
1109 49
-44 -137
-250 104
-89 54
-232 -54
-77 -70
548 -367
559 102
2 179
231 -236
-595 52
-1154 -37
144 -159
824 -215
-233 224
-1352 66
-273 -158
1019 -68
-42 7
-186 29
103 -14
575 -285
-329 -13
27 89
838 -115
-41 -24
-494 -51
-291 -199
-313 -82
-112 -21
415 93
257 128
-428 110
153 -173
-884 -118
284 -13
157 124
158 -4
-270 43
-130 111
121 -85
1063 -361
-381 147
-81 56
-586 -121
51 163
726 72
-534 50
-245 180
334 29
-17 -136
141 -106
-222 1
315 -176
-204 -18
114 50
174 -164
56 -4
-961 106
-167 75
237 155
53 -95
-33 -206
-64 -175
-86 35
92 228
49 172
-375 69
246 -66
433 -285
-87 -220
-139 -29
-584 147
-178 158
-354 -241
400 -387
-15 -412
242 78
160 264
-672 218
4 -9
351 -23
405 -83
-115 -97
-31 90
-186 -50
310 -73
-370 -168
-930 16
664 -4
209 -39
5 -22
-501 -155
337 103
445 176
-415 -240
77 -282
-549 -351
121 0
752 140
-353 44
-287 86
468 -271
515 -62
-1084 -142
-937 147
817 -40
262 -151
173 24
-36 -106
-494 -235
271 -162
273 -5
-407 230
178 -11
272 193
256 -123
-346 -368
-389 101
437 149
147 -78
-403 -185
320 465
-27 -149
106 -43
66 288
-319 -81
88 -454
-274 -496
412 -166
-160 460
-369 235
-309 -319
162 -548
485 78
54 71
-247 -90
-388 252
104 403
-653 -11
357 -138
253 -88
-604 161
246 -56
-269 48
338 41
-6 -76
-34 -288
-388 95
-157 -118
234 -164
145 29
-359 299
587 264
-348 -223
-26 -109
-20 51
9 -151
-424 -102
-69 -152
270 -90
196 163
-235 23
-427 207
43 91
232 -29
74 -225
15 -234
181 -99
-48 -173
-167 -70
-210 -12
391 314
-109 167
-400 -272
-92 -467
-244 -174
225 161
639 156
-726 109
-151 -87
-570 -78
487 -98
189 158
192 177
22 400
-142 51
439 -202
-94 -321
-277 -54
-192 98
118 79
37 -59
478 40
-958 -149
-472 -139
177 -70
626 -212
-91 -229
-253 42
308 220
-623 262
-223 -103
451 -98
565 306
-359 174
-514 -159
410 -116
185 -129
-546 -61
108 -46
438 -297
-835 -26
-184 13
505 89
65 102
-208 -68
491 -147
-72 97
-583 154
-689 32
1125 -6
-16 -174
-100 -117
-439 -126
-328 15
213 155
246 32
-226 -90
81 -59
422 69
-185 -192
-608 -315
330 0
280 49
267 13
-395 -47
-38 -38
-8 315
-390 123
-7 -58
1105 -267
265 62
-235 -234
-635 -439
-650 -236
758 -41
549 317
-187 101
-221 -283
-426 23
-325 65
328 316
689 12
-635 25
-253 44
-492 179
314 488
471 -125
-401 -248
-685 -175
162 -109
426 -109
11 -359
141 -88
165 -74
589 136
7 231
-41 258
-577 234
78 433
23 118
-334 -367
-304 -568
1024 -678
-429 -209
-200 73
527 277
285 -20
-533 128
186 313
-603 287
-107 279
227 157
-550 -131
60 -247
247 -301
-34 -37
-132 -3
119 23
-135 188
374 -16
-47 1
319 -103
-219 58
-256 -372
-293 -116
357 -37
467 -224
-15 6
137 647
0 106
-624 -301
43 20
258 -228
-458 -143
-54 -209
-234 -72
-50 -264
135 -20
269 -175
-94 172
92 66
371 432
-506 5
164 -47
219 -150
-717 -257
288 -54
87 -176
-123 -178
-50 -29
-382 -241
316 -123
-127 -35
96 -190
367 88
-166 573
-463 -225
-137 -463
877 -300
-13 148
-253 251
4 14
-99 284
176 -124
155 -274
-161 -154
-507 -242
-263 -127
21 125
466 -128
-41 -21
89 -97
-326 130
-194 196
147 156
231 -4
79 -137
-131 -262
-91 -139
310 -112
-74 -82
-132 -253
182 114
-24 11
96 4
-294 55
-81 172
474 254
-856 -115
397 -596
451 -231
-436 38
498 237
-423 286
-224 -88
-376 -138
-283 -287
1023 -258
-679 -397
-71 -7
-348 187
-122 52
81 57
76 125
-92 -32
9 173
186 528
-117 -4
166 -593
-4 -536
-131 -142
387 -59
22 127
-645 -119
327 -126
-277 129
-367 242
22 -83
-150 213
623 -78
58 -255
-529 -123
236 -61
140 -134
-356 26
-214 163
91 -157
551 -126
304 149
-236 -30
-443 -85
118 -248
283 108
-494 120
-3 125
-97 4
91 -121
95 -239
32 -173
126 186
-297 -240
27 -100
-80 -22
-151 115
-300 -92
548 -55
-182 164
-64 -10
-179 -5
222 85
128 92
-86 -103
-74 -281
234 -124
-343 16
331 -4
-224 29
77 -70
230 -123
-415 -130
283 144
93 -11
145 108
-100 12
-250 -77
-53 -269
115 -251
283 -18
-108 -32
261 20
-98 -30
-181 -145
-99 -140
-96 -149
254 16
-45 197
-215 149
-399 109
-19 -131
142 -267
79 -288
12 -141
-17 176
327 95
-185 253
527 24
143 -359
-643 -270
-404 -102
-200 152
490 81
265 123
-368 -22
8 70
122 -70
-129 -16
87 -18
30 -82
71 -600
293 -251
-195 -194
-592 -75
-222 -207
472 53
225 150
-77 382
-408 295
-61 114
331 -44
35 -165
-250 124
17 148
-664 -365
-346 -367
632 -93
52 365
68 -3
156 -169
-221 -110
-289 -314
400 161
78 167
343 -81
-286 0
-567 -26
102 141
230 -631
178 -465
-66 -152
-342 48
-153 577
105 293
176 -389
437 -200
50 -109
-586 33
-80 180
-179 0
-27 -141
311 77
-237 103
-257 15
88 207
-101 33
-97 -53
193 -273
236 -283
-110 73
-390 -84
-273 -415
-31 -199
561 43
-115 62
-243 189
333 111
516 -95
-930 -238
-251 25
262 -24
8 -114
170 -44
307 30
-734 60
-604 -19
450 -207
179 -79
-142 -114
-36 -314
-160 -309
40 -9
-98 143
-157 144
359 -58
204 122
-59 -36
-542 -305
30 -208
138 -105
137 80
-309 44
-304 -65
184 25
-5 -83
-291 -5
-101 -64
89 58
337 -151
-334 -126
-53 -154
-67 175
-474 28
388 -69
167 -80
221 31
-65 4
-888 -27
-243 -105
214 133
201 -17
456 -298
-382 -264
-348 -105
220 31
101 -155
205 78
-144 101
-121 311
160 260
-214 -136
-239 -95
69 -296
362 -315
-205 -430
-70 -192
114 142
-473 141
97 -93
338 -69
100 242
-253 -10
-463 48
172 53
31 -95
-107 -70
-85 -214
98 -225
-92 -99
-131 143
55 186
103 193
-157 -42
-109 -26
-180 -61
18 -118
175 -528
211 -40
318 60
-817 -9
-135 -16
129 46
-175 -87
-3 -23
225 162
-79 -21
-159 -185
1 -103
-228 69
154 -22
541 -116
-668 -249
-169 -153
146 113
312 136
-327 51
-154 -7
98 -26
-123 25
40 216
201 192
-85 -109
-129 -181
12 -220
-321 71
55 66
130 -264
375 14
-125 167
-321 120
-297 -106
44 -167
-115 126
-231 -43
-19 -53
93 -127
129 172
-283 -47
-175 -91
203 -137
60 154
-128 132
-74 -139
316 -182
-272 15
-218 1
-124 12
-106 -29
452 -114
-21 -92
-12 -47
-470 -89
-24 -38
-27 -127
-180 -79
-263 -135
46 -10
255 26
545 130
-395 -32
-664 3
293 -30
660 -215
-3 -131
128 -60
221 -180
-352 64
-697 49
47 -101
-62 45
28 92
183 21
-214 246
-223 160
126 -172
277 -105
-234 -79
-238 -2
-109 73
154 114
-56 324
-305 135
-15 -139
226 -254
-165 -27
-247 62
198 69
148 -188
122 48
-315 -68
-334 -40
-135 -188
-79 182
396 -12
-165 -171
-47 -1
309 24
-362 -113
-81 -116
164 45
118 26
-370 282
525 161
-109 -181
-950 -125
-349 42
241 50
258 -189
48 48
-448 45
547 -80
-225 -93
-638 303
324 -11
398 -188
-205 -216
147 207
-233 20
-83 -94
-69 31
29 -30
-296 -7
32 108
248 151
-275 -84
-224 -535
203 -194
162 77
124 63
315 131
-785 -74
-70 -169
311 108
91 125
101 258
-178 -132
-450 -120
-98 -315
137 -271
-308 -87
123 -131
130 -50
148 -116
-72 -13
33 13
222 188
-531 71
-89 -13
36 -82
246 -13
-184 -186
23 -44
43 3
-159 112
-460 24
254 -94
109 -39
-4 162
-153 216
-133 -18
102 29
-39 135
436 20
-221 -109
-135 56
170 116
-35 -53
-53 106
178 -99
-307 -9
-381 -381
296 31
181 -33
391 47
-498 -73
-554 4
70 53
115 0
-93 -200
-145 97
-13 12
-77 -113
93 57
241 83
-101 -38
-351 -344
120 -370
115 -67
-264 -34
80 234
-92 2
153 120
-63 53
110 -91
-119 -175
-133 -71
-270 95
-67 -106
95 -167
147 -84
187 -10
-201 58
-858 -24
455 0
226 -18
26 94
-88 -36
48 -76
-306 -133
50 -28
110 18
223 72
53 185
124 -109
-381 -251
-431 -15
129 -30
-282 -214
-17 -77
62 44
-57 133
247 15
329 -134
-83 -223
-176 -134
118 204
180 42
-67 62
-526 -86
24 -6
-281 173
69 26
246 -16
229 -146
-747 -35
108 228
141 -12
365 -1
-71 -36
-260 -67
-204 -83
-227 -5
312 -88
7 53
176 90
-99 -66
59 -425
39 -98
-308 149
146 97
232 138
42 105
-736 -103
-294 -168
203 -221
555 20
-361 194
-426 -18
14 -82
197 -39
294 215
16 53
187 -191
188 251
-623 88
-110 60
122 -193
-137 -17
84 -26
-82 127
-249 109
-267 108
210 -28
-8 17
173 -86
285 94
-376 -377
-622 47
215 189
24 335
79 -199
-42 -113
-332 139
-328 208
251 52
166 -318
117 -273
-272 -15
45 -85
-8 -83
431 -130
-266 -3
-329 243
-359 222
359 12
162 -349
110 228
-172 239
-284 -77
-110 -24
125 25
-59 56
-174 35
51 37
59 -55
59 -49
-503 -11
-174 197
124 120
131 0
139 -23
29 -121
-92 -52
271 -14
78 -50
-29 -266
57 74
36 -129
-120 -192
-277 -38
-360 245
-268 105
284 -135
-26 -179
143 -83
-465 100
-19 18
-71 15
-126 11
-29 -94
177 51
669 48
-325 137
-436 -90
-139 -159
180 -390
-16 -16
-161 167
170 30
251 -41
-89 -14
-106 -120
-38 202
-106 88
470 -165
-143 17
-66 -54
29 75
-561 -215
-302 -195
253 -67
274 -105
32 150
-577 27
-4 -122
211 -114
208 -20
78 -214
-16 163
-145 -10
359 39
-173 -60
-490 -23
-83 149
130 -11
-257 -158
-92 -148
45 102
203 51
-107 -15
199 -166
43 16
-70 226
34 209
172 67
-38 110
-242 -19
-275 -235
76 -149
-17 8
41 -5
44 20
37 -9
132 66
-433 -64
-488 66
147 133
372 -79
117 -77
-225 33
-364 -206
217 -162
-70 -69
-23 34
-68 -45
-178 -41
161 41
-217 130
-597 -54
-73 -221
405 64
92 164
-11 -208
-121 -175
-45 -177
205 -18
168 161
-139 158
0 -172
-195 -91
-227 -129
154 120
49 32
19 24
-60 34
-59 -60
-196 -10
-601 -37
20 -97
-137 -66
76 -139
124 -40
-14 -43
-121 159
-256 132
41 88
372 -119
234 149
-79 -41
21 0
-260 -212
63 36
-241 92
49 359
-98 -124
302 30
49 -391
-600 -129
-308 155
84 176
344 38
-155 -135
-90 -112
-121 43
152 68
54 141
-464 9
51 156
183 8
101 -180
-17 -37
-430 1
288 55
80 -117
-461 -85
-23 17
23 255
32 4
0 -23
-110 45
-272 -92
294 -325
487 -127
117 -120
-444 32
-179 -35
-10 -113
303 183
-91 50
-379 11
237 -184
-40 -187
-266 -60
289 -194
556 -106
-432 122
-316 12
-144 -40
332 -167
66 20
-266 377
-414 194
-162 67
316 -47
50 -50
285 -210
-381 -232
-21 -4
62 -176
-333 53
326 -75
55 -230
-284 151
-434 78
179 -54
-65 -254
-75 -187
45 -20
66 -10
-48 133
-40 50
267 -118
-172 -100
-42 -78
-86 187
-66 183
-66 -129
70 -404
130 -179
-876 54
-105 -92
132 43
286 49
-224 -140
-152 -76
80 -120
235 58
304 45
-161 169
-15 43
-25 -47
-312 24
646 -12
-1328 -237
146 249
97 -89
228 -20
-94 -66
-10 97
143 73
-309 19
-101 13
371 39
-19 69
5 176
59 5
-9 -67
-399 -178
-141 -55
-110 174
267 178
424 -39
-12 -137
-377 -98
-373 83
-10 224
235 247
44 35
196 11
-37 -21
22 120
-5 -18
181 -75
-97 -31
-38 106
-274 -15
-286 -199
61 -304
259 -4
173 190
-366 90
-261 49
181 -133
214 -166
22 21
-178 150
41 67
431 -82
148 121
-295 -95
-888 81
730 33
-131 -61
-214 146
-168 127
248 -80
-116 19
446 34
-164 -142
-204 -19
163 -157
-350 27
-104 237
66 100
-138 -118
259 -30
-51 38
-352 65
-121 -63
90 -89
13 25
-66 -151
14 -63
65 31
286 60
32 -9
95 69
-437 204
-802 72
435 -176
577 -295
-227 -100
-67 -82
8 -9
-334 207
-155 58
-161 23
93 -34
280 184
59 119
-24 77
203 136
-20 102
-391 -171
-328 -336
-48 -28
-28 215
53 -75
0 -37
71 80
3 -48
-192 -100
14 -65
89 20
62 124
-231 -65
24 -168
-44 -132
-100 282
-78 108
146 -184
164 -18
14 93
-49 -7
-232 -9
-20 -304
-31 -99
-212 60
-338 249
145 -103
-61 -38
-134 -263
-22 0
349 -10
6 173
-329 386
-426 -60
350 -162
59 -40
-288 121
-158 -9
68 -28
110 217
193 318
42 81
206 -106
-70 -103
37 -67
-399 -29
14 107
-137 -47
208 105
323 150
-316 268
-782 -107
82 -68
932 105
-35 133
-1617 -5
-583 15
633 -6
482 -19
-351 68
-254 -117
197 -167
-151 -15
-79 105
486 -84
97 -22
123 -282
-368 -13
-244 6
-11 25
-282 20
41 -168
174 -47
-58 -18
239 -33
219 277
-349 -1
-510 -38
273 -309
190 -189
-55 64
-241 80
210 114
232 348
-64 -28
-23 -364
183 69
-261 170
-359 -2
-1 -70
84 8
-12 -78
81 83
-85 78
249 -56
439 -164
76 41
-972 14
-196 16
509 -255
32 1
-143 -107
-37 -199
-211 1
167 -23
-296 98
-164 5
61 -49
400 -114
-103 -77
51 36
38 21
80 8
-383 -164
0 -84
85 -193
-228 -186
214 239
68 121
-274 -23
-517 -116
-384 -136
181 176
423 173
285 297
110 -74
-359 -117
-558 -160
-279 69
86 139
126 -84
-258 -1
142 202
282 -91
25 -51
-71 -17
-13 9
60 24
-19 -23
-62 -124
-24 51
-78 14
-142 43
-59 33
51 -212
245 -237
-214 24
-233 152
-174 -160
52 -100
167 81
8 54
-306 131
293 -94
-60 -1
-343 137
282 85
-44 -15
-303 84
-408 -6
-270 82
389 -95
-200 -77
-32 -55
109 85
98 -52
-50 -40
160 -103
13 34
100 68
-212 241
-144 202
54 -205
-46 -184
-39 55
-55 -60
-1 -236
-274 -45
-18 22
-8 -97
287 31
-164 31
-373 44
-140 -17
126 -15
-42 46
5 -171
-33 -82
-85 -64
155 173
-51 -132
77 -57
-229 -85
-200 72
-205 165
319 -45
77 -49
-288 -23
-85 -2
158 -44
-142 -155
445 -41
1 -33
-300 34
-10 27
-234 -179
-140 -119
-237 -107
-221 26
245 28
234 169
80 2
-343 30
-98 -117
175 51
187 -192
-239 -108
-73 86
-140 -26
131 174
-248 -121
-274 -183
-2 -116
136 -39
35 38
60 133
-148 14
-121 -154
-44 -41
-171 -167
21 -79
154 -55
114 76
273 98
-412 41
-477 99
89 213
-331 80
-74 -137
80 -92
-23 -104
250 34
-89 147
-232 -79
99 -315
-128 26
-1 28
224 -88
-253 22
61 324
-459 107
-21 21
372 -37
-222 -193
-347 -73
-212 -80
313 34
-104 8
-89 -78
-70 136
-108 -165
11 -242
59 -49
-217 -79
-144 44
104 -268
-69 90
-94 -118
28 -362
-127 99
-183 96
-87 -125
264 -287
-232 -69
-7 -86
-126 162
-222 -121
-44 94
-91 90
-13 -9
68 67
-46 3
-248 124
-178 103
138 5
333 -37
73 4
-283 -121
-222 112
-53 232
-82 -137
-282 -66
-93 -223
312 -39
-359 18
-155 141
83 120
-156 -107
-233 -312
106 117
76 32
-39 300
-1 -183
-105 -84
-150 -107
-57 129
167 122
161 -7
129 -191
-450 -108
-43 -212
-16 46
-658 13
150 197
147 -28
-303 -16
-66 140
68 86
119 126
81 -86
-93 -37
173 110
-238 4
-212 57
-189 -28
47 -51
37 -197
-209 100
53 4
-55 86
83 -40
22 -85
160 -121
-443 -8
-256 -101
-540 58
124 97
-55 -134
-96 -134
58 -20
19 43
170 83
3 -54
-63 107
-44 128
-36 118
-57 -81
-262 -254
-241 93
-59 25
-291 -34
284 136
85 -98
-280 -17
-97 -48
48 23
47 -60
122 -101
-99 166
-99 -90
-77 -238
-71 -213
-221 134
88 122
78 102
-362 -24
59 62
-41 184
-112 -65
225 -49
54 -54
77 87
-21 103
-428 -87
-503 -225
267 200
182 -33
-542 -67
-103 94
-131 133
-36 12
364 -276
-28 312
-102 162
-3 -153
103 -330
-290 -100
119 7
5 -87
-168 -132
-279 38
285 180
201 -12
-230 -256
-119 -20
67 96
-161 32
-153 -159
-210 -98
-53 77
-97 78
-220 -28
60 -6
-35 -64
-341 -125
-62 34
-84 109
-202 129
-88 44
18 -285
162 -310
-13 -8
-221 155
61 12
-161 -11
105 -120
-183 -178
-378 132
278 207
-17 116
-259 85
-37 16
12 -7
68 -145
100 -65
112 -190
-894 11
13 41
86 18
-73 -121
-59 -2
-98 43
-159 188
-132 73
51 -17
69 -54
129 -124
-90 116
-312 101
-274 -89
118 -143
32 131
-2 23
-108 14
-205 -241
-59 -58
205 -176
-223 -3
-63 109
-234 125
28 16
-353 -126
369 190
-221 -26
-498 65
567 121
268 -99
-331 -119
-275 -44
-429 52
-224 -72
302 24
71 187
-264 70
-191 156
292 -126
-24 45
-309 -199
272 -75
136 -51
-215 -169
-494 -147
-139 -43
-219 35
115 118
87 35
-73 -51
4 -81
305 165
-136 8
17 -13
-66 -255
-226 -49
-66 -46
-75 -63
-34 -279
-40 -7
31 109
45 -36
-112 68
29 15
34 -125
-45 -2
281 -285
189 -86
-162 -173
-300 -98
38 95
-262 29
14 134
-140 106
-134 -203
82 42
26 140
4 181
-24 -72
68 -58
39 -4
80 -169
39 -211
-48 99
-575 59
74 172
-24 -142
-5 114
-317 180
-50 -220
213 -299
60 -126
-8 128
85 253
-153 -257
-132 106
-109 140
26 -80
152 38
81 -198
-145 74
-164 119
14 -46
-240 -118
-80 -67
-131 -5
143 -47
99 28
-125 126
8 -95
-566 -4
344 9
48 -8
13 -95
-605 34
178 -75
116 -50
-330 182
455 236
-308 138
-238 -122
1 -125
132 158
74 216
-336 -235
-317 -204
-10 72
323 274
51 -73
-173 -108
-351 -27
-236 -22
115 1
324 34
85 153
17 121
-9 25
-383 -40
-289 -51
-164 59
418 31
45 11
-321 -2
56 288
-103 3
-42 -27
140 83
127 19
278 50
109 -46
-64 -133
-308 99
-526 -13
65 -34
-289 84
-93 -24
296 -50
219 -193
-341 -223
-156 -171
647 329
256 252
-699 -288
-183 -78
82 202
151 74
-173 -175
-127 -101
133 67
104 -1
134 -200
-96 -50
26 192
-397 24
-126 -99
17 -24
-158 194
-141 -150
-292 -153
-124 182
274 -9
74 -117
97 -57
143 -39
139 69
-160 -2
-248 1
-45 56
113 -134
11 -115
12 -206
171 -71
-114 -12
-287 73
-123 -9
306 79
313 -93
-35 -99
-161 -136
-629 40
-192 123
282 -117
-14 -196
34 -204
321 69
146 332
-222 54
219 17
294 26
-86 39
-293 -16
197 85
251 -48
-184 -190
-294 -158
-131 114
166 20
625 91
290 36
-471 50
-164 -40
26 131
-234 204
19 -60
87 -216
-59 -147
50 -36
-9 116
85 26
186 68
-19 6
-152 56
-92 -101
448 -100
-164 -108
-306 18
450 -111
-82 -156
-393 35
-88 232
-96 268
-44 39
93 6
-452 20
176 60
198 119
228 99
-390 -75
22 -2
462 -69
101 -79
-157 54
-326 -75
173 -247
264 -41
-344 -79
-134 74
31 15
251 -58
359 -42
-154 -101
-179 7
-33 0
-22 109
136 70
155 3
-251 92
-243 135
-241 -71
71 15
-2 -117
-90 62
35 -145
48 -229
91 -76
120 -239
-60 137
290 64
-441 -77
193 55
-295 14
128 0
-3 50
-443 -15
-355 -118
357 -131
766 61
-16 42
70 -165
643 -110
-377 11
-645 168
37 -23
129 126
-225 -15
-173 -45
-395 -171
475 -16
747 47
70 19
-548 -72
-165 94
326 5
-80 -15
-543 -43
412 136
-55 -153
-512 -136
384 -116
-12 61
132 -7
183 104
139 -103
-142 -115
-205 -28
-195 128
-78 -5
-143 3
58 -48
22 54
-97 -72
304 -12
370 70
-379 -26
-26 -65
-892 -113
260 18
378 162
753 152
-46 85
-129 -74
342 -81
235 125
-950 -68
-224 11
801 -134
1649 16
-106 -120
-686 -35
-660 -66
8 31
690 2
-42 148
-299 114
-484 -109
379 -90
77 -59
405 -15
-339 -7
-633 25
1110 31
-81 -94
-305 -65
-300 28
-419 -117
-189 19
58 178
1649 -28
-594 -13
-920 -63
-177 -44
1061 23
63 -10
-446 -75
-407 6
685 44
-351 151
-276 -4
-149 -65
668 -16
-30 12
-861 -29
1312 -53
457 -16
-909 -26
356 58
515 29
-31 -25
-408 5
126 38
32 -2
296 159
-159 -157
-496 119
-25 -55
128 16
-12 91
-438 32
178 -120
672 115
-249 -56
-199 -39
-44 -182
18 89
196 48
-125 144
-45 -13
100 -156
-215 11
300 -3
-168 -265
-321 42
437 37
75 22
-26 29
109 -78
-19 69
-105 11
-25 24
-93 41
-72 23
-316 53
514 -111
-254 -51
-320 -15
-1018 50
1468 -177
731 57
-1614 109
742 -22
186 102
-68 43
-399 48
52 -77
237 120
-1123 60
1281 -30
-129 -26
-564 -109
-88 -210
166 -36
322 59
-39 23
-21 -23
-108 89
-356 27
89 4
184 -29
-199 58
-136 -158
223 -83
-106 -106
86 -12
-226 13
291 -204
-254 25
-198 22
332 -82
-111 -32
-37 -46
63 65
-85 -94
430 23
-129 59
-304 2
253 -220
-318 -35
45 -48
318 -31
83 -77
140 -67
-98 -51
37 12
-319 12
-202 5
535 62
-358 29
392 35
-131 23
-118 -20
-119 -97
-79 -77
8 -138
302 -22
-116 -9
-146 34
-79 95
90 -54
-22 -101
5 -101
-56 -200
-383 15
310 -140
104 -51
191 17
-261 -87
-13 -71
-66 -74
-521 -13
813 31
51 -99
-601 -115
-228 -42
186 24
289 -33
-225 -1
-277 -11
114 5
-34 -57
-27 -67
1 28
-150 -90
-2 -5
251 -87
78 -114
-209 -117
-21 99
47 -115
74 -55
-74 -131
18 -77
-100 7
29 -2
-42 24
23 1
47 63
-350 -43
573 -24
64 113
-102 -154
-33 -16
-27 -106
57 42
-142 47
-16 -51
-8 24
78 -104
62 8
60 30
-14 -77
-107 -82
92 85
-29 -48
-154 -120
44 -107
22 13
21 98
-1 -57
-289 -121
474 -205
-14 -103
-126 39
-45 47
15 -11
2 -28
20 -46
124 3
-162 -98
-116 -67
-19 3
-78 -122
47 46
90 -96
3 -27
14 -118
-125 -15
23 -44
-53 -60
-82 98
32 90
-1 57
23 -137
7 163
70 5
