110 -98
57 -62
46 -64
34 -49
-230 -73
-23 -84
-139 -68
964 39
-142 131
-100 -24
26 -110
137 -172
308 -118
-299 -6
75 78
1061 -215
-372 -8
-491 53
97 14
262 2
183 -29
380 201
-347 -110
-376 -141
615 -151
563 -121
-274 -25
-237 18
144 264
254 13
87 -49
-11 88
140 -15
-22 -75
-65 -30
-191 12
-106 -49
240 -147
394 39
148 71
-72 159
19 16
-3 -66
55 -118
117 61
-31 74
-61 34
-71 -174
6 -152
343 -18
22 12
-31 23
-34 -27
-79 -97
-90 -86
276 -180
433 -37
-2 -12
-120 2
-126 -71
222 -111
66 -64
80 19
-69 -86
166 -7
-338 59
190 -80
-653 -18
766 -32
-91 57
1044 37
-286 -60
-111 -81
-55 162
298 -68
55 -179
99 26
-31 84
-82 49
-19 66
129 -39
107 -92
113 -31
11 4
88 -88
-2 41
170 15
-33 268
76 67
81 -172
143 -151
125 -28
-16 -5
172 162
204 -6
321 -30
124 -102
45 -140
100 -72
293 81
-261 -60
114 37
916 36
-202 -74
-297 68
-36 -114
703 -153
-268 3
698 129
-161 42
58 96
760 -56
-80 -155
565 -218
-138 38
15 215
36 109
96 -62
61 -159
140 -27
120 -7
120 -96
166 29
99 -69
131 7
39 82
177 69
198 -155
197 -6
291 -92
170 15
137 -184
146 196
48 -141
28 -206
98 -180
241 -118
140 -122
238 -205
15 75
167 112
-134 32
664 25
126 13
82 29
94 38
245 -73
15 -102
341 129
-68 117
296 147
-23 -139
402 -160
-123 -188
109 5
-447 71
955 -62
25 67
65 -142
87 -81
79 154
147 28
-190 -36
611 -184
-158 125
-8 184
206 17
378 -125
-44 -21
234 -304
261 -22
58 121
54 -25
-57 22
306 -13
43 -120
50 53
172 137
195 -62
197 -130
62 29
267 3
318 19
92 73
19 -101
122 138
282 -121
-25 -132
126 -132
188 -134
164 -93
107 -79
-165 2
539 -110
-92 25
34 -65
608 -49
46 20
-81 2
90 -156
-39 -160
313 -106
569 -23
9 55
-129 99
118 64
24 -139
502 42
172 -124
-62 -18
50 -116
69 -76
17 -11
215 127
188 122
-150 -55
300 -60
407 -40
-68 23
69 -2
273 6
137 -68
71 -14
87 -24
175 -134
89 26
61 27
73 61
230 -45
142 -203
130 -132
283 8
-81 157
72 106
183 -62
150 -48
217 -182
91 -50
196 -30
132 -69
190 28
223 -17
257 61
-205 -87
-96 96
515 46
109 -94
341 -190
193 -131
145 -98
-582 63
245 9
363 -139
251 16
118 -90
196 59
-2 -50
123 107
133 61
-355 -94
539 40
146 -23
-29 46
138 -5
37 9
221 4
86 6
97 1
98 16
126 -72
181 -80
74 117
98 105
300 31
223 -171
224 -78
-13 -123
40 -80
-35 24
260 26
205 -166
295 35
-374 -53
146 -4
729 107
77 -34
-38 -7
39 82
75 170
79 -2
99 -135
18 -114
284 -58
74 51
100 139
152 -12
-27 -47
146 87
178 30
111 -218
355 -26
-217 -219
-4 -135
332 -182
-202 -93
248 62
-63 -76
243 216
520 -74
-187 92
165 42
156 152
32 -172
484 -161
224 -24
17 43
-57 -155
36 -57
143 -187
150 -49
189 -66
271 22
125 51
182 -156
160 68
217 112
43 40
52 -101
162 -241
99 47
71 59
141 -36
179 -6
65 -68
55 -289
163 88
72 22
61 149
239 -115
162 -90
-447 -239
663 24
443 -64
113 47
-130 22
216 148
2 -65
306 -90
268 -77
223 -69
-248 -134
-37 -128
275 43
189 -1
59 93
130 -195
344 -121
-245 143
68 48
172 -44
347 16
66 -108
79 75
167 -226
142 -40
258 47
89 -156
19 45
139 -11
38 -76
58 -78
164 31
202 138
131 57
102 97
121 26
-95 -125
-155 -161
699 -169
235 -101
-11 53
315 -20
31 -67
94 -86
272 -181
0 -112
110 95
99 -19
300 -55
196 39
-154 -139
24 17
402 -37
4 -112
240 -83
170 -51
12 -7
108 -22
365 46
-79 64
-46 -130
-102 -51
790 3
36 -6
-14 -57
29 3
96 -21
88 9
-31 -2
28 80
113 -65
78 0
139 -32
79 119
22 122
180 43
157 -139
56 -11
111 -40
170 -91
105 -13
123 18
188 -11
157 -14
155 -102
41 -159
272 -56
309 48
-58 -57
159 -101
148 37
217 -14
232 -55
99 -22
45 77
196 -7
73 -84
102 11
203 -35
162 -55
193 -56
250 -20
97 -25
109 -91
122 -68
30 67
428 -67
-368 -24
73 -19
742 -34
19 2
120 -60
-31 6
78 -64
288 7
191 -39
46 -81
77 -100
410 -78
-41 -7
-18 -148
45 -106
40 -126
321 -26
501 -30
41 -44
-104 -72
176 -96
185 -55
-102 -53
50 -135
77 -80
203 -156
120 -143
42 -50
-33 4
126 153
171 83
100 -110
228 -31
155 -211
91 85
97 -6
110 -84
-9 0
345 -89
-201 34
213 11
197 -106
177 -56
104 -32
143 -127
108 -99
145 86
60 -29
151 -118
238 4
60 26
345 -78
133 101
45 -11
115 8
-43 -4
238 -38
616 58
85 -5
-456 31
193 -67
-96 -19
579 -72
386 -112
-61 -112
14 -49
56 -141
97 139
278 -100
271 -252
64 -150
43 84
59 53
1 77
40 -64
165 -56
336 -32
157 -74
157 -132
-3 -153
78 -90
155 -15
113 -122
123 -125
106 -108
165 5
181 -23
89 76
51 59
164 -94
18 -50
222 162
112 -15
89 31
166 -199
42 2
118 128
37 -115
145 -151
192 1
57 -71
333 19
-8 -36
-84 -5
139 -189
452 84
252 -93
-86 -224
74 -73
138 13
133 -68
-214 -221
652 74
305 -48
-171 -26
32 2
256 13
281 104
285 -47
65 -17
-31 94
112 3
48 -31
106 -189
149 56
344 -41
112 -123
137 -106
143 -24
223 -162
145 -65
105 -16
81 -130
126 -174
105 -38
100 -10
63 34
178 -39
227 35
104 -156
81 42
190 -106
142 -47
176 -8
116 -21
176 -35
-28 -79
79 -157
100 -85
149 -31
229 -30
42 168
201 53
55 -134
185 -81
51 -23
119 77
162 -69
154 -43
115 -26
179 74
217 -134
-148 -125
252 -57
409 103
-127 51
226 87
321 -100
-54 -160
-9 -54
238 -97
140 -112
-91 -35
293 25
77 14
29 -96
130 -124
182 -51
172 -84
312 47
-46 -70
141 -145
169 9
99 -93
165 -23
73 -13
74 -103
203 -83
26 39
319 52
-74 -81
-125 -222
255 -25
354 41
150 23
21 -89
29 29
118 -43
236 -29
103 -134
94 146
62 117
38 -103
24 -43
101 -129
60 -45
254 -19
27 -88
5 -30
155 -5
97 -19
77 22
135 -109
129 -185
4 -82
189 -13
161 -49
108 -35
75 53
39 -70
97 28
219 32
95 7
79 122
-8 -86
13 -67
255 -71
28 -120
122 81
96 -5
24 -18
68 -38
77 -18
160 -156
119 -122
192 -30
87 -71
83 65
49 -57
98 -120
160 -112
188 -203
147 -40
-66 -21
75 0
103 -63
295 -56
56 -25
192 -12
119 109
-7 124
137 -280
174 -43
133 -127
53 1
-2 -94
244 -98
-94 83
-37 -161
137 4
260 26
80 73
105 48
115 -135
-109 -146
225 -42
182 -88
-102 5
396 -101
147 33
-56 -154
186 -25
-207 -157
85 -30
249 -128
99 66
175 -28
341 64
-6 0
116 -64
170 127
58 -238
158 -43
136 66
72 32
-38 -200
127 -248
174 -185
75 25
155 -310
52 16
136 -155
82 24
64 -134
179 -21
49 52
127 -106
29 -71
0 -15
215 78
126 -2
98 -99
103 -31
183 -193
41 -142
33 49
71 118
-29 -30
164 -15
237 147
-1 166
110 65
122 128
135 36
66 -112
98 28
257 84
76 131
175 119
68 -141
-114 -67
227 40
495 -169
-591 -196
543 -50
73 35
6 -58
95 -43
24 -79
331 -106
59 -98
-23 60
152 -71
268 129
124 113
20 -205
102 -97
88 -104
68 -16
7 -88
192 -39
162 4
167 -32
21 39
109 -137
120 -164
64 -38
40 60
77 -20
46 82
155 26
-7 -41
241 -61
113 -18
143 112
47 -44
79 -47
81 -1
5 51
189 -88
124 58
152 -16
4 0
48 -57
125 27
99 -51
120 -112
13 -72
284 -83
80 -42
31 -64
78 -114
353 92
-77 -30
36 0
215 52
320 0
-315 -7
257 -1
166 -67
53 -65
223 25
62 51
243 -36
55 -137
165 70
109 -72
141 -64
112 67
129 -19
128 -19
-67 -144
68 -22
159 -77
82 116
39 -58
134 -65
210 9
12 -66
75 -38
147 16
197 -38
113 -117
167 -78
21 13
143 -171
-9 62
197 -103
13 44
236 -78
-48 -76
93 -37
152 -120
32 68
156 -38
85 -5
60 97
3 -18
180 -97
206 -50
14 -94
131 -138
-43 -18
21 -64
38 -124
209 -21
210 -21
50 21
133 -180
83 -43
167 -117
76 99
96 -54
92 -47
50 -266
35 135
122 62
102 -154
213 147
236 -4
17 -74
16 -14
188 -193
150 15
117 -253
37 86
161 50
-47 -233
14 -100
185 13
156 -95
21 107
66 101
327 -153
121 -35
-30 -13
61 -178
97 -22
126 0
80 -139
-7 -90
157 -106
37 -64
-69 -22
135 16
152 53
69 -137
223 71
19 -145
188 -23
162 -137
112 22
88 58
-96 102
216 -128
73 -27
150 -140
156 132
76 19
84 -88
116 -16
161 -49
-18 64
94 -25
86 -17
57 -53
82 76
155 -89
107 46
42 -15
-11 -74
99 112
252 -236
84 -194
111 84
151 190
-50 -61
59 -149
240 -29
157 86
157 -90
88 -114
102 -145
44 -167
239 -11
172 -230
142 0
60 -5
42 99
123 -12
81 -109
293 41
-181 -5
166 -13
-80 56
280 -167
-50 -119
275 -14
-32 57
168 98
235 -44
233 -29
-3 -70
168 -176
-18 -97
-9 -9
137 -101
155 -69
113 -265
157 -2
65 -9
110 131
105 7
125 -20
98 91
66 -96
96 21
150 77
32 -21
77 -96
146 -281
131 -92
145 -72
96 1
44 -114
107 -118
-18 26
124 41
55 -67
144 -49
105 -98
80 81
47 0
138 -7
134 -43
182 54
128 -125
-165 -21
116 -34
-98 6
445 -28
164 175
-204 -68
72 57
235 91
91 33
54 34
282 7
-81 -61
156 70
155 24
-14 -54
74 -57
154 -35
35 13
101 22
131 -30
123 90
79 66
181 -132
61 -77
31 22
162 -99
133 98
113 85
187 -9
153 98
-47 -4
190 14
64 49
71 -82
143 -125
148 -117
161 35
107 -123
83 0
94 17
-21 113
229 57
108 -78
112 -111
31 38
105 -47
226 -2
214 -56
37 -53
137 -5
39 -40
-174 -118
176 -14
192 55
195 -14
60 20
147 -60
257 -50
-150 -142
89 -14
-81 -49
288 -57
157 110
-145 -25
40 -57
12 -83
94 91
102 -15
308 -139
80 50
98 -8
110 -31
118 190
56 169
195 166
45 152
78 -81
132 17
102 -82
75 72
86 27
184 41
71 -181
54 129
16 61
142 18
121 46
131 -9
-15 8
185 -186
44 147
94 9
11 46
-25 -115
135 -116
118 -9
113 -168
218 101
17 -62
39 98
56 -185
52 -60
154 0
28 5
48 -33
77 -23
-17 26
87 137
159 17
112 -124
50 -104
120 112
242 -100
120 0
40 -16
88 33
231 -83
67 -54
51 -11
57 38
28 -98
122 -19
94 -226
33 210
-25 73
97 -4
79 -81
75 -138
94 -51
178 -81
124 -56
42 -173
100 140
78 18
155 36
38 -141
86 -132
103 -21
168 120
99 40
9 163
113 80
-93 33
-32 -3
-8 -124
256 47
29 -132
-53 73
136 -24
59 -122
124 -29
-108 -111
216 -21
120 31
118 131
-126 106
87 -98
148 -94
80 -54
71 6
28 -36
138 121
162 -47
-17 -111
57 87
89 -20
149 -102
4 -17
90 -2
79 27
-15 -153
132 -8
88 -19
58 1
88 -106
92 -153
5 -25
72 -58
18 98
95 -138
165 -33
46 272
104 41
26 147
195 -58
-61 126
104 84
157 124
164 -39
119 -108
109 -50
72 -86
-6 -45
148 -48
135 135
80 0
236 -43
153 -29
3 45
21 -29
115 -77
73 -73
110 13
60 -44
126 102
82 -82
25 45
145 37
25 -21
44 32
196 -100
-21 75
65 55
219 -97
-38 -52
96 -35
179 113
83 5
-23 -8
121 -86
33 -20
229 -43
54 9
-28 126
197 -13
67 -38
24 19
28 -8
114 -69
186 -53
47 -5
134 -91
-15 48
51 62
52 140
107 -20
206 -189
-3 -73
73 24
39 98
97 -31
160 -70
47 -86
37 13
4 39
86 -101
90 -14
9 30
4 74
75 -34
115 -60
25 -35
87 -23
100 24
35 57
95 -1
-38 41
-65 -131
143 35
-42 -16
67 -20
59 70
90 -7
296 -77
-46 -40
135 72
89 8
240 167
122 -179
-28 -70
68 31
320 -114
60 16
30 86
19 50
-62 4
73 -126
181 -94
41 65
-24 -17
74 -112
110 -26
42 23
31 16
-37 -119
67 -27
40 133
89 120
184 -119
23 -130
178 -64
86 -130
2 -146
104 -1
2 1
124 129
125 8
148 -5
115 -37
-5 16
48 -64
105 84
243 -23
52 -19
52 -108
122 -11
-3 139
133 114
76 211
9 -43
-52 -225
27 43
133 -40
24 -1
64 -170
193 40
62 58
43 -21
107 -9
96 -143
88 -15
91 -100
-61 49
53 83
71 -10
217 43
84 9
-16 -38
21 -66
142 7
55 -123
176 -247
73 -95
-36 -121
14 89
93 104
63 -82
-28 -36
19 -129
218 -117
109 12
-7 59
-112 -198
88 -119
73 41
59 17
141 -48
104 -122
114 -70
42 48
92 79
67 -6
115 -110
23 -20
48 165
106 -34
197 -179
209 -153
74 177
-104 -166
84 -143
137 -141
168 121
181 146
217 119
-162 -226
-256 -171
211 -57
215 -23
215 -28
132 -113
-57 -64
57 -86
144 -83
81 -20
124 -32
43 -92
-30 -84
162 162
-44 32
-18 -119
239 -65
87 20
-27 5
60 -104
-28 53
120 2
23 -36
1 -93
72 32
22 164
36 -71
111 -33
123 18
-83 -87
134 -126
29 11
112 -21
159 -21
-21 30
129 -15
13 -75
60 81
117 -14
80 -31
92 -10
-2 -80
158 -12
43 -25
59 -34
39 -1
104 -22
203 -70
-19 -105
33 -3
53 -16
125 -51
29 66
-25 -112
-108 1
267 -70
109 -40
-29 -36
-56 -34
350 20
-3 -12
37 93
-61 98
-25 -121
149 -10
67 107
132 63
-19 -1
-16 43
91 6
144 4
112 -4
36 -127
151 -32
167 46
80 -48
-22 18
27 36
40 -50
80 -44
-36 2
88 60
-44 -63
0 -62
19 17
-76 -57
94 7
128 113
43 -116
111 27
126 29
212 34
-17 -49
14 64
76 7
79 74
-11 96
48 -65
211 -69
82 12
11 -74
111 74
124 -182
55 12
-46 -4
-17 4
126 -111
150 134
173 79
-43 -41
-65 -102
104 -8
232 64
208 31
-123 49
101 -13
-8 56
131 -35
128 109
-33 89
69 -115
51 -30
-10 26
172 -95
102 8
46 89
90 -9
52 122
73 37
16 61
53 -23
64 -2
74 -30
121 70
-53 34
49 -162
-15 73
136 -11
122 -93
91 18
14 99
72 4
69 50
-58 94
18 -22
99 -207
81 -9
27 -39
67 -37
-46 -6
64 57
8 -73
61 197
42 21
72 42
-40 14
34 -58
214 47
65 51
34 44
122 4
14 0
51 -32
116 25
98 115
85 66
0 46
-7 -6
202 42
110 57
49 107
112 -51
28 37
73 133
-4 -103
91 -31
116 -64
160 -174
41 -16
77 140
35 25
14 132
40 2
50 -136
65 67
1 -7
177 44
173 44
-52 -108
-28 -10
-25 41
88 76
125 -81
103 26
-11 30
19 -45
148 7
-134 -107
308 2
17 -83
81 29
-203 53
239 108
214 146
66 -91
-89 -16
41 50
123 21
171 -24
21 183
-3 94
21 -93
224 143
103 68
-111 -3
-2 -35
192 -22
257 -97
-69 35
-19 -19
-48 94
315 -23
278 55
19 2
-177 43
35 -24
128 55
132 33
57 -24
-142 -139
83 54
8 24
-43 -21
137 -64
144 -135
52 35
63 56
3 -22
37 -54
110 27
82 119
103 89
20 71
43 50
152 -3
31 -64
63 -67
140 89
-19 75
-1 29
71 -8
209 -34
59 61
-90 -73
176 11
219 69
116 -65
224 -6
-144 -53
161 68
99 30
130 0
-149 44
-46 -31
105 -21
152 -2
117 -10
-33 -94
71 42
-80 38
189 24
103 -25
99 -33
16 -45
109 -49
34 -26
139 14
184 38
-14 36
86 -66
102 0
5 27
25 -46
-4 34
-10 40
98 -33
36 130
90 -48
159 -69
86 -12
66 77
91 90
-48 36
16 53
201 5
16 -177
35 197
219 -114
28 19
-41 -3
97 -157
45 -10
87 149
129 -75
137 156
124 169
88 13
-65 72
131 119
53 -149
38 12
178 -178
-90 -109
32 35
50 71
93 71
101 -66
186 38
-194 122
73 90
-1 259
24 -179
4 -143
58 49
22 -87
-17 -27
23 -128
124 -33
83 127
101 24
-30 66
16 -164
-74 108
26 31
133 -98
141 -132
18 -82
-5 -190
20 123
-7 0
43 -133
120 163
23 51
46 12
17 -169
46 22
21 95
70 -46
36 66
-75 -13
117 173
44 -64
73 -79
-7 -50
74 3
-10 -12
-44 -19
162 -59
58 90
22 33
11 112
38 -192
60 86
87 -152
82 -30
40 -152
36 -222
124 -6
83 177
-58 -158
1 -193
92 40
106 184
127 109
-98 -4
-88 -199
-9 -188
150 19
123 4
-26 -106
-74 -7
16 -33
115 -24
-43 -135
43 -90
90 176
43 20
13 104
19 -52
-18 -107
69 6
48 -56
72 90
-36 81
127 -90
94 -173
-23 -81
22 -109
16 76
129 -18
90 -104
38 -45
115 -39
53 77
80 -86
78 -35
58 56
-70 -59
-16 -105
-11 -59
40 -52
111 0
68 -16
112 -43
118 49
-81 -112
-132 -73
165 -48
53 -61
67 58
167 -33
-25 -2
-118 43
152 15
-54 127
144 115
139 -24
89 -54
123 -12
5 31
1 -27
92 86
-14 37
65 85
62 -116
99 -68
43 75
79 -133
-36 48
99 -84
120 51
51 9
17 50
140 -66
110 -32
-41 58
31 43
12 35
116 66
53 -125
106 19
33 -16
74 -2
107 9
-113 41
100 127
7 -20
43 -122
18 60
55 -60
41 -96
34 45
118 -190
-15 -16
16 -6
76 50
62 -8
108 -106
-6 -31
-11 8
54 103
2 -15
-90 34
113 -108
43 -3
127 -67
48 59
-136 -56
-74 -13
198 -46
87 -208
12 1
66 -13
20 12
-113 -27
52 -15
98 -65
62 -57
83 -26
114 -34
-31 23
-44 -81
30 -8
80 42
55 14
88 12
73 84
96 -69
40 -27
-33 56
18 53
58 -53
69 -32
120 0
-59 -183
70 0
96 -29
-4 -179
53 5
9 96
-47 -75
78 0
72 -30
13 145
11 -53
96 78
22 -123
76 45
43 -78
91 -75
-34 8
69 -114
8 -123
144 -116
14 -123
-138 -186
87 -208
72 47
69 -34
42 -170
95 122
-6 175
-26 -30
-19 32
24 52
57 -272
-1 102
2 63
55 -137
98 102
-132 -6
100 -223
56 -46
63 86
46 84
163 -182
45 -71
69 -195
24 -30
1 12
50 171
2 -68
58 -6
162 -74
-41 -53
-86 -216
76 95
138 12
142 -8
-6 175
-37 -159
8 36
23 -24
23 -42
98 -21
5 -25
9 121
70 46
37 47
17 -23
43 38
38 82
-16 61
20 -9
144 56
-51 -16
1 29
0 38
55 60
81 131
12 139
59 13
0 183
33 3
107 51
34 -21
-188 126
198 155
181 -127
253 -192
160 80
-342 -95
0 85
45 192
222 79
62 46
17 -301
-11 -221
44 -17
119 61
93 -24
2 89
50 -80
-17 -70
91 -121
79 -81
-10 -6
-31 -11
60 117
64 -36
50 -142
119 -66
7 -52
49 -4
-44 -135
54 -6
-10 -60
31 59
40 301
34 94
-20 33
92 52
75 -33
102 -6
-64 61
12 -78
102 -14
98 -125
57 -93
44 16
32 126
79 -9
85 -6
77 88
31 102
7 -24
30 -71
41 37
38 -140
137 -3
-201 148
-179 -3
78 -38
219 53
-237 11
108 -39
526 -49
61 63
-1602 27
753 134
1649 67
-662 -14
-792 13
97 70
363 8
-132 -1
-407 115
457 57
44 -2
-374 -11
-223 27
34 7
115 -100
208 -20
158 -89
39 49
-37 -26
-68 -60
3 -2
-71 -60
11 -4
102 58
129 135
-53 1
63 -16
82 -8
66 47
-44 63
94 -65
49 -5
-125 -131
154 106
61 -17
86 57
85 23
-7 -53
168 -67
-11 -32
61 63
42 15
135 -4
71 -52
61 -32
-21 -17
88 -24
64 -14
-23 -4
116 -57
-20 -67
63 91
22 106
-29 89
24 147
0 -68
36 -146
46 44
101 -87
39 -21
-215 -21
-270 -83
934 -94
-160 55
62 -18
-64 111
-48 103
206 -9
124 -99
105 81
-71 148
-42 113
-43 -10
-39 -42
-4 -103
99 -99
-167 -62
496 86
23 37
-84 -100
25 124
156 39
0 113
-65 132
56 101
264 25
150 -85
8 61
-85 169
-96 -50
108 152
145 -8
-152 136
408 70
-98 -116
-149 -130
224 -75
108 31
-44 39
90 -122
83 56
23 -116
-55 51
-138 66
-242 82
452 -130
71 121
-234 -106
126 9
148 32
-9 -80
45 -245
-33 107
-54 23
151 52
72 -22
58 3
13 19
-88 -17
24 -31
123 -127
34 73
-60 42
-8 27
25 84
-3 21
29 -96
51 -45
115 118
-54 -135
-49 104
129 -91
20 96
-3 -7
-74 -112
49 39
56 -85
-153 109
-179 -107
542 129
100 43
-57 -105
-96 -21
46 51
97 -17
-18 -170
29 -33
96 81
29 362
-109 -157
-8 -98
-70 -2
-11 52
83 -15
48 -126
-91 37
339 -18
221 -240
-271 -33
-36 111
40 105
-160 119
398 12
205 -28
-87 -49
-169 -123
86 0
25 -49
55 35
-4 -1
20 90
-77 -34
-87 16
-21 131
46 8
101 85
19 -36
68 -31
-9 -2
96 -44
51 -17
-54 -53
0 -22
145 -52
75 35
64 -30
-13 -68
-7 -114
54 24
25 1
32 1
89 -2
41 19
-24 -43
-147 160
354 38
81 -41
-167 -41
-26 81
63 56
37 -81
-35 -29
5 -43
0 89
-103 -22
58 -11
2 -8
113 -9
39 101
73 108
8 -10
33 139
-32 -117
6 -112
4 -59
45 -29
69 -51
34 7
39 -53
50 -73
69 -23
47 32
-23 -3
-5 -20
88 61
50 -226
-98 -53
15 -94
120 -59
88 39
-104 91
-138 9
70 25
36 -75
-21 -84
-54 108
68 28
138 -44
-16 -53
48 -26
92 -7
-21 13
85 -121
34 208
37 -74
14 -105
-22 124
130 -36
-74 126
33 41
35 -84
48 7
-14 -108
-80 42
-107 48
181 161
144 -197
-62 28
-9 -30
-335 -210
333 61
81 166
437 113
-203 -4
-134 101
27 130
48 -41
95 145
15 75
-20 166
-19 55
17 104
-65 -187
-122 -78
161 -132
94 -137
72 -38
-9 -83
-77 -1
310 287
-22 99
-119 -20
-90 -103
63 26
-20 99
81 103
47 52
43 -110
35 124
-53 -11
50 -94
-90 52
-53 -131
476 6
-90 -34
-33 -10
-66 -125
9 -10
16 -22
81 -62
84 -89
-12 -137
-22 44
-11 128
-55 4
-115 -64
460 166
21 100
-34 -171
44 -154
-142 66
98 -22
31 36
89 3
-105 -75
-45 28
-8 -31
108 38
-46 17
79 -116
-73 34
114 -136
-79 -36
122 -64
-89 -144
86 -6
-63 -11
58 61
59 -160
-2 -87
-11 109
-81 114
-37 43
31 -142
22 -11
30 -19
-60 -53
265 -86
-9 -13
-159 5
35 -87
80 -58
-36 -11
63 -19
40 67
7 -74
-28 47
-94 26
13 -102
59 -112
91 26
-18 75
72 117
3 -40
31 -121
24 29
60 17
24 -45
-50 -47
44 -115
106 -63
-23 -2
-58 17
22 7
-54 -36
19 -40
5 7
14 -25
-23 36
-155 115
265 2
224 3
-103 -47
3 -10
-123 14
-52 -34
-105 89
-115 -37
50 -51
373 -17
81 92
-169 81
-96 -2
29 -51
102 208
-34 -197
340 -15
39 -48
-89 61
-109 -87
-9 120
92 20
17 3
-72 63
174 -7
88 -122
