-576 7
-395 5
697 -5
39 -9
278 -4
414 12
480 -40
-438 -2
166 0
-14 84
30 -11
783 -6
1374 -22
-241 -8
-1575 -29
-1338 19
982 5
1227 -10
185 31
-266 21
-205 4
172 14
24 -12
-243 -22
1021 14
969 -19
-277 1
-897 -21
-56 0
-18 -26
79 -12
375 -19
458 29
529 6
153 -4
-224 -52
-443 91
151 39
206 -43
308 -32
423 1
548 14
-888 1
-1615 30
931 -27
1182 -17
358 23
-331 -13
145 -56
338 53
568 64
-175 2
-1226 -31
-651 -31
757 -11
813 -15
118 34
-513 56
433 21
85 -37
-176 -15
1196 -16
899 62
436 19
-823 -41
-705 -41
-200 -43
222 50
326 17
636 0
892 -12
368 30
-358 -29
-378 -3
-116 15
-92 11
13 13
128 -29
242 1
124 -22
414 -1
190 85
215 19
1097 -44
-314 -27
-1428 -17
526 13
578 12
-564 4
-655 5
343 -30
952 -19
412 -1
353 -8
1227 -4
414 75
-295 34
-1046 3
181 -46
165 -19
-54 -17
922 22
531 25
-884 6
-225 -25
161 -39
-65 29
1058 14
624 45
176 3
-373 -35
32 -53
421 3
81 71
629 -31
268 -35
-97 63
280 -17
-249 -40
29 56
372 16
306 -26
43 -28
171 84
-70 -4
680 -36
-278 -6
478 -28
524 -25
-199 40
245 89
-472 50
-11 -41
536 -74
771 -46
427 29
91 101
237 -5
-1602 -68
852 -10
531 25
445 13
476 17
-585 36
332 -2
284 8
219 37
-178 -3
30 -22
552 -46
255 21
-262 39
168 -20
805 -8
160 -18
112 -26
332 61
274 41
322 -4
132 7
297 8
458 23
-53 -38
21 41
-1359 -15
304 -28
631 -27
610 2
-1 55
140 -29
-16 -48
663 -27
-320 80
312 -3
719 -55
257 4
-55 30
-196 -65
801 72
-275 77
91 -32
377 -39
-1611 9
699 30
874 -26
125 -5
721 -109
305 50
-706 126
610 -2
-1021 3
478 -37
599 32
-4 20
-326 11
392 -22
472 -27
-461 -40
144 -45
725 92
134 79
209 -2
446 -39
39 -4
-864 14
371 -37
454 -79
-310 120
1603 -5
212 -45
-1609 41
129 -24
1266 28
74 15
-576 3
-207 4
734 15
-132 -45
715 -74
741 86
497 40
-457 -12
-858 -7
352 16
433 -25
884 -21
167 -16
-1191 -50
558 90
758 48
-501 -44
28 -49
824 -33
110 56
560 92
-477 16
-208 -68
602 -76
51 -17
-128 52
141 100
1090 -53
162 5
475 -10
107 -22
1266 -45
-869 30
-233 6
599 2
1132 -4
-311 0
-222 -5
456 24
252 -26
-209 -22
315 67
762 20
-967 43
214 -3
1180 -36
-22 -53
-155 3
135 36
-250 0
1572 -14
-129 52
-1605 25
143 -38
918 -40
644 -31
-15 2
-295 29
508 0
539 -5
-71 12
145 -29
506 19
-259 -30
257 46
187 -19
-178 2
-34 9
-351 8
429 -10
-5 29
665 16
641 -30
-784 -38
17 36
324 85
410 -10
-274 6
-477 -15
844 -14
413 17
-304 -7
-214 -81
367 18
215 119
238 -9
-110 0
565 -79
-238 9
-282 48
370 -3
37 72
64 -20
-154 -63
-56 2
714 4
-339 -2
420 -4
1015 9
-154 -8
-626 -23
238 8
134 -18
229 -18
-291 -3
487 83
374 -16
-36 2
-462 -42
64 47
3 -2
-45 -15
712 12
572 4
-476 -43
-294 70
622 25
700 -1
-349 -16
-137 -23
344 -5
319 4
-259 -4
192 56
-20 -1
756 12
-475 8
-403 -64
117 37
895 3
520 -24
-878 78
-552 16
93 -3
113 -49
376 -45
9 20
-13 -15
389 -60
518 126
283 59
-201 -35
-19 -68
-41 -56
350 56
-91 59
-213 -4
404 -27
822 -37
-1233 -47
113 13
1230 73
-474 -8
109 15
138 36
-253 -25
-481 -41
351 24
598 20
368 11
133 11
-436 -44
152 31
408 5
552 12
-229 -29
-191 -38
458 0
-35 56
-511 -34
268 -21
679 -14
-1242 7
830 0
1223 59
-345 5
-585 -43
355 -8
55 24
388 -1
212 11
57 -12
-28 -6
-357 3
-24 -8
792 -4
-333 -8
486 -25
637 -1
-1369 27
241 6
755 -4
66 -6
6 -15
-54 23
133 2
369 18
88 6
-54 -16
319 -3
244 -5
47 -4
33 35
306 -2
-108 -17
-66 5
218 22
-37 16
484 -19
377 -36
-301 29
168 22
-49 -23
-10 -13
-323 17
355 23
972 5
147 -18
-1339 -10
320 1
449 -10
546 2
-191 -1
-384 16
-613 22
1242 6
774 -28
-380 -34
-485 0
175 42
392 -16
447 -21
-169 -1
-52 0
-127 -10
317 6
-65 20
449 -1
45 -20
66 27
-946 11
-1158 0
357 4
745 -4
442 7
74 4
-251 -13
297 -28
175 17
1010 -1
-423 -13
274 -10
721 1
-371 8
-295 30
71 -4
622 0
479 6
-578 8
528 8
804 0
-367 3
329 -5
143 18
160 -10
512 7
-326 9
-652 6
831 -12
115 3
123 4
302 -11
722 0
473 -3
-160 -4
-141 -5
315 -20
-653 15
6 -2
1176 -4
-332 7
-176 -8
1528 -6
-333 -1
-65 9
27 16
443 8
121 -1
246 -14
313 -5
-309 -10
330 12
508 32
-228 -4
0 -25
324 -3
368 2
-378 17
610 7
765 -7
-445 16
-166 11
204 -3
596 3
559 0
-640 3
46 -2
254 9
350 -7
-18 -4
69 23
75 17
276 -24
365 -21
81 -17
210 -11
273 -3
89 2
-175 -11
55 -17
452 -17
709 13
-414 21
-513 0
385 21
130 18
1121 15
93 2
-229 3
-156 1
180 -1
744 22
1208 8
-1613 -4
-150 0
565 2
645 -8
261 -7
-46 -5
-392 -10
426 -7
605 0
-85 6
-9 1
317 -15
489 -4
452 -3
-162 13
-114 15
110 3
428 20
1003 27
-444 -22
-1118 -31
324 0
866 -9
386 1
-207 2
184 -3
535 -39
-395 -10
-61 53
668 33
436 -19
50 -19
703 -5
-169 -13
-761 -1
298 31
712 8
518 -1
-15 -7
-145 -4
-95 3
967 -13
-113 6
-44 -6
548 -18
104 -27
82 -21
204 13
530 42
-155 32
-377 -5
596 -32
-410 -22
-795 21
1095 -2
557 -7
117 -18
11 -14
-41 -1
646 0
525 5
163 21
-338 18
-362 -18
178 -9
297 17
390 -10
-295 -13
292 -3
614 32
418 -1
-231 4
312 -11
224 -10
87 23
103 -15
74 -29
627 -12
-49 28
-377 13
287 -9
604 8
272 1
-75 3
-598 7
316 -3
1488 -9
-882 -14
-242 7
751 -17
541 3
11 25
-294 -3
-105 6
212 -12
137 42
565 48
328 -8
-33 0
143 -4
514 -6
-6 -70
116 -3
40 -27
218 22
442 11
-381 51
620 -23
287 -12
-162 -2
498 7
468 31
-267 28
-54 -25
199 -51
-204 -25
-25 6
639 37
305 27
499 45
-319 -6
181 -27
807 -105
194 -12
-184 125
-219 136
369 -28
526 -81
-1 7
-238 24
242 -25
493 100
-254 28
344 -38
138 -42
398 -12
377 14
340 16
95 6
-445 -10
-212 -53
447 -19
341 32
-21 52
-84 33
744 -21
68 -23
-151 -7
565 1
436 -14
-43 -27
351 8
-155 14
371 27
-499 -32
-9 -11
594 39
-75 11
-190 35
911 -29
399 -55
-607 -3
384 46
521 82
-75 -53
501 -61
-10 -2
-260 56
22 63
687 23
-36 -41
-81 -58
624 -66
164 -22
214 30
256 37
274 24
57 -2
55 -2
322 39
-312 0
193 -8
559 -42
198 6
-822 12
1106 -4
909 -5
-187 -90
-23 -48
-300 83
88 173
370 24
387 -61
27 -24
90 18
-80 29
1078 -24
-500 -26
-157 -32
-241 -33
859 3
599 34
137 53
-388 22
22 -29
423 -5
4 1
227 12
333 -5
478 -50
-583 -25
286 15
123 53
672 20
-75 -30
77 -4
269 -3
-139 30
162 5
344 -42
676 0
-60 -55
-170 55
113 65
380 49
306 -53
579 -28
635 1
-479 42
-533 -13
-133 -19
-61 -73
1649 27
298 49
-1069 11
358 -27
371 -9
-24 38
303 9
399 -45
-181 -88
-167 59
365 115
-78 44
524 -28
141 -10
208 -10
152 23
-148 -2
318 -25
1385 -38
-357 14
-1078 14
209 13
589 -8
325 -19
560 12
-38 22
-198 30
192 -3
442 -21
-196 -4
269 17
559 -6
249 -24
-116 7
232 -1
73 51
-108 18
393 -32
-57 -44
502 -12
20 49
427 49
-333 -46
712 -55
505 8
-1615 106
996 3
578 -62
14 -26
-201 -13
4 -7
-73 -40
398 -10
344 72
70 47
68 -9
469 -37
571 -20
-58 43
17 46
173 5
248 -13
73 -35
26 -19
152 -17
699 -21
-231 42
188 32
-21 15
-110 3
384 -18
850 -30
-182 19
-189 11
48 -9
72 -15
206 43
440 29
475 6
-132 -19
-295 30
412 17
-177 -34
80 -41
1194 -35
-346 69
-24 66
-127 0
46 -73
145 -25
753 28
486 42
-260 54
-410 -26
197 -1
554 -17
344 -46
-216 -26
248 8
351 67
-235 36
442 -28
622 -31
-90 -10
-17 25
22 13
1050 5
-278 21
-579 1
306 -31
397 -16
-38 -32
384 15
150 3
-126 28
96 -41
-19 -16
222 5
1045 31
767 36
-777 -17
-452 11
215 -17
501 -46
217 -50
537 74
-1027 82
737 66
-449 -56
121 -36
454 40
366 25
273 1
280 -29
448 -34
-198 -60
-586 -13
895 16
-611 0
311 -16
383 13
74 26
94 -9
111 -7
505 22
212 2
699 -12
389 -18
-753 -23
-49 34
353 3
138 -1
-25 16
817 -61
1 -14
-901 5
229 44
789 -37
131 14
283 47
75 13
394 0
-381 -4
-251 -16
863 -7
585 -17
5 20
-650 -13
168 12
231 14
368 -4
364 -32
198 -10
-293 -7
-102 -42
193 -4
825 74
631 44
-439 24
-450 7
129 -27
374 -5
237 12
99 12
286 -17
842 -18
-516 -1
155 -34
88 19
-27 0
251 0
282 0
12 18
409 -2
-7 -9
504 21
-65 18
374 -9
-137 -18
-369 8
669 27
286 -37
-241 -47
-16 12
832 46
63 -27
-460 -3
1408 24
-154 -3
255 -35
342 19
420 1
-521 -15
33 35
488 -11
-562 -32
67 -11
291 12
1237 -13
212 42
-663 6
-417 6
359 -1
781 7
300 -15
-26 -17
124 -11
0 -13
248 14
-255 -5
360 23
111 16
315 46
180 -31
-67 -25
15 -19
466 63
290 0
407 26
-313 -25
161 -23
13 -4
321 23
207 -27
-50 -25
-127 26
310 42
1042 -31
-697 -16
219 0
391 -6
297 -28
259 17
259 7
315 -19
-308 12
143 15
157 32
193 -7
381 -6
370 -38
195 -15
-60 24
56 21
-154 0
171 0
359 -16
652 12
415 7
-242 12
265 -27
20 -10
-130 20
438 4
65 11
221 -27
173 13
614 46
29 62
365 -12
20 -17
153 -26
341 -2
356 -19
241 7
-212 -3
116 -10
483 -60
-32 16
165 44
227 58
270 26
0 -11
420 -12
-96 2
136 30
-35 -21
262 12
999 -1
296 -11
-198 -31
407 -44
-139 4
99 55
77 8
449 -45
546 37
-457 -12
249 -15
-5 -15
508 7
667 45
5 -7
66 -47
120 9
269 14
129 -2
157 -35
397 6
-430 -33
257 -5
861 35
231 52
-72 -26
-54 -27
-356 -2
788 5
622 29
101 -13
257 -53
-499 -3
194 31
435 16
467 -2
-78 -18
15 8
95 20
270 17
151 -29
284 -16
301 0
-96 6
282 7
412 -17
143 15
417 -5
194 0
-424 12
738 -16
452 19
-524 14
65 26
844 25
440 -13
-682 -9
138 -42
559 57
588 39
-4 26
80 -28
465 -18
311 -28
47 56
102 14
268 1
364 22
548 0
-329 -9
228 -24
129 -27
270 -15
739 -10
470 -8
-365 -5
-32 35
-99 58
459 14
300 -36
133 -10
55 11
35 11
616 -6
-47 9
256 9
59 4
408 -61
292 -18
-319 23
374 78
862 20
-327 -25
-148 -39
677 0
328 18
80 30
120 -30
-226 -21
304 -26
653 8
-137 27
94 63
534 -1
-92 -20
270 -26
492 -4
552 18
-239 -7
-419 -5
-244 3
807 -13
90 3
191 -17
460 -17
16 32
-287 68
954 -3
104 -17
187 18
-178 50
326 22
322 -8
71 -26
-94 -4
321 2
78 -1
43 14
354 -11
226 -1
-131 -47
332 29
841 26
427 33
-289 0
1424 26
1041 -22
-88 4
770 21
463 -24
209 -8
841 -8
1007 4
-677 25
-406 -18
1417 -33
1649 24
-201 54
-1222 15
1229 -15
1111 -23
402 13
456 12
509 57
-9 -4
25 -5
866 -8
554 -53
-259 -19
-197 18
897 20
1154 2
-223 1
-45 29
344 22
517 13
270 -32
289 2
345 -14
162 -13
-85 -19
-15 19
443 17
515 -63
-15 -20
137 26
77 52
357 -3
-35 -41
1353 -21
136 -19
-252 -25
167 3
639 19
511 22
77 -53
105 -5
798 97
-515 70
142 -34
604 -38
325 -15
-169 6
387 5
93 0
180 -20
1649 -9
-230 -29
-127 -11
332 -3
230 17
139 -14
367 9
1423 6
175 64
-1197 34
237 -43
1180 -15
598 -8
-268 18
368 11
225 -9
66 22
256 14
791 -49
88 -41
213 21
373 65
423 14
-10 -48
614 1
165 12
89 18
262 -25
331 -14
800 -10
274 25
-666 37
442 0
471 3
-9 -23
506 -14
352 -18
81 0
-95 8
288 38
858 17
-75 0
503 -19
190 -6
263 20
253 -25
411 -10
313 30
-213 8
502 22
1268 8
-361 35
78 -25
451 -12
158 20
901 1
195 -27
-217 -49
338 7
119 32
134 38
138 15
591 -15
713 -12
-301 13
21 3
557 -7
351 -42
344 -20
348 16
515 17
38 7
-94 2
579 -3
1100 -14
-596 3
249 8
-440 -27
728 -28
1539 -32
-41 65
-609 70
-147 39
695 -4
943 -12
562 -26
106 -1
-379 12
324 0
560 -33
437 -18
-14 15
119 34
398 0
248 -31
420 -35
498 29
316 38
104 13
138 -16
525 -28
433 -4
110 14
427 25
454 0
194 -52
-444 17
199 11
439 22
684 -22
635 -19
-224 24
296 24
43 -6
447 -12
506 -1
343 29
467 8
-156 -37
93 -6
32 -12
200 -9
726 1
234 -55
492 39
267 46
188 57
172 14
502 -23
482 -16
533 3
559 -12
-398 1
-659 -11
608 4
561 -25
575 22
535 -3
94 28
-429 -30
721 1
712 47
82 53
330 -27
298 -28
56 -16
94 4
205 6
6 6
216 6
914 -19
32 -18
18 -26
-137 4
581 55
1447 58
104 -16
-153 -12
9 2
876 -20
804 2
-49 -2
450 -4
272 -6
1518 -6
-447 20
-551 43
433 23
-137 -38
861 -2
500 9
106 40
501 -27
109 -48
483 13
399 40
-88 5
-292 37
920 -47
542 -11
-73 18
-228 55
948 14
485 -21
241 -28
177 -25
759 22
267 32
-218 4
474 -20
303 -20
105 7
670 20
66 4
548 0
-136 -17
796 -3
543 -3
551 0
180 28
-1063 -2
749 14
979 2
689 -18
60 4
387 20
354 -4
1333 -30
-274 -17
-1015 43
563 29
1274 -14
426 -42
-240 14
-392 18
346 8
768 -27
443 2
384 4
257 -38
521 -6
196 21
398 26
160 -11
225 7
270 4
-58 -20
568 9
991 -2
14 26
-320 0
774 11
525 -8
189 -8
-105 -23
332 -5
164 9
122 -8
717 23
69 26
385 -3
-259 -29
713 -14
562 3
698 20
877 12
-383 -21
-299 -7
628 -51
711 8
841 37
-1094 65
75 -11
842 5
523 2
218 -13
340 2
278 -13
163 -32
449 -27
704 -18
519 62
-418 21
239 -14
662 2
215 -6
460 2
1075 0
-806 -30
-114 6
634 2
647 20
685 -17
-507 1
17 17
738 18
997 17
-473 -16
231 -28
1071 -4
4 3
154 8
329 0
17 -13
598 7
435 36
-579 16
164 -41
687 3
1251 -5
-568 36
-27 -26
972 0
226 -7
320 13
218 7
361 -13
573 -37
40 -35
-174 14
488 52
233 15
675 -16
293 2
491 -4
-278 -4
176 7
949 -28
135 0
-343 -19
1016 32
-24 0
-47 5
265 7
278 3
564 6
250 -5
496 -2
500 1
117 -14
109 -65
-649 -17
231 -17
754 5
1081 -13
780 16
-25 16
-808 8
330 -22
637 -1
479 0
416 28
304 -1
13 3
512 -11
-573 -13
856 17
692 -3
222 -16
507 12
426 30
6 35
74 -14
74 0
9 -23
136 -9
649 -4
246 9
329 11
114 -16
405 -16
-12 -14
653 14
589 1
657 -25
523 -23
-513 44
128 50
1087 -22
-265 -17
346 20
-13 9
386 -2
424 3
-131 -22
549 -11
490 -28
470 -16
485 -30
443 -13
-191 -11
-155 31
1202 5
336 47
-393 -5
-200 -9
406 16
516 5
1263 -14
-196 4
120 -28
198 0
323 4
513 46
364 12
-302 -20
955 -8
619 3
-167 -5
-30 8
410 44
822 -31
463 -24
-550 -12
275 4
1081 -11
-477 -13
-498 6
688 -6
688 -6
275 18
398 41
120 8
981 -24
303 -16
-353 11
-200 18
766 35
1649 35
-702 -3
-197 -27
125 -6
805 13
644 13
-933 -10
698 11
510 -16
62 -4
314 -16
362 0
178 -16
146 -20
356 11
423 67
764 41
1490 3
-448 -30
-488 -5
162 -14
-20 2
693 5
666 -13
-91 -12
185 -18
650 1
219 -8
-444 -10
544 13
983 34
391 48
-216 -6
761 -7
516 0
208 -6
506 -9
933 -5
-430 32
83 4
1071 -27
819 0
-895 4
-45 -3
722 7
263 8
216 16
149 -12
150 0
87 3
570 -18
828 0
143 20
191 -12
599 5
-27 11
180 -7
164 -15
224 33
405 73
132 -14
265 -39
404 0
368 32
723 0
181 -7
-116 8
550 -6
-441 -42
-20 -1
1165 30
152 28
164 25
309 -10
488 -21
20 -8
402 4
870 -16
74 8
-346 17
381 0
1003 14
-291 0
438 0
366 11
-46 0
454 -13
885 -23
199 7
140 -2
186 -39
-12 -24
-277 41
1064 35
865 24
-237 -66
60 -15
438 13
856 -6
-52 -29
-329 -29
370 4
298 17
728 -6
125 -23
-195 15
674 31
718 44
254 -33
-608 -14
369 11
989 20
429 -1
91 7
38 3
340 -32
56 -21
679 -15
387 2
793 16
-156 14
-17 -31
327 -8
510 14
381 18
415 0
139 -41
314 11
527 25
632 23
-408 -3
-5 -29
567 -15
166 5
310 7
649 30
-51 24
663 24
732 -32
137 4
-425 -10
585 -23
952 22
-462 -2
-122 -55
540 4
488 33
1230 39
-896 -37
255 -12
726 3
436 14
922 13
-188 12
-5 -9
-132 -23
650 -3
565 23
-99 -20
145 -11
588 -12
154 21
364 20
197 20
73 21
677 6
277 -41
459 -20
-279 28
226 25
772 -1
1132 -20
-28 -29
-130 18
286 13
567 22
-125 -10
283 -26
758 -4
-201 22
371 -2
496 -19
208 27
375 20
-394 17
192 -11
1396 -13
226 9
-1047 8
1031 -14
100 0
88 0
444 -22
460 -8
680 7
544 13
-60 11
233 24
244 8
280 -6
496 -7
29 0
37 -10
634 -5
194 3
793 18
-104 17
296 -12
346 -15
500 0
94 -8
529 18
456 13
4 7
-568 -10
611 -2
916 29
56 5
167 -4
309 3
140 -15
556 0
1110 -17
-692 -6
298 -6
269 0
325 13
740 22
703 -20
150 36
-585 16
408 20
402 -38
734 2
896 -15
3 0
-357 22
808 12
586 -7
108 -17
113 -19
731 1
702 21
-114 19
144 -14
396 -42
453 -16
473 4
323 15
457 0
-432 -14
-171 -17
545 16
194 -5
500 31
728 21
833 6
-107 -19
110 4
824 -1
203 -7
521 -4
17 -20
261 8
577 -8
409 -13
-81 18
290 14
188 -14
155 -12
198 -13
904 2
203 27
67 15
-10 -15
775 -14
313 8
284 -14
340 30
1017 32
246 22
-265 -63
11 -33
713 -20
656 -16
498 37
697 42
50 18
-331 -31
475 -18
541 -7
297 5
597 -36
247 -2
324 -1
-600 16
1127 -3
184 -26
412 -17
558 5
67 14
173 -5
702 -11
-73 -1
-221 4
1143 -15
367 -1
554 8
262 27
385 6
324 0
-333 11
-331 -2
804 -40
1347 -16
274 -16
116 51
-389 0
-118 -20
963 -24
687 -45
627 -11
29 18
620 21
318 -8
13 -40
411 -15
20 23
-362 11
479 -13
409 -13
518 19
508 -2
-15 -39
1479 15
306 46
-415 0
384 -31
725 -13
370 19
-110 17
54 15
137 -7
253 -14
459 -3
430 -9
135 -1
370 5
616 5
889 19
-706 20
94 -19
565 -3
1492 31
-342 -11
-255 -42
317 -11
-195 26
677 65
937 -5
659 -14
-690 0
273 13
761 -30
675 -25
553 18
524 46
567 -10
-232 -30
-370 24
666 -1
780 -10
67 -16
-32 6
304 7
535 5
405 -2
291 7
164 -3
431 -7
1045 -4
83 7
-114 12
1165 -7
743 -8
242 -2
366 -5
-360 -6
26 -3
685 22
-667 -1
528 12
543 -7
157 -2
767 -32
548 37
355 24
314 -7
587 -14
218 -31
541 1
187 37
117 2
502 -15
186 16
-13 24
-408 8
1079 -8
642 -5
978 -3
292 6
-1261 -10
840 -17
463 4
92 8
784 28
655 -7
-615 4
666 21
542 1
139 -5
234 1
379 -23
361 9
527 9
211 13
180 0
712 -26
546 19
168 27
-153 12
615 -30
1227 -3
11 27
-248 -8
171 3
513 34
107 55
520 3
569 -20
562 -1
-379 -14
61 -19
333 17
284 14
928 -34
354 -24
199 30
256 3
-350 -30
429 15
864 39
637 12
-93 -15
403 -8
349 -12
340 0
-90 7
391 -38
663 22
264 30
1514 70
177 -13
-680 -44
148 -13
745 6
171 2
556 3
401 -11
293 -27
210 -10
572 24
937 33
-774 -12
239 -8
1068 31
558 16
-207 -13
55 -23
-149 0
876 -7
1577 -12
32 -38
-327 -1
123 0
635 -5
642 -12
477 34
-17 34
-131 12
105 -1
698 -42
273 0
492 -1
609 -5
-9 1
181 -11
239 -21
849 -33
437 3
20 55
488 33
-64 3
767 -15
-79 -3
-224 -29
53 -2
405 9
925 23
-540 -11
156 -13
1351 -3
1263 -6
-264 8
193 29
463 -7
354 3
310 -11
37 0
-29 6
857 24
50 -17
364 -9
203 18
393 27
369 -9
-315 -4
768 -6
243 35
188 -20
359 20
531 -1
430 -21
762 -27
958 7
-690 -6
296 11
713 -18
730 17
652 5
224 -23
470 21
96 36
-272 20
177 -20
110 4
1057 4
438 -12
-30 0
-92 -14
1233 -7
356 12
57 12
396 -1
623 -4
-175 -22
520 2
759 19
-95 31
112 2
455 -2
477 -5
685 16
-716 11
83 -11
906 -20
711 2
541 12
457 -19
-280 -34
355 -20
331 20
377 20
191 9
971 21
546 25
-400 -6
307 -7
164 -24
969 -6
155 12
90 4
716 -25
224 -23
464 33
-130 12
-630 -20
1556 -7
512 26
-205 0
901 13
25 -9
719 -5
557 2
86 -17
256 15
306 -10
-6 -12
254 4
635 6
587 3
698 0
-340 18
-776 28
948 -12
722 -14
640 -1
185 14
-104 -5
256 35
747 8
-181 -7
172 -7
723 -10
476 -15
382 17
212 17
443 9
-216 3
682 -21
848 -24
-6 0
601 11
926 0
4 -14
-569 5
587 9
397 6
575 0
168 -13
259 17
1011 6
540 27
376 9
108 0
260 -12
573 -28
636 0
719 16
-448 -2
-202 -9
849 8
1056 13
755 -12
-330 -14
212 -25
892 48
657 30
444 12
-147 -42
348 11
618 29
121 21
441 -3
476 -12
1092 -3
-140 -10
430 -20
825 -3
822 3
-260 7
547 7
829 6
603 7
143 -26
460 6
682 31
300 -27
-398 0
-634 -18
761 -37
852 -18
524 0
409 27
195 16
270 0
423 44
460 19
715 -6
535 -41
457 -26
430 -4
268 33
205 -3
359 -32
322 -29
354 9
703 5
575 -4
258 -24
725 -27
-15 -10
-220 67
909 29
582 -3
-148 -22
-14 2
715 4
585 -18
310 -20
666 -5
477 17
240 2
441 -4
-118 -2
516 3
381 2
758 22
329 12
360 -19
576 -27
-600 -25
332 -22
843 14
670 51
470 27
257 -17
308 7
620 20
481 2
-193 -22
582 -34
814 -22
290 -13
160 27
242 19
268 9
383 41
481 32
491 -34
466 -29
613 2
318 16
287 -5
813 -1
205 -13
-406 -10
402 11
555 3
553 -2
439 0
298 1
428 -16
569 -9
258 -21
547 -18
452 32
539 27
515 3
-133 0
378 3
477 22
430 -3
451 -20
391 -20
441 -32
390 -26
668 14
136 9
512 48
374 24
-173 -12
366 -12
409 -5
446 23
393 16
365 18
382 -21
392 -27
411 -1
449 -2
583 27
796 16
38 11
187 -38
454 -9
126 2
396 -2
443 11
385 18
409 27
414 -23
520 -35
166 -11
404 20
578 21
416 -4
197 -7
262 4
380 -19
632 -21
343 -33
-321 -2
654 19
571 6
497 3
391 5
312 6
398 -6
460 -4
524 -32
257 15
455 33
397 59
337 -24
558 -19
292 2
384 14
476 7
330 9
284 -20
541 0
800 -1
345 -29
-57 -11
376 13
862 16
743 35
435 3
-215 -10
556 -45
540 1
493 25
386 44
351 2
566 -24
511 -10
475 13
512 28
585 27
514 20
454 -13
472 -1
441 3
348 -2
434 7
433 -12
430 -52
436 24
500 94
488 51
458 -29
418 -35
295 0
327 2
394 23
356 7
561 -22
472 -5
537 3
422 -2
385 44
326 -14
384 -14
377 -16
508 -3
561 -17
491 -6
420 26
284 0
397 17
398 8
413 14
455 32
492 -25
461 -29
459 -13
506 19
454 17
402 -20
427 -49
434 1
412 44
393 71
538 -1
435 -13
414 -13
403 -14
357 -19
505 -44
545 -2
446 28
440 65
452 -2
455 -55
460 -22
434 8
386 -1
447 13
454 12
503 24
425 -4
471 -22
413 -46
361 46
499 -9
485 -5
408 -17
474 -15
469 3
520 17
371 2
477 3
441 -39
424 -15
509 28
475 39
493 30
461 -6
458 -27
413 -7
419 -15
445 -22
446 -5
471 -7
401 -29
453 7
446 24
488 23
447 -3
457 -2
425 -20
383 -6
425 9
460 38
453 39
495 -18
438 -30
399 -11
388 22
420 -7
467 -3
501 -31
414 -39
474 26
484 54
458 -27
495 5
465 -29
471 -24
399 18
494 62
394 11
383 -9
