465 -14
403 2
457 3
443 -9
536 -14
494 -10
444 -47
343 7
410 64
439 58
433 -11
441 -24
480 4
449 -3
489 1
445 6
444 1
441 -26
453 -11
447 16
436 -16
464 -6
368 6
495 8
458 20
301 7
395 -1
479 0
462 7
474 -4
443 4
393 7
438 -1
414 -8
419 -7
480 7
436 19
437 11
463 11
329 -16
456 -26
444 0
307 -7
499 23
408 -30
410 9
507 3
502 -11
330 0
484 19
436 5
432 13
427 4
465 -12
486 7
397 -9
488 -9
495 -5
457 -5
345 -17
471 2
385 9
439 -6
490 -1
412 6
441 7
386 -4
430 6
378 19
470 -6
512 4
588 1
482 -19
504 5
450 -6
510 0
488 5
448 -4
438 12
457 15
591 -5
550 12
460 5
392 0
460 11
429 0
517 0
552 -4
419 -6
470 3
427 14
548 6
513 4
391 8
321 -5
490 1
462 11
449 1
476 6
449 -3
348 -7
430 -1
423 -1
411 -6
535 -5
582 -5
472 9
457 12
441 5
457 4
458 7
444 -5
540 9
543 1
465 0
474 0
529 0
482 16
458 -1
477 4
598 3
481 0
480 0
459 4
438 2
433 -1
364 -1
489 0
454 5
484 -3
495 -4
504 8
459 -13
432 1
306 -1
453 -3
473 -9
533 -2
485 9
406 13
558 8
419 1
452 -1
454 4
503 0
443 0
484 3
545 6
545 -2
501 2
407 -4
502 4
501 6
430 0
437 -6
528 0
523 2
419 -1
512 -2
441 1
478 -2
477 2
507 -1
507 1
436 -1
516 0
444 -8
411 3
434 -4
405 8
430 14
414 -3
466 2
485 12
481 17
450 -11
571 3
506 -11
478 15
428 -10
441 17
415 -1
460 0
512 5
487 -14
466 3
480 17
511 -7
470 -7
433 -3
450 -4
491 5
479 -9
516 2
507 4
451 0
454 1
447 -9
499 -2
494 -1
480 22
481 -8
555 7
551 16
426 2
434 4
466 0
357 8
496 -8
537 9
523 -9
478 -7
454 -16
427 -19
424 0
481 -1
460 -1
460 -12
485 -12
516 -2
518 6
501 -7
444 4
467 4
452 0
467 7
491 9
368 3
520 3
446 0
440 -6
434 -5
415 0
452 6
476 2
462 5
466 -11
454 1
495 7
531 0
430 -12
370 7
493 -3
526 12
406 4
486 11
530 -15
381 6
450 0
345 0
434 -1
558 -1
473 -6
486 18
520 9
503 7
486 -2
528 4
467 -3
470 -5
473 7
483 6
464 0
481 0
366 -4
382 0
491 6
443 -1
390 4
609 6
447 6
444 4
363 -4
422 1
363 -1
465 3
570 13
390 6
442 -1
528 3
485 7
343 -8
427 8
401 -12
565 4
405 0
413 3
531 3
440 -3
519 0
438 -1
402 -1
476 2
458 -5
552 4
482 0
430 2
423 0
485 -5
453 -3
467 2
519 -5
518 0
453 -14
408 0
447 2
487 -4
486 -3
514 -1
526 14
553 8
569 -2
512 4
447 -5
409 0
471 -3
467 -1
497 -4
459 1
518 3
490 12
378 -2
447 2
439 -3
528 -5
308 0
362 0
455 2
457 -2
557 1
484 2
381 0
410 -4
459 1
469 -1
449 -3
459 7
461 2
395 0
472 -12
413 -10
436 -1
431 3
506 7
417 -4
417 1
433 0
506 -9
427 -13
379 0
469 -19
459 7
457 6
453 0
530 -5
422 4
298 -6
354 -10
461 1
440 0
455 1
563 1
389 12
552 2
476 13
419 -11
348 2
396 -11
487 3
377 19
516 -14
489 -4
509 -20
403 8
353 -9
364 0
441 -3
391 -4
465 -11
418 8
448 -8
386 -13
436 -7
443 9
485 -6
469 -5
545 4
465 -1
319 3
445 15
395 -10
391 2
447 13
464 5
407 0
451 -15
506 -13
456 13
428 13
477 7
396 -2
394 -15
539 2
534 -6
518 -13
411 -1
520 -3
482 -7
454 16
404 4
478 -8
436 2
438 -10
466 -10
467 -7
406 4
455 2
462 1
405 2
507 -5
478 1
460 -7
444 18
343 -1
446 0
474 7
472 -6
488 -15
484 -2
451 6
482 3
404 0
372 7
413 0
517 9
450 3
386 1
419 -4
500 -3
479 2
400 0
468 5
441 7
434 0
482 8
411 1
468 -8
444 -3
446 5
425 -15
435 -2
435 1
571 2
424 1
374 -1
476 -1
529 8
507 5
367 5
508 1
369 15
405 2
485 12
539 0
443 -14
304 -2
394 0
449 8
510 -9
398 1
427 -14
548 1
450 -7
401 -3
414 -6
386 2
384 1
409 0
538 7
455 7
476 2
488 2
372 0
298 5
457 0
586 6
527 11
455 0
431 0
439 9
476 -3
425 -9
430 5
494 1
477 1
470 4
551 -5
464 1
424 3
435 -3
459 0
515 6
505 -9
411 -2
437 0
428 0
475 -14
455 19
343 12
478 -7
624 -7
320 5
464 1
500 6
390 -13
437 6
404 -1
363 5
440 -20
459 -9
391 -5
481 -4
498 1
336 -2
465 -10
555 -4
410 12
507 -7
500 9
473 -19
506 -1
469 -16
418 1
437 4
434 2
409 12
440 5
468 3
452 4
460 11
490 -5
355 0
436 1
408 7
482 0
433 -5
434 3
471 13
429 9
440 2
336 8
433 22
446 -16
523 2
453 -5
478 -9
500 9
424 4
339 2
403 7
518 4
447 5
490 13
290 7
418 -8
408 -5
398 7
311 -6
411 0
447 5
471 0
447 12
430 5
378 12
420 12
487 15
426 0
449 -4
448 4
421 9
378 -20
462 7
423 11
404 18
316 8
420 -3
457 -5
477 7
409 2
398 -5
428 -7
361 2
437 -8
410 -4
407 -2
463 -8
426 5
464 22
459 -2
478 3
386 -4
489 -9
523 -1
500 7
508 0
497 3
441 3
373 0
377 4
450 7
436 -4
447 3
443 -4
462 1
389 0
346 1
310 -1
400 13
413 -4
464 8
576 1
507 5
395 0
454 19
365 6
327 0
467 -1
479 -4
489 -4
443 3
485 1
383 0
394 7
454 2
357 -3
365 -1
490 -7
365 2
453 0
419 0
489 3
467 0
376 14
409 -3
442 -3
512 0
422 9
337 2
359 8
384 1
350 -3
343 0
464 0
456 8
503 1
525 0
322 2
370 0
391 -5
420 -1
453 9
437 2
454 5
383 -5
469 -2
439 4
501 6
368 -5
355 -3
440 6
459 5
471 -1
377 -2
404 -2
468 3
460 1
382 -3
398 -4
489 1
487 6
464 -2
327 12
414 7
384 5
352 5
470 8
478 4
440 -10
388 -15
463 4
394 -17
372 -1
425 2
425 2
373 -4
397 6
429 0
545 7
417 -2
405 2
446 12
405 -13
502 11
365 -22
441 0
392 -17
432 1
405 5
465 5
444 -5
450 8
496 7
493 -13
469 3
421 0
410 -1
326 12
416 -6
418 8
441 4
492 -4
495 4
434 2
445 -15
404 -1
368 -6
367 4
404 11
423 -13
461 0
405 -11
413 -9
449 -12
483 0
384 7
356 7
439 4
487 6
454 -4
445 -2
402 4
424 -5
390 -7
405 4
441 0
373 -17
455 -1
484 13
435 -13
340 -4
435 0
381 0
462 1
441 -15
422 -7
398 6
420 -6
470 2
407 1
356 -6
366 9
494 8
482 -17
457 -1
472 -17
495 9
422 4
350 -5
369 11
419 6
422 11
453 -2
397 -12
497 11
437 12
442 13
392 15
463 2
459 2
472 -5
404 -1
470 -3
388 -6
403 -2
365 -3
498 0
462 -2
471 0
434 1
442 2
412 -3
379 0
411 5
442 1
429 -1
463 0
439 0
512 -2
338 -7
461 -5
389 -5
406 4
374 4
432 -5
406 2
467 7
483 1
426 -2
455 2
414 8
416 6
405 7
436 -1
388 -4
467 -2
444 4
413 13
482 12
452 0
460 3
396 4
408 6
452 -7
426 -4
445 0
451 2
441 -2
272 3
316 -2
492 7
468 0
453 -1
470 3
499 1
457 1
512 1
406 -1
437 -3
493 5
410 2
554 -4
392 3
345 -3
315 17
429 9
408 -1
424 0
518 -3
450 5
398 1
428 5
468 -3
388 2
428 3
436 0
409 -6
484 1
288 -1
389 -1
486 3
285 0
368 -6
419 0
425 -1
440 -3
408 11
329 -3
397 3
477 2
451 -3
404 13
404 2
378 1
461 -10
438 15
361 14
417 1
325 -3
410 0
489 3
460 4
465 -9
412 -8
430 4
484 12
271 13
419 -10
427 -2
450 -2
458 3
436 2
476 2
495 9
365 8
427 12
397 -8
468 -1
383 -1
424 -12
443 3
444 4
404 -1
453 -4
362 1
367 14
386 0
431 -6
483 6
477 5
379 -1
349 -2
458 -10
308 1
474 8
512 -11
413 4
378 -14
443 7
444 -6
344 4
492 11
393 9
377 -1
441 -1
454 11
378 1
394 -6
409 8
331 3
433 22
438 2
474 0
420 3
381 -6
356 7
316 -4
425 -5
396 0
383 0
399 -15
455 -11
462 3
370 5
407 4
406 -3
335 -4
396 13
465 3
415 0
386 -11
424 8
424 -5
431 12
383 -5
409 -9
411 -3
382 4
418 -1
404 -5
336 -5
468 1
397 13
488 -1
441 1
458 1
415 5
353 0
405 4
432 -4
373 -4
380 -2
432 0
336 -14
434 4
506 19
388 16
359 -9
397 -3
363 -1
356 0
472 0
437 -1
408 -2
461 3
420 -8
423 6
348 -3
385 2
465 0
430 7
398 1
531 4
413 0
332 -3
390 -6
434 0
406 0
436 2
425 -2
442 -3
400 5
365 -18
400 -2
441 1
392 6
481 0
460 9
389 1
432 -2
389 9
438 -7
386 4
399 -2
441 1
436 0
411 1
357 -3
416 -1
306 0
445 0
512 -4
330 -4
494 -1
421 -14
506 0
451 4
365 -2
400 -4
473 -1
328 6
519 9
453 -1
340 1
353 2
389 2
302 -4
380 -10
286 -2
453 19
462 -2
390 0
459 0
343 13
330 1
350 2
463 14
407 -2
339 -6
405 0
477 -10
453 -1
466 2
304 7
352 12
432 11
435 -6
390 -16
449 -2
391 -6
376 -12
369 -12
447 4
387 0
375 -8
451 -14
434 16
470 2
364 -4
418 -1
397 12
330 -8
331 -17
437 -10
443 -16
434 -6
499 -6
391 15
255 2
366 2
432 -4
378 11
483 5
490 3
450 7
292 6
300 4
269 -1
418 4
368 22
399 0
330 1
625 3
375 -4
410 12
407 7
379 2
359 -12
541 8
427 9
402 -22
356 0
424 -15
432 0
298 15
321 3
428 -22
479 0
450 12
429 7
363 14
378 0
382 -5
446 0
390 -4
400 0
460 1
400 -13
359 -9
431 -10
364 -11
419 6
471 -12
345 8
407 9
408 8
468 -12
414 9
438 0
417 -8
406 18
281 8
412 -10
401 -14
406 -2
394 -1
376 -3
363 -3
391 -1
352 1
476 1
477 1
437 5
425 0
464 0
358 3
425 7
427 -2
493 13
479 -1
352 -5
357 1
345 1
342 3
320 1
318 16
397 9
434 11
413 0
374 9
405 -1
312 0
418 5
350 0
424 0
432 0
328 -5
421 -3
390 5
454 4
441 -4
367 5
349 0
401 -6
428 6
436 1
416 -14
446 3
440 15
351 0
386 -4
433 0
461 3
493 4
455 -8
389 -1
374 5
387 -1
320 5
365 0
479 1
376 -3
385 18
480 -8
380 -2
330 -6
427 3
431 -12
476 1
402 21
429 0
362 -3
396 -1
389 -2
415 -6
442 -1
389 2
457 4
478 0
391 -8
480 3
383 -1
411 -8
368 -5
304 11
453 2
455 -1
323 -5
484 0
375 -9
410 6
404 -4
406 -4
450 -5
429 1
482 -2
398 5
413 14
379 -17
349 9
419 1
334 16
389 -15
379 -5
394 2
488 -3
426 4
358 0
424 -20
389 -4
424 9
427 -12
393 0
428 -9
433 11
489 -14
336 3
404 4
403 -2
385 -7
443 13
357 -17
470 -8
254 14
345 -10
396 -12
312 -4
412 5
357 -1
439 18
299 -15
469 -16
436 -9
252 7
371 8
461 -2
437 15
468 -16
392 0
421 -4
353 -12
443 -7
257 0
374 8
389 -3
453 -13
401 7
423 -6
441 6
386 -13
410 5
382 0
414 -13
483 5
401 -4
459 -8
344 4
449 -9
354 8
350 0
386 1
411 -11
407 -13
390 -8
397 11
382 3
369 3
317 0
454 -4
492 0
352 3
355 5
427 -2
428 -2
368 0
373 1
432 -6
489 -2
443 13
488 8
404 -3
365 -4
249 0
400 3
364 -11
352 0
387 -8
464 -9
460 2
334 5
408 -2
419 7
424 0
402 7
496 -5
456 -1
412 -1
444 4
389 -3
358 6
352 5
366 5
370 -3
449 -2
481 9
434 0
428 -12
359 3
341 0
350 -2
437 5
334 -1
468 -4
461 -4
431 1
353 -1
307 -1
431 13
404 4
391 9
445 0
436 -9
442 -8
368 6
379 -8
388 6
385 -1
330 9
439 -15
347 -1
403 7
374 0
303 0
367 1
423 1
433 -8
384 0
393 -4
418 4
491 3
450 4
336 -4
286 7
407 2
347 -7
444 -1
356 11
409 3
362 5
398 0
347 2
407 -2
406 -5
384 -5
406 1
513 1
406 4
360 6
356 1
447 6
457 -1
390 0
478 8
420 8
477 -15
312 17
377 7
299 12
422 -1
432 -1
474 -20
406 -2
446 12
465 -3
410 13
402 12
351 9
394 15
383 -17
373 9
413 -9
441 -1
464 -3
381 -3
285 -1
359 -10
367 -10
418 7
423 0
406 -5
360 9
352 -10
390 3
429 0
474 2
478 12
397 4
452 -11
467 -19
239 7
349 3
333 16
323 -10
419 2
386 0
396 -11
441 -9
391 12
405 6
428 15
396 6
492 12
481 -1
395 6
395 18
461 8
303 0
370 9
352 6
421 -8
322 -20
392 -6
359 9
272 3
434 9
342 11
383 19
350 -6
415 5
379 -8
438 3
439 4
318 -8
382 -7
426 -1
410 14
424 9
422 0
441 4
441 4
405 2
403 14
310 3
395 4
422 3
414 -11
364 12
516 -18
373 0
256 4
282 4
335 9
399 11
445 -13
389 -3
374 -10
422 -4
463 4
396 -9
472 0
465 -5
343 -7
362 -13
422 -3
381 -2
250 -2
353 -3
367 -2
405 4
381 13
367 1
363 -5
411 -9
402 -4
357 -3
375 -4
388 -6
357 7
446 3
443 -2
423 -1
414 -3
427 -3
376 -6
254 0
379 9
474 3
397 -2
389 -9
406 0
369 18
395 7
330 -1
390 -6
393 -2
430 -13
354 -7
399 -4
436 -2
413 2
406 4
564 1
139 0
304 1
404 8
381 -1
424 -5
466 5
327 -1
326 4
294 3
337 2
428 13
511 5
394 -5
381 4
380 -5
364 -11
297 0
384 -1
416 5
425 0
426 -9
374 15
366 9
386 3
372 5
404 2
374 0
395 -6
468 -4
356 -10
470 -4
360 8
342 11
306 3
391 3
396 0
430 -6
393 0
322 -3
334 1
261 0
339 8
366 2
379 -6
400 -7
423 -3
395 13
446 -1
429 -4
347 2
372 -1
409 1
418 12
386 7
432 7
392 1
344 6
300 9
387 3
448 8
423 7
404 4
475 -1
386 -13
382 14
309 2
413 13
376 11
407 -8
380 -10
346 -1
319 -4
322 -11
339 -6
279 12
333 -4
470 -14
392 0
327 -2
407 2
347 3
246 3
237 -14
365 7
373 -1
399 16
344 3
406 -9
449 1
389 6
346 6
334 -4
422 3
391 3
445 7
472 -5
363 -10
338 -9
360 -4
370 11
396 17
345 3
396 -6
432 2
398 8
369 0
380 -8
417 15
301 -3
357 7
392 -5
357 -8
370 -7
251 -8
434 9
344 -14
375 -18
342 4
403 11
439 14
416 3
428 -2
427 0
393 8
388 -11
387 1
437 4
257 -17
434 -6
403 0
312 -13
318 -16
346 -5
366 5
344 8
537 3
375 -2
377 12
409 0
371 9
377 -1
424 -5
336 -3
405 -3
414 4
304 0
463 4
463 0
339 0
296 -5
405 1
361 0
376 2
397 -2
363 9
327 -7
470 5
407 -6
329 -8
290 0
428 -6
412 8
398 -2
408 4
314 -7
308 5
352 1
447 0
413 9
369 2
359 0
453 5
354 6
365 -6
322 -2
401 -5
315 -1
397 1
327 4
458 -5
436 -1
328 0
356 4
281 0
357 2
409 2
252 9
482 1
338 4
408 -8
336 -1
404 -10
222 -7
425 7
466 0
472 -4
340 -1
294 0
398 -2
460 2
443 -9
312 -2
372 -3
244 11
359 8
370 0
409 2
345 3
311 -8
429 0
446 0
340 -8
407 1
390 -17
438 3
375 -3
344 -7
390 17
318 8
404 -3
391 5
341 4
408 5
389 -5
297 -1
327 4
336 3
340 3
417 -3
289 0
434 -7
454 5
406 6
426 8
403 9
364 1
382 5
422 -6
451 3
358 -5
345 7
265 0
289 8
261 0
401 -27
421 -6
470 8
506 -9
390 0
339 18
307 -6
397 -6
411 4
410 -1
399 15
411 -2
447 -8
361 16
275 -12
328 13
333 2
412 -16
423 0
301 -4
378 -24
366 0
351 4
350 12
495 2
459 18
308 17
436 6
348 3
403 3
402 -9
318 11
377 5
352 -5
433 1
425 11
381 -19
417 -15
357 4
371 8
370 8
401 0
353 5
430 -10
363 1
357 0
443 3
303 9
368 2
343 8
377 3
388 -13
411 7
415 3
350 -8
388 4
295 -5
270 -2
389 -3
399 0
427 -5
382 -6
317 9
375 0
365 4
408 0
404 2
402 -12
322 4
315 1
338 0
379 3
448 -10
348 2
332 0
420 -1
361 0
420 5
263 6
348 9
416 -9
394 0
377 -4
350 -6
443 2
398 6
350 2
319 -5
324 -9
340 3
277 5
422 3
471 0
325 18
402 -3
398 1
310 0
235 0
330 5
401 5
320 8
387 -2
444 -2
412 3
373 -1
341 -1
342 8
312 0
387 4
428 -5
303 -1
365 -4
402 8
416 -2
402 -3
368 0
311 7
356 2
213 -3
413 -4
350 11
380 5
330 2
371 5
344 11
409 9
350 4
405 1
386 -7
390 1
329 7
318 3
269 9
439 5
286 2
351 -4
414 -8
320 0
312 11
315 8
287 0
382 11
399 -2
329 -8
388 2
400 -1
410 12
445 -4
391 4
339 0
371 -2
381 -9
494 2
385 0
366 13
412 -1
344 1
332 -2
245 2
347 3
360 -4
353 1
421 -8
291 0
368 -3
287 0
379 4
400 17
416 7
388 0
360 2
337 11
360 4
319 -9
293 16
399 0
460 16
409 6
373 13
374 0
380 -5
343 2
328 1
340 6
365 3
330 -4
370 -10
350 9
278 9
369 14
407 4
358 -10
334 -4
373 0
413 -4
411 14
364 4
186 -17
353 -7
327 6
320 17
378 9
435 2
350 1
384 -9
490 -1
272 8
375 14
409 6
422 1
402 -9
353 2
300 13
415 6
295 1
374 12
385 12
338 8
368 9
326 -19
377 9
397 -16
367 3
347 2
276 -4
457 0
440 4
366 -7
470 6
383 9
380 4
312 5
405 3
392 -6
331 5
429 -8
312 4
354 8
374 -3
372 -4
378 -7
366 -6
434 12
360 11
374 0
402 -10
256 1
275 4
313 -12
351 0
364 0
409 3
412 -4
405 6
342 -4
299 -2
371 -3
390 -7
319 6
461 -8
431 1
428 0
280 11
394 3
274 -5
312 0
298 3
420 5
347 -3
388 -5
405 0
375 -4
324 -2
255 -3
288 1
358 1
377 0
303 8
400 4
373 5
402 -4
336 -5
259 -7
318 7
403 2
282 -12
397 1
376 6
262 2
234 -9
412 0
293 9
379 0
404 1
383 3
378 4
306 0
332 -8
423 -3
326 2
349 1
349 -6
233 -2
296 0
356 -2
337 -1
380 7
278 4
322 8
383 -1
283 -4
381 5
405 6
399 -10
343 -3
349 -4
349 3
386 4
439 12
395 1
347 4
364 -3
301 1
325 -4
357 -9
343 -4
347 -2
435 6
369 2
384 16
314 0
337 1
293 -5
287 -8
339 2
388 -3
363 8
328 0
411 0
438 3
363 -6
385 -2
369 14
364 2
303 7
246 0
324 2
427 -2
389 9
298 0
326 16
338 9
267 0
408 8
435 7
442 3
343 -15
371 2
319 5
277 1
345 3
325 -4
413 2
369 6
375 7
348 5
393 -5
307 0
296 11
418 12
475 9
342 -1
354 -6
396 -8
269 -15
249 -9
357 -3
349 0
363 -2
315 11
332 4
336 11
377 -9
334 -12
317 3
357 1
247 -3
232 -13
421 4
399 2
427 1
352 3
400 0
270 4
347 -4
329 -19
369 7
463 4
336 5
322 1
287 5
262 9
356 7
387 18
397 0
403 6
346 3
376 5
300 -25
315 0
215 0
310 -6
402 -18
359 17
360 7
352 -2
278 -24
304 3
375 -8
355 4
474 11
382 6
309 0
325 -19
436 -27
373 8
316 24
354 -2
303 7
352 -4
405 -8
288 14
324 -4
343 7
336 -4
382 -14
368 8
269 7
405 0
388 -21
398 2
363 -10
387 7
321 0
341 5
385 0
274 0
328 5
328 -1
348 -4
283 -2
361 -8
248 -4
383 3
363 3
444 2
383 0
229 3
298 0
314 -3
435 1
316 1
380 0
375 1
310 1
295 0
332 -4
310 1
240 0
374 3
231 -2
379 2
329 -2
422 -16
368 -7
275 -2
243 0
399 4
317 -12
276 0
397 0
406 -1
203 17
316 1
406 0
303 -3
410 5
395 3
427 0
423 -2
366 0
279 3
232 -3
339 11
336 -1
406 14
336 5
398 -11
421 3
324 0
368 -9
322 -3
360 0
437 -2
335 9
297 5
357 -3
383 4
351 -5
241 0
307 1
309 3
348 8
345 1
348 -3
399 3
357 -1
361 -1
279 9
381 3
452 9
404 -4
407 -8
365 7
455 -8
319 -1
193 8
350 1
390 0
369 7
331 -2
319 -1
343 -1
233 1
328 -5
335 5
404 1
506 0
305 -2
295 3
351 2
332 8
347 -4
366 -1
215 18
343 -3
412 8
387 4
288 8
333 2
342 1
339 -5
349 0
431 -11
362 4
349 -6
382 0
348 13
232 -4
297 13
325 8
385 -16
337 -4
359 8
338 8
330 4
336 7
331 -6
311 4
362 -6
405 2
319 -1
428 1
366 -6
312 6
272 -6
335 3
300 -7
331 -14
334 2
356 -4
332 1
312 12
323 -4
317 22
312 1
333 -6
276 -13
370 7
351 -14
334 6
252 17
379 -7
336 3
313 -4
369 -15
373 -23
338 -10
339 0
319 -6
291 -3
283 -7
325 -19
411 12
284 -8
385 -1
359 4
323 7
328 -1
381 2
320 5
301 -6
357 -2
384 -8
367 5
372 9
345 -10
321 3
247 7
322 -7
294 8
433 -18
402 -2
271 -7
358 9
274 2
209 -11
321 0
381 4
342 -11
476 -3
413 -2
330 -11
212 1
371 0
310 7
369 -5
323 5
380 4
327 1
383 -10
331 1
293 1
328 2
290 4
351 -5
277 -2
338 9
340 -7
405 5
241 16
296 1
356 5
296 -14
370 -3
300 -1
476 -4
412 0
311 2
374 7
288 12
360 7
345 -2
369 8
340 0
304 5
401 1
269 8
350 -1
303 0
328 23
316 -6
295 -6
400 0
353 -11
348 -8
336 0
289 1
293 0
338 4
389 -6
424 -1
407 9
227 -1
346 3
417 2
239 6
341 4
277 -9
301 0
274 -6
379 4
405 8
236 6
325 1
350 -3
353 -1
376 7
328 5
348 3
338 0
397 2
234 -1
246 0
301 0
379 -3
325 2
400 1
359 5
439 -6
387 0
323 5
327 2
359 -5
333 8
379 -5
306 -1
301 -4
237 5
221 15
394 0
341 -1
314 7
293 -1
414 13
249 0
382 9
316 11
310 -3
289 1
360 -1
327 -9
390 -4
402 -13
311 11
295 -10
264 4
291 -7
393 17
346 2
325 0
348 -1
327 14
353 3
352 -1
347 -17
278 0
367 -4
349 8
344 4
265 -1
368 5
343 -8
241 5
292 -15
322 -3
420 4
408 -18
271 -4
312 -6
369 11
287 2
314 7
325 16
330 -6
364 -7
370 -12
374 0
352 2
381 0
313 17
272 1
339 -14
311 -3
245 -3
342 -11
373 -5
269 -2
344 18
264 -12
272 6
355 2
307 -6
369 -2
387 -4
313 -13
283 -4
364 -7
321 1
297 9
368 -6
331 -10
326 8
368 -14
258 1
313 -9
285 4
341 -18
301 12
411 0
252 -16
290 -13
288 -6
280 12
323 -8
349 1
505 9
237 -7
335 8
299 -4
337 0
316 -7
291 -2
305 -8
388 4
447 4
416 -8
300 -15
327 -3
298 0
330 14
307 2
410 3
285 -6
296 -9
263 -1
276 7
245 2
281 3
322 1
448 -4
364 0
405 -2
360 -2
326 -9
238 -4
282 14
301 7
299 0
303 0
252 0
315 -1
349 -6
413 0
281 -6
296 -8
222 4
425 0
330 13
322 5
373 -4
394 0
275 0
287 0
330 -8
309 -12
288 12
358 5
438 5
250 2
326 0
280 4
307 5
216 -1
346 -5
327 11
381 1
366 5
218 11
303 -4
215 0
276 4
351 12
396 -8
366 8
327 1
295 12
270 6
322 -4
317 11
319 -9
255 -3
371 0
271 4
367 0
407 13
366 0
313 -3
363 -11
328 16
394 -2
268 8
312 11
285 11
357 1
313 -4
364 12
297 -5
273 -9
267 1
306 0
342 6
342 7
369 -9
425 5
293 1
278 9
288 7
371 16
363 -12
359 -10
347 6
295 -17
317 -3
340 0
291 5
320 2
327 4
345 4
318 0
343 -11
362 6
328 0
315 -4
267 -18
345 -3
293 0
397 11
320 5
314 6
272 18
217 4
259 15
340 -6
331 16
344 -8
377 7
338 5
367 -15
350 2
243 3
306 0
343 -2
318 -6
332 18
316 -4
336 2
323 -5
374 -6
270 7
315 9
359 6
295 11
488 5
299 0
395 5
292 4
293 -4
312 12
309 17
340 -12
