92 -6
4 -10
54 12
-137 -2
-126 0
-84 -2
45 -8
60 5
7 4
-61 0
-233 -1
-31 1
40 0
182 8
-77 1
-237 -3
-180 0
121 2
108 2
86 0
112 -9
-140 15
-148 -1
-8 -3
-29 3
-105 0
-24 12
18 -5
41 7
-59 -10
-194 -7
23 4
135 -3
-20 1
-13 17
-41 6
-155 2
71 9
-4 4
-45 0
-205 -3
78 0
-95 -3
111 5
-35 0
-74 6
-77 8
21 3
65 20
-86 -8
-74 7
67 -4
220 4
-73 -14
-183 -17
-101 -8
11 -2
58 -10
-222 8
-15 -22
4 -6
-45 -5
427 6
-316 -13
-116 0
44 18
-15 6
-180 -3
76 -6
109 0
-139 -4
-258 2
86 -7
-19 2
-4 1
78 14
82 12
153 -1
35 -11
-44 -16
-112 14
1 19
-89 -1
-49 2
-16 2
-114 17
-19 -7
82 9
150 7
-85 -5
-258 1
171 -3
-11 0
18 5
-91 -6
-53 8
143 8
135 12
95 8
-35 0
-428 -2
-264 -3
-96 -6
43 -4
18 6
-91 14
-124 14
63 7
143 -17
43 3
27 17
161 6
70 -3
-149 5
-211 4
-80 0
-40 0
22 -2
3 -5
131 1
-30 -3
-20 0
59 3
96 3
5 3
-118 -3
9 -8
-7 -8
65 -2
172 0
-135 0
-206 7
56 -1
55 -10
69 6
137 2
110 3
5 -2
-47 7
-41 5
-23 -1
-110 12
-147 2
-88 0
-24 -7
45 -1
46 7
43 15
7 0
18 0
-175 -11
-98 7
49 -3
24 -6
-3 -2
158 4
40 4
-140 1
-78 9
41 -3
-88 0
58 -8
-66 8
20 -3
-32 -9
-51 4
106 2
89 9
6 -7
-96 -13
47 0
19 2
0 9
-54 -2
21 7
19 0
-114 4
-245 -12
9 12
214 -2
183 7
7 23
-390 -8
-152 -3
195 6
61 -8
-65 -4
-55 0
152 -7
142 0
-61 -2
-80 -16
39 -10
80 0
-109 -10
-138 -2
-215 -7
110 2
60 7
60 -1
90 5
9 0
-67 11
21 -8
54 -9
78 -10
-31 6
-57 -6
-144 -7
-32 -2
-101 -7
41 -15
177 -2
135 24
-40 -8
22 -9
66 -4
-124 2
-10 -6
80 8
41 12
119 2
-5 -24
46 -8
0 -8
-183 -4
-25 -4
180 3
127 -18
35 -7
127 -12
-124 -7
-102 22
182 1
-44 -17
-133 -6
-17 -4
113 1
23 19
128 -5
-26 -13
88 -11
13 0
-169 1
-24 0
8 -18
145 1
-87 5
-28 -19
-47 -12
-14 8
13 6
22 -11
173 8
210 8
-25 7
-243 -1
-64 -4
-120 -8
324 -9
439 6
-159 6
-393 4
-44 -2
79 -12
90 -6
-118 -23
-4 2
114 2
-101 6
-177 -4
54 -1
246 0
254 0
-17 4
-33 -6
-161 -2
-62 -3
81 -5
79 1
65 13
50 11
77 -3
-179 -1
-132 2
277 -4
56 -1
-303 2
-141 3
134 8
92 1
27 0
1 30
-9 1
15 5
-27 11
68 -9
229 8
85 -16
-277 -23
-278 -1
7 -2
-12 4
-137 -1
147 -9
185 -13
220 -4
102 6
-24 -1
-92 8
-137 7
108 0
238 0
-11 20
-177 -4
-243 12
142 -7
437 -1
131 7
-268 8
-88 -2
151 -17
186 6
-104 -3
-93 2
-11 2
125 0
64 3
-84 0
64 15
-104 1
63 -1
69 0
16 -6
-104 2
67 -20
-28 -13
33 0
-150 3
106 8
111 11
188 0
-157 -19
-155 -7
-7 0
107 12
152 2
236 8
76 12
-204 14
-14 -5
-72 2
0 6
-40 3
76 3
151 -7
-42 5
-210 -2
81 1
16 7
-17 -3
157 18
-211 3
-75 -9
89 -16
132 13
209 7
96 20
24 -10
-121 3
-79 7
250 -7
-81 -10
-111 17
31 13
158 7
232 16
-211 -3
-50 8
349 9
-7 5
-465 -16
-193 7
39 -6
13 4
51 12
38 -2
-26 6
306 17
-23 -2
-104 -3
-68 9
69 -10
94 7
-205 9
-96 1
67 1
12 -11
8 -2
81 -5
37 11
176 13
-235 3
-176 -16
36 0
147 0
-79 9
63 1
139 -3
28 -18
203 7
-105 1
-212 -2
-144 2
155 1
115 13
-101 2
-63 3
127 -6
-17 3
-67 -7
80 1
-31 0
28 5
179 11
-121 -9
-3 15
-57 -4
-131 9
-1 -5
35 0
-9 0
158 0
-20 3
45 5
-83 14
27 5
-115 12
59 -11
68 12
4 2
-328 -8
-33 1
151 0
144 5
-101 0
-30 -13
-97 -3
83 0
28 9
179 1
-6 -2
5 0
196 3
-8 4
-166 -1
6 11
247 4
-255 -2
-229 2
83 4
151 -9
-32 2
54 6
37 -3
236 -3
71 5
-232 1
-40 -8
237 -5
184 -4
-219 2
-401 6
102 4
-41 -1
91 -2
106 1
59 -4
99 1
209 2
-85 22
-225 -3
56 3
180 5
108 2
-244 -22
-208 3
-3 -1
43 5
73 -1
0 -8
-26 -12
-83 15
-7 9
66 8
14 -13
74 1
-253 -17
-43 -3
3 14
-17 2
64 -4
14 0
53 -4
68 8
15 21
133 4
-108 -10
-206 -15
156 2
135 -14
-108 6
-496 16
88 19
253 3
61 -13
-16 -12
-50 0
-27 3
113 4
152 11
76 -3
64 -7
-105 -5
-137 -6
-44 8
156 -3
19 -6
1 -5
108 0
6 -6
-64 -17
-294 12
18 -7
62 14
149 15
14 -9
54 6
111 8
-57 0
-360 1
-173 0
206 -5
233 -1
174 -1
-78 -3
-303 -9
-121 -2
167 22
213 21
241 -4
125 3
-187 -12
-211 -2
2 17
-18 14
-60 1
81 -2
50 3
194 12
62 -11
-197 1
-2 -5
113 6
24 -6
-37 1
-36 11
22 -6
45 -11
-144 -3
-16 -3
103 2
-55 19
1 -7
-58 -7
-6 -1
83 1
24 4
-117 -11
19 13
207 -2
342 -11
333 0
-387 0
-1125 -6
136 -3
319 -7
67 0
19 -1
31 -9
-47 1
30 15
155 -3
231 5
259 -2
-72 -3
-309 -5
-104 0
91 -3
62 -7
-26 8
14 6
-1 -5
166 13
125 8
-33 7
-124 -2
-149 -5
37 0
59 5
-141 -2
-66 2
331 5
111 8
-317 0
-272 5
209 -1
48 -4
36 -3
-1 -9
-85 9
34 20
168 0
64 -15
-238 0
-105 -6
146 5
82 4
65 7
28 3
64 -5
61 -5
-167 -14
-105 -14
215 7
45 20
-121 -3
-81 -10
6 -3
101 -5
-146 -7
-110 20
297 -12
232 0
-161 -10
-265 -9
-89 -11
103 0
0 -5
-113 5
117 0
-86 -10
-136 0
199 -1
199 -16
-417 12
-358 18
312 4
196 -9
-257 -16
-356 8
107 -3
202 -12
191 9
318 -13
176 14
-66 6
-335 -9
-194 -9
207 -9
42 -1
255 20
-64 18
-150 -5
-158 2
-5 -37
102 -23
327 21
79 81
-90 4
-35 -37
-26 16
-2 40
-24 32
0 -40
13 -105
118 -158
-39 72
-62 107
84 56
44 63
-181 16
141 -66
-2 -48
-116 88
-238 44
93 -20
219 -86
11 -149
-48 -37
-51 50
59 -24
-99 11
28 14
101 102
20 -15
47 -44
-67 -32
-4 16
92 7
23 65
-33 0
-162 -101
17 -16
194 54
39 172
-2 -69
-53 -94
34 -90
114 50
42 173
-149 -7
-6 -153
349 -70
216 39
-132 164
-715 58
-333 -117
42 -60
124 60
207 93
-3 20
-167 -85
-95 -44
62 17
18 -85
75 38
-53 -10
32 80
0 28
-250 -64
-86 -18
165 0
54 51
-149 -45
-13 -56
83 33
162 43
174 15
-78 -101
-86 -30
-77 97
67 46
21 -11
-44 -11
-51 -27
-53 45
97 -13
25 -63
8 -7
-2 22
27 -13
18 22
-243 24
161 -44
199 -124
88 -13
36 154
-4 44
-176 -38
-456 9
68 41
212 20
106 -5
-54 -17
39 6
46 -43
72 0
15 -29
-44 21
13 34
-70 25
12 -43
61 31
92 36
-94 -13
-159 -18
-165 -13
170 -56
233 -89
104 92
-40 119
-80 -37
-51 -33
68 -3
80 -20
-160 13
-121 18
3 15
73 -73
139 -17
-35 87
134 4
-4 -7
-56 -4
20 -9
-342 -6
-59 -34
-7 -108
223 21
75 183
-88 2
-72 -32
85 -51
168 11
315 26
-14 -22
-27 -48
-29 52
55 55
21 -3
41 -5
45 -55
129 -30
25 47
125 37
-19 -10
16 -28
-172 23
9 -72
-141 68
32 0
301 -29
270 23
129 37
3 -44
80 36
-4 1
167 -11
87 -101
-231 -40
-203 129
-107 64
116 6
192 -31
171 -38
-95 0
85 41
-333 -34
-362 -19
66 -32
359 -46
92 8
-41 167
-319 -57
243 -50
234 11
59 -19
-168 -30
215 67
218 -5
-125 -28
145 22
128 -30
-137 57
-263 75
48 -22
511 -78
-62 16
-491 49
34 -33
210 -28
85 -34
103 61
44 18
-72 42
243 18
234 -44
-101 3
-314 -1
50 28
212 -82
0 -46
27 4
-85 50
-193 51
28 -49
131 -4
135 3
32 -9
50 77
-276 -49
39 -41
155 -2
-36 -40
-102 2
76 24
-54 9
109 -9
53 -11
15 -3
-76 -20
3 -28
308 -48
-18 37
184 72
38 -2
-367 -16
65 -49
44 -34
156 111
200 -60
-181 -84
-256 142
-54 -11
406 6
181 -31
-178 22
23 -3
252 27
56 -30
-200 -43
-66 25
166 -20
-176 -14
95 -5
253 17
386 49
-111 60
-512 -47
-365 -66
296 23
357 15
-50 -64
-179 23
95 12
14 51
-145 6
32 -24
98 -20
52 -50
98 9
-20 49
62 25
9 -20
-58 -10
-75 36
85 52
-19 -33
133 -63
79 -20
-2 25
-28 18
159 -8
-188 -59
-109 -31
81 57
152 5
189 14
-93 -1
-264 13
-29 49
28 -36
95 -57
122 -32
-333 -14
27 104
129 54
194 -55
19 -12
-165 13
-107 21
183 -7
150 -59
-36 -27
-15 18
149 76
-239 0
38 24
110 -33
-27 -18
-235 0
32 -40
195 -60
260 33
-52 37
-167 -3
-103 56
84 3
229 -64
140 15
71 76
-226 -26
-62 2
141 -2
-83 -7
-3 3
102 -74
31 17
-19 22
31 24
99 -14
136 51
-101 -4
29 -20
-119 -2
63 -34
102 48
-167 69
49 -12
-35 -64
77 14
124 89
-51 5
-115 -10
-1 -33
274 -68
53 -16
-89 -24
-61 107
-6 21
-112 14
-151 -33
276 -3
189 -10
46 -17
122 31
51 -32
-186 -24
-2 69
203 -11
25 9
-74 90
-52 -8
-154 42
9 -88
112 0
48 0
198 -3
141 12
-173 -7
-25 -17
23 2
-29 50
87 13
17 -32
-100 -55
86 56
15 49
147 -52
215 14
168 -18
-65 57
-137 64
-37 -18
-26 -91
130 37
-73 20
58 -80
246 -1
239 38
-368 -5
-312 4
118 42
54 -80
150 -22
89 5
13 46
5 -1
270 -32
-45 26
-55 -9
85 44
125 -30
194 6
-131 -52
-128 -34
44 60
215 -56
103 25
-38 -14
-188 -22
-150 95
103 58
50 -13
-128 -44
65 -11
154 19
71 -38
102 5
24 -65
316 1
-107 96
-234 -18
-6 0
25 -17
8 14
-10 -9
17 -48
63 0
153 29
62 -37
110 17
-141 77
83 23
-57 -33
7 23
101 40
183 -3
214 -68
-70 -90
-191 59
74 20
-27 -27
155 11
106 114
-210 -15
-288 -36
162 -59
153 -5
111 67
-31 -52
91 -7
-96 -32
6 -9
175 74
109 -29
-75 9
130 40
166 -30
88 -4
-230 -35
-201 -3
-37 22
364 -6
154 -73
-166 61
-218 69
-144 11
27 -17
182 -1
148 39
183 -5
24 -14
40 1
23 -18
39 -20
66 8
14 -56
24 8
-93 132
-31 -6
59 -16
25 -21
-7 1
-76 -15
143 43
263 3
-12 -77
-167 14
88 88
136 5
126 -18
-138 -1
-94 -4
-57 -28
-204 2
122 16
501 -71
240 -55
61 80
-174 81
-151 -9
-14 -15
197 -21
269 15
-65 11
5 -11
181 -55
40 13
-251 -12
-15 -16
256 4
-212 19
-282 21
51 -13
106 3
201 52
108 -26
1 -17
-138 -20
92 -3
200 18
195 -9
6 -34
134 16
38 4
-288 -18
-70 -17
-47 48
243 33
125 -6
85 -10
-182 -21
-322 69
71 8
182 -58
45 -28
-17 -39
181 61
184 38
54 -17
20 12
-138 33
99 2
110 -33
20 -66
58 37
-276 38
-211 11
49 -46
301 -51
134 6
-18 84
-145 36
-121 -18
169 -28
44 -15
-1 -4
-140 -47
52 -26
96 65
-52 129
56 -50
-32 -20
62 4
244 12
130 13
-124 -59
3 -35
99 16
53 -22
-186 96
-262 -1
220 -37
198 -17
54 -6
21 24
-538 39
3 -30
318 -25
373 -28
-14 -7
-212 -29
-144 -12
8 38
120 -11
141 1
146 30
-139 91
16 -41
285 -71
58 -3
-65 29
55 -1
122 5
-71 -19
-64 -24
-43 59
0 1
368 -5
406 25
-58 -50
-753 68
102 45
488 -61
-209 -84
-174 -10
97 75
152 -38
243 -18
-118 48
-174 -15
506 -44
97 26
-208 7
-249 -11
112 51
-96 -16
-65 -54
104 -23
58 28
156 11
72 -24
340 -3
270 46
57 -17
-95 17
80 17
-105 -21
-417 -5
212 -35
360 13
34 61
-171 -92
-63 -38
-54 49
99 68
17 3
107 -41
60 -9
86 68
33 58
-39 -57
-41 -72
85 -6
95 53
-78 24
6 -15
-116 -22
28 -15
-20 -8
94 -7
-118 -24
29 -4
305 68
-47 3
-77 -15
-91 -30
141 -14
-29 43
155 31
405 -36
-328 -11
-1029 -17
-159 57
720 11
132 7
-142 -12
11 50
17 52
158 -33
425 6
134 17
65 -26
98 -2
152 -17
-120 -38
-331 -22
24 25
0 106
38 104
177 -86
229 -37
34 -25
-49 67
-52 23
21 -14
-162 -19
13 -59
149 -40
-101 64
28 17
12 4
-16 -6
-266 -17
233 1
147 -26
187 18
5 44
-330 -43
-254 -48
203 86
293 8
11 -50
-268 43
27 38
75 30
193 -30
273 -28
-41 14
-156 26
45 3
13 -36
-130 -39
144 50
237 47
55 -13
-388 -76
-336 88
549 52
398 -29
-328 -13
-559 -21
22 25
395 23
118 -7
48 -18
125 -1
152 -29
-253 2
42 -34
151 38
-66 -25
68 -53
373 -19
215 -16
-501 56
-264 33
206 18
111 -21
74 -23
-15 7
28 34
-4 36
9 -56
-9 -1
19 9
166 -92
66 121
-33 90
-114 -40
162 -69
245 55
-177 -22
-417 -15
-329 3
303 5
300 54
-45 -9
-15 -12
108 -39
68 36
-140 37
5 -22
187 -44
148 8
135 8
-59 19
-217 41
-85 -33
110 -46
-25 4
363 77
9 -5
-466 -25
-218 -36
115 22
72 -5
104 12
192 28
-17 -21
-491 -19
114 19
487 -9
142 -34
61 -23
4 58
-143 -41
-85 -80
61 24
82 80
117 7
62 12
53 15
-164 0
-69 -18
-42 8
-232 -17
4 -27
101 -45
-94 20
148 -57
120 -47
53 167
5 58
-16 -50
-5 -28
-142 23
-151 -11
-60 32
194 -6
139 -40
-29 -5
-53 28
-81 8
-122 24
25 20
125 9
202 -28
148 -27
-176 -5
-91 -18
-97 -3
-11 101
-37 -1
249 -27
243 -2
122 -6
-124 -6
-202 16
-105 -65
181 5
218 -53
75 29
30 98
43 -8
86 -46
-207 64
-107 -20
320 12
308 25
-228 -30
-61 -38
-85 27
-204 -31
-107 -23
261 21
331 67
-156 88
-319 -34
169 -38
272 -21
271 13
234 -15
-320 -3
-290 33
198 -41
104 32
-286 25
25 23
299 -39
208 -77
1 -10
126 42
-119 74
-4 3
284 -80
176 23
12 33
-104 -17
-20 -23
-15 36
-3 -24
107 18
264 -7
-40 -41
-121 -21
33 64
122 9
18 -27
-27 4
-22 9
43 -4
69 1
124 -22
104 -18
73 39
226 -3
67 -4
-173 13
-179 -13
57 -36
451 0
431 73
-543 -55
-751 -32
344 47
474 51
131 -8
175 -37
-284 -37
-185 125
330 -27
190 -47
34 22
72 -4
254 0
82 -7
-453 -5
-124 4
310 -34
214 3
-71 22
-107 -6
125 -10
-11 -61
-103 76
223 20
88 -11
-198 -29
116 -35
-81 54
-49 8
98 -10
118 -53
-108 -33
74 67
78 24
300 -25
-40 -10
-291 25
-13 30
44 -37
55 -18
249 8
33 0
-295 0
-126 -37
330 -22
271 92
-383 -1
-205 -17
187 9
361 0
355 -33
134 4
-284 52
-494 -26
-145 -7
449 -32
180 -51
-129 68
-85 99
81 -12
143 -28
243 -24
55 -26
2 16
166 -6
123 -21
-68 -28
-85 59
-102 15
-122 -6
-65 14
107 -42
270 73
280 1
0 -34
2 9
58 -27
-46 -32
-67 36
165 24
-131 -39
46 5
89 -36
-225 70
-319 16
208 -26
186 -16
-60 -29
265 -14
338 -22
154 60
-322 -21
-325 -39
283 53
321 -73
39 28
-50 30
-280 -29
-310 3
162 -38
233 -19
302 92
85 -30
12 71
137 -34
-2 -11
-90 53
-76 -5
264 7
230 -26
-165 -39
-131 24
103 9
116 -30
15 -5
-15 22
6 2
2 133
38 -18
64 -61
14 -43
184 1
81 61
-147 -29
80 -48
-174 9
-244 83
335 5
66 -60
-95 5
183 52
235 9
8 -20
-197 -22
-18 -4
180 -25
229 -34
81 16
-276 33
-43 48
14 18
227 -13
189 4
86 -28
-27 -25
-335 19
-144 -81
116 11
197 45
9 7
-46 34
99 29
-15 -13
55 -20
239 14
64 40
77 -17
99 -70
181 -51
-427 38
-365 19
-141 71
409 1
334 -21
530 -39
98 13
-530 0
-395 11
631 48
-16 -24
-201 -8
0 -28
232 -11
41 58
-22 3
112 19
216 -5
73 2
209 -32
49 1
-20 55
-76 3
0 2
-16 -45
143 25
194 3
428 -34
-64 -25
-500 -49
-484 -44
244 187
127 101
-124 -38
-59 -53
77 -37
110 -5
129 8
203 5
163 -44
243 -21
-11 -3
-213 21
-206 12
-59 -25
-6 13
99 22
211 -42
162 -44
168 101
-261 -10
-43 -36
43 -6
114 17
-261 -14
72 -10
189 19
-28 -31
-278 17
-94 -62
183 23
130 11
58 57
216 34
164 -27
102 0
72 -22
-7 -29
-32 -49
93 -24
-107 52
-24 72
-130 28
-2 -49
121 -31
-6 -27
-7 37
249 40
-55 7
-155 -47
44 -27
118 -8
124 17
104 11
-99 -35
33 9
58 59
5 -47
-70 -10
-363 48
-153 -18
361 -7
261 37
-40 39
-28 -35
163 -90
160 -31
195 50
175 -65
-84 3
30 -57
65 -41
-38 106
-133 -22
-35 -63
136 -31
271 -39
221 -2
116 -2
-149 -42
-296 -77
57 -18
346 78
222 18
-312 -41
-539 -48
109 14
449 27
348 0
28 0
-192 -50
108 -93
300 46
371 -13
150 -37
-529 24
-419 -16
65 -18
384 8
171 -2
34 -41
-87 -39
69 -22
107 -28
107 -36
249 38
125 56
-58 -60
-26 -57
-124 -30
29 -15
-30 -64
96 37
103 89
33 -97
-20 -97
66 -9
74 53
-37 -7
-84 11
-37 4
63 -47
110 -50
86 27
447 -30
147 -52
-644 -21
-483 -21
123 20
354 79
196 -77
-28 -55
-134 -18
-89 -13
97 2
75 23
167 13
117 -101
238 -38
94 53
-49 40
-251 -16
-165 -82
197 0
37 14
155 18
178 -51
204 -35
37 -31
-440 -5
-118 -19
186 -10
255 -46
162 -22
45 34
-221 -15
24 16
147 -23
-63 -19
63 -79
6 -14
33 71
101 -48
240 -33
19 18
-17 -46
-161 -4
-106 -31
-99 17
115 -19
249 40
210 -1
14 -18
-11 -62
-205 -28
-174 51
237 -10
252 -59
144 -4
-194 36
33 -52
4 -54
0 56
88 -17
91 -4
237 -15
282 -73
-93 -35
-443 -5
74 103
210 -11
177 -94
135 -57
-28 36
369 51
75 -18
-295 -45
-121 -50
143 -73
-41 -22
-84 77
-5 59
94 -51
102 -51
191 -59
38 33
-33 -43
102 78
105 -59
15 -26
-27 -17
-2 -19
1 -37
12 29
169 -8
42 -18
0 11
66 -41
196 -79
78 -23
-242 69
-63 28
192 -24
157 -8
-202 -64
-232 -36
28 13
249 -83
74 -14
-67 26
99 15
317 -12
-62 -28
-315 22
-22 -55
301 19
104 -9
62 -20
-3 -56
-1 24
355 -29
145 -49
-147 54
-151 -9
-152 -68
242 -13
25 20
-27 -74
32 -66
15 -61
91 -65
214 -25
198 62
186 -28
211 -1
-111 -39
-128 -40
-136 -24
-19 12
78 30
18 -3
90 -63
132 -62
35 6
49 46
118 0
-44 -41
-214 -23
0 -18
30 -14
65 14
180 6
16 -71
-8 8
-20 18
-63 -45
161 11
231 -8
3 47
-140 -63
-144 -48
107 -31
80 -32
-99 65
154 0
194 -17
40 -30
-169 -88
353 -34
150 15
-411 39
-319 34
154 -49
13 -62
6 -27
132 0
142 11
107 -33
149 4
182 -35
94 -5
88 -12
32 -29
-46 -30
-119 33
-21 47
100 -36
127 -55
51 -62
51 27
6 -15
-125 -37
207 -42
170 27
67 28
-243 -64
57 42
44 -23
50 -39
57 -10
66 -39
-222 -46
100 -39
255 87
20 -9
-25 -61
-120 22
106 8
71 -6
110 -29
115 -42
128 -12
32 -15
-164 -28
100 -14
-5 94
-44 2
8 -59
-31 -18
172 -24
187 -3
183 -14
54 -40
22 -37
16 30
124 14
-47 -31
144 6
34 -51
-45 -47
63 9
133 21
126 11
25 -21
-155 -37
191 -51
286 -21
-9 16
-59 -16
9 -5
125 72
65 -13
107 -26
249 -34
302 -25
56 -18
-112 -5
210 -19
303 -26
-117 -42
-347 12
-43 2
267 22
168 44
11 -35
19 -45
136 -33
-27 -42
199 13
195 0
255 -7
150 15
-100 -21
68 -29
-147 -1
57 -54
142 8
214 75
17 -20
28 -76
67 -65
61 -2
21 5
-54 0
105 50
50 -10
159 -57
165 -57
-172 7
-184 -25
72 -39
269 -47
83 28
41 58
0 -58
153 -45
-24 -29
84 33
209 -2
11 -15
-4 -9
-27 -31
-11 7
29 -27
107 -13
126 -47
95 -8
7 4
-191 28
123 -4
114 -43
41 -51
79 -22
17 69
133 -7
226 -11
-7 -35
140 -18
7 36
-36 0
138 -44
-19 -35
85 -76
71 -30
50 88
61 -4
229 -32
83 2
151 25
-98 -20
0 -35
-16 -24
124 -39
68 -30
-14 21
15 -66
89 -49
192 65
184 3
18 -24
84 -22
5 -31
69 -26
174 25
360 -18
-189 -61
-95 -33
115 -2
-38 19
-268 -5
153 -9
122 -6
13 34
72 -14
86 -39
130 -38
157 7
457 0
158 6
-140 -9
-10 21
143 -36
150 -39
296 0
-5 -34
-266 -34
275 -36
521 17
-108 9
-267 -20
103 -6
198 -8
172 8
8 -16
179 -23
74 3
-48 -77
-43 -99
175 96
100 61
21 -46
91 -31
-37 -32
98 -16
-34 11
70 -12
217 -51
18 -97
141 3
-44 149
-77 29
260 1
246 6
275 0
-427 -10
-323 -7
220 -15
355 -21
161 -32
-112 -87
107 29
156 25
14 -39
-21 -8
306 14
262 -9
-25 6
-231 -41
-71 -42
30 53
168 -49
81 -28
127 74
-17 -23
165 -45
72 0
163 4
257 -21
-133 -26
-304 -44
-134 -25
227 -20
293 -38
153 11
57 86
74 16
59 -48
7 -31
429 -37
140 -8
-338 -36
-256 -7
117 -39
204 -19
80 2
-32 38
55 26
202 -25
225 -21
163 -17
32 -19
193 -8
7 -37
-82 -29
11 -3
193 36
75 -1
-237 -14
-145 -11
359 -35
407 -27
-54 75
-333 23
-121 -91
242 -23
444 5
92 -15
74 28
349 -80
-9 -25
-671 0
-376 51
468 -33
364 -25
116 -18
-103 -38
-56 -13
81 -39
161 -12
331 -1
237 -64
4 8
-16 -47
11 64
16 22
-137 -37
-69 -42
187 -31
224 -19
207 0
189 1
0 -18
-116 -22
-249 -34
83 16
261 3
82 5
-67 -19
-45 -9
193 -6
149 -5
324 -14
76 -45
-423 -19
-165 -14
246 -1
271 -6
110 71
172 -26
45 -36
-278 -56
185 -33
238 30
27 -16
206 -39
437 -13
146 54
-227 -35
69 -41
-260 1
-279 11
83 -42
110 -18
250 -25
229 -59
-12 -3
-138 -64
72 24
473 97
161 -1
267 -47
495 -47
174 -20
-733 -22
-131 -17
904 -90
-45 -35
-423 20
-273 -31
-259 55
-401 -20
402 -5
929 11
941 -24
-433 -62
-1093 -33
-68 4
91 54
-596 12
1240 -72
1649 -35
414 -25
-1617 -21
-1601 -14
-675 4
359 -21
1503 -63
1649 15
41 -3
-1612 -23
-995 12
1010 -48
375 -16
1297 70
70 -17
-1614 -34
484 -16
1208 -51
928 -8
1649 -8
906 -20
-978 64
-1362 -23
-593 -54
1169 -21
1649 -36
-684 19
-1613 16
1197 -21
323 -47
-1442 -34
-1036 -39
636 34
