151 0
205 -9
170 27
109 18
381 2
227 -5
93 6
230 22
143 3
146 -14
179 9
143 1
151 -10
116 -6
201 9
70 -11
169 -8
222 -2
124 37
126 0
236 0
213 4
183 15
128 9
69 -2
135 17
264 3
98 -6
159 6
182 -12
140 26
190 1
177 6
183 -12
132 -16
212 -16
153 -20
219 -3
112 -7
292 2
178 -6
191 -15
194 0
172 5
150 -8
97 -18
202 -9
158 25
142 13
124 14
251 -1
165 -12
103 -5
185 -13
250 -4
166 5
173 6
124 -1
188 -2
130 11
132 -2
86 -1
157 -17
174 26
106 13
159 27
194 12
178 8
145 2
241 -9
182 0
145 -6
121 -11
57 -3
225 -11
201 25
211 23
219 -1
203 -11
200 3
161 29
91 5
121 1
71 12
148 -5
194 4
212 6
166 -12
219 -2
196 9
264 4
153 16
131 -20
190 -2
148 9
112 48
197 -9
182 -15
218 0
74 7
120 15
155 -13
149 -15
207 3
148 -2
154 23
178 12
121 4
164 3
195 -2
173 0
214 6
169 0
212 -23
213 5
100 -1
167 4
212 4
192 11
123 2
228 -5
168 0
197 -6
154 -8
131 0
131 3
92 -2
249 3
190 -3
192 7
171 -20
179 -1
98 14
165 17
236 1
226 1
130 2
207 -13
167 -3
194 4
141 1
149 -9
86 -13
294 -3
193 0
150 8
94 -7
231 -12
196 2
189 9
154 -3
80 -5
247 -9
219 4
226 -8
190 -3
218 -1
146 -4
188 6
128 6
162 6
191 -1
213 -4
231 -2
77 12
74 0
206 -4
159 -5
207 0
140 2
224 -1
241 -4
182 0
168 3
126 -2
94 -6
203 2
138 2
236 -12
188 2
167 7
152 -7
153 -10
236 1
155 -6
183 -11
199 5
227 4
134 4
147 4
73 -3
256 -1
91 5
191 9
185 0
198 -4
192 -14
235 4
164 4
87 1
123 13
206 -9
197 -8
167 -4
117 -1
175 7
150 1
156 6
215 -5
116 -2
138 -14
240 -4
183 6
197 8
121 -5
193 5
149 16
135 0
184 -8
185 4
112 -20
188 -7
167 11
207 2
71 11
151 4
207 -1
111 -24
250 -7
170 6
73 4
142 29
174 6
213 -16
108 -33
129 -12
100 0
189 6
228 4
166 9
174 -8
271 -5
220 -19
233 16
2 0
297 7
104 14
247 13
96 -7
267 -6
305 6
183 -2
136 -3
259 12
151 -11
66 0
77 -5
305 -9
189 -12
119 5
126 7
226 -1
67 2
183 -3
173 8
155 2
19 5
199 11
237 -6
172 -5
120 -2
70 21
131 9
235 14
80 -6
166 8
86 -11
250 -6
219 7
175 5
161 8
211 12
138 14
181 -4
140 -19
220 15
148 -7
199 -17
177 -1
144 -2
142 -1
82 3
111 1
213 2
80 9
145 2
316 2
182 0
268 7
18 0
204 -2
91 3
224 -6
180 0
122 -1
210 0
187 -1
200 0
130 -5
237 -19
191 -2
130 0
260 0
213 18
149 0
146 3
215 7
93 -1
111 0
257 -6
139 -3
239 6
150 -1
151 5
198 -6
113 0
213 22
206 -1
246 0
197 3
121 9
233 5
123 11
46 -1
122 -2
139 -7
135 8
182 4
256 7
190 -2
96 12
93 -3
138 -4
150 8
157 2
244 3
77 -5
124 -6
146 -3
147 -1
160 2
190 -2
199 -2
186 -4
120 7
253 11
204 6
121 7
112 0
42 -4
130 -5
179 5
222 1
132 7
208 4
158 25
126 1
89 7
80 -2
159 2
128 -4
214 7
156 4
180 11
165 1
46 0
193 0
167 14
223 5
130 14
190 0
151 0
147 -2
88 -3
150 4
144 1
182 0
229 5
219 11
221 9
160 5
111 7
57 -4
111 1
200 7
108 5
86 -7
168 9
51 7
135 -12
136 4
117 0
179 -2
165 17
161 -2
119 11
207 -9
82 1
74 -5
130 -3
145 0
143 6
166 -4
141 -9
174 1
127 2
108 -5
117 6
62 -14
206 -13
216 0
154 -4
170 0
111 -3
103 8
142 9
94 2
111 7
211 -18
169 6
121 -1
108 -1
124 3
121 -4
81 8
135 0
184 18
98 -8
132 -9
140 -8
184 -5
121 -15
53 -4
202 11
125 -7
202 1
138 9
13 5
64 -5
141 8
101 -11
93 8
146 -1
195 4
148 3
138 -14
48 -5
163 -8
154 -3
167 1
113 2
151 0
135 4
187 8
227 -2
210 0
126 -4
30 3
63 8
93 20
182 0
201 3
199 -14
105 -9
54 3
20 -2
120 1
101 -4
194 -4
219 -11
232 1
157 -3
180 4
116 -13
-3 6
174 0
116 -5
55 6
241 2
189 5
-18 1
108 1
165 -1
47 0
126 2
132 -1
137 -1
151 -2
153 0
69 9
96 0
141 0
94 4
190 0
94 -5
146 -7
225 2
102 -4
151 2
173 4
57 4
153 -2
155 -2
192 0
63 0
121 -10
98 4
111 -5
154 0
160 7
218 5
126 -7
47 -5
172 6
152 0
30 9
88 1
200 -1
134 2
155 3
165 6
171 -2
219 6
82 0
174 -4
98 15
56 -5
139 -19
234 -6
168 0
182 9
173 4
-62 4
170 0
76 0
165 -15
154 4
74 -2
149 -5
129 1
123 -3
137 4
101 9
155 0
215 5
152 2
124 -4
116 -4
60 14
124 0
109 5
101 19
232 -11
136 -7
174 -2
101 -1
162 12
-8 4
173 -1
164 12
178 2
169 -2
170 13
207 -16
211 0
48 6
105 3
161 -13
194 8
135 7
136 -2
152 -1
121 19
136 -12
37 12
68 -8
136 7
137 9
180 2
102 0
205 6
117 16
189 0
146 15
73 -12
150 21
128 4
77 6
121 -9
156 -2
110 9
139 12
88 -4
134 -15
112 -3
203 2
195 0
106 8
98 -1
186 12
79 -5
223 -2
154 -3
180 8
169 5
71 6
71 12
100 -11
127 -3
190 7
127 7
131 3
172 5
209 -15
4 0
36 -5
171 5
77 4
176 2
27 3
216 -2
73 1
135 13
90 -9
272 5
55 15
57 5
162 22
93 -3
138 -21
117 -11
67 3
175 -9
152 11
120 0
106 3
184 3
162 8
115 -6
152 12
205 14
105 11
83 1
162 20
183 6
116 9
184 -8
125 -19
115 -15
-63 -17
199 -6
136 9
198 -4
54 6
107 -4
170 -7
127 -9
145 5
65 -6
126 1
121 6
3 0
156 -3
135 11
169 -4
136 0
121 0
47 -4
143 1
189 -4
141 2
96 -3
36 0
56 2
122 3
72 0
120 0
159 5
188 -1
123 -10
164 0
110 -6
162 0
170 6
51 1
83 2
23 4
199 5
169 3
181 -3
114 1
100 0
164 0
12 4
135 -3
146 0
142 -5
121 -1
88 2
61 0
211 -3
100 -4
88 -2
41 -2
128 6
147 0
105 0
90 -1
142 -1
111 -1
136 -1
85 0
132 0
199 -4
117 0
103 -7
60 -2
91 3
183 -2
148 -1
18 4
76 0
155 5
96 -1
111 2
102 0
53 6
149 3
173 -6
98 7
97 15
147 0
157 -1
29 -25
170 -1
-4 -10
122 1
82 -4
84 0
148 2
169 6
126 -15
50 0
135 19
91 0
101 -16
110 -4
226 -18
111 -12
84 -7
111 0
115 0
120 16
211 7
172 5
134 11
127 -1
120 1
175 -3
132 9
91 7
180 7
71 -9
103 -9
118 9
102 3
107 -8
132 0
86 12
151 -4
154 -13
161 3
132 8
165 7
39 -16
121 0
131 8
138 1
116 4
120 3
193 -11
183 -3
108 -20
131 -1
90 -1
148 8
135 0
105 -12
105 -19
155 4
113 2
70 -6
117 0
121 9
50 -13
155 8
49 0
149 11
53 -18
161 8
61 6
123 -7
117 1
187 7
177 1
87 0
110 -5
130 3
140 5
153 7
139 -1
169 11
194 15
79 1
106 -6
210 9
156 -6
64 -11
129 4
122 0
176 9
157 -5
167 -4
166 -19
147 1
83 0
87 6
73 -6
141 4
67 0
103 13
107 -9
153 3
226 4
169 7
3 19
145 -13
182 5
91 -5
34 1
65 3
80 -5
52 -1
113 2
89 -6
197 -4
176 0
139 -5
147 8
62 -2
115 4
67 1
180 -1
166 4
145 -3
170 -2
115 2
124 2
231 4
130 2
49 0
150 2
199 7
163 2
60 -1
39 -7
87 -6
198 -1
130 3
150 0
83 5
122 14
135 0
67 0
83 0
128 2
101 0
129 2
168 6
120 -3
113 9
41 -4
16 0
25 -5
122 -6
137 2
65 -1
156 7
149 0
163 -1
114 -4
151 -8
21 3
129 -3
180 -1
146 9
79 5
118 2
190 2
159 1
92 -5
24 0
117 -1
122 0
36 -4
68 0
5 -15
106 2
26 5
81 12
109 -6
145 0
140 2
132 4
119 5
142 0
85 2
97 -5
47 6
39 3
137 0
162 0
151 0
211 3
136 -8
131 -3
47 5
201 4
254 -4
147 1
37 5
170 -2
119 0
91 -2
161 4
150 -5
177 3
122 7
114 -2
138 -2
151 0
182 -3
83 -3
120 -3
80 -10
44 8
41 -6
191 13
113 9
81 6
160 -1
33 -7
60 0
129 14
298 15
91 -5
116 -13
15 -7
113 -8
100 -22
109 15
73 -8
117 -5
249 8
227 -4
102 -4
154 -7
74 -9
158 -16
152 -5
77 0
97 1
95 12
111 7
103 12
94 3
94 -12
71 -13
124 -8
203 1
147 -3
133 1
40 18
159 3
122 -4
106 13
104 -8
106 -8
131 -11
225 9
117 -1
122 12
85 -10
90 -2
98 -6
144 9
88 -1
108 -1
108 -15
207 -2
72 -15
46 -10
110 3
90 13
148 5
74 -4
87 0
174 2
76 4
99 7
97 -4
205 5
144 3
102 5
87 -4
144 -10
66 -6
-27 9
70 5
163 13
178 15
160 9
91 -24
109 4
148 0
1 0
65 -1
89 -15
175 -8
99 -5
155 2
36 0
132 -1
137 -2
164 -6
27 2
75 0
121 -5
163 -3
154 12
132 6
43 1
54 9
111 -4
203 7
186 -1
90 -4
81 -5
129 0
39 0
169 6
122 -1
133 -5
138 -5
194 -2
157 8
59 2
135 -6
180 4
107 3
17 9
127 5
137 0
128 0
64 -6
112 -3
96 17
196 0
13 9
87 0
152 7
91 15
184 1
72 5
136 5
135 6
134 3
76 -4
175 6
117 1
107 0
23 -1
39 -3
83 -1
170 6
147 3
167 -12
58 -2
145 5
171 -4
80 9
146 -6
147 -1
-36 -10
111 5
48 2
90 2
150 -2
117 3
25 -6
104 -7
122 -1
102 0
56 4
155 0
231 5
167 -14
169 1
89 -3
50 -5
127 -2
161 12
124 -10
97 4
120 3
34 0
131 5
50 -15
78 8
158 -6
173 -15
94 0
117 -15
127 0
31 -19
115 4
135 12
21 2
54 -1
119 1
169 2
127 3
100 1
120 -12
73 0
130 -2
36 -4
66 6
146 -1
108 -18
157 -18
-57 -5
52 1
81 -8
107 1
95 0
95 0
156 2
140 9
118 -21
2 6
108 -11
143 -12
106 12
91 12
113 -3
134 -13
121 11
88 1
54 3
62 -1
133 11
92 4
92 -20
108 -7
150 6
167 3
54 8
111 4
73 11
97 9
42 -18
105 -23
155 1
20 -3
97 0
48 -2
166 0
30 15
127 -4
126 0
120 -15
134 0
65 0
33 -3
115 12
128 2
58 -9
137 5
137 16
85 2
18 -7
56 7
96 -3
52 9
123 5
96 1
128 -6
157 6
57 6
111 0
46 0
115 6
119 -12
100 3
82 -1
123 -8
113 2
122 0
63 -1
36 0
85 -5
165 -10
179 6
81 5
104 5
139 0
28 1
91 -3
162 1
134 -2
63 -5
141 6
211 12
72 5
63 -3
101 -2
111 2
77 -8
131 0
163 -1
134 4
88 -4
46 1
121 -6
38 -8
112 6
138 5
117 -5
110 -3
154 -9
205 2
20 0
114 5
66 8
214 12
-4 -2
151 0
142 3
211 -1
129 -7
11 -3
76 0
63 1
172 4
143 1
99 2
95 -2
202 0
117 -5
88 -16
125 9
86 -1
95 3
121 2
160 2
143 8
27 -10
190 1
62 -2
134 0
96 2
179 12
53 0
105 0
119 -3
72 -4
33 -3
124 1
121 -2
45 4
30 -4
175 4
70 -3
121 13
-1 2
59 -2
52 7
139 -11
152 13
112 5
77 13
69 1
147 12
-17 1
96 0
85 4
115 0
93 -14
65 7
148 -7
88 8
-35 -10
91 -15
14 -7
95 1
134 -16
126 -15
138 -18
37 -2
152 7
79 -1
121 3
143 -15
109 3
139 3
74 3
108 2
56 -8
-30 -8
59 0
93 0
114 -1
97 13
156 4
126 15
96 13
141 -3
58 11
48 -9
8 4
166 0
193 5
71 3
80 -2
109 -12
108 18
77 19
97 2
183 8
196 8
53 1
66 0
142 2
90 2
54 -1
101 8
95 15
68 2
159 -1
125 -11
38 4
50 11
120 -8
25 11
125 13
96 -5
95 0
85 -3
121 -3
77 9
125 0
15 5
100 2
158 3
120 0
92 0
161 -11
86 5
66 -10
150 1
65 -3
55 3
196 -5
168 -9
155 -3
58 7
96 0
116 -4
77 -2
88 4
129 3
136 -9
140 -8
147 1
162 1
77 -9
120 3
103 5
101 6
61 4
69 2
140 0
70 -12
-13 3
188 -4
108 0
-9 -2
83 -3
138 0
28 1
115 0
28 14
-9 -5
64 0
107 3
126 2
107 -12
60 6
150 -1
91 6
70 1
33 0
41 -3
26 0
106 -3
86 -16
95 0
73 -6
96 4
7 13
48 1
82 3
155 0
105 0
133 -2
72 1
100 4
77 -2
99 7
120 2
132 0
159 -2
27 -6
73 4
28 -4
74 -12
68 20
141 5
99 5
143 -1
67 0
46 0
60 3
182 -2
-31 1
55 2
101 -1
143 0
3 -3
163 -3
162 8
96 0
-10 -3
28 3
7 -1
130 -12
59 -9
98 12
151 -14
67 7
146 0
105 1
90 -12
170 -1
159 0
117 12
81 -1
28 -4
32 0
80 -7
63 0
36 4
103 7
214 -1
125 1
0 -18
92 0
73 2
28 1
89 6
74 6
44 2
174 1
54 4
76 -3
-30 -15
114 4
93 -10
118 1
112 5
86 -6
-10 2
81 -8
120 2
102 -17
109 -2
63 -7
16 -3
148 -11
85 -4
108 -12
75 0
3 -2
163 3
74 3
139 0
155 3
-27 5
79 2
42 -2
39 6
105 -15
216 6
79 1
180 7
195 0
111 1
65 -2
107 4
6 -3
96 0
102 -12
87 2
146 5
184 -17
95 0
86 2
79 2
-61 1
50 16
114 0
89 5
90 -9
110 1
43 -12
69 2
43 2
140 1
113 0
35 -1
61 5
147 -23
127 -4
66 0
67 -10
49 0
9 7
88 -1
157 2
148 2
82 -6
97 0
99 3
64 6
63 0
124 -2
-30 3
37 -8
154 -4
93 3
100 8
77 16
75 -4
115 9
120 5
101 -1
76 -7
25 -2
134 -4
172 3
43 7
11 1
118 3
81 0
122 0
61 -2
129 2
46 1
-9 -3
59 3
116 5
109 -1
93 1
123 -2
75 2
133 -7
1 -7
4 -2
69 -6
133 6
112 -4
40 13
180 0
87 0
94 11
-40 -2
86 13
14 7
93 -7
108 1
141 9
144 -3
-25 -8
-14 5
120 4
90 -5
164 0
211 1
77 6
41 1
69 -1
77 -5
84 0
35 1
91 7
136 5
92 4
171 0
29 -3
-9 0
78 0
63 0
19 -5
102 0
77 2
-14 -1
94 4
103 5
1 -2
73 -2
39 -5
128 2
109 -2
118 -1
166 -9
214 -13
112 1
0 3
42 -1
40 -4
151 3
32 9
62 8
107 11
47 -6
37 12
138 -10
64 -11
182 -15
34 -6
108 -15
-34 4
171 0
143 -10
112 4
-11 13
98 12
12 3
72 -6
185 9
118 -15
78 4
37 7
107 9
107 4
84 0
41 -3
146 12
101 -9
14 12
37 6
65 5
68 7
55 2
76 -5
144 9
134 -10
-60 8
95 12
74 8
119 13
226 0
174 12
18 5
-35 -10
102 -2
87 7
-53 0
28 -2
138 6
108 -11
102 6
93 7
-19 -9
134 14
51 2
45 11
47 1
111 6
127 1
111 4
96 5
127 12
94 1
58 12
76 -3
104 9
35 3
3 16
141 6
120 -13
93 6
36 3
34 -6
15 -10
124 8
110 -6
96 20
81 0
-27 0
103 -8
26 -16
46 2
25 0
54 1
112 -9
127 1
55 -9
-14 -12
-37 -9
76 2
81 -6
106 6
43 12
80 9
55 0
73 2
2 2
64 -1
96 15
87 0
164 -16
55 4
58 -11
141 -6
19 -1
-29 0
-68 0
50 1
83 -2
159 2
64 12
67 8
108 0
40 -2
-4 -5
57 -1
109 3
57 1
116 0
113 2
75 -1
86 -4
40 0
-7 -3
132 5
80 7
133 7
68 8
93 5
43 -4
46 6
99 -9
80 -4
96 0
121 2
84 11
82 -1
62 0
76 11
-6 0
13 -2
108 0
71 0
53 3
111 1
110 4
64 1
91 6
30 11
144 12
102 -5
164 -2
107 2
43 5
-17 -7
-23 1
85 1
106 -2
121 1
114 2
102 -3
-11 -4
41 -2
-26 3
-19 7
99 1
99 -5
86 -1
119 0
129 1
112 8
39 0
7 0
115 2
161 0
99 -1
51 -1
11 4
158 0
25 1
20 -3
98 -1
160 1
69 -5
72 3
67 -1
145 4
117 8
50 0
149 3
224 -5
64 0
-131 -2
120 -17
-40 7
110 15
45 16
17 11
3 -3
101 4
38 0
42 8
146 19
115 3
41 -12
186 2
61 -13
95 -3
104 4
66 9
24 3
53 6
90 -8
35 8
102 -9
-11 1
83 6
92 4
76 -1
116 11
93 -7
44 2
12 6
27 -7
161 1
99 -13
36 -5
72 7
107 0
90 3
54 4
-51 -3
195 0
82 -2
89 -4
95 -5
79 -18
74 7
127 6
55 6
115 8
69 -8
69 -12
-4 -8
-17 7
43 -5
50 -4
54 4
22 -9
28 2
-13 -7
87 0
97 -12
65 1
48 0
107 -2
61 -21
69 7
39 1
62 9
84 4
39 15
86 -15
122 3
95 8
113 -6
0 -4
45 3
40 6
17 -7
95 -4
83 -2
117 4
86 0
-87 -3
33 4
-19 8
59 8
32 3
60 -1
35 -5
6 5
12 0
93 0
33 3
58 1
51 1
110 0
117 1
144 -1
24 -4
41 0
50 2
103 1
111 -1
114 12
103 -3
24 0
105 -3
111 -14
58 -3
59 2
41 -2
82 6
-10 -1
87 3
95 -5
105 0
55 -5
59 -2
73 1
87 4
40 0
76 2
169 -3
25 -2
65 -4
31 -2
39 2
100 -5
58 14
63 0
99 0
131 13
90 5
-11 -13
19 -9
40 5
89 0
59 7
88 -1
48 0
-7 0
58 0
0 -4
80 3
1 -1
117 0
84 7
-35 3
111 -1
48 2
26 -1
76 2
21 4
28 8
88 9
151 -3
60 17
36 3
47 -13
88 -10
77 7
71 -2
4 -11
65 6
53 6
85 -1
50 -15
25 4
5 -3
34 1
96 -8
48 7
59 8
-5 -7
50 -14
129 -8
61 -4
-23 -6
108 4
54 -4
61 5
95 6
77 -11
46 -10
25 2
106 -18
101 -15
135 -9
176 8
55 -1
6 -1
128 -11
68 4
45 -9
67 -18
11 -2
87 -12
8 3
32 0
-7 5
12 12
8 -2
113 0
16 0
-27 -8
23 15
77 6
84 5
61 23
25 -7
-9 -11
80 -16
68 -13
55 -3
89 -7
31 13
-27 6
65 -10
105 -8
130 0
141 9
69 1
81 -5
47 7
-24 -28
53 -8
62 8
7 -1
138 2
95 -4
90 13
64 -9
95 -2
72 -8
115 -9
100 -5
35 0
138 -1
4 1
64 1
125 -4
39 2
-44 3
31 1
127 2
62 3
81 -4
83 4
44 -3
72 -3
117 4
124 -1
-30 2
89 0
70 2
103 -3
95 -2
55 -1
70 1
1 -4
69 -2
25 12
131 0
76 3
61 -8
36 -6
72 -11
-10 14
-51 4
22 0
52 1
61 0
71 -1
43 0
79 2
37 3
126 0
129 0
69 -6
138 4
16 -1
-24 0
31 -4
9 -4
-35 0
44 -6
32 -1
3 -8
32 -7
57 -7
65 -1
58 2
56 0
30 9
18 -3
28 1
72 5
38 1
58 3
158 -2
123 2
20 -5
78 5
40 -9
37 0
132 8
48 0
96 -7
-14 -7
-64 6
58 -5
-31 7
-30 -7
76 16
65 0
-17 3
75 6
74 0
13 -11
44 13
83 13
8 7
-44 -3
109 -17
27 11
40 0
49 -2
27 14
2 -1
94 -12
98 0
77 11
45 7
110 2
20 -4
71 1
17 2
80 -1
43 -25
88 14
39 6
45 13
-52 5
63 0
76 -5
57 -1
55 2
60 -1
68 -9
32 -14
15 7
44 -17
-5 4
-95 3
52 6
62 -5
92 4
106 3
79 -8
162 8
47 -11
63 2
15 1
54 18
84 -3
39 -15
112 8
75 -8
16 8
-36 -9
20 -5
71 3
55 2
126 -16
110 -4
140 5
76 2
86 -6
67 6
48 -12
47 -4
85 -11
110 1
59 7
66 14
106 -19
-71 -10
62 -8
98 -16
63 -10
53 3
84 14
154 -2
34 2
-2 -1
20 3
-19 -7
36 5
106 1
61 -9
-54 0
-33 4
0 0
8 0
4 -8
55 5
44 -4
100 0
-34 -1
163 -3
54 -2
34 6
-47 -5
-31 -4
34 3
37 0
72 0
121 -3
6 -10
65 0
17 1
57 6
98 0
28 -2
-12 1
42 -1
74 6
60 1
6 -10
49 -2
62 -3
-3 -1
43 -2
61 11
79 0
76 3
116 5
1 3
4 -6
30 -2
31 1
26 4
85 -5
55 3
64 6
-13 11
42 0
-2 -6
73 -2
75 -1
9 9
-34 1
-19 -5
147 -13
-1 1
13 0
13 1
116 -3
51 2
69 -1
15 6
44 -1
39 1
66 21
54 -1
143 11
69 6
46 3
48 6
42 -6
80 5
7 3
0 6
31 4
9 0
112 3
109 -20
60 -12
-94 12
44 16
75 5
121 8
101 -9
94 5
51 -13
23 8
71 -14
41 -4
33 12
64 0
168 -18
130 3
41 6
31 -1
36 6
0 -4
-6 -4
28 -10
98 -3
70 -5
82 -7
8 5
27 3
87 1
42 -12
40 -6
9 0
30 1
58 15
67 -4
60 2
53 -1
78 5
146 11
41 0
70 -7
141 2
26 -1
16 5
63 5
53 2
17 -13
86 5
7 5
83 8
-31 6
65 4
106 6
65 1
0 8
73 0
90 6
-31 5
56 5
41 -7
106 -5
13 -7
66 8
23 -5
-8 0
109 12
19 2
74 5
29 -2
59 5
63 -8
-6 -7
61 -5
39 -4
58 0
115 -3
22 -3
18 14
13 3
-33 12
8 -5
32 1
53 1
-28 4
81 18
15 0
-25 1
84 4
64 -1
37 8
116 -1
25 -3
61 -4
70 0
39 0
98 0
66 12
66 12
85 -7
64 -20
19 -4
-8 3
15 8
-29 5
49 0
66 0
87 -7
122 1
16 0
109 1
77 0
31 2
-61 4
-86 11
0 7
94 -2
97 -5
79 13
31 -2
41 -4
-57 2
76 11
13 -3
1 -1
19 0
31 3
40 4
-20 1
62 18
-14 2
6 -13
0 1
-73 -10
104 0
80 -8
98 1
63 6
54 2
-25 -6
-42 -4
95 -2
34 5
-3 12
53 3
46 -5
-45 0
92 4
59 13
-55 0
42 -2
38 -3
22 0
63 2
37 1
47 -6
0 -6
49 0
72 -1
61 5
72 -2
54 9
31 2
26 -17
23 5
31 18
96 20
138 0
75 -18
-13 -2
1 -17
-29 4
16 11
29 -4
16 -7
40 4
13 2
24 -9
153 -7
105 7
85 -13
75 2
17 2
-7 -6
-54 2
73 3
25 3
77 -10
-53 9
33 -2
67 4
-13 -4
51 -12
90 -4
75 -3
33 -18
15 -6
30 7
54 -8
-8 17
36 4
32 -5
-6 2
66 -9
67 -15
-10 -1
7 14
45 17
14 11
81 -4
33 -2
28 -19
87 1
34 22
74 1
-6 3
21 8
124 12
88 -2
68 -12
-13 15
63 9
2 -3
61 -5
20 13
62 13
87 -5
-16 -3
33 -2
93 1
96 11
-10 6
11 11
41 1
9 -3
-17 -3
-11 -4
55 -15
38 -7
-47 -11
38 -7
73 2
-4 -9
118 -1
-25 2
13 6
15 4
