-1024 3
-1287 7
483 3
857 -2
-1615 -6
-23 -19
441 -12
-850 1
-114 2
69 0
288 4
-203 -6
-570 -2
-365 -9
1008 -3
-113 11
-1612 7
687 3
1649 0
-1615 15
-663 1
1649 0
208 6
405 -6
-839 -9
-1613 4
688 -4
1649 7
1649 5
-1619 0
-1358 24
-1181 0
-904 -14
1649 12
71 -3
-1047 -3
-1615 15
-737 -5
1649 7
-877 0
-423 -2
1203 -8
652 0
-1503 15
-1496 1
239 1
-184 0
168 -16
-580 -4
1649 -1
-1614 8
-1609 9
-35 8
1649 -15
656 -6
-22 7
-577 3
2 3
-625 -12
-86 2
1231 5
-515 -11
403 14
-1079 25
-553 4
308 0
-1232 1
-493 3
1086 0
-1616 0
746 0
835 -7
1649 -1
-1613 9
-1613 38
-156 -8
667 -11
-14 -8
-251 -6
193 -2
-201 1
-358 4
-1613 -10
379 -16
1270 9
-1090 7
320 9
-1183 31
-221 8
-373 -21
103 -4
192 4
1225 -15
-1613 5
1649 17
-1615 -1
-837 -4
-27 -5
74 1
701 -1
-519 1
-273 0
63 21
-1257 -3
1343 -4
-195 6
-1616 3
523 -11
-1271 -11
1421 -4
-1086 -8
-1271 -7
-80 -11
-405 -17
706 -1
-813 14
37 2
1649 5
-1616 -1
-939 -5
872 4
442 20
-609 1
-412 -20
-920 -14
-496 11
-538 0
681 8
-1024 0
32 12
920 -25
539 1
-1208 -4
-538 -2
193 3
380 -8
-1508 29
103 24
-1353 7
1649 7
-1427 0
-325 5
63 -21
-186 -23
-391 -13
136 -1
934 5
-644 7
479 19
-1614 11
492 -24
-78 -23
-946 0
-329 6
1327 6
-706 0
-337 28
-182 -8
302 -11
-414 -13
248 -11
-1524 -4
-642 0
-1005 21
142 4
508 -6
342 -4
1649 -13
-1615 -15
1046 21
-1614 -11
-652 -11
-58 -11
-376 3
-413 19
-212 9
-40 -2
-207 -14
619 -2
-168 8
329 0
-1610 -7
271 -13
411 9
-253 0
-8 -5
-6 1
-1601 -2
556 1
-1614 -6
841 1
312 -1
335 3
-726 7
-350 0
-1617 -5
-1116 -12
1263 -1
278 -2
146 -5
-1433 9
1649 18
-1614 16
-293 -2
342 -34
355 0
-237 13
219 4
-1253 -5
1555 -10
-1615 0
-856 8
45 0
144 -17
355 -1
-158 -9
-862 1
403 18
-210 16
-911 -1
-204 7
257 -7
293 -4
-455 7
512 12
-1611 11
-1101 -4
904 -20
233 -12
-565 9
-914 5
-428 17
490 -2
440 0
667 1
335 -7
-1615 -5
553 -4
-1612 9
21 -15
-329 -5
42 8
1247 12
-1616 0
-696 3
621 -7
169 -2
3 1
-488 0
13 3
-202 12
-686 3
794 0
-1615 2
678 9
-1591 5
80 -1
83 -10
-527 -9
-345 3
-642 -1
1649 6
-1617 9
-218 3
-36 0
-149 -8
-516 8
-114 4
247 7
-1327 -18
-40 1
-1101 -12
391 5
380 20
201 -7
-722 0
1338 0
-1612 15
-657 3
-514 -4
376 0
-1 25
-715 0
722 -14
-974 -11
-813 19
-794 3
781 -2
-893 -8
1267 -15
66 -14
-1149 -3
416 -4
670 -6
-1142 23
-1611 -9
516 -12
-165 -4
-67 3
84 12
-411 4
-389 -3
340 14
-1388 19
309 19
759 -17
194 2
-346 0
-1609 -4
-451 3
379 11
161 -2
-199 -20
144 -24
-870 -26
1020 -14
-1290 -4
548 -15
85 2
-528 -20
97 17
-1080 13
1511 18
-1610 6
-3 0
-414 -11
620 13
-1614 3
-19 3
-228 -4
-171 0
-565 0
-475 -2
-482 -1
-398 7
289 -7
-1057 -43
590 28
-1257 24
-760 39
-487 -10
-304 0
-584 12
-476 -9
-135 23
-267 7
-501 -22
397 -16
-297 -11
415 21
-1614 -9
-193 8
639 14
-771 7
-328 -11
-1613 0
797 4
383 4
14 3
-282 -3
356 -3
-660 3
-1179 -9
-742 -4
308 7
-257 5
-510 3
-511 -6
-494 0
-206 -1
519 -9
-1238 16
-360 0
-8 -8
-807 -1
30 -3
-89 -5
-632 14
720 0
-1079 -3
-527 1
-92 25
279 9
-402 -9
-586 -2
-269 11
-683 2
-292 -13
461 -14
-826 -1
294 1
186 0
-1614 4
-1120 2
476 5
-175 11
-367 1
-457 -15
-402 -1
250 3
-165 3
-123 0
492 -1
-1613 5
-262 -10
-22 9
-195 12
-499 -2
7 2
-581 2
-808 2
-296 0
-2 -9
-17 0
-512 3
470 -12
-455 6
-599 5
-627 3
-922 4
712 -3
-324 -6
-1241 0
568 24
-1062 3
-323 -9
-408 6
-484 1
863 -10
219 -7
-1615 -1
-583 -10
629 4
-422 19
-480 -1
-208 -7
-155 -12
-601 2
-5 0
-705 15
-37 -7
-814 4
286 0
-415 -8
-675 -7
109 18
-582 23
-276 2
315 4
158 4
-856 -9
656 3
-1615 -23
154 -11
-51 -12
278 0
-846 -5
-408 4
-144 15
-101 11
76 0
866 -24
-1331 0
-1615 -5
475 3
248 5
-363 -20
-507 24
-544 0
-370 -16
15 -10
395 0
-182 6
-588 -6
-440 -11
-245 13
-605 -3
-1070 -6
307 16
208 -13
-363 0
-1354 -13
-84 0
78 24
-267 -1
-437 -12
-405 -12
-133 0
-907 8
65 13
968 -9
-1614 3
-943 -16
245 -23
-318 20
-544 -15
-350 -2
-168 -9
-343 -6
-283 24
-20 21
4 -16
-518 -21
-596 -7
-587 25
-416 -6
-789 9
-390 22
423 -7
-1069 6
-186 13
-287 1
-352 19
-270 -11
274 -2
-285 -13
-1247 1
47 -10
-133 9
-544 6
-696 9
-96 6
-190 -8
54 -2
-434 7
-725 -1
473 3
-1043 22
-203 -2
-196 0
38 0
-1063 -9
-254 0
-130 -5
-249 0
-104 -6
-454 0
1434 0
-1614 -18
-437 12
131 4
-52 3
671 4
-1614 5
-180 -1
12 -13
320 1
-412 -3
-359 -6
-239 -4
-420 8
-276 -5
-359 -8
1586 0
-1612 0
-303 3
801 26
-1263 14
-221 -1
-236 -7
-584 0
-209 -4
-208 -4
-3 13
-190 -12
-879 -5
-187 2
-206 0
-491 -2
-333 3
-110 3
-731 1
-330 13
419 33
-49 3
-1614 -28
-371 5
299 21
-343 19
-449 1
-562 1
-458 -6
-278 -8
73 -2
42 1
382 5
-1616 -3
-542 -13
9 -12
-567 5
-193 12
-335 -11
-361 -6
156 3
-597 8
26 -21
-1050 -11
-694 6
-263 4
-169 -5
-400 -5
-407 -4
-478 14
-226 -3
-80 -4
-233 4
-426 11
-88 -5
-446 -7
-447 4
-409 15
-403 -1
-116 15
-473 11
-432 8
-215 16
-471 13
49 -13
-458 -21
-708 -1
-524 0
224 -8
-984 13
249 5
-515 -19
-907 13
188 15
-478 14
-285 8
-679 15
-177 19
-150 -5
-481 -17
-111 -15
-397 24
-470 17
-439 -10
-393 23
-34 -4
-636 14
-280 20
-433 -15
57 -16
-799 3
-357 5
-191 -17
-328 -15
-111 -1
-59 5
-441 18
-966 11
-550 -9
-75 -17
-18 -7
-281 17
-458 24
-206 8
-682 12
-501 -8
271 5
364 19
-1266 3
-867 -28
158 -1
-163 -8
-908 16
-369 0
-525 -10
-62 -9
-548 18
-167 -4
303 -9
-997 -7
-117 -1
-355 8
-407 16
164 17
-282 -9
-1615 1
-439 0
111 11
-167 20
-155 -25
285 -3
-1615 -1
458 3
-622 8
113 0
-747 -2
-93 11
-794 2
-136 -4
-347 -4
-143 -4
-565 3
-371 -9
-157 0
-349 14
377 -1
-1254 -6
-661 -5
-60 13
-338 15
-593 -4
-243 -5
-208 -9
-492 0
-134 -9
678 -15
-1611 -4
-81 35
-183 -1
-219 -4
-406 -2
-127 13
-127 0
-1243 13
36 -6
-93 -4
-298 -1
-260 6
-411 15
-525 0
-351 -6
-341 -10
-450 3
-104 -6
-106 -12
-370 9
-533 9
441 8
-1570 -1
-783 4
117 -12
-152 3
-451 12
-173 8
-294 -3
47 -14
-686 -15
-424 -8
290 -8
-368 -2
-1234 2
-86 13
-227 -8
-412 4
-278 5
-388 -4
166 11
-253 2
-1089 0
222 -3
-726 8
-689 4
-317 -15
-375 -2
-392 9
-311 1
-127 2
-238 -11
-276 -1
0 0
224 1
-974 19
-1075 22
67 24
-570 3
426 -14
-1363 -16
202 18
-976 -18
-399 6
-32 15
-330 5
-202 -17
-258 -3
-326 6
-47 15
-994 0
-141 -8
-286 -12
-545 -14
427 -13
-934 9
-769 7
-205 0
-346 4
353 -24
-1039 2
-508 22
580 19
-968 1
-555 -1
-409 -14
361 4
-279 -9
-1436 1
-60 1
94 13
-208 11
-892 -1
-266 -17
-40 -14
-384 29
-384 24
-418 -4
-201 0
-579 -20
-77 -12
582 29
-1574 14
-930 -5
-268 4
632 -11
-955 2
-855 8
-402 18
-167 1
-51 1
-277 -3
-92 -4
-188 4
-528 -11
-208 -4
-333 15
-568 19
-512 3
-216 -2
-275 20
-526 0
-253 -15
-232 8
-123 9
-480 -8
-1053 -7
90 15
-89 6
-647 -11
-414 0
-423 6
-302 24
-127 8
501 -15
-1380 -17
67 21
-283 25
-332 -16
-124 9
-300 18
-702 7
-481 -2
-207 -9
-373 3
-92 49
333 -4
-826 -26
-439 -11
-446 -9
-534 13
-84 12
-626 -16
-194 -13
-242 -14
-241 11
-408 25
-456 -4
-622 -2
285 5
-178 0
-1612 -9
-144 -5
400 -4
-939 -4
-135 -10
-574 -20
-262 5
-253 -3
-337 23
-271 8
-142 -3
-351 -18
-270 11
-345 -21
-424 6
521 -3
-1614 -3
-606 -3
-206 0
116 -1
-669 -9
-168 -5
-258 23
-931 33
-127 17
-23 16
-338 -22
-285 24
-323 12
-717 -13
-277 -30
-132 3
-391 0
-503 -8
-398 0
60 -11
-294 0
-663 0
-339 6
12 0
160 18
-1118 6
-57 4
-1354 2
-70 -5
-100 -11
785 4
-1615 0
-361 5
-637 -4
39 -7
-247 0
-413 12
142 17
-600 23
-544 -6
-184 -18
-416 0
-359 -9
-136 -3
-355 16
-137 -2
-567 -35
-242 -18
-534 0
-596 23
-168 11
-179 -10
-272 -23
-563 -5
-276 30
-374 -4
-57 -3
-209 -6
-410 4
-724 5
-156 -4
-316 -19
-142 8
-545 25
160 1
-508 -19
-1116 9
-530 -1
389 -5
-361 -9
-651 9
-165 12
-373 1
-331 0
-325 -15
-126 -10
-114 25
-786 8
-439 0
-388 -15
-185 6
-483 -17
-453 1
-78 1
-499 13
-902 11
-133 7
-111 -13
246 15
-1222 -11
-532 -10
-187 26
219 -15
-728 7
-593 -4
90 -20
37 14
-704 32
85 13
-527 -30
-1614 -14
324 12
-39 1
-148 -1
-633 6
-946 -6
365 0
-554 8
-270 11
195 -9
-689 -6
-871 -3
-54 -25
-126 -18
79 -12
-770 9
-1115 13
35 -9
-172 -12
-278 -21
-306 13
193 6
531 12
-1610 1
-984 -4
379 11
22 -3
-274 -6
-600 -1
-534 16
-337 13
-113 4
-124 16
-361 -4
-187 -6
-288 27
171 0
-1024 -1
213 -24
-1225 0
-1223 3
336 3
142 13
-374 11
-453 -26
-412 -1
339 27
-1242 9
-115 -13
-49 -2
-299 -12
-268 -1
-419 14
-521 -8
-590 0
-306 -30
-307 0
-244 12
-162 7
-568 13
-265 -2
-252 -20
-417 -5
-516 9
-260 -8
-285 -13
-99 11
-422 23
-976 6
-263 -11
385 -17
-985 -21
-761 11
11 33
-551 24
-433 -17
-5 -10
-308 2
20 1
-491 15
-746 -2
-55 0
-290 -5
122 -25
-367 -9
-685 14
-1610 15
-140 17
429 12
-412 8
-291 1
-352 -12
-153 1
-709 -14
-308 16
-352 6
-105 -17
-169 -12
-407 17
-668 15
-462 -11
-176 3
68 7
-658 -10
-449 -8
129 2
-788 -3
-407 14
-328 11
-393 18
-355 7
-189 0
-524 -2
-331 0
-350 -5
9 -8
-367 6
111 2
-413 -1
-1615 -5
-36 6
49 0
209 -9
-905 0
-539 -5
-123 -9
-156 18
-137 19
-791 0
549 -23
-218 -11
-993 -5
-417 0
-47 15
-386 -1
-529 -3
-284 23
-317 0
686 -1
-1017 17
-1391 0
-250 -6
919 -4
-1174 -5
-606 4
-370 17
-236 -9
-284 -4
-195 12
-113 22
-245 3
-21 -27
-314 8
-1613 24
170 -6
-116 -9
-566 29
-451 4
-269 1
-249 8
-558 16
-155 -17
-320 -16
-373 2
-31 -6
-94 2
-1322 -47
-311 20
-61 23
-224 -13
-298 -14
282 -12
-1341 -11
-571 1
17 13
-404 -5
138 17
-594 8
-504 25
-253 -23
-175 4
-958 -14
99 5
-162 2
-252 -12
-578 23
-464 1
-501 23
-358 -1
-281 -6
901 -2
-1612 3
-480 7
-155 -2
-390 -25
-283 -18
-451 -7
-463 3
-301 0
-254 -16
-282 2
-201 -3
-193 -12
-124 -10
-974 2
-353 -3
-42 -3
-1121 21
-272 19
-229 18
-358 -4
-148 1
-282 7
-446 0
-346 3
-306 2
61 5
-594 -7
-802 5
-200 -22
-123 29
-93 9
-661 -23
-458 34
-289 18
-382 -2
-138 -1
-350 -5
-403 9
-398 7
-314 -1
-289 -10
-402 8
-278 -1
-216 -14
-118 3
-423 -12
-1007 15
-107 9
1441 16
-1613 -19
-465 1
305 5
-410 14
-517 -7
41 -4
-544 13
-694 12
-66 9
290 -18
-541 -9
-944 22
-362 -10
-91 -20
-30 3
-650 13
-397 34
-278 0
-307 2
-299 0
-308 -5
-253 -6
-373 -3
-469 -1
-387 21
-475 5
-409 0
-270 -4
-362 4
-287 -2
-352 -16
-292 -4
-446 -3
-213 -27
-363 9
-447 36
-500 3
-33 -13
-506 -17
-526 -4
-322 9
227 5
-806 36
-421 15
55 -22
-464 -17
-465 -10
-239 21
-148 -2
-425 -2
-389 11
-296 11
-312 -6
-376 -9
-311 -4
-130 -3
-703 29
-298 15
571 -1
-854 -18
-788 -15
-1058 -3
-114 -9
64 18
-268 18
-389 7
-410 8
-270 7
-236 -12
139 9
-668 4
-503 9
-219 -3
-128 15
-575 7
-413 -4
-667 0
-307 5
-384 -17
-93 33
-338 27
-311 -13
-469 -10
-493 21
-214 5
-232 0
-792 16
-456 2
-263 -6
-235 -12
-85 1
-555 -1
-517 2
-267 9
6 23
-886 -2
-126 -14
-509 7
-162 33
-258 -6
-384 -10
-162 5
-295 -5
-962 -16
121 -11
6 5
-688 0
25 9
-655 -4
-574 -8
-239 5
-151 16
-343 15
-514 4
-247 5
175 -10
-696 -2
-478 5
-197 -21
-504 0
-301 -30
-345 46
-350 16
-322 26
-304 -11
-172 -11
-290 -6
-447 -6
-756 -2
-318 11
-215 -5
-231 -11
-497 17
-421 13
-334 -5
-378 -7
-339 -3
123 9
-756 22
-210 -24
-941 22
-153 23
-131 7
-529 -17
-326 -23
-188 -5
-438 -6
-443 16
-35 -1
-129 -8
-374 -14
-250 -8
-146 -26
-400 29
38 22
-1034 13
-259 17
-87 14
-441 17
-103 -13
-852 -4
-403 9
-260 21
-222 -2
-168 -2
-323 0
-325 -12
-528 -1
-236 7
-316 2
-642 -5
-514 -7
-123 -4
-299 16
-309 37
-626 0
141 -1
-1070 6
4 -18
49 -4
-538 -6
-373 -4
-296 0
-423 13
680 17
-1347 1
-1079 -8
336 0
-52 -7
30 -17
-938 26
-197 14
-537 -4
-336 -6
-231 -8
-127 2
-295 6
-490 6
-332 19
-420 12
-691 -13
49 -6
-205 2
-569 1
-357 0
-619 12
-244 22
-227 -5
-259 -5
-153 12
-1096 4
-366 -1
-52 7
-449 1
-314 -9
-340 -4
-423 5
-197 7
-490 -10
-478 -7
-346 8
-67 2
-456 -7
-386 12
-452 6
-286 -1
-374 -13
-453 -2
-247 -23
-116 -2
-377 17
-470 4
-341 -6
-560 8
-217 -5
162 11
-966 5
-409 -22
-68 18
-273 -8
-171 5
-868 0
-254 8
-207 -10
-228 3
-422 -9
-532 1
-253 4
-217 -4
-342 14
-129 7
-423 9
-439 -8
-406 6
-374 21
-478 -12
-304 2
-398 -1
-419 17
-317 0
-287 16
-486 6
35 5
-849 1
-428 9
-268 15
-253 29
-343 4
-355 6
-384 -8
-317 1
-58 -3
-747 8
-326 0
-286 5
54 15
-164 5
-705 -6
-369 -20
-249 0
-390 22
-165 6
-298 9
-493 -11
-434 11
-429 14
-174 -2
-483 11
-201 -14
-489 -5
-558 -12
-229 15
-175 3
-174 1
-505 9
-491 8
-395 -9
-312 -18
-186 8
-332 22
-473 -2
-329 -5
-338 -22
-129 -7
-519 0
-491 5
-465 -7
-333 -19
-227 6
-329 1
-652 7
-417 8
-333 6
-176 0
-366 -3
-172 -12
-476 8
-356 12
-253 -3
-354 3
-306 -11
-218 4
-445 -9
-610 21
207 19
-605 -14
-133 -3
-980 6
-403 12
-167 18
-160 -24
-338 -3
-282 13
-275 -2
-492 -17
-209 1
-455 12
74 -3
-628 -10
-553 -1
-389 -4
-442 -6
-169 3
-270 0
-620 8
-271 -24
-170 -15
-263 -8
-413 0
-453 -1
-372 -4
699 12
-1357 0
-224 -14
-706 -2
35 9
-31 3
-878 -9
-454 -1
-138 8
-362 -2
-224 0
-140 9
-464 -2
-292 -7
-85 0
308 8
-1059 -8
-802 -1
-3 -1
-1370 9
-172 2
29 11
-196 -4
-333 -5
-415 19
-459 -7
-324 3
160 16
-294 2
-258 -6
-595 -13
-370 -2
-490 5
-313 -12
-227 6
138 12
-726 -11
-297 1
120 -1
-947 -5
-455 13
-405 5
-901 0
-159 -7
-175 0
-265 5
-210 16
-305 3
-178 -1
-288 -15
-340 -7
-299 5
117 16
-1123 9
-448 -5
-251 5
-231 1
-301 0
-267 -6
-356 -2
-182 5
-121 -3
-813 3
-57 2
-583 5
-31 16
-558 -15
-432 -8
-228 6
-148 13
-667 2
-223 -13
472 -2
-398 9
-909 0
-11 7
-559 2
-905 -4
-75 3
-108 -5
-377 -3
-245 -15
-424 -1
-278 8
1 12
-159 28
-471 -4
65 4
-776 -11
-768 0
-356 7
-160 13
-88 -3
-404 3
-305 17
-394 9
-300 29
-186 -7
-587 6
-361 -15
-204 -16
-346 8
-636 6
-313 17
-267 15
-388 9
-308 -9
-218 8
-269 -7
-408 -5
-580 -7
-171 24
-240 13
-858 -26
100 -14
-187 14
60 2
-1615 21
-267 -4
102 5
346 -7
-313 -13
-1248 -1
-187 18
-37 14
-107 2
-223 -12
-306 -5
-249 4
-266 -1
242 -20
-1222 5
-377 0
-186 -7
-180 -9
-387 -13
-356 2
-70 6
-408 -9
-940 2
-47 -9
-153 1
-385 21
-376 -23
-346 4
-285 -7
-373 11
-356 6
-306 0
-340 6
-80 -17
-235 -17
-820 -9
-347 23
-341 23
-200 -20
-231 9
-276 5
-110 5
-1189 3
-180 -1
72 9
256 -1
-919 14
-925 5
-84 19
-77 20
-194 -8
-235 0
-328 -8
199 -5
-1094 0
-292 0
192 -1
-198 -17
-1245 -20
-461 0
123 16
-472 1
-354 4
-100 8
-457 9
-307 15
-257 -4
-18 -16
-528 -9
-368 1
-376 5
-180 4
-369 1
-460 3
509 -2
-753 -4
-1601 -2
-194 9
212 0
-94 -8
-393 -7
-630 2
-336 4
-208 3
-119 2
-118 3
-68 0
-396 5
-265 -6
-785 13
-467 -11
-424 0
-351 -10
-226 0
-114 -3
-542 12
-402 -4
-264 15
-297 -5
-291 -1
-233 0
-495 14
-342 0
-232 1
-301 4
-540 -4
-675 2
-79 1
205 -6
-587 -5
-394 -2
-488 2
-307 3
-10 0
-366 13
-384 -9
-481 6
-193 -7
-391 -6
-122 -5
-453 -4
-364 0
669 -4
-1621 4
-464 -4
-144 -11
-177 1
-109 4
-612 -3
-468 7
77 7
-86 -12
-878 -11
-311 -11
25 3
-178 13
-573 9
-456 -1
-404 9
-212 -4
-194 -8
-186 13
-111 14
-23 -3
-839 4
-282 -5
-356 0
148 -1
-641 7
-634 -2
-124 -5
-225 -16
-204 -19
-259 12
-136 -2
-200 12
-306 21
-377 -7
-42 -5
-526 -5
-270 23
-173 19
-306 -2
-333 -15
-308 1
209 14
-791 15
-158 20
-333 15
-155 -6
86 -9
-684 -12
-401 13
-268 17
-411 3
-292 -5
-209 -14
-12 -7
-433 -4
-197 -11
-29 -5
-1004 8
-565 -6
33 0
-119 3
-168 -2
-171 -7
-451 4
-380 9
-118 4
-110 -2
-622 12
-159 3
-293 0
-263 6
-254 8
-238 9
-235 -7
-516 1
-309 11
-455 -1
-350 -9
-192 8
-120 0
-201 9
-219 12
-350 8
-209 8
-217 11
-380 -7
-227 -9
-389 -8
-396 -1
-207 -2
-179 -8
-205 18
-189 3
-334 -16
-343 4
-261 7
-126 0
-168 1
-41 0
-183 9
-1051 -9
-277 25
-119 -2
-205 -7
-467 14
196 13
-782 2
-139 -11
-86 0
-196 3
-254 -4
-165 -5
-329 -4
-258 8
51 -3
-442 2
-442 -1
-102 0
-279 6
-173 7
-348 -4
-260 -7
-277 -7
-250 5
-179 6
-410 0
-108 9
-255 18
-317 -1
-25 -8
-583 4
-286 11
-108 0
36 20
-523 -10
-190 14
-260 -14
78 -5
-827 -6
-216 -3
-56 11
-292 1
-357 -10
-25 13
-242 -3
-506 -3
-266 -16
-130 -16
-269 0
-193 -4
-306 7
-241 0
-265 3
8 -4
-847 -6
-131 4
-69 -3
67 -1
-650 11
-254 -7
-271 -5
-128 6
-673 -7
-192 0
-132 5
-100 0
-328 -1
-273 -6
-19 0
-810 5
-321 -4
-124 0
-67 -5
-146 1
-349 -7
-481 4
-305 -1
-170 -3
-258 6
-251 4
-214 -19
-145 -6
-392 21
-383 -2
-275 -16
-101 -5
-21 -9
-353 -14
-842 7
-137 24
-88 13
-223 5
-272 -5
-317 5
121 13
-410 -6
-450 -18
-443 -13
148 -4
97 3
-250 17
-590 -5
-330 4
-185 -6
-117 -2
-48 3
-205 -18
-142 7
-265 -2
-432 -11
-312 -3
-311 1
-206 -7
-58 -4
-295 -18
-259 -2
9 0
-355 -4
-233 20
-3 -1
21 -3
-416 14
-1212 6
78 -15
270 -18
99 -9
-552 -1
-405 -10
-243 -12
-6 0
-1 0
-496 13
-128 -16
-173 -4
-86 11
-378 -3
-404 -2
-336 14
-118 5
43 4
-87 -4
212 0
-1586 -8
-96 8
1 -27
-274 5
-187 6
-352 4
-13 7
-584 7
-75 -1
623 0
-1200 0
-210 7
52 -9
-211 2
-401 6
-335 7
-327 3
-195 -18
-171 4
-181 -8
-406 -5
-381 9
-251 3
-160 5
-77 -5
-510 4
-363 6
-164 12
-176 4
-369 1
-239 -8
-140 6
-283 -5
-281 -12
-194 -2
-156 5
-93 6
-258 18
-240 -3
-304 11
-308 4
45 -10
-213 1
-536 1
-190 -1
-114 16
158 14
-719 -8
-307 9
-461 -9
-117 2
-74 -5
-124 8
-265 -6
-222 -3
-385 3
-164 0
-195 -5
-167 0
-136 7
-347 -3
-284 12
-236 0
-353 5
250 6
-699 0
-360 -4
-237 -4
-151 -2
-148 -9
-265 16
-363 5
39 7
-417 5
-280 -4
-426 11
-76 3
234 7
-532 -5
-284 2
-199 3
-268 3
-261 5
4 -2
45 -6
-928 1
-74 -1
-222 3
-334 -1
-133 -25
-288 0
-282 5
-185 -1
-153 -5
-182 0
133 3
-734 -2
-419 2
-26 2
-237 8
-307 7
-243 1
-238 8
-129 -8
-124 -6
-180 3
-147 12
-196 0
-310 2
-204 7
44 -3
-754 -3
-551 -9
-59 -3
-104 -5
-247 -3
-140 5
-288 5
-185 -8
-146 2
-474 -19
-176 -8
51 -13
-226 8
-895 -8
-222 1
-152 6
225 -3
-835 -2
-259 2
3 0
-231 -6
-117 13
-195 -17
338 8
-1021 2
5 6
-297 21
-178 12
-262 1
-115 -13
-272 5
-278 2
-153 18
-116 13
-132 -19
-73 0
-480 -26
32 12
-823 -3
-262 -12
-224 7
-88 2
-155 13
-290 -16
-166 -11
28 -21
-680 11
-117 26
-64 19
47 -2
-358 5
-453 11
-317 11
-49 7
-458 11
-379 -5
367 -15
-457 -9
-381 5
-422 0
-232 3
-213 -25
-280 13
-288 11
-126 -14
63 6
11 9
-685 -4
-395 0
-93 5
202 8
-618 -12
-483 0
-176 14
9 17
-30 2
-775 5
426 18
-813 -6
-295 -4
-201 -10
-103 -4
-104 -10
-320 5
-309 21
-255 16
-158 7
-59 -6
-132 -7
-235 6
-250 0
-472 11
-73 -1
68 -9
267 -2
-1614 4
-306 3
276 -11
332 -6
-201 -1
-430 1
-596 2
-153 7
2 -3
37 -4
-426 -3
210 -2
-576 8
-424 0
-228 0
-205 -8
-314 -3
-271 0
-221 8
-42 23
-127 -1
-45 -7
-469 0
-254 3
-67 -6
-349 -4
41 13
-249 2
-701 0
-344 0
-122 -10
232 -2
-879 4
-177 4
26 9
-234 9
-257 -2
-198 13
-122 7
-173 5
-254 -8
-210 5
53 1
-960 6
-181 3
-84 0
-161 -2
-35 -2
-450 0
-546 9
-9 0
-10 -5
-297 3
-114 -1
-608 -2
-571 -3
47 0
-27 0
34 8
-916 -3
-379 8
220 0
-357 8
-140 -14
362 -11
497 -14
-1614 3
-391 5
230 4
-157 7
-239 9
-182 -8
-495 -7
-536 8
44 11
403 0
779 7
-1121 -6
-1198 8
-259 16
249 -10
-198 -9
-195 9
-269 2
-217 0
-261 -6
-27 -14
28 -5
-153 13
-276 -4
-402 -7
-392 -4
-371 8
-240 6
-139 5
-118 15
-157 0
-239 8
-283 7
-231 -4
-268 -17
-243 7
-231 2
-232 -5
-201 5
-238 6
-252 11
-264 -21
-290 1
-249 -14
-234 11
-259 -11
-226 -17
-191 -5
-184 -20
-341 -10
-210 5
-301 14
-201 2
