-257 29
-101 75
-183 5
-1290 -15
-989 -30
9 -3
1649 -11
1649 16
1649 -6
1169 0
-1611 0
-1612 -9
-1612 -5
1649 0
1649 2
1232 21
-1610 -30
-1614 9
-165 44
1649 -9
1649 6
1649 -16
709 -13
-1611 0
-1613 -12
-496 54
-905 -18
-880 -36
729 -1
850 -7
-656 30
-750 23
288 -6
966 2
-135 28
51 20
287 -2
-277 -24
-486 -17
540 19
1310 -11
61 -7
-610 16
-399 -33
1649 -38
82 1
-1614 2
-597 17
1649 39
472 -2
-1614 -31
-475 3
1136 -17
1107 -7
-1615 39
-793 11
1649 -12
1379 0
-195 3
-1613 -9
-209 -11
1649 18
927 13
-1183 -20
-29 -16
218 -9
-1365 1
52 28
450 52
521 19
893 -1
191 -6
-1613 -14
-1028 -9
1626 -18
1176 -6
529 0
-258 35
-1603 30
-614 0
292 -45
1410 12
1030 14
-839 8
-1242 -12
835 -21
604 -13
-297 2
-200 25
267 -6
-1135 21
-471 24
1204 -11
-173 0
-578 23
258 -21
83 -47
694 6
-439 47
-772 16
71 -3
109 -4
759 -1
252 0
12 -9
-670 -23
-499 27
415 1
116 13
111 20
258 -24
-187 3
-121 25
506 -9
-142 2
-844 -3
-404 8
690 5
1064 -1
-649 -13
-352 6
287 35
-319 -7
56 -16
75 -13
-40 0
1339 23
-987 -15
-1607 14
248 13
233 -11
52 8
-648 -21
825 -6
11 32
-77 -22
-402 -9
-3 5
580 12
779 -13
446 -28
-762 -6
-996 6
-1066 -28
1148 38
738 11
667 2
-1616 -5
-507 -12
323 -14
-782 34
643 13
1025 -5
-109 -8
-13 -22
-545 8
90 18
-161 15
-151 -6
738 -15
76 -21
-477 -2
-546 -40
921 21
408 39
-332 -7
-447 -23
-1315 -10
-99 0
545 21
207 0
361 0
-499 -6
-592 -15
209 1
953 18
882 -12
99 23
-772 17
-1097 -4
-614 25
224 -41
-394 12
77 36
204 17
360 -12
840 21
362 12
-1274 -41
-900 -21
229 0
31 0
854 -8
374 -19
-1378 4
-891 9
1173 -13
155 -20
-238 23
-236 -5
-790 -30
210 13
233 -8
918 14
-1100 -33
-261 -12
873 17
690 27
-801 -16
0 11
-194 27
-1266 11
896 -20
-577 -19
60 2
39 -4
-655 -34
257 1
854 18
-319 -23
-670 11
-124 -25
104 -4
823 -11
8 27
-1534 38
-56 -14
582 -4
142 -29
-471 -7
309 9
-506 -15
-192 2
-73 40
538 -27
-11 -28
77 12
305 15
56 1
478 -12
-989 -11
-286 4
534 8
-499 -4
-164 -29
392 7
145 47
-238 22
-61 -15
235 -14
-220 -6
-325 2
-639 -1
668 -14
660 -42
428 27
-1598 22
-365 -20
670 14
-226 -4
164 -5
23 18
-337 15
-837 5
420 -16
806 -11
-64 -8
-239 -10
-460 4
290 38
55 9
-262 -9
730 -6
-59 0
-1292 8
-256 -34
415 13
219 14
-286 2
687 13
940 -1
-1314 -1
-549 -7
443 -2
42 -16
-455 -3
-650 -12
-69 19
701 2
-563 -20
-256 -5
-106 17
121 -5
1300 -3
-866 26
-87 -9
635 2
244 7
-549 5
-159 0
31 -2
-338 -21
73 -4
-15 11
-415 13
356 5
495 29
-1612 4
-310 -9
578 -3
87 12
498 -6
1180 -1
-641 12
-1613 -15
726 -3
895 -5
356 6
-8 26
-10 3
-113 9
13 9
815 0
-864 5
263 1
486 8
6 -30
-459 0
-452 14
1104 7
387 11
-630 8
336 0
572 -6
672 30
-284 -18
-134 -17
-748 27
-1021 -15
-98 -33
1169 57
529 1
282 -18
-896 -27
-736 40
552 -8
265 -55
565 -1
-159 43
-333 14
-231 -18
89 -3
860 -24
454 0
-261 16
-139 -6
-588 -5
-198 -3
290 15
544 8
-221 -40
-151 -26
1234 32
140 61
-586 31
-1118 -9
388 -30
578 12
-208 19
695 -11
-630 16
634 -5
-183 6
-982 -14
1536 4
182 5
-239 0
-689 -34
-351 0
-254 22
798 46
308 -41
-489 -20
97 39
397 17
262 -23
166 -41
-978 -14
505 0
-709 -5
463 -2
646 12
-151 -16
-227 -35
823 33
334 25
-1133 -31
-801 -50
697 50
1216 62
-58 -24
-902 -52
-698 0
632 22
265 0
31 -37
708 6
-397 51
-519 -19
-599 -19
764 27
312 0
340 -2
-357 19
-445 5
591 4
896 -34
-626 -13
-1011 -5
1087 13
1021 26
-1132 2
-1209 40
403 -13
334 33
323 6
-260 -15
-108 -25
1649 -11
-829 -15
-1002 37
858 15
263 3
47 -13
-533 0
103 1
162 2
647 11
-982 -18
-520 -12
87 -8
1498 5
-138 2
-1109 -16
7 14
994 33
586 2
-506 6
-983 0
1108 -4
214 -9
-90 -16
156 -11
-364 -5
-581 33
106 -3
-127 -20
1070 9
174 26
137 9
-71 -14
274 16
-106 -7
319 -42
-1161 38
515 5
482 11
227 11
-184 -25
-478 20
-435 41
599 -11
-36 -42
-536 0
629 -11
-209 19
122 32
614 16
-44 -4
-423 -37
-184 16
133 20
582 -32
1058 18
-324 60
-844 -5
-447 -28
285 -19
411 7
1315 0
-708 7
-1079 15
76 -13
755 -1
557 -6
-416 21
-1088 39
171 -33
808 0
690 49
457 -3
-1379 -34
-1044 16
1013 -16
53 -3
30 19
591 -17
-50 -3
-372 8
937 33
-543 23
-617 -23
546 31
897 -5
-53 5
-186 -24
-205 -13
-619 29
245 0
-354 -27
806 8
586 -46
-207 80
-298 33
72 -32
230 -11
-384 -8
229 7
217 -30
-344 11
158 -24
302 57
4 52
-457 -37
624 -13
-426 -9
30 27
381 8
283 -57
102 -51
-10 33
-477 21
-184 -11
600 53
-28 30
-60 -35
-17 6
64 33
533 -13
366 -32
-911 9
841 -65
-1070 12
-478 69
818 -5
459 -72
-90 1
-476 22
-355 32
640 -2
25 -29
333 -19
1395 -25
-967 15
-986 12
-290 6
939 6
-178 6
-708 7
493 -1
354 13
33 7
8 -2
-569 2
276 16
97 1
48 -19
223 -1
318 0
-99 2
-382 -13
-221 -2
176 -14
220 18
419 22
37 15
-474 -11
-382 -4
292 1
22 4
-32 -24
277 -31
967 42
-747 23
-673 -30
59 -37
175 -6
807 11
-192 -6
-31 5
-31 0
24 -8
434 -13
349 -5
-600 -1
833 -3
-380 -14
-337 -1
-125 16
-480 1
425 0
421 -5
-254 -6
88 -12
1404 0
557 -6
-1608 -6
-872 1
793 16
321 16
-186 4
456 0
37 7
-273 -6
-93 7
736 17
252 4
-796 3
268 8
255 17
-243 6
-414 4
183 -10
-31 -15
562 11
337 12
95 9
-13 12
158 6
143 7
-392 -21
-373 -6
-158 6
-149 2
-187 15
1257 3
103 -23
-925 18
686 4
57 -10
-261 1
-7 -8
345 6
629 -11
-292 19
-685 12
160 -8
526 -13
440 2
-544 -3
26 14
632 7
-646 -17
-324 -49
321 11
553 5
-335 46
-113 6
276 -19
1038 4
-74 3
-543 3
290 -7
127 -12
77 3
91 -22
-313 -1
-383 1
757 24
136 14
-561 -19
55 6
265 -22
163 11
357 11
-142 22
-601 -11
123 -1
47 -14
-142 3
-67 9
1004 -15
293 16
-687 2
143 -21
297 23
286 4
-402 -15
222 -25
739 -48
-757 12
-575 13
-467 23
812 -22
279 12
-32 13
-290 7
155 -3
330 -11
125 28
95 -23
-154 -19
-9 2
181 -66
-132 2
1 45
595 83
-483 22
125 -21
-447 1
217 -29
764 12
-408 18
178 -3
-91 -37
-198 -1
47 -14
158 -10
748 26
-215 6
-484 -17
-185 15
490 -41
211 -3
44 12
179 26
-370 -37
759 -16
467 52
-887 0
-480 13
487 -13
837 -47
-186 -4
-399 9
-330 -17
144 -28
149 22
221 2
411 24
-19 16
-306 25
17 -6
221 -14
422 -26
-238 4
-445 15
391 -12
7 34
382 -1
231 -15
-85 9
-136 1
316 11
19 32
47 15
-316 -58
271 0
192 35
-110 88
-26 -51
117 -68
-206 9
64 30
326 91
62 12
263 -57
287 -32
-252 -28
-189 -19
-78 -30
189 -39
-23 -33
55 33
-164 86
-221 22
157 -42
488 -21
-273 -11
559 0
-251 35
248 -24
683 -36
-501 -2
-209 -3
413 -1
438 9
-326 -38
-992 21
504 19
424 16
-25 -3
331 -20
115 16
-28 2
-392 18
81 -31
263 26
-50 34
64 -27
215 -31
441 -11
-406 -1
-375 11
299 -1
502 -5
186 24
-10 0
-355 76
157 27
285 -38
-82 -14
415 37
136 6
-387 -6
-214 -6
83 -26
269 -43
162 0
-837 26
136 45
777 -5
-5 7
339 22
-169 18
-15 -31
-249 -25
-44 13
387 -27
53 -13
570 -8
-812 -5
-898 -15
862 39
532 62
-220 35
-133 -24
633 -27
-90 23
-112 5
136 19
-190 -15
43 -48
732 -6
676 6
-494 11
-515 -7
-104 -12
196 -16
767 5
239 2
71 20
-356 -1
-271 -19
502 3
-76 -11
452 -2
-184 53
-135 12
-225 -36
244 -17
442 31
-310 -3
-127 -9
169 -22
217 -10
485 9
-96 -15
-216 5
291 -4
-203 -1
25 9
-77 9
461 -35
269 -69
-787 25
-100 63
229 46
704 -31
-195 -23
-305 -13
89 15
655 21
110 5
-238 -43
14 -24
248 7
-208 -19
-176 24
81 11
352 44
259 3
-25 -28
-224 -8
-92 -23
397 0
212 -2
-10 21
-207 -32
40 14
-394 46
271 42
225 -41
-67 -56
-120 -45
480 -3
458 46
379 22
-773 12
-496 14
546 4
144 -19
236 -17
130 16
-418 11
-270 -5
570 -27
378 -16
324 -11
489 5
-619 6
-450 24
267 -5
279 -3
-27 23
-143 2
457 -2
-48 3
39 33
-21 5
-65 -5
92 -34
102 -7
46 9
78 19
170 -2
200 -6
138 52
-89 42
179 -16
124 -45
-301 -1
-107 -33
-11 -33
205 -9
-177 -14
423 0
163 -2
-319 -64
143 -53
64 0
451 82
145 76
457 -19
-857 -49
-309 -35
-79 -10
315 22
586 8
719 -27
-717 -17
-311 8
295 6
415 -12
-185 0
39 14
146 8
-117 3
16 3
-77 -27
38 -14
376 13
-141 -1
269 -6
-47 11
-177 6
47 29
743 -3
249 -12
-1204 32
390 25
-192 2
256 -21
131 -7
69 3
279 -37
-247 -27
-227 16
664 58
571 -33
80 3
-202 -15
-112 22
214 12
-4 -21
122 -7
114 0
-136 0
-47 -28
53 4
108 3
519 6
111 31
-330 15
287 -17
381 0
468 -43
-345 -4
271 3
361 13
-812 -14
-859 -22
411 31
68 32
346 3
300 -14
-97 44
-20 8
782 -8
605 -9
-573 -4
321 23
109 22
63 -65
40 5
-225 26
-4 0
476 -4
126 -4
338 -3
295 0
228 1
143 -11
-441 -13
121 5
148 20
-221 -11
173 -4
293 -2
-103 -33
112 22
717 47
-81 40
-221 -37
-116 2
451 -12
579 21
-88 -11
-1090 11
-140 -13
-1613 -1
476 18
482 11
-40 -16
-676 -20
684 -5
429 32
3 13
377 -3
343 -27
181 29
-103 19
-210 -15
-61 -10
504 11
107 23
-66 12
209 2
-55 4
191 -13
418 1
-70 -16
-119 15
-96 21
118 -14
131 -20
126 29
78 29
595 13
-685 -15
-25 -16
173 17
424 14
-104 -22
-818 -13
557 50
423 52
-56 5
38 -44
-181 -30
915 1
605 2
-317 0
-22 -31
157 -28
644 -12
-384 8
-526 9
455 -5
370 -6
-262 12
41 -26
-91 -6
378 -9
132 -10
239 -8
9 5
443 -3
134 17
1 38
395 19
133 -13
-290 3
243 3
436 -9
68 -48
-106 -1
-157 28
349 56
-382 -13
39 0
711 2
244 8
80 -1
-683 9
4 -7
674 -15
169 -17
245 0
170 30
-385 -2
-342 -8
41 -4
1642 -8
1478 37
-1607 25
-295 -21
746 -18
652 -22
74 -24
-7 18
85 23
-313 19
281 1
385 -41
-66 -11
1 28
257 9
202 -8
208 -22
-812 29
571 9
515 -10
-205 0
-514 -7
-6 29
1649 22
-388 13
-438 -39
-152 -11
466 4
541 -3
-283 -8
-22 1
25 0
50 -10
215 -19
246 -11
-588 0
-158 39
89 27
264 -12
477 -9
-343 3
-45 13
357 0
182 0
-168 -25
547 -6
25 18
-422 20
358 8
-129 2
509 -13
187 -20
-437 0
133 15
870 17
-68 -17
-79 -1
111 -8
329 4
-133 -1
-155 7
52 -1
176 0
79 -5
-176 15
165 0
548 -13
-204 -13
-165 -3
-49 32
905 16
303 -17
-931 -22
-66 23
213 14
-69 0
-5 13
-66 -2
-49 -26
-30 -18
231 20
-195 37
-104 1
293 -11
192 -9
342 0
-25 2
597 0
-499 0
-196 -2
-87 -1
-416 -12
393 8
917 8
-664 13
-233 11
136 14
-123 15
210 -21
273 -35
-109 -1
97 1
132 22
68 -8
-41 3
-237 -16
-287 15
325 21
122 13
-26 -20
-225 0
-336 -19
-258 -2
1031 -8
622 18
-1274 25
141 27
558 -12
-293 -20
213 0
-125 2
-71 2
20 -10
130 -5
34 2
82 -6
-51 -13
786 27
729 16
-819 -11
-781 -7
93 17
477 28
573 -10
57 7
-725 -23
-98 -15
775 -18
174 11
-87 41
-334 -29
504 -23
-342 0
-101 -27
-260 33
137 0
721 7
-78 35
-639 9
362 -15
-360 -1
279 -19
264 11
-519 20
-274 -5
550 -1
135 34
-187 3
769 -8
-171 -2
-651 9
145 0
350 3
-7 -6
-21 20
-247 -21
53 24
290 0
-122 1
755 0
372 -1
40 1
-296 -9
-142 -18
-600 0
247 8
163 11
-188 -1
382 -8
-181 -16
47 -14
273 -15
-452 53
498 3
589 -33
-429 13
5 6
-97 -13
2 7
-239 9
199 -4
769 -31
211 0
-1220 -8
434 -12
733 -10
-296 4
-167 -9
-110 18
140 -24
254 -9
80 -14
-204 57
-203 18
572 -24
80 3
-598 5
-391 2
-15 -13
412 0
-296 0
-407 -6
634 8
9 -3
-350 -8
298 -7
737 2
470 11
-456 -1
-393 -7
74 -16
279 -9
204 3
309 -2
-276 2
-346 -8
-233 0
414 2
-212 37
-180 -3
66 -14
548 6
-57 1
-804 5
-263 17
616 14
372 0
-72 -4
-280 -28
-218 -7
1491 0
-475 -1
-183 -6
66 6
129 -2
188 11
-552 22
722 8
-472 -16
-346 4
113 2
264 1
184 5
185 2
-10 -5
184 -19
-582 -10
-2 1
480 11
705 21
-356 4
-297 -10
-26 -26
-22 11
304 14
553 20
-145 -24
-262 -18
-54 8
-24 8
-9 -8
56 3
665 -16
207 -2
-678 -1
-91 41
254 -4
23 -17
404 -14
-752 0
-20 19
657 -3
-152 -13
-581 12
403 -5
559 -15
112 -11
-288 11
-248 0
-50 -5
181 20
512 29
148 -12
-595 -3
-212 -6
460 -8
90 0
88 0
-257 0
462 -8
725 -12
-1301 6
-538 31
407 -9
354 -3
84 0
459 4
-364 7
-133 -10
-123 -18
251 -11
66 -1
125 4
-538 23
0 -7
940 -15
-159 -1
-39 25
-174 12
23 -9
848 12
-563 8
-133 -7
898 12
-365 21
-127 26
-204 -17
3 -13
-27 4
-511 26
724 2
486 2
78 -5
-376 18
-410 26
639 -6
468 0
635 -6
-525 6
-1593 -4
-277 -19
1177 -28
-194 18
-1042 16
648 -5
929 -9
-307 -4
41 -23
535 22
-285 7
514 29
104 -49
-333 -4
-111 0
-266 27
-759 -17
761 -16
1138 25
-189 18
-641 -25
399 -9
212 12
130 11
-240 -25
199 -1
528 30
-436 9
-737 -6
297 -12
129 -3
190 1
334 8
248 7
83 0
-122 -10
680 13
396 2
-553 13
-779 2
80 -2
943 -12
1058 -5
-1209 6
-316 4
653 -4
720 -18
-304 -17
170 6
-435 23
703 21
-101 -1
270 3
361 -12
-862 -8
-395 -11
40 -2
1126 -1
82 27
-339 27
-216 6
67 -9
576 -22
214 9
-162 3
-6 9
52 -12
-47 -3
1117 0
405 -7
-1601 0
-96 -2
545 28
533 12
852 1443
-154 -790
-332 -383
-270 -1
-352 92
297 48
1136 -66
148 -83
-497 -45
-661 51
308 83
363 97
407 87
-18 43
-201 -6
563 -28
478 -46
-409 -48
-434 24
498 66
432 64
-319 29
72 13
449 3
204 -9
84 -19
-97 -15
502 -23
846 17
-44 19
-1047 26
-992 20
72 1
623 -7
219 -17
73 -11
-177 -13
812 6
566 -1
-381 -3
168 -17
447 -7
382 -2
393 37
-987 -1
-368 -2
250 -7
365 -1
433 -14
93 -18
-5 -5
413 7
90 12
233 11
-342 -10
-370 -19
119 -7
111 19
525 25
-476 2
25 -19
806 16
-37 8
-132 -1
246 15
1254 -8
-683 -9
-297 3
426 1
228 8
158 15
-82 0
-79 4
62 -18
-198 6
136 25
220 -12
-371 -24
606 22
1206 8
-594 1
140 -32
-558 5
-935 19
944 -21
87 -3
-191 12
591 0
-201 -5
-168 -41
328 -4
591 18
141 15
359 -5
1649 -22
-688 -22
-1611 -14
-187 20
635 33
180 6
28 -10
486 5
1078 13
483 15
-1150 -35
-12 -6
-211 14
565 14
715 -6
-567 24
-45 28
-171 -7
573 -6
-484 -8
50 18
1006 -2
530 -31
-565 -4
-469 23
465 -17
608 23
-409 -3
-464 -7
303 13
238 11
499 -1
207 -15
322 -21
176 1
102 19
-1337 17
-124 -12
689 -9
497 -11
-524 -4
-514 13
482 5
1080 -25
-616 -15
248 0
571 -3
83 20
-43 1
185 -3
-361 -4
311 5
-124 4
-681 11
470 7
280 15
120 -17
131 -16
97 15
-441 68
-1 2
903 -42
-286 -38
-344 -10
-173 -2
482 38
66 7
2 -34
872 -11
-1511 19
-496 13
387 -3
804 7
119 3
-476 -1
559 12
-268 -1
-260 -13
286 -23
41 -5
698 26
538 11
31 21
-1037 9
-338 15
407 -5
323 -15
372 1
184 4
-790 -34
-184 -29
-85 31
915 29
69 1
-635 3
-306 -4
670 -4
235 18
-331 14
-330 29
-16 0
414 -12
204 -2
-208 8
104 -18
-9 -4
-334 -22
-479 13
283 15
790 29
-55 -2
-117 -16
-576 -13
-43 15
573 22
276 -22
342 -9
-191 0
-966 13
-642 4
508 -13
561 -3
438 -7
-154 12
172 -5
272 3
-160 -4
-78 3
419 22
-27 -19
-903 -16
-221 3
676 40
-64 -28
100 -4
608 29
110 31
-754 -31
-134 -10
430 0
491 13
50 35
-168 3
-172 -5
-491 -23
265 12
531 -2
274 0
612 2
-771 -30
-1228 -16
87 15
604 13
308 22
402 -8
-225 -3
295 5
219 -8
277 -19
139 2
-104 -5
314 3
136 -10
-1078 -27
368 17
-264 23
140 6
1559 -18
-728 -10
-895 5
-40 11
-255 8
542 6
319 4
-4 4
-158 -51
172 -9
288 31
978 25
-1012 8
-53 -28
712 6
-466 5
-523 -23
-61 -6
173 -13
263 14
-89 -11
204 3
29 1
363 -6
789 -4
276 15
-1612 -12
-336 -1
1098 -17
89 -4
-409 15
-315 20
141 3
500 -2
96 -45
-325 3
-59 9
347 48
95 -2
22 -16
-159 -20
-490 -4
493 15
3 0
152 -1
284 -7
-411 5
-50 12
661 7
39 -13
1640 6
-1613 21
-572 0
216 7
-1093 -15
482 -16
1649 2
-580 -1
78 -8
122 8
-775 7
314 2
681 20
-26 -2
135 -10
-44 -22
-352 19
-737 3
494 6
695 13
-336 -2
202 0
290 -43
297 -2
-316 62
-384 -6
375 17
220 12
-325 23
88 -21
323 -2
238 -5
322 27
-935 8
722 -16
-180 -3
57 -39
286 4
491 6
348 16
-196 16
-250 16
399 9
-162 25
-8 3
-397 1
326 -8
241 8
62 8
95 13
682 0
16 0
-37 3
172 -9
285 -18
216 -21
-232 22
17 29
1361 17
-837 13
-854 -20
992 3
-187 22
450 15
470 -16
-537 -11
40 1
379 6
403 7
-283 12
268 -28
104 -4
133 1
-36 44
-469 -18
296 -13
-190 -6
175 4
305 5
-104 -9
296 17
-18 5
527 -9
-32 -6
104 7
-545 4
-361 5
1238 -6
217 -18
-87 15
-432 -1
-368 -14
981 -3
15 13
-217 1
-49 30
376 33
90 -20
130 3
-10 5
-370 46
117 5
504 -18
294 -25
267 27
-109 0
-414 -9
553 -26
202 1
-193 31
449 -22
-339 -9
270 20
-209 -22
-28 -5
42 5
-184 29
301 -7
239 -34
-259 -14
9 35
589 20
73 6
0 0
-20 -17
651 -14
513 20
-863 -1
-667 6
509 -34
75 -15
0 -41
614 33
-351 43
-28 -5
497 -12
632 11
-526 38
173 0
655 -12
-301 -10
-170 1
-255 -26
164 1
428 23
-321 44
252 -11
208 -22
-227 15
475 0
36 18
-140 5
184 17
179 -6
3 -16
-266 -17
725 -8
73 44
-111 39
148 -25
-143 -25
78 -12
68 25
393 24
756 7
-1048 -20
-576 0
299 15
739 -9
32 -24
-738 -24
107 21
292 24
381 7
570 -11
-518 -7
186 -1
466 0
261 -16
297 2
-1039 9
155 -4
286 -9
224 -7
56 -7
24 -3
326 -2
142 31
96 -3
108 -9
-239 -21
378 0
218 3
-183 3
81 24
114 12
-72 -3
416 -4
-88 -22
-824 -1
294 11
498 4
90 -4
234 27
-357 12
105 5
209 -4
-21 -4
286 -3
347 -5
-93 -2
-306 -2
197 13
329 -14
506 7
-326 11
-447 -9
142 -8
809 -10
-53 13
113 15
158 3
-90 -15
3 -10
-733 0
692 -3
299 12
-201 0
470 11
176 0
-794 -14
22 7
260 -7
433 -2
146 -13
-5 -10
67 -1
298 18
-115 28
261 -19
60 15
89 17
202 4
-88 2
-414 5
-214 -8
1328 4
837 8
-897 -17
-509 -36
988 5
441 30
-356 16
-106 7
191 -17
-593 3
-271 4
142 6
254 -31
376 -16
233 4
102 -1
31 -54
545 -5
-242 45
-847 48
505 -8
365 -11
-107 9
959 5
-526 -1
-296 -1
240 -6
221 5
248 -4
188 0
-250 12
364 -12
-134 6
-124 11
89 -5
98 -12
458 20
-749 3
-38 -22
246 1
333 3
-240 1
71 -5
184 -3
454 0
837 -12
-418 -7
-813 -9
-153 3
619 -3
213 15
-54 9
-616 3
-189 -20
642 -38
1620 3
-52 26
-1613 33
800 5
347 -3
-211 -7
-34 15
19 -4
-4 0
19 -9
103 -8
559 -19
774 -28
-194 -1
-606 16
81 -9
728 -12
136 16
-296 4
424 -13
-1231 1
69 8
824 1
-39 13
78 -13
-389 -12
209 6
887 7
-735 2
161 -9
331 7
180 0
301 16
-8 8
-571 -13
116 -4
-279 0
548 8
968 -8
-632 -9
264 4
-4 25
-201 -12
62 17
505 -3
-321 -20
79 -15
654 6
418 0
-1296 -5
-920 7
949 -19
779 21
437 12
75 -15
-281 11
-1600 12
-91 -11
1211 -17
472 -4
-36 26
346 -12
324 -10
-1039 3
-9 8
681 -24
136 -23
596 22
889 31
160 -9
-1322 -23
91 5
123 15
228 -15
-247 0
0 3
363 7
-65 -12
-353 -15
183 1
518 15
656 -3
205 -9
137 7
900 16
-811 -12
-784 -5
472 13
33 45
-352 -12
-559 -15
1649 -3
-618 -18
5 3
585 6
921 -3
-289 0
-959 -32
-257 -3
145 13
704 -9
-315 2
-296 7
-39 31
-123 14
1003 -7
652 -29
-291 -15
-512 -10
652 0
21 11
-1 -15
377 -15
-381 -19
20 6
191 12
-334 9
688 11
624 7
-435 -18
-22 -1
247 -10
824 18
240 -6
-1323 31
-671 -3
416 -4
129 -18
482 2
74 18
-266 22
406 15
1136 -20
-695 -16
-546 19
1264 13
-69 -5
-319 0
-1495 1
516 8
337 -4
490 -19
7 21
660 1
980 41
-472 3
-672 1
-234 3
422 -3
812 -11
-1614 2
-880 -2
556 -14
456 -22
749 14
610 -18
-996 -11
97 8
257 8
433 7
428 -5
-167 -7
-284 -2
68 4
705 19
-771 -7
130 -4
436 -17
87 -5
-17 11
-3 15
336 2
845 28
394 -1
-1377 -22
-716 0
189 18
742 5
565 6
-937 12
209 -12
-23 -1
-56 -21
1043 0
777 0
-296 -23
-249 18
-129 0
360 -3
776 -6
-739 17
-235 2
835 6
-191 -7
-253 -7
948 3
-218 13
-140 -6
-26 4
-400 -1
375 -8
670 6
715 9
-370 1
-196 -1
156 3
112 0
147 -25
37 -8
-62 28
1 11
257 -12
297 -11
-86 11
21 16
111 14
129 -16
-62 12
-43 33
153 34
44 0
353 -5
406 0
-85 13
-211 16
-25 -6
148 -9
251 -4
-223 1
-473 16
61 0
548 -12
175 1
-138 12
424 25
190 0
-277 -11
191 -11
196 -1
104 -14
121 -8
-87 -1
119 30
412 34
-213 11
-95 -18
18 15
109 25
88 12
-7 -13
152 -5
140 -2
70 0
153 3
44 -17
407 -33
-449 0
-288 42
265 20
289 50
263 4
56 -4
-281 -11
124 -10
320 -1
181 7
30 -11
-22 -28
4 -23
18 5
154 -3
325 16
64 42
-358 -9
39 -24
295 -3
254 -31
147 -38
25 15
15 26
112 55
33 -4
95 -6
79 8
97 -2
157 -9
