-13 -11
100 -14
144 0
-302 2
29 7
-17 4
-52 -12
8 3
-32 -8
-97 -7
125 -2
-74 13
-108 -4
-30 0
185 -16
-146 -10
-11 4
51 -24
16 -10
46 21
-346 28
135 -8
62 5
-145 2
116 3
-261 -5
115 9
13 1
60 -7
-129 8
187 5
-83 17
-87 -7
-60 9
104 0
78 9
-262 -7
186 -1
-374 14
149 19
21 22
-90 3
16 -5
151 12
-91 0
32 -7
-151 -9
243 6
18 2
51 -10
-93 0
-120 -13
4 4
-16 5
118 0
24 13
-67 -10
-29 -4
276 8
-185 9
93 5
-82 3
-8 -6
81 -7
14 9
-270 7
19 -2
160 25
4 -2
138 -5
46 -8
47 5
4 12
-220 4
117 11
-76 3
100 2
-115 16
115 -2
-39 -3
-72 0
-157 6
57 11
251 -3
-238 14
5 3
166 1
-64 -3
-115 -11
144 1
-149 11
98 -1
148 0
-33 7
-38 9
-249 1
-57 16
49 -7
173 4
-207 3
49 3
-62 7
361 1
-329 12
8 3
132 4
-46 -12
-72 -5
43 -5
-4 0
39 0
-136 4
173 1
46 12
169 9
-387 0
104 -6
-204 0
-2 3
-50 8
235 2
-261 2
-57 0
132 3
0 6
8 13
38 0
30 14
-38 0
117 -4
-79 0
-34 7
168 -8
-306 9
119 0
-68 1
-161 -1
159 12
-248 13
186 11
0 -21
-162 0
106 3
-8 -1
7 -4
74 5
46 -5
-124 3
-157 0
5 3
106 3
216 6
-177 2
55 8
-150 5
282 -16
-234 0
-50 -1
137 0
-84 4
-333 1
125 9
231 4
-24 3
-95 0
34 7
-58 2
11 -5
22 0
0 0
-24 -2
-22 8
204 7
-253 11
253 1
-274 -1
-24 -1
214 1
-91 6
-203 6
95 7
75 6
-75 -3
4 1
-70 5
-13 16
41 11
-27 6
-36 7
83 11
66 -13
-44 -15
-32 -1
8 0
48 3
30 9
-13 1
40 14
-212 -24
-37 3
-37 6
63 12
26 8
112 0
-133 -1
119 0
36 1
169 -1
154 4
-264 -13
-87 -4
68 -17
43 14
278 9
-130 -12
-121 0
86 -1
84 -2
-19 -1
-43 4
89 0
147 14
-317 0
92 -1
173 -2
90 -4
-129 -15
-303 -8
127 1
149 8
-103 -1
-26 5
-117 -2
107 5
-178 0
74 -1
2 2
-93 -5
250 4
-131 2
42 2
-17 -3
40 2
-91 11
-81 6
20 15
-6 -3
77 0
-20 3
33 -1
-6 -2
-142 5
61 11
-24 -4
147 2
142 1
-286 6
-355 7
165 3
282 3
-90 8
210 -3
-232 2
-107 4
114 -2
105 1
45 -1
15 -7
-40 7
-172 9
153 -5
74 2
-130 -9
-31 4
150 18
-286 -5
53 -4
-35 -2
40 -4
48 -4
12 0
-59 -7
-43 1
-9 2
88 7
17 2
-23 0
-15 -2
17 -2
32 -2
-58 4
1 5
19 13
8 -1
9 3
1 3
9 7
-75 3
-85 0
108 6
-8 -3
-75 1
-26 1
12 0
125 11
-44 12
-90 15
-62 9
-27 -10
-23 -25
54 -5
-102 3
135 4
-282 -6
82 2
122 18
-88 4
-42 2
-17 5
39 7
22 11
-25 -2
84 -5
-29 1
-44 6
-8 1
48 -12
-44 -3
36 -5
-142 -3
33 13
140 0
-117 13
-25 -14
-12 1
32 -1
81 13
-133 -7
-37 -16
68 12
142 7
-185 -4
-120 5
97 -2
31 -4
0 -8
11 -5
-94 5
-7 -15
1 8
-18 -2
46 0
0 -6
-62 14
-42 0
140 -4
-67 2
-5 -4
57 0
-149 2
76 -4
-76 3
-65 -7
82 14
-57 4
-1 -8
90 25
-91 -14
53 -8
11 -3
51 7
-7 9
-39 11
54 -26
-97 -15
61 -13
-150 -3
11 0
62 -10
34 9
-74 -9
114 6
-53 0
-36 -1
-22 -1
71 -5
-36 -3
18 4
-18 9
-60 4
87 6
-61 -7
-68 2
87 -5
-44 4
30 -8
7 4
135 2
-114 -4
-72 -1
74 -13
7 2
-58 -11
107 -10
-45 3
-26 -7
-35 -1
-3 -1
-39 2
-26 2
-28 9
85 -12
-39 3
-73 3
82 3
-50 2
90 4
-7 -2
48 0
-122 0
-6 -3
114 -3
-160 19
-11 -6
68 0
-54 24
130 1
-27 -7
14 -7
-37 -4
52 -6
-95 7
48 3
-44 -6
-26 0
139 9
-105 1
21 -2
-70 1
-14 -9
-27 3
30 2
9 5
-90 1
114 -9
-157 -7
6 11
81 4
14 7
20 -6
-90 -3
89 -7
-51 8
-92 2
99 0
17 -8
-51 0
-56 5
124 8
-40 -3
-20 -10
103 -8
-50 3
19 -6
-35 -4
-51 0
49 3
2 5
55 5
-130 -1
32 -8
-46 -6
86 12
8 0
129 15
-3 -5
-54 8
-91 -20
-13 -1
78 3
63 1
-37 14
-49 0
-91 0
65 -2
-143 14
71 7
39 8
69 0
-31 -3
-25 2
-51 3
-71 2
-9 0
-6 4
63 -12
104 0
-85 8
-29 -5
54 4
-107 9
-10 17
24 2
93 0
-108 -2
-26 -1
32 11
41 0
-155 1
36 12
-5 8
21 -10
-63 -7
-17 -5
-39 5
-80 11
56 -4
87 4
-18 -5
-59 7
-35 -10
76 0
20 0
-99 -1
11 -7
-3 -4
-45 4
7 11
-120 -3
85 -2
-18 -15
59 -2
-16 -1
-57 -12
58 8
69 -10
-16 5
-75 1
-47 4
108 -8
27 -3
-5 7
-52 -8
63 -2
-24 -9
-28 20
2 -15
-46 -9
-19 -1
-10 -18
9 -1
-27 1
123 -7
-91 19
-66 -9
130 12
22 1
-13 -8
-49 -5
-74 1
70 5
57 -2
-52 7
-141 4
62 17
66 -2
-149 2
52 7
88 -1
-26 4
-285 9
121 3
211 5
-108 -14
-64 0
-70 0
39 7
15 2
-25 -7
43 5
-59 -17
89 11
32 -5
-121 -5
-6 17
155 8
-51 3
-132 -3
4 4
144 -11
-43 0
-8 -1
1 -4
66 0
-84 7
-123 11
22 0
-22 1
52 12
-4 -10
52 11
-45 -4
-48 6
105 -9
-50 13
-7 -17
-10 11
39 0
-32 3
49 9
-121 9
54 5
1 -1
9 22
2 -2
8 14
-112 -17
29 2
-26 6
-68 22
177 13
-13 -2
-79 15
-27 -3
22 -6
73 -7
-67 7
-50 2
-33 2
65 -4
78 5
-22 13
-74 11
-103 3
197 14
-48 6
-45 0
17 24
-60 -26
52 -2
-79 23
1 25
50 -20
27 -5
-15 4
-51 -13
31 13
68 -8
-5 5
-34 8
-19 8
50 3
-27 -5
40 23
-124 1
-81 19
57 -2
12 1
29 3
5 3
-167 0
-29 -5
126 -11
-19 7
28 8
-81 -11
16 17
48 16
12 2
-26 17
-3 -9
51 -3
-97 -3
26 -6
40 0
-78 15
7 2
11 5
-88 0
-14 4
121 -9
-29 -8
11 -1
-44 22
38 16
69 6
-50 1
35 6
-85 23
9 14
74 -7
-124 -15
127 22
67 -9
-2 -5
-135 15
-37 5
46 -13
28 -13
-32 5
9 13
-44 8
87 15
7 4
24 3
31 9
-124 -16
27 -3
-5 -7
49 2
-33 -8
-42 12
-31 18
59 -3
-41 -9
51 -12
-27 -8
-22 0
88 0
-73 -18
15 6
2 1
-38 0
-51 3
64 7
74 -17
-97 -1
44 4
60 3
-93 0
69 7
-26 5
45 -5
-98 -6
112 16
-6 -10
-20 2
15 -3
-36 8
-19 1
76 -10
27 -2
15 0
-22 2
-80 -10
-10 4
145 11
-170 4
-79 17
44 4
70 -13
-49 13
-50 -6
-9 13
-6 -7
8 4
30 12
-26 -8
22 8
9 0
3 5
9 7
-72 2
-29 -3
8 -2
6 -2
-10 -2
-13 1
47 6
-28 -10
0 19
-44 12
38 14
48 -5
-16 -18
21 2
-75 2
-36 3
64 7
5 16
134 -13
-307 9
-72 11
104 -11
22 13
93 1
-142 4
-102 6
7 12
45 -4
144 -7
-23 15
8 -14
25 -2
-5 12
-55 2
34 -3
28 0
7 -8
-104 -11
1 -7
-8 5
49 12
-6 0
-8 17
-14 5
-3 -12
-37 -3
119 6
-71 4
-54 4
38 -18
74 -3
23 8
8 24
75 -5
-217 -3
29 3
-2 -9
16 0
15 15
-3 12
-39 0
33 8
8 7
18 7
58 -2
-32 -25
-27 -3
39 -3
-55 -15
0 -2
-58 0
20 1
9 8
-13 -6
65 -12
-98 13
14 9
-89 11
26 16
-80 -11
29 -11
-27 -7
-34 29
104 -4
-19 11
-3 -15
26 -11
0 4
-6 15
-107 5
31 -14
-20 -23
-4 1
-1 -20
8 2
12 0
67 15
108 18
-116 11
-35 -17
56 2
-39 11
39 16
-92 0
16 -8
-60 -1
17 18
171 8
-75 -2
-14 3
-54 -4
-101 1
89 11
-19 11
52 2
59 6
-17 -8
-39 3
12 11
12 18
56 -6
-36 3
-129 0
-55 1
113 -20
21 0
-28 2
51 -6
5 17
1 25
-18 -5
-156 -6
28 -5
121 9
-117 8
5 -7
-123 -3
43 -5
45 -4
4 13
-21 -2
26 -24
71 8
-39 7
40 -8
-55 21
-22 6
20 -12
-50 -11
-109 -9
81 -8
-21 6
29 -3
-93 9
34 17
22 0
-25 1
3 -15
50 0
-25 5
-41 11
9 9
-3 6
-18 0
18 -3
15 -6
-3 7
31 7
-150 6
44 3
-11 -2
-39 6
121 4
-112 0
-28 -11
65 -4
20 2
-82 -8
27 4
41 -4
-56 12
21 -1
-9 0
-28 7
168 4
-53 -8
-16 0
1 15
96 -1
-173 2
115 6
4 -2
-158 0
45 -1
27 1
-64 6
-90 15
51 0
96 -6
-32 7
-26 3
-43 0
160 -1
-128 0
-10 5
18 -3
-12 0
28 6
-49 -4
-9 -3
11 -2
111 -2
-19 12
-122 4
-2 1
37 -3
-34 -4
-38 -4
57 -5
-48 -8
37 11
-123 1
104 8
3 1
26 0
-7 4
-25 -9
-25 1
42 -2
-93 4
1 -2
26 5
-8 -18
-31 5
-13 8
27 1
50 4
-75 8
71 6
-10 4
77 -10
-32 -2
-122 0
79 16
21 19
11 -1
-31 -19
-29 1
-29 1
86 -10
-37 -22
-54 -12
18 22
67 11
0 23
-22 -2
-15 6
20 9
-47 9
35 -22
17 -10
34 -13
-37 0
-37 -4
-14 -6
-37 -16
29 -4
-3 -3
-25 -14
-2 1
39 15
-15 -8
19 -9
-22 -1
-7 -6
-10 -3
-16 1
-70 -4
91 -2
27 4
-65 -6
-43 3
-3 -8
81 4
-8 6
-93 3
114 4
-143 0
22 -3
41 -13
-49 -1
9 21
-14 1
-3 1
-41 26
54 6
40 6
1 7
-55 6
42 8
-15 -6
24 0
59 15
-85 17
-24 -9
-107 -5
88 -2
23 1
-42 -12
39 -16
5 15
-75 2
16 -14
29 -12
-98 -6
-2 -6
16 0
2 17
-10 0
-50 0
31 4
20 -3
4 3
9 1
-13 2
-118 -4
146 1
-41 11
-60 1
17 3
28 -1
-29 -2
32 -1
71 4
-11 -3
-47 5
28 -2
26 0
-54 5
24 -6
34 -3
-24 12
-26 0
-13 -2
26 8
-19 6
-19 -6
17 -5
20 0
12 0
41 7
-67 -2
2 -2
45 6
-16 0
-16 -2
-5 7
30 -6
-76 0
-1 15
-26 1
82 7
-84 4
71 -8
39 9
-93 -1
-29 -4
39 1
37 6
26 4
24 -2
-36 0
-64 -2
-81 0
46 -9
-19 -9
59 0
-24 0
-46 2
2 5
30 0
-5 -7
-81 6
-31 -6
45 6
22 -1
-20 3
-18 5
-46 12
-42 6
125 7
-132 6
2 0
38 -2
-1 2
3 -2
30 20
-42 6
-152 -1
159 13
-28 -2
-30 -17
15 -4
-12 -8
37 4
58 -11
-140 -15
44 7
-33 3
44 -11
55 -11
-28 -11
-4 -6
-8 1
-13 -1
9 -15
14 14
82 9
-42 -6
-109 -9
27 3
70 12
-62 11
-60 -6
-3 4
68 1
14 22
0 8
31 0
-114 8
-7 -16
25 16
-40 -7
71 3
-78 -6
-33 -10
25 0
-35 1
35 14
-101 -11
14 3
6 12
85 -4
-83 8
29 -7
-25 -7
-18 -11
9 18
100 -1
-92 0
-12 -6
34 -2
-78 -10
-48 6
6 1
33 1
4 11
22 14
-51 0
-43 -6
20 -1
99 1
-34 -5
-61 2
-27 -11
28 27
-64 13
59 8
-88 17
90 21
8 -23
-31 0
5 0
20 3
-96 13
-7 0
31 -2
-8 1
-5 -2
-46 -4
-5 -6
-11 -6
39 -6
-37 17
39 0
45 -2
-48 0
24 0
-29 3
19 -2
-6 9
-21 -8
-26 -1
-2 -5
-3 5
32 -2
-22 0
7 3
-25 -8
136 5
-72 4
-15 -2
-3 -5
-16 -9
58 8
-84 -5
73 11
29 5
-50 -10
21 16
8 -5
-84 -2
0 -3
89 0
-27 -8
-42 -3
56 8
4 2
-36 12
-40 0
18 -1
6 3
20 -7
-116 0
40 9
65 3
0 7
2 6
-72 0
25 -7
0 -4
-14 -7
-19 7
3 1
-8 1
33 2
-13 7
28 -5
-68 2
-93 8
37 0
32 -8
18 1
40 -1
-35 -2
-9 -6
-12 0
72 -4
-114 3
-9 2
31 1
32 8
-29 5
-60 -1
15 0
54 2
-28 -1
-41 2
13 0
107 3
-34 -1
-35 11
-36 0
-31 -12
76 -10
-9 1
24 -1
-109 12
-31 -1
75 -1
94 -9
-197 0
16 0
78 -5
-2 2
-33 5
-20 -3
8 -8
49 4
17 13
-74 -3
-20 -1
77 -6
6 -7
-41 -8
-14 -4
13 4
-36 16
75 -1
-9 -9
-7 1
-56 -2
68 3
-53 -2
50 5
-11 -7
-7 5
-52 19
34 17
-36 -6
78 5
14 8
-86 11
13 8
-3 -8
-24 11
48 3
-37 -2
-63 1
21 -1
4 0
-19 -1
-18 -15
-83 6
113 19
-17 3
22 9
-34 -12
-60 -8
39 -8
11 0
-82 17
-42 -12
79 8
35 -1
-82 5
15 12
-35 -15
-77 -9
64 3
-1 -4
-8 -17
-20 3
11 -1
44 2
-53 -9
0 6
26 7
-35 -3
19 7
26 -2
11 -12
-124 6
-11 3
103 -13
-61 -3
-62 5
-14 8
79 -2
-50 -16
13 16
-17 6
-25 -25
38 -2
-3 0
-47 -2
-7 9
23 0
-22 9
23 -3
-26 -15
-27 0
-7 1
-26 0
60 1
-65 -2
52 7
-53 -4
30 2
-30 8
33 4
-33 3
13 16
12 4
34 -3
-84 -4
14 1
25 -5
17 -2
-22 13
-33 0
-18 -6
16 2
8 -2
-31 -6
-2 0
12 0
-51 -4
-45 -5
-10 5
21 6
21 -5
97 -3
-83 -1
-15 4
19 -3
14 -2
29 6
-1 9
-3 2
69 -1
-42 -9
-44 -19
41 1
3 -3
35 11
-52 8
26 0
79 0
16 6
-48 -5
-41 -6
27 1
44 -1
9 -2
17 2
-15 -20
15 0
6 0
18 -6
85 4
-67 3
13 5
-54 -12
90 4
20 1
57 -3
-67 -11
-8 0
42 -5
5 4
61 7
12 -3
0 17
-3 6
9 -5
41 -10
0 2
0 2
95 8
-38 -12
17 2
20 13
22 -7
-37 -1
51 0
-17 -5
-32 8
7 0
64 2
4 4
109 18
-42 8
-120 1
103 2
66 4
-26 -13
-49 -8
22 3
25 -8
17 6
8 -9
-38 5
66 1
54 14
20 -5
-11 -13
-53 -16
13 8
50 8
66 -19
-55 -1
-34 4
75 -2
-37 16
-20 21
29 23
4 4
61 -12
-72 4
57 -4
-24 12
32 -10
25 6
29 -2
60 -5
5 -3
-14 -12
29 -4
-18 -12
-7 4
79 12
-5 -5
-23 12
13 2
80 -4
-31 21
43 -6
-4 16
-47 -6
-3 -4
55 22
-5 -5
-20 -17
23 -18
50 14
21 22
-8 18
-7 5
35 5
-9 -1
33 -19
-45 0
5 -6
21 1
-4 1
67 14
-21 5
0 -7
74 -3
-19 14
58 -6
-47 -5
-37 5
13 15
105 4
38 -14
-37 7
17 -20
6 -7
67 -2
-7 -6
-2 6
101 9
8 -10
-52 -7
5 0
2 -10
36 4
5 -2
20 11
82 -1
-125 -1
23 -6
67 3
-8 3
-3 -9
2 -1
0 0
6 -3
13 0
57 -17
16 -3
26 -4
-68 -8
-34 -9
45 -21
62 0
29 3
-25 4
-4 -2
-42 5
-7 -15
59 -2
31 3
-42 0
-47 9
-17 0
33 0
66 1
-24 -2
-29 5
17 9
12 5
-7 5
38 13
-101 15
12 -9
25 6
0 3
-40 6
36 -2
7 0
13 0
35 5
30 7
11 0
-32 3
-81 1
125 -7
79 0
-28 0
0 -3
-14 0
21 3
-27 4
38 2
-27 0
36 2
-13 0
45 13
-26 2
47 -10
-57 -2
18 -10
25 0
77 -21
-86 -10
19 3
-41 0
9 15
26 9
0 -2
-1 6
12 -3
-28 1
-10 1
73 6
20 2
12 4
1 8
-67 4
14 -14
5 9
-5 2
-12 0
9 8
32 -1
33 -1
-6 5
-40 -6
42 -9
-22 0
-29 -3
63 -9
-43 4
-38 3
13 2
24 -3
5 -5
33 0
60 -6
-20 9
-38 9
27 16
39 5
-3 13
-43 -9
-27 -12
88 -9
73 -6
2 -11
-51 15
1 17
31 3
-6 4
17 12
24 -4
89 -7
-62 -9
-22 -2
-35 12
15 -9
-74 -2
40 3
46 -3
-10 -1
25 7
14 -9
83 7
-3 0
84 12
-46 -8
42 5
-8 -5
3 3
21 9
30 0
-74 27
15 -8
9 -19
6 -7
22 7
48 4
6 -1
-40 3
16 -14
46 2
-10 -7
-35 -5
48 -9
55 -5
-47 0
2 -1
19 -1
-17 17
1 8
65 6
-51 6
15 -2
-4 -2
0 0
47 1
48 15
77 0
78 7
-169 4
-49 -9
77 9
38 -9
6 -10
15 3
47 -7
-96 -2
14 -3
87 9
37 0
53 -16
-67 -8
-38 23
92 2
-25 -11
23 0
-62 2
37 -3
62 -2
-42 0
29 -14
50 1
15 -12
-3 -2
5 12
23 8
83 1
-114 -24
11 1
9 3
-2 1
40 -5
-37 5
30 -1
-10 4
-9 -1
34 -5
27 0
-28 0
-1 0
16 -4
30 14
8 4
31 -23
19 2
-24 -7
-5 0
48 5
40 -2
-55 1
26 4
-15 6
-12 0
38 -8
7 3
26 -1
75 -9
-30 1
20 5
-44 4
-13 5
-50 21
-1 -4
38 2
22 -8
51 0
-38 -2
-30 8
16 -10
28 5
124 2
-48 2
-36 3
40 -3
25 0
-5 -3
-10 -4
-16 -1
24 4
7 12
22 -22
65 0
0 -12
108 0
-217 4
46 4
50 2
104 -8
4 -2
-68 2
41 1
-25 5
-17 6
51 -3
-47 -10
138 12
45 17
-56 -3
21 -3
16 -5
-4 3
14 6
-2 2
-11 5
5 7
-43 -10
7 -7
31 -7
15 -11
0 -4
43 2
2 -3
8 12
24 7
-4 4
-36 -8
-4 0
38 -5
4 -14
23 0
-21 6
19 -1
113 -1
-50 6
-42 -15
23 11
105 5
-19 -5
31 14
-4 12
-11 -5
4 -10
114 -1
-11 4
53 -15
-69 5
-33 -11
5 5
18 2
107 -7
-75 -2
-119 2
98 -9
141 12
-4 7
-40 6
-37 2
42 0
14 -6
18 8
-30 -5
2 -7
-8 5
-4 7
-1 11
13 -6
45 -10
6 1
-13 -9
-54 9
-16 -12
6 -7
-6 -1
-49 19
39 1
-6 3
-25 -5
29 3
-17 -13
35 1
-87 -2
138 1
-31 18
-51 14
34 -9
-27 11
40 -3
-37 -3
-71 -4
5 -9
17 2
-65 -1
40 -8
15 13
-34 -2
-141 14
47 -9
55 13
33 9
-51 0
-32 5
-36 0
12 -7
13 -1
62 -7
-60 0
-45 1
-49 11
37 6
44 1
13 15
-49 -1
-24 -5
-31 1
38 3
-16 -9
3 -6
59 12
-126 5
-46 -5
-33 5
58 -1
96 11
-32 -1
-79 -1
-49 -6
28 -3
-22 9
-2 4
37 -10
33 -5
-123 0
16 11
21 0
35 11
22 2
-41 6
-4 0
-24 -2
-11 12
32 1
-8 11
-7 6
90 0
-110 -2
-21 -12
9 5
-27 3
4 0
-8 -3
-15 1
28 -6
-56 6
47 1
-5 0
-26 -4
-26 3
-10 6
41 -1
-35 4
-15 -12
47 2
-27 -3
-25 -12
14 -2
5 2
-47 11
14 7
-5 -5
19 4
70 4
57 -8
-96 -6
-63 -3
-36 13
25 5
41 -1
-47 16
104 6
-4 17
-98 -16
-41 18
26 -9
77 -3
-57 -3
34 -6
80 -3
-198 3
-35 -4
62 7
18 0
36 -9
7 2
0 -11
20 20
-54 -1
-30 21
-6 -1
28 1
-13 12
-12 0
20 1
8 8
-2 -3
-91 24
39 2
-4 -20
34 -15
-25 9
-61 8
-17 -8
-10 6
64 19
0 0
-6 -7
-10 4
-28 -14
-8 0
86 -9
-11 9
-41 1
-67 12
59 -7
-40 5
-52 -2
7 -31
9 6
19 13
-2 -12
15 12
6 1
25 15
-54 -14
17 -3
23 1
-61 -3
-22 -9
0 26
37 -8
-31 9
-27 -6
55 -2
77 -5
-8 -3
-84 0
-47 16
-15 9
-50 -6
73 1
24 7
-69 3
-103 15
76 20
36 7
-14 -8
54 -12
7 -1
-103 -6
24 -7
32 -3
-69 7
-8 -2
20 7
-8 -13
-32 12
-14 -8
14 -7
46 -7
21 2
60 0
-95 -14
-28 1
35 3
-16 -2
-7 -2
-52 -12
50 -5
4 0
32 5
-4 -10
-24 4
-92 0
50 9
29 -8
-36 -8
-41 2
19 9
14 1
34 0
-19 -16
28 -2
92 -11
-125 3
-16 9
2 -9
-25 6
76 -5
-22 0
-32 -2
30 0
-50 8
19 -5
11 -1
25 2
-20 -24
49 5
14 13
-106 16
-16 4
-8 0
-39 8
-35 5
20 2
44 -4
9 6
33 -2
-84 -2
18 0
16 0
-5 1
-7 2
100 1
-3 -2
-57 2
-30 -1
26 0
25 4
-15 2
-5 -7
8 4
38 -15
-40 0
-56 4
65 4
-49 -8
16 5
48 -3
-58 -17
-80 0
25 -5
63 9
-6 1
14 0
-18 0
0 -4
50 -2
7 -12
-81 -4
47 -1
9 -2
15 -6
-73 15
34 -2
-36 -3
68 9
57 -1
-79 -6
54 1
-66 8
8 8
-44 9
84 -4
27 -3
51 -8
-107 -12
-33 18
24 6
-78 3
46 11
69 -6
-66 5
54 0
-18 -6
-26 1
-7 3
47 -11
-83 7
-12 1
39 1
60 15
-24 -6
15 1
-85 -5
-54 3
180 15
-57 -6
-63 4
21 2
42 -1
-23 -8
-27 -9
75 -13
-61 14
22 -2
-61 1
22 7
-5 -8
0 -17
-110 -26
-28 0
8 0
23 8
7 5
30 9
-50 5
3 -4
-6 7
-3 -1
27 -18
-31 4
11 -8
-40 2
-139 14
91 13
90 -12
-25 -2
-43 -7
30 1
20 -8
-9 9
0 6
-29 11
38 -11
-74 -11
-75 -4
-13 -3
11 -2
13 14
-10 1
64 0
-117 3
-31 -12
62 -6
-53 9
12 -1
-7 5
-12 -12
-2 -6
5 2
12 1
-17 -1
17 0
-11 -2
-2 -2
-9 -13
-11 2
8 0
-16 1
9 6
-1 0
3 -6
-3 -10
-2 -3
-3 7
