7 0
-61 0
36 -16
15 7
-17 8
-41 0
-25 6
7 1
-57 4
21 2
-12 0
32 -7
0 -6
-60 5
-34 -1
-30 4
-29 4
64 5
-37 2
-110 -5
36 -5
-33 3
-111 -10
-2 -2
14 0
-31 3
28 0
8 3
52 -4
-51 -6
-52 -1
8 -4
84 5
-69 4
-38 -1
19 9
-85 4
47 -6
-72 0
-4 0
24 9
25 5
-16 0
-13 -1
75 1
-22 -8
-36 4
-24 3
58 4
-18 3
-25 4
-9 4
43 -2
-95 19
14 -9
-147 -13
-30 0
12 -8
-48 -13
-1 5
-15 16
-30 4
-16 0
12 -2
-38 7
-7 -12
-48 -1
-61 -10
85 12
-51 17
21 -9
73 -7
-52 6
32 0
-25 8
-15 -3
32 26
36 1
-58 -10
-61 -5
-3 -2
34 -5
-18 -14
92 8
-166 -1
-1 -4
1 18
74 2
-17 -10
-88 6
-6 -5
9 3
-61 -8
39 6
49 3
-48 -2
-21 -4
6 -8
-45 4
-9 -8
14 11
-32 15
-22 -10
8 9
32 14
-61 0
27 2
-20 -5
-78 8
26 0
17 -7
67 -4
-86 -1
18 -4
25 1
-3 14
35 26
-129 1
70 -1
18 1
-124 -2
0 0
42 -4
-61 1
-19 -14
25 9
-88 -4
18 4
37 6
-26 -7
3 -14
-42 0
-3 0
57 1
12 15
-72 4
-10 11
-11 -2
-12 8
12 -12
-56 5
24 -2
-73 3
-13 -1
-12 5
38 13
12 5
4 0
-20 -1
-16 -20
-73 0
-29 1
-4 1
39 2
-14 -4
-64 -6
-35 11
4 4
-35 5
-15 6
72 3
-29 0
-82 5
73 -2
-54 0
-47 2
82 -10
-1 -1
-106 20
-21 4
11 4
80 3
-103 -2
41 0
-73 -2
23 1
-18 6
47 -1
-59 -2
42 0
82 -14
-74 4
-84 -5
74 4
84 4
18 11
-18 6
13 9
-13 23
12 -2
1 -3
59 3
-2 1
-22 5
-19 2
-22 7
-98 2
15 4
-31 -9
-51 0
28 -5
57 4
15 3
37 3
-24 -11
30 0
20 0
9 -3
30 0
-28 13
-118 0
-64 12
13 7
-33 -1
-4 -4
-5 -5
-7 6
51 1
23 -4
-117 -1
-51 6
57 -6
100 0
-76 6
22 5
-49 -4
12 -1
50 2
-80 7
-3 -3
-16 7
46 2
-92 0
-17 -1
-9 5
73 5
-60 2
-81 0
60 4
44 4
-31 0
-75 -3
18 4
19 -6
-47 -1
-11 0
45 8
57 -17
-144 -1
-18 4
30 -11
40 11
-36 24
-8 2
11 0
-34 5
35 -1
5 -26
-31 -20
63 -2
43 -12
-64 5
-41 12
-36 -1
69 0
-37 -15
88 3
-19 -9
-2 -3
-26 6
-68 -1
-26 7
71 1
-31 17
0 -12
-16 -5
-61 2
-112 15
31 -10
39 -15
-16 16
26 -7
-35 11
-29 13
8 -1
25 6
67 4
-62 4
-26 12
-13 -5
33 0
-39 5
18 20
11 9
-48 17
0 1
46 9
53 1
-59 -2
-66 8
3 -2
29 0
-60 9
2 -10
-22 -7
-39 -2
0 2
-1 -10
-16 -8
-116 12
53 -8
15 3
-41 -1
6 3
93 19
-71 15
-75 14
-7 -7
43 3
-19 4
-8 1
-29 7
-3 4
23 16
1 12
-88 4
23 -4
30 -16
-58 -3
35 -1
19 -3
-7 0
-20 -10
-26 -1
12 -6
31 3
6 -1
-126 -9
-17 6
2 14
36 -2
67 4
-55 -5
-32 1
35 -3
-72 -3
14 0
15 1
53 8
-10 8
-84 -5
-14 -13
-15 -1
-37 3
-14 8
25 3
-48 11
-31 6
43 2
43 7
-59 -9
-32 2
-55 0
46 3
18 3
-12 -10
-11 -3
5 7
17 0
-39 -3
-57 -17
49 3
47 -2
-44 4
-55 6
-22 -2
-14 -8
-52 -12
-25 0
22 11
13 0
-13 4
8 -1
-9 16
-7 0
-27 -3
-85 -4
-39 -9
35 -3
50 17
-16 5
4 5
-55 -9
-93 0
20 2
30 -2
15 -2
-5 0
-22 6
6 17
-137 -3
-17 4
47 0
-33 -6
-27 3
-35 1
-31 4
-8 1
33 -3
-66 -5
-5 -4
-1 1
-10 -5
3 -10
18 -2
55 0
11 14
-41 4
-31 0
38 0
-78 2
-5 7
31 -4
-8 -3
-56 4
50 8
-64 -6
-37 -12
7 -2
-14 2
-58 -19
-36 5
77 -19
-3 1
-25 -3
-54 3
-10 -7
-21 0
-3 -2
30 6
8 -12
-11 5
-53 -8
32 17
-56 11
-5 -1
-44 7
-20 1
50 -1
63 -1
-51 -3
-44 9
60 -5
-4 4
-70 3
43 -13
-77 4
36 -9
-8 7
-6 4
59 -5
-78 -4
30 -7
39 0
19 0
-7 4
-44 -5
-59 -3
24 -3
17 -18
-39 -13
-29 -5
22 0
4 0
-86 4
47 6
19 -2
-44 14
-41 11
52 17
16 -5
-22 -11
-23 2
2 -7
0 -9
-14 12
12 14
-24 7
18 5
1 -19
1 -3
-65 6
-31 4
26 6
54 4
1 -1
-91 2
-29 13
1 3
92 -2
46 -4
-75 -7
32 7
-66 -1
-13 7
-20 22
11 -8
20 3
33 5
-86 -1
19 0
0 6
-52 -5
-29 0
44 -3
-29 -19
-48 -2
20 4
79 6
-52 7
-30 -4
-5 -4
23 -11
19 0
-62 -2
27 -2
35 -8
12 2
5 -11
-44 9
-18 -1
-20 -2
6 -2
61 -2
-10 3
36 -2
-50 -2
-22 7
-42 1
-6 7
-20 2
4 11
-4 0
0 7
0 8
-88 4
26 15
18 2
5 -3
-62 -5
22 -7
32 3
-24 9
-61 9
48 -7
-33 4
-62 1
-1 5
34 -3
2 -10
50 9
5 7
-65 3
-8 0
-20 -10
-2 4
0 -10
-25 0
0 -178
-52 -45
31 6
4 9
-77 0
0 -7
6 -11
-10 -11
-11 0
110 16
-82 22
-52 39
0 7
-7 0
-16 -7
35 -7
-64 -9
-48 -4
81 11
-62 20
-61 6
-71 1
-5 0
-3 12
-14 0
-11 -1
36 17
-4 15
20 0
14 1
-27 8
45 3
-31 5
-27 -5
27 1
-36 -16
-89 -2
-36 -4
77 3
-25 0
6 11
-9 4
1 3
59 -10
-107 0
13 12
-21 3
-1 0
-44 2
-45 -8
-23 7
89 0
-5 -5
-40 -7
19 -6
-1 -4
-4 -2
-55 -5
-11 -2
72 4
7 9
-54 0
30 9
-9 -2
-39 2
-46 0
-2 8
22 18
16 12
-40 -4
93 -3
-2 5
-20 7
-16 6
57 -6
-84 0
45 5
-15 -2
8 12
33 19
-90 -5
-54 2
-41 -12
12 16
30 -1
32 9
22 1
-37 4
49 3
-56 -2
-31 -3
-5 5
44 7
-18 -5
-76 2
-2 -7
24 0
-42 3
2 16
-63 3
30 -2
37 -13
-14 0
-20 9
-20 -6
32 -4
44 0
-11 -9
6 9
-62 8
8 7
22 3
2 -6
-12 -5
5 -1
2 0
-10 7
-76 0
11 1
0 3
42 4
50 -2
-78 0
20 4
-49 4
-25 3
-36 0
35 0
34 -1
-34 7
-34 4
-44 -7
-8 0
-59 5
-56 -4
-18 4
-5 3
33 -8
41 0
-33 -2
-53 -3
-3 9
-14 8
-11 5
11 -8
-33 -2
50 -1
-33 -11
-5 7
45 -8
-31 7
-16 7
-3 -1
-11 3
-21 0
-64 -8
27 -11
-33 -1
-32 3
18 11
-26 -6
-31 -4
0 0
-1 -1
0 0
23 -2
-57 3
-74 12
1 -9
-54 4
51 3
-17 12
-48 -1
36 0
-4 -4
-60 8
43 6
-10 0
-6 -4
12 -6
-25 0
-21 0
-17 -3
6 4
34 1
0 3
-134 6
0 -12
46 -1
25 -13
-20 3
2 -1
-40 4
-17 7
71 5
-30 -4
-47 6
-6 0
-23 -3
46 16
-5 -2
12 -1
-8 2
-16 0
-23 4
-12 0
40 9
30 4
-77 -9
-37 2
109 7
-21 -9
-71 0
-50 -4
21 14
63 -7
-107 0
2 -9
-53 -3
-4 -25
-25 0
27 -1
35 0
-28 2
26 7
-43 6
-15 -2
-19 -21
-51 -5
-18 -15
21 -4
17 14
-16 16
-83 8
35 11
-34 1
-44 1
30 -3
-24 -1
9 -2
-57 15
-1 -5
0 13
-4 -16
-28 -13
-18 -4
-62 -16
-6 14
-3 1
26 6
-30 16
-77 2
35 -1
-36 -7
-48 -2
-60 0
125 0
-27 1
-11 14
-51 3
-37 1
82 -3
-98 9
-1 -3
73 8
-31 2
-36 8
-39 2
-33 -25
-4 -10
-15 -2
-16 -2
-15 6
38 0
51 14
-74 1
31 2
-19 5
-24 -6
-31 0
-20 -1613
21 -1403
-28 -136
-8 240
-9 106
-26 -104
-18 -217
48 -162
27 0
-26 181
-6 296
-16 281
-40 186
15 34
5 -104
-11 -132
11 -108
41 -9
-73 68
-43 127
-16 129
-36 79
32 6
15 -41
-41 -71
6 -69
16 -37
43 23
-114 50
63 45
20 27
-77 -21
-66 -32
87 -52
33 -44
-34 -24
66 -4
-24 6
-29 15
-28 11
-31 -13
5 -38
-34 -36
44 -27
-12 -17
-31 7
-26 2
30 -2
-26 0
-2 -17
25 -12
30 -8
29 -11
-83 2
-7 5
48 8
-27 18
-25 16
-20 2
34 -5
-19 0
2 8
-26 8
26 3
22 2
-42 9
-22 14
50 -5
1 3
-48 3
40 7
-43 1
-32 -6
-27 4
-15 22
-10 -1
49 -16
-78 -6
30 5
6 -6
-78 7
-64 -4
49 1
25 -9
62 -15
-59 -1
-43 0
60 -4
52 -2
-43 -3
-34 -10
-45 0
27 1
58 -2
27 -9
-10 -5
-40 -10
0 4
13 -18
-73 1
-38 -6
87 1
47 11
-16 -1
-13 23
0 -11
-22 -8
-30 6
69 12
7 -2
8 8
-16 -2
-76 -10
-71 -11
-1 -10
51 0
49 0
-68 5
20 0
-63 13
-28 1
-10 -8
-37 -13
-19 -5
-57 0
-15 -7
56 -1
30 1
-35 6
-23 -8
19 11
-83 -5
-13 -5
-13 5
-1 0
5 -6
5 -2
-58 16
-29 0
36 9
-9 -4
-111 -4
-29 2
26 8
8 -2
-12 14
37 7
31 -13
-52 -5
-33 -5
-27 -4
47 7
-26 4
-19 1
-4 7
14 -7
-10 -13
-42 4
-22 8
32 4
-51 1
11 8
44 1
-8 -7
-1 -4
53 -2
-5 14
-45 -6
-47 -11
11 3
-6 4
6 0
-48 -10
-34 -1
-24 2
4 -7
9 9
-32 3
62 -9
32 3
-50 3
-36 -10
-55 0
42 -4
-45 2
0 5
-12 5
-52 7
-18 5
-36 -16
-43 -6
5 0
-59 -4
50 9
50 12
0 1
69 -7
-134 1
-19 -1
31 -6
-23 7
17 5
31 -10
-31 5
11 0
-91 2
66 0
-43 2
-51 -3
39 3
30 6
-9 5
-56 3
3 -3
39 -4
9 -2
-33 -4
-66 -5
-19 5
26 0
22 3
-46 14
-4 -10
33 3
-66 -3
0 3
18 6
48 4
-41 5
-22 -3
-40 2
8 5
7 -1
5 7
-28 13
-6 4
61 13
-27 8
-80 11
0 2
-85 -10
103 -2
-20 -13
-13 3
12 2
-58 2
11 17
27 -5
-4 0
-15 -5
-91 -5
-11 0
60 -11
0 -6
-49 7
32 0
-54 -3
-11 -16
-37 -1
32 -21
24 -8
-39 14
-21 2
5 5
-9 16
-15 -9
-46 -13
-21 0
-34 5
15 -15
2 3
5 0
-8 -8
19 -7
2 -10
-46 7
-32 -4
52 -3
53 0
-51 1
-79 -7
-10 -1
51 -9
-70 3
21 -6
32 16
4 1
-54 -2
-10 14
5 18
-6 5
-51 1
45 -1
44 -7
0 -1
-4 -4
-38 11
-2 -14
-35 -4
19 -5
-12 16
-4 12
1 2
3 0
-1 3
52 -5
4 -4
7 0
-105 -3
-1 -14
24 -3
-1 -5
-45 15
41 -4
-17 11
-83 -3
-2 12
55 7
-61 -3
34 3
-10 13
51 -2
-60 8
9 0
18 -10
-4 -22
21 0
-26 -6
-33 11
17 -2
-30 3
-27 6
-16 0
-46 -9
-43 -18
-9 -1
27 -10
49 8
-79 -10
-14 0
-26 0
-29 4
32 -9
56 1
27 3
-83 7
-18 -2
23 6
-22 -6
-25 -6
-24 2
38 -5
-90 1649
-82 -814
146 -417
-8 -6
-102 93
-42 21
-7 -64
9 -68
9 -48
-35 19
51 82
40 106
-4 91
-115 52
13 14
-20 -33
53 -51
-78 -24
2 2
-16 31
-5 47
-25 35
-1 29
-44 8
74 -22
9 -7
-69 -13
-13 -6
45 4
-21 16
-13 16
-1 1
22 1
-60 -12
-5 -16
0 -12
-28 -7
-44 5
-13 -13
-24 1
-6 -14
-41 0
-27 -8
-4 -14
-3 7
-22 0
31 -9
-48 -10
13 -3
49 -2
-89 0
-25 0
73 13
-70 -7
-9 12
-11 -5
-69 2
47 0
5 6
-87 3
4 6
57 -10
-13 2
-11 3
25 2
-13 -3
-29 -7
-28 9
-38 3
-13 0
13 13
45 1
-41 0
-18 -5
-36 8
-6 7
-43 1
-28 5
-8 0
-31 4
28 0
-2 -2
-45 -2
-6 -6
42 5
-28 0
32 8
-59 -8
-48 7
60 1
-78 -12
-8 -4
-61 20
-3 15
29 17
14 -3
-31 0
26 -4
18 5
-73 -18
-7 11
26 2
13 -6
15 18
6 -4
1 20
-14 -3
-27 -6
42 -18
-37 11
23 0
28 2
-28 11
8 14
-55 2
-47 -3
-5 8
-9 -13
42 4
-44 23
-10 -7
-14 2
72 5
-4 1
-9 -3
0 -2
-36 -7
-22 1
17 19
18 5
-27 -17
3 6
-9 -6
-43 -12
5 -3
29 15
-19 13
5 -1
-23 13
24 5
55 5
-44 -4
-84 4
32 0
34 -2
17 14
-2 -12
17 -6
-94 0
-39 -4
19 13
-12 -8
-47 -1
39 3
29 -5
49 14
-82 6
-35 8
-32 -4
-12 -5
11 0
7 -6
-1 -5
-14 -33
0 0
43 4
-32 5
-24 9
-38 -3
96 -4
-16 -2
-9 6
-26 -9
14 -7
-46 -1
4 6
-11 6
-7 -1
-42 4
40 -7
2 -1
-27 3
-41 -1
-91 -2
-26 2
-10 7
22 -1
-2 -5
-4 -12
-22 -6
-16 14
-23 8
60 3
-66 -5
-14 3
33 -5
57 0
-90 2
-41 0
67 0
-2 1
-57 6
-22 2
-20 0
21 0
4 -2
-96 16
-27 1
-53 4
-33 4
-21 8
-3 -4
2 -16
-2 -8
-4 6
-7 4
-37 6
-74 9
-31 -11
8 -5
14 2
-38 -1
-31 -7
-70 6
28 -2
-47 6
-43 1
-12 3
15 1
16 1
-4 -12
26 -6
0 -1
24 0
-26 9
-6 -5
55 3
13 -4
-82 -2
-66 2
-25 -16
46 0
14 -8
-61 -5
-10 1
40 4
13 -7
-48 -11
-14 4
-4 0
-38 3
8 -1
-9 0
2 8
7 -6
27 -2
22 18
-44 -5
42 0
-28 -11
-45 8
-18 -8
6 -6
9 11
40 16
-74 -8
-53 5
-30 -6
-15 -7
51 3
36 -12
-1 3
-114 0
7 5
-50 0
60 -11
2 -17
-82 14
45 4
30 -6
-22 12
-7 5
-42 -3
-2 -10
12 -7
4 4
-42 1
-37 -7
32 -8
7 6
2 5
-36 3
-2 19
-18 -10
-43 6
-5 2
-5 6
15 9
17 -19
51 -9
-35 4
20 -7
-71 0
-23 2
-21 -5
-26 -8
-53 7
9 -3
24 -3
4 5
-45 1
-69 -6
43 3
-31 13
-19 -8
-29 4
34 -5
-8 -1
-47 19
-8 -6
-24 0
0 8
-9 -1
-15 -3
-30 -7
-10 11
25 12
-49 -10
-50 7
-16 2
0 16
-57 -5
-47 -2
15 -1
34 -3
-4 -3
-20 11
12 4
14 1
-72 0
-13 1
48 -4
39 7
8 -1
11 11
-16 0
7 0
-22 4
52 -2
39 -10
-64 -4
-32 3
-8 3
-82 2
-8 -15
29 -2
-22 -2
-2 3
13 0
-2 -8
-64 5
11 3
57 0
-32 8
-55 9
26 -2
31 -21
9 1
-51 9
13 9
-80 1
24 1
0 1
1 -1
-4 0
-24 -2
25 -6
-33 0
-95 13
-51 1
-2 8
20 -7
-32 7
16 -5
-25 1
-9 0
12 1
-79 -2
-37 1
-66 -10
92 -4
-2 17
-49 3
-7 -17
32 -6
-72 2
13 -2
17 -9
-86 -6
-3 -1
95 -1
-9 -11
-78 -6
-4 -3
-60 12
89 -2
-127 -14
37 16
34 12
37 -17
-13 0
-46 -9
-26 -15
-13 1
-13 -14
38 5
-71 -11
15 11
-27 5
16 -5
-18 -21
-10 -6
-20 -7
-16 6
-13 -2
0 9
-30 -8
5 -4
15 0
-40 -18
12 0
-37 9
-21 -17
61 4
-71 -7
-27 -24
7 -15
75 5
2 -3
-5 4
2 9
18 3
-67 -9
-22 -12
-30 -4
-25 8
0 -16
45 15
-15 0
-15 -10
11 2
-22 14
-11 -2
-36 -8
38 -1
5 0
-22 -8
-17 3
-5 6
-33 0
-32 -3
75 -5
63 -7
-61 -14
7 -8
-21 -11
15 0
2 -6
-25 -1
-37 12
-4 -18
23 13
42 4
83 -6
-47 -6
-61 0
20 1
-17 -5
1 0
-3 0
63 -5
-47 4
-48 -1
-35 -7
-26 1
-14 -9
12 -6
-39 14
26 -2
-19 -12
-36 -4
-24 -1
33 0
25 -7
-30 -4
-21 6
118 4
-14 2
13 11
-75 0
-35 -1
-64 -7
-81 2
-75 -8
49 -7
27 4
22 6
-28 4
-47 2
-30 4
43 0
-18 9
-7 -5
-25 2
-31 -1
34 13
-27 -1
-27 15
-3 1
22 6
-11 4
14 1
22 -3
19 -3
-124 0
29 -1
-2 0
1 -3
34 9
7 11
-57 5
25 5
22 -5
40 8
-71 -1
9 5
-4 3
-61 3
6 -5
38 7
-51 18
-14 -7
40 0
-4 3
-29 -4
-5 12
-67 11
65 -4
1 11
0 23
-39 -12
-37 8
30 8
-4 0
-40 15
-43 -6
44 13
41 -5
-5 -7
-40 4
-35 -10
-13 -13
52 -2
17 -12
11 0
41 2
-55 -4
35 6
-24 16
-71 0
-8 -10
11 2
14 -18
18 0
-11 12
-38 -4
-34 -1
31 1
-12 -14
-62 -3
0 0
53 -14
6 1
-57 11
-17 16
28 9
12 1
-54 -2
-74 20
23 18
36 -3
-42 7
28 -11
0 -3
-109 -13
-40 -8
96 0
78 4
-39 0
-8 12
-33 25
8 11
-17 15
-45 -26
17 0
-34 14
35 -10
19 -1
2 12
-23 13
-25 -19
11 -2
-6 -4
4 -15
-17 -2
-6 1
-29 -9
-5 7
-73 4
-10 5
16 -11
-16 5
25 -1
27 8
-2 0
-50 7
42 -10
3 -11
-35 -22
-64 -2
36 3
3 2
42 13
-66 6
-46 -4
23 -15
-12 -3
-44 2
-46 -5
17 -8
56 -5
51 0
-48 0
-90 3
-34 -1
36 -2
26 -1
80 -2
-113 -1
1 8
11 5
-42 0
-15 3
0 6
45 -1
-4 -13
-49 -12
-52 1
22 -2
3 -9
-42 6
-27 -1
-15 2
-28 -3
-19 -4
-3 -6
-52 -13
30 6
-2 1
-3 1
-25 3
-60 7
23 -6
64 -5
-1 5
-22 2
-39 -2
-26 9
28 4
2 0
38 -1
1 0
-29 -2
23 5
-88 -1
47 0
35 5
-63 8
12 -2
19 9
-5 -6
-32 -3
-26 0
-14 0
-20 -8
-9 4
-42 7
-23 3
47 7
35 3
11 0
-10 -6
-28 11
61 8
-9 12
-25 -1
-13 -1
25 3
-7 -4
-54 -8
17 0
-35 12
-6 -2
-27 4
7 2
25 -1
0 -8
-2 -8
5 -2
0 6
-36 -1
-84 11
-4 -4
70 -2
-75 -6
16 0
33 4
-41 9
51 0
-142 4
0 -5
86 -3
52 2
-93 4
26 12
-5 2
-43 -6
15 6
64 7
40 12
-13 -1
0 3
1 -7
-39 14
-81 3
24 2
4 -12
-15 8
-10 0
2 -11
40 3
38 -13
20 13
-27 13
70 -8
-62 -5
4 12
-16 12
73 -20
-15 -21
-41 -12
31 19
-56 -12
84 2
71 0
-22 0
-55 -10
43 -1
27 9
7 -5
17 6
-14 8
22 8
-61 -14
34 -5
-17 -17
24 0
26 14
-7 11
-24 4
35 6
-7 5
-37 -5
-2 0
46 -11
-3 -1
-33 1
53 -17
-13 -5
-31 -1
25 -16
18 3
-15 -5
65 -2
31 -9
0 -3
-107 -25
82 22
-11 0
26 7
-38 -17
-14 11
-11 15
20 -2
-48 18
20 0
-84 4
51 1
48 -6
76 -1
-36 -15
9 -7
-48 -13
-10 11
6 -3
65 -9
-67 0
53 -2
-30 -15
25 -13
15 -7
24 16
-9 -6
-24 -2
-7 -3
26 0
8 -11
-42 9
29 -5
21 4
57 7
-54 0
34 13
-40 -1
22 0
17 -7
9 0
-56 9
50 0
2 -5
0 0
22 4
14 0
7 -8
5 0
26 -10
-38 12
-56 4
54 1
5 3
-1 0
51 0
-23 -4
35 -2
-7 8
-30 12
-44 0
-60 0
20 11
61 -7
1 -9
-44 -5
58 -4
58 3
1 0
-30 -1
0 1
81 1
-33 3
20 4
30 -11
64 4
-10 7
-13 -3
-32 -3
9 -1
-2 5
-20 -9
-6 -3
47 -2
20 0
-41 12
1 9
-11 13
14 2
15 5
-28 12
63 -1
-11 2
-49 2
70 0
33 12
-7 -2
46 7
-36 -7
31 -3
29 6
-22 -2
12 0
-40 11
53 9
42 1
-91 12
-21 3
-1 13
38 -11
27 16
12 -7
-43 5
4 -6
-9 -6
-35 9
71 -10
21 5
-42 9
7 -1
11 -1
-101 -13
-46 0
44 2
-39 -12
22 0
-12 -5
-54 5
-2 1
-35 1
24 -8
-32 14
11 -12
40 -9
6 0
-44 -4
52 -3
14 2
-13 5
-83 6
-30 1
37 -6
23 3
-9 2
47 -3
-84 -17
3 2
-24 9
11 3
14 5
14 0
62 2
-24 -20
-46 -24
12 6
-49 7
60 6
52 -1
-45 13
27 -14
42 -3
53 -12
-95 7
78 11
-8 -8
9 -4
-5 20
-3 2
16 8
9 5
41 -8
-16 0
-14 22
-10 9
5 2
-16 -2
-6 6
75 -24
-11 13
-25 -12
13 17
-5 27
38 -6
53 -2
47 -10
-7 -14
-26 0
32 -10
-30 1
14 1
-26 -5
12 2
-97 0
22 0
52 -9
-31 -7
-18 -1
35 4
-5 6
-19 5
22 3
68 3
-25 0
-36 -7
-20 -3
-2 -1
73 2
-35 4
-62 -4
29 1
9 13
38 4
6 0
-8 2
47 7
6 3
-53 8
-5 1
33 -6
25 -10
16 1
-18 3
12 -6
-36 -5
-46 5
-24 12
53 -2
-61 4
8 0
97 -7
20 -6
-39 4
-4 -5
0 1
-62 5
35 0
34 -5
56 -2
-10 -8
2 -7
-22 1
0 -1
-35 3
-12 -9
22 2
-19 4
6 -1
-1 -7
13 -4
25 7
-12 9
38 18
23 0
30 1
-12 3
70 1
48 -4
-53 0
-5 11
-98 4
-4 2
67 -1
43 11
-19 -6
19 -1
24 -4
-8 3
-32 7
27 0
-25 1
55 4
34 6
0 0
-29 -4
17 3
-29 -2
-30 0
4 0
36 1
-10 1
34 2
5 -21
-2 12
5 9
2 13
23 23
-45 -5
-1 9
23 -12
-6 17
29 7
9 5
-22 4
-50 5
-47 -7
102 -6
74 0
-25 5
-52 -5
-34 -2
28 6
-92 0
12 -2
78 -6
34 0
0 -5
5 5
-22 13
8 13
-24 12
38 15
21 1
53 -11
-23 -3
12 -19
-19 16
13 -18
-9 -16
4 -6
23 -1
4 -1
3 2
-11 11
-5 0
-37 6
-15 -4
0 4
13 0
9 2
20 0
31 5
2 9
21 8
-50 -3
4 8
13 17
6 5
-11 13
-11 -5
-2 -8
7 -15
-1 0
7 -3
-47 15
29 -9
33 -1
30 -2
21 18
22 3
-83 -12
1 -6
37 0
30 17
8 3
41 4
15 -7
-58 -8
-10 -15
8 1
32 5
-65 -5
19 4
-3 26
11 0
65 -4
-15 -12
-19 -7
55 -4
-53 6
36 3
-50 -1
-51 0
-12 -18
-26 1
43 0
28 -10
-59 -7
-95 6
81 14
29 5
97 4
-40 7
-3 -5
27 0
-134 -13
6 1
118 3
-35 6
-79 1
-16 7
25 -4
42 -5
-92 -10
35 -6
257 3
-3 -2
47 0
-243 15
-64 -3
24 -6
169 -7
12 -1
-145 11
1 1
-10 -5
38 -1
