4 -10
166 13
99 -15
97 -4
-36 2
83 -1
-18 11
121 6
260 0
-6 0
-362 3
-165 0
-76 -15
92 0
-205 -4
-206 9
450 3
582 0
-110 11
-417 3
291 7
212 5
27 -18
-307 -5
-484 9
-299 8
111 8
178 -4
157 0
330 -5
668 -13
-249 0
-546 8
-125 12
150 11
722 -7
562 1
-875 -9
-1010 -5
-317 0
690 8
905 6
289 0
-160 -3
-360 19
-109 -1
-161 2
-6 -4
338 6
-9 21
-556 13
-1063 5
670 5
594 -4
591 -12
-105 -10
-292 -1
513 18
-384 13
-485 0
318 -6
786 -21
21 -4
-517 1
-994 -3
85 9
371 19
284 -24
609 -8
-467 6
37 6
-8 4
-478 6
638 -7
380 5
-1127 12
-81 0
1107 0
653 3
-37 7
-216 1
-646 13
24 -6
576 -19
35 -2
378 -21
-714 8
-511 6
83 8
-346 7
48 -16
72 0
63 -4
-54 -2
-23 -2
-289 3
78 -5
-150 11
-150 -2
198 13
-303 7
-10 -8
928 -16
-80 2
-764 -5
38 22
365 8
1023 22
-83 -7
275 -7
-268 -5
131 -2
-285 4
268 -4
-46 13
28 9
-642 3
-513 1
992 -8
816 -12
-190 27
-443 -4
-89 -1
298 0
1313 -18
-396 -6
-315 3
-164 -11
-480 -24
854 -5
-61 -4
-703 4
-154 -11
41 17
230 -2
61 -4
112 -2
51 4
-532 -9
-243 17
986 4
181 -7
-761 -5
-561 2
1297 6
1194 -12
-540 3
-905 -4
-184 -11
-95 -5
327 -8
1275 9
745 18
558 14
-416 -7
-490 -19
-236 0
270 -5
666 13
-347 32
-1177 -27
-742 -7
828 0
1572 6
-595 15
-588 2
454 22
562 -5
195 1
83 -17
19 -6
-165 12
25 -8
202 5
290 1
54 9
-528 -1
492 28
1042 15
-140 -11
-53 4
-337 2
-187 -19
-133 0
-47 5
892 19
-47 -3
-357 1
-352 3
-107 -13
741 0
-548 6
768 4
444 1
-137 7
19 -7
571 -1
62 4
412 4
-627 -4
-480 -1
7 1
95 -3
202 1
310 7
-128 -5
361 -14
-108 6
-113 12
84 5
-132 9
119 -11
-19 0
-191 1
-296 2
332 -4
255 -1
209 0
204 7
-761 1
128 2
336 28
406 -2
-104 -8
-768 -9
-441 4
488 -10
764 11
90 0
-648 7
-125 3
-179 -13
-354 -1
864 2
1208 13
-546 0
-650 12
-393 -5
108 22
804 -17
356 -24
1020 8
-702 19
-530 1
-48 9
-49 0
91 0
364 0
-70 0
39 -7
214 0
-128 -6
-518 6
757 -3
206 17
-98 3
-20 0
56 -13
-370 4
441 6
440 -13
-195 -6
-163 0
-395 1
250 -3
1171 2
119 -15
-183 5
-617 -24
5 15
912 9
-112 2
-496 0
177 -17
890 1
-292 18
67 18
-169 5
39 -8
292 0
-380 -3
-545 0
407 -3
985 -10
162 -12
82 -5
-210 16
-4 -10
-31 -13
529 4
367 0
-385 1
-392 -14
-18 2
-113 0
-108 -1
452 0
544 8
-497 0
-284 3
481 0
43 -9
-69 32
242 -2
92 -17
383 27
373 13
-124 2
-250 -8
171 -15
155 4
-109 28
-293 8
189 -6
386 -3
198 -6
-69 -2
-27 18
-48 -16
64 4
405 -7
-6 -11
-340 0
-317 17
-128 6
636 -8
2 -16
-241 -19
566 34
228 20
216 -12
-176 6
204 12
76 1
20 -4
63 -30
-10 6
-71 25
25 13
87 -13
-159 2
65 -5
23 -4
-124 13
-9 -11
444 9
213 -8
-581 -1
-68 2
1415 -20
7 19
-647 17
115 -1
764 -7
77 -8
-442 -7
-109 1
209 13
58 3
-26 -3
28 -7
-65 -6
-216 -3
701 -15
155 -3
-530 0
-23 15
117 0
1008 12
-226 0
-438 4
-278 2
-147 -8
198 -5
391 2
-17 12
-229 6
-178 -3
455 8
-110 -5
181 -13
-34 -5
487 7
139 3
-81 9
-112 -3
304 9
42 -5
-7 -15
136 -7
-333 2
-161 13
542 -18
318 2
-58 -7
-61 -10
-158 8
24 -20
436 2
299 -5
162 11
-129 9
-13 4
244 2
103 3
-99 -2
57 -3
629 0
176 2
-402 12
-125 -10
927 -6
485 9
-181 3
-181 14
-64 0
284 -15
169 -2
120 7
276 13
63 -9
-138 9
544 0
364 -1
-17 5
-96 -2
264 -15
48 11
-253 3
-162 -2
675 -1
110 -13
-403 -11
-97 -8
1367 13
461 12
-357 -3
-241 -11
-21 18
120 3
212 -17
166 -9
181 11
-250 -3
126 9
-209 7
33 -11
411 8
335 -6
363 -1
142 -4
-31 -1
-150 -6
-33 5
248 4
427 -11
-99 3
-292 0
-80 -9
381 -8
428 14
377 -3
7 1
-62 20
34 3
143 -3
385 2
174 -1
-49 8
34 6
-85 -6
-87 -4
314 0
300 -5
104 -16
70 -12
208 -6
-52 7
218 5
186 14
434 12
179 12
-156 3
-92 -7
-157 -3
335 -3
446 -3
-211 3
-34 7
230 13
272 8
175 14
33 -1
-24 -8
224 -11
396 -20
-89 8
300 15
97 -7
25 2
-172 16
136 -3
-19 4
-111 -11
404 -12
106 -2
256 3
98 5
-45 14
278 8
8 6
14 -2
318 -6
606 6
-41 -2
-277 0
-108 1
-151 -1
49 -14
617 -14
365 3
-23 -2
72 11
-214 14
-89 -2
342 -11
396 -4
117 -2
-67 -2
-301 11
148 1
892 -4
142 -6
-193 5
192 3
257 0
208 1
-18 -3
54 15
-46 5
-49 -1
128 5
107 14
374 -27
-26 -13
174 1
-233 -11
-46 -3
337 14
183 4
214 3
47 9
156 1
-48 0
254 1
72 -3
141 -8
124 7
371 -9
-129 7
43 4
87 -2
128 -9
-191 16
0 0
747 5
56 3
-11 0
-151 -10
111 1
44 2
-6 -5
358 4
197 6
193 1
-15 7
-6 -8
167 0
133 -2
-99 5
457 3
171 5
93 -2
-55 4
-65 3
199 -7
-240 -2
105 -3
703 12
-249 -2
-63 13
733 12
244 4
-161 -13
-53 3
180 1
392 1
64 0
-377 8
-245 3
753 2
627 -8
-75 3
-156 -12
185 -3
420 -4
-31 -1
297 22
199 4
-46 -10
139 -16
65 0
136 -2
323 9
141 0
-186 -20
73 16
501 -14
197 8
-213 0
-342 0
12 -9
729 0
372 0
52 4
76 8
96 17
-3 13
-49 21
24 -3
747 -22
11 -8
14 3
105 -1
154 4
-47 -9
-48 4
236 14
774 -4
281 -20
-89 -2
-72 5
-273 -2
403 0
690 -16
394 -2
-308 0
-68 9
-51 7
222 -4
166 9
342 -2
191 13
154 16
120 8
-152 5
12 -16
-28 -8
229 6
370 -4
653 11
-59 0
-200 3
-49 -7
176 8
250 -21
-97 -2
21 -16
604 -13
84 13
-118 16
140 -3
-68 -4
125 -2
488 -7
412 -11
-251 3
-200 6
42 -4
83 -5
549 6
562 33
-44 12
-140 1
375 5
130 4
-227 -3
-46 15
84 3
5 -1
187 -25
419 -12
-94 -5
1 5
641 -1
374 -8
-79 0
-156 -3
-148 -9
447 2
316 -9
161 2
-148 -2
48 11
18 4
-75 8
5 -13
327 -9
322 -9
97 0
-216 -1
-11 6
433 11
306 0
51 4
171 0
18 -19
-168 -2
240 16
258 4
-80 5
454 -12
716 -7
-158 13
-259 -7
456 -3
81 1
96 6
182 6
54 5
-100 -3
237 7
-61 0
36 2
473 11
74 0
-314 -8
183 21
505 -8
252 -5
47 15
133 19
-47 -14
178 -17
324 0
23 -6
464 13
101 3
38 14
-160 0
-31 -2
421 -12
194 -4
-194 -1
-27 4
563 7
46 0
9 -2
348 -1
196 -11
-92 0
397 16
658 0
391 -9
427 -5
-205 11
-227 1
1199 3
802 0
85 2
475 -11
346 14
362 3
378 2
95 4
70 3
306 -10
1202 -6
741 5
739 9
520 13
132 9
7 9
349 15
424 5
186 0
-226 1
-186 11
97 19
108 11
175 -4
7 8
443 -12
678 -7
196 -1
-96 7
-201 11
200 8
573 0
359 5
18 17
134 -5
19 -8
320 -20
552 -4
375 0
-344 2
-78 1
331 24
862 -17
44 -17
-48 12
137 -2
464 3
270 -2
-352 9
244 0
506 5
154 -5
35 -17
389 -1
101 7
-72 27
204 -2
409 -12
501 -7
-9 9
256 -1
210 9
209 -15
412 -1
261 -4
-211 14
363 -1
157 1
457 8
-159 -9
-190 20
388 -7
590 -3
224 -7
-97 16
45 20
16 3
-15 -7
909 2
231 8
-66 -16
137 2
-135 23
208 17
141 -3
224 12
508 3
-66 -20
-27 4
472 -14
474 19
11 16
-166 -13
302 -18
390 9
-87 -1
-9 1
941 -12
122 7
-162 2
124 3
258 7
297 30
244 -6
-145 6
145 -12
-388 3
39 -7
607 2
526 7
104 -2
93 -15
442 6
313 -9
138 -2
44 -7
177 -5
125 -2
-33 0
-14 16
-149 -4
400 1
1254 -6
-45 5
-194 0
220 5
306 1
380 8
204 -5
650 -4
126 -15
57 -5
302 -7
-88 8
-7 5
302 4
358 -14
-171 5
173 4
655 -1
389 0
-208 24
132 -4
119 -3
166 9
130 -7
197 0
352 1
-264 3
211 -8
1103 14
355 11
-79 7
92 -2
34 13
556 -9
323 0
22 -3
-229 3
13 0
555 7
-36 -1
-68 6
324 3
712 1
489 -12
193 -22
-251 8
32 23
75 -2
58 7
375 -4
577 7
-236 0
-321 5
754 0
832 1
27 11
-35 -3
-82 11
100 4
224 17
620 8
313 -5
-122 3
487 -11
195 0
223 -16
-203 0
52 3
701 -9
689 12
-15 3
-48 -5
108 6
-36 -7
315 5
550 18
162 -14
213 -3
387 -12
317 -2
9 -16
182 -5
661 1
220 1
-360 1
704 0
723 5
145 -5
4 -13
47 -23
-9 9
341 5
746 -8
357 8
-138 -6
-472 16
-264 3
748 14
1303 1
338 -3
136 13
116 -2
53 -1
264 1
485 15
64 -13
14 9
-57 -19
221 -4
379 -2
208 1
-114 13
229 19
521 5
439 15
108 -16
1 1
207 22
526 -4
438 -6
210 -12
-26 -7
199 2
764 -14
386 -15
-105 -6
306 2
510 7
-106 18
602 11
532 0
109 7
177 8
187 -17
180 -11
-99 3
703 -10
819 2
-84 8
-129 6
13 -1
265 -7
287 -7
389 5
509 19
-73 9
-89 2
135 -16
157 3
406 -8
313 6
252 5
-39 5
427 -9
825 8
-61 -5
-141 0
382 2
593 0
256 -9
18 5
162 -1
632 0
160 19
-81 3
-9 2
223 1
303 -4
188 -1
402 -1
1014 9
-59 7
-141 -1
349 0
218 -4
18 -5
341 5
258 -5
337 1
283 13
197 5
-76 4
-132 0
47 -5
1080 -13
502 9
742 13
365 12
-100 12
-9 -9
342 -11
265 -2
285 0
50 5
91 -8
441 13
-4 1
-5 2
439 3
49 -5
155 -1
564 0
269 5
245 7
52 9
116 -2
378 18
25 13
572 -8
282 -4
-37 0
193 7
137 7
163 22
676 0
-253 0
-102 -4
401 6
875 -5
476 4
-10 7
-346 8
-178 2
1015 11
195 -10
212 -3
324 -1
96 0
-110 18
215 1
408 9
55 -9
219 -11
930 -19
460 12
59 -1
-149 0
466 1
373 11
107 3
216 -17
22 9
215 -14
314 8
21 0
324 5
573 2
111 -3
215 -4
785 0
35 3
-128 -3
-22 4
286 3
803 -1
155 26
238 -1
331 -2
42 -2
215 -11
152 -4
580 -6
564 11
185 3
-75 13
6 7
655 8
541 -18
-209 -10
143 -7
197 6
707 7
272 5
107 3
-109 -9
-294 -9
354 9
1025 4
545 -12
25 18
60 2
69 -4
256 2
385 -2
414 0
120 -4
-403 14
73 8
765 8
474 9
28 -9
195 -18
457 5
64 4
412 4
284 -7
295 3
56 19
-111 2
465 -3
-28 -5
426 -3
581 -12
68 8
-33 21
4 -8
-197 14
218 2
992 3
746 -15
23 12
-278 7
157 12
338 3
628 -2
352 -7
-155 -3
37 -1
-24 14
334 7
179 0
553 -2
445 17
480 7
167 -5
142 3
-12 13
-195 -10
420 5
390 3
678 -6
34 -5
142 2
664 -17
255 -20
-46 4
824 3
178 -8
-202 8
202 9
276 5
250 -3
336 -2
-225 -10
324 8
796 -8
56 2
29 11
69 0
233 -1
751 3
248 -8
-53 -7
16 0
619 -2
878 9
361 6
292 -1
-273 2
517 -1
627 4
22 -10
-68 4
344 3
458 9
378 14
-41 -7
105 -10
664 3
463 -10
15 5
557 -13
884 -6
-174 -16
-190 4
1322 1
387 -1
-66 0
108 -6
400 7
818 -12
-87 -1
142 0
200 13
476 6
588 -2
190 6
195 3
661 2
567 -13
169 0
743 -4
290 -3
-200 4
431 0
622 -3
334 -1
-91 -8
248 -4
812 2
951 2
94 0
-7 -15
44 -5
524 0
295 -8
378 -3
506 7
69 9
92 8
24 -7
-30 -2
528 2
1084 -14
535 -6
-311 -2
439 6
1464 16
292 4
350 0
146 13
244 -8
410 -3
587 8
296 6
125 9
-176 6
29 5
1207 18
994 6
645 6
32 13
22 -1
-182 -7
-22 -4
1338 9
1228 2
-461 -2
-518 1
319 5
642 0
488 0
575 0
826 -15
246 -8
-321 -4
-176 0
-120 16
-114 4
564 6
1273 0
565 4
70 -8
13 -7
202 -13
360 14
117 4
786 3
718 23
101 2
-84 8
526 -2
661 -8
188 0
-120 -12
203 -1
1351 4
804 7
-84 14
21 0
35 -8
556 0
741 8
597 -10
129 -9
-88 3
-198 9
489 -7
134 12
52 -11
816 2
1193 -6
399 -5
62 2
171 11
294 -5
377 -12
487 -17
465 2
131 -10
-102 7
188 0
674 7
115 0
-203 -2
68 -9
954 2
1273 -8
629 16
160 -3
-66 -4
515 -1
388 5
171 -6
464 -1
-245 0
307 2
322 15
-74 15
322 -1
895 5
1073 -9
58 4
-34 -2
197 -3
172 7
616 5
850 9
377 12
-172 -4
-127 13
257 -3
640 1
424 2
360 5
-211 15
492 13
385 -3
272 -15
297 1
780 2
134 9
511 5
90 5
14 -6
545 -11
852 3
459 -7
42 11
-277 5
453 2
211 4
378 3
965 9
848 -18
-41 -6
62 -3
593 2
593 2
314 3
550 13
846 8
120 -9
171 -8
689 -4
398 8
131 1
24 -13
766 4
1038 16
751 8
536 2
156 -4
-214 -10
-116 0
657 0
1096 -1
860 8
237 2
120 -11
440 4
346 -2
-74 11
238 5
1345 1
762 5
13 -18
-3 -4
758 -1
1057 -14
990 11
-132 4
101 19
281 16
593 -6
341 4
210 -8
473 -14
529 11
332 0
502 3
564 -3
276 0
458 -8
288 -8
-134 -6
261 7
696 -2
972 1
151 2
396 -5
1092 -2
786 -5
-552 -7
320 -8
1177 13
825 9
229 8
-33 0
170 -7
363 -2
259 -5
1150 -10
405 3
171 3
-109 -9
83 11
615 12
1141 -6
669 -4
-198 11
-71 11
1366 4
1454 -1
107 5
-317 6
-52 0
910 -11
415 -4
472 -2
398 -15
176 -10
-570 31
-94 4
1099 -10
1353 11
162 -5
232 -18
499 -14
396 7
-170 0
347 -10
1146 -4
382 8
-40 -7
47 -9
733 -9
830 -13
354 3
118 12
153 8
423 0
504 -4
254 0
527 1
217 -1
32 5
894 0
436 -7
524 7
895 11
91 4
22 -8
570 -10
443 8
91 -15
328 9
1608 21
571 17
142 -2
135 -5
265 -5
560 21
597 -8
618 -6
280 0
449 5
69 5
135 15
368 3
168 5
717 0
1649 -9
369 1
-426 -2
358 0
493 3
535 0
223 6
524 7
277 -2
104 -8
608 3
1060 -8
439 0
420 4
402 0
360 2
503 6
269 -9
80 -7
80 7
296 -3
181 0
399 16
776 -3
542 0
874 1
1142 -15
-194 -5
-54 3
380 -6
1186 9
448 12
40 -4
-15 1
63 3
643 -3
813 -4
176 -8
545 8
467 5
423 5
295 -1
722 -12
238 -8
332 -11
239 3
31 -1
24 -14
976 14
1286 11
323 7
-81 -13
-260 -3
495 -14
1548 9
932 0
125 0
-196 11
269 8
439 -12
430 -24
716 15
777 6
640 0
26 -5
284 -6
-152 -16
113 3
521 -5
1139 -5
916 7
198 19
203 21
286 -4
390 4
283 14
367 -2
-18 4
1073 -6
1175 0
81 -5
36 5
682 8
398 2
121 -4
421 6
590 7
365 14
-367 -13
52 -9
1288 6
490 8
707 5
793 -8
752 -1
527 0
-319 -6
-140 -6
1439 3
580 15
26 -4
-63 0
-15 -11
667 0
1030 -7
913 -6
202 5
-182 9
525 -3
976 14
306 0
56 12
291 -2
502 -8
274 15
432 17
506 -7
402 -2
347 7
394 -11
429 -14
471 1
794 7
105 0
193 3
670 -6
-7 1
-279 11
855 9
1649 -7
848 -11
283 1
-165 9
-111 -6
1063 -1
1014 0
332 -3
-52 0
60 -7
345 4
566 -1
430 11
171 11
207 5
657 0
1113 -3
288 12
-180 -3
276 1
194 -12
1385 1
880 2
130 0
-35 -2
196 -12
726 -2
1072 3
276 -3
-69 8
498 7
707 0
-215 -1
411 6
945 0
910 5
155 -5
501 0
-39 9
-172 6
877 -1
948 -15
179 -12
101 -5
117 3
380 1
377 0
549 -1
553 -7
310 -1
78 0
593 -1
820 5
139 7
224 5
887 0
758 16
114 -7
62 2
575 3
318 -3
382 -6
1406 -6
549 6
-411 20
-157 13
518 -5
941 2
924 -3
172 -5
3 -4
110 0
666 0
743 4
519 0
269 8
304 0
503 11
-575 -12
511 0
1515 12
51 13
463 0
534 12
751 -6
468 3
538 7
118 2
22 -1
298 -1
308 9
768 20
615 8
486 3
675 -8
399 -1
463 7
387 -3
366 -8
399 -1
82 17
-55 2
607 7
1057 -5
630 -10
319 -8
32 0
-31 -4
892 11
1649 -9
189 6
-150 -10
-291 3
279 -6
1157 -2
969 -12
502 9
93 20
221 -16
-65 2
-305 9
442 -5
1649 -7
510 -29
-575 -14
-157 -3
931 4
1122 9
623 5
300 -14
310 -9
217 -10
220 1
292 -7
181 1
32 -14
932 13
919 7
-49 2
114 -4
699 -1
665 -13
238 6
244 7
532 15
701 8
611 -5
153 15
122 -24
685 -11
32 1
436 6
540 -8
73 0
1004 7
504 0
252 -5
9 -15
115 3
487 -1
843 7
1201 13
-365 -4
-132 12
386 0
925 5
781 0
261 -10
221 14
447 1
306 5
135 -18
322 -8
173 -4
68 -11
608 -8
796 -8
387 4
470 6
260 0
236 3
366 -5
479 -6
407 -13
477 -1
765 3
-27 8
22 12
621 6
953 2
410 -8
624 3
65 -5
556 4
343 0
366 11
480 -2
254 18
196 0
509 4
323 0
863 3
127 -10
133 2
125 -2
508 17
952 14
724 0
231 -2
356 3
280 -3
500 2
174 -5
177 -10
580 6
257 -10
1270 2
381 3
210 -1
276 -14
52 -13
239 0
1354 0
484 11
286 8
-67 -10
-46 6
286 0
614 -1
399 -10
-102 2
317 0
848 4
551 2
-142 7
258 8
700 2
997 0
645 8
193 -21
-278 -11
241 1
862 16
782 21
605 -9
-138 4
-142 -10
179 6
1043 4
1352 7
-1091 9
-208 0
1649 -7
147 8
-165 -8
288 11
229 0
572 -8
509 -5
470 15
622 4
535 4
175 23
235 3
288 -14
573 -17
734 -5
826 -7
-115 -12
-87 13
721 4
350 1
431 0
1026 0
810 3
-58 3
-195 -12
652 12
595 -2
391 14
324 17
492 14
264 15
30 9
491 -19
530 8
389 -4
17 0
267 12
415 -19
1469 18
538 8
-271 0
468 -4
535 8
-55 7
399 5
373 11
321 3
312 -12
277 1
969 8
463 -8
-55 4
327 1
504 -4
556 17
519 15
397 -17
352 -1
189 -9
312 -5
124 -6
186 1
719 -3
859 7
446 1
168 -16
252 -6
251 -4
463 0
536 1
542 5
254 -8
563 -9
728 9
195 11
426 -3
392 0
291 7
629 -3
278 7
446 5
383 0
261 4
444 -11
254 -5
-88 -3
1359 0
1126 -3
-117 7
-41 -2
621 -1
584 -2
223 0
361 17
341 0
385 0
-5 8
122 0
866 0
485 -10
49 -7
322 2
709 -1
585 -4
416 6
138 4
241 3
567 -2
374 0
43 -7
225 1
1088 6
593 0
173 6
28 7
808 -1
374 -4
299 -3
500 0
721 1
148 -5
252 0
489 5
-56 9
197 -2
185 0
1130 -7
1058 13
158 -4
-83 2
175 19
321 4
283 5
614 5
420 -9
36 0
346 -4
-12 -7
666 -1
1341 -1
450 4
47 3
263 -4
660 6
351 6
292 1
-20 3
242 4
1462 -8
538 0
-49 -12
-425 -9
319 15
1265 -1
518 0
103 -11
-251 -13
133 -2
1364 3
838 3
98 1
429 -1
300 -25
576 -1
518 -1
93 -3
660 2
580 -13
437 -1
191 4
89 16
503 8
316 -15
-114 17
582 -13
1184 17
-90 24
356 11
725 -7
411 -14
196 0
201 11
722 17
507 4
-106 -7
44 22
1028 -1
725 -8
110 0
423 2
415 -7
584 -2
428 5
108 0
159 13
94 3
80 -11
308 3
284 14
788 12
320 12
275 0
528 14
761 -5
493 9
376 16
391 -15
-104 -6
156 -2
527 3
454 0
517 -4
542 3
59 -5
41 -20
212 -22
437 12
709 -13
1421 6
389 18
30 -14
285 -4
469 -6
300 -4
201 4
134 15
822 -2
305 -5
81 0
292 3
131 -1
367 4
1122 0
1317 1
134 -6
147 8
293 6
18 17
320 -2
750 -2
312 14
-208 0
246 0
908 12
486 0
723 0
540 9
358 -3
371 -4
442 0
519 4
305 11
-173 2
466 -6
873 2
502 8
253 7
424 -5
505 5
470 1
-299 -5
456 9
1040 0
236 0
24 -12
163 8
1361 4
1164 4
-151 13
-62 -3
227 -2
288 14
975 0
322 -3
154 1
131 9
272 7
826 -9
708 4
393 7
372 4
80 -5
327 -13
465 -4
329 0
259 -9
462 8
437 6
474 -4
366 0
136 5
509 4
716 14
195 -3
309 3
257 8
431 -5
565 5
447 1
395 -1
-428 3
-57 -2
1100 1
979 -2
305 -4
131 -1
329 -1
439 -2
819 -1
537 0
38 -4
111 -5
-102 -1
429 5
808 -6
810 -3
202 5
88 -2
454 5
619 0
259 9
9 11
298 2
547 5
422 3
289 14
134 -5
194 8
790 2
1489 -5
189 -2
71 -2
332 -5
273 -1
353 13
386 4
45 -7
170 11
507 9
682 3
787 -1
7 -11
294 5
512 -10
466 5
373 3
634 14
220 0
53 5
347 -16
308 6
371 -1
481 4
471 7
-46 4
542 12
1402 4
128 8
-136 -1
338 0
543 -18
433 5
497 -10
-45 -1
227 16
689 4
1033 -1
132 4
261 -11
295 -5
435 8
608 1
482 6
369 16
261 4
55 -9
204 2
578 -7
580 14
452 16
576 6
517 6
295 9
225 2
237 8
393 0
470 2
276 0
554 1
409 7
407 -1
695 7
525 8
345 -3
119 -6
340 -16
679 13
406 11
469 0
271 6
427 0
464 2
78 7
-111 -10
618 4
1007 -1
919 8
437 -2
-16 12
334 11
456 4
499 -5
363 7
321 7
69 -3
286 16
569 -8
542 4
229 5
157 0
424 0
356 -6
433 -1
588 4
389 14
449 9
667 4
258 11
411 1
622 -6
339 7
248 -2
336 -1
413 12
282 12
177 -1
417 -1
432 6
454 3
350 -10
577 2
501 5
313 6
495 -8
294 -2
427 4
194 -12
160 -1
799 5
1173 -2
392 4
44 -16
200 13
365 -2
787 -8
471 -3
320 3
307 7
542 9
350 -5
358 4
59 3
256 2
510 -4
985 4
783 -9
277 -3
125 -2
378 0
835 14
532 -1
256 -2
21 0
495 -9
427 8
327 23
320 4
357 3
517 -1
416 -1
568 -10
370 4
628 1
449 0
290 14
501 -2
334 -1
432 2
454 1
483 5
557 0
95 -2
447 8
621 -2
403 7
-62 11
657 -5
524 2
432 -14
786 6
382 -4
551 14
291 6
334 -7
455 -9
375 -2
76 5
591 5
439 -18
352 -21
500 11
469 14
374 3
461 -8
426 -14
470 8
418 2
225 -11
310 11
471 -6
340 -13
345 8
354 19
447 11
600 -4
544 -2
310 3
467 4
515 18
410 -9
249 1
300 -21
575 3
387 -7
429 6
376 -14
294 9
459 7
386 -4
634 4
632 -9
319 -9
526 -1
405 7
430 8
404 1
333 18
435 -26
