-52 -2
109 6
-127 -3
-40 0
66 13
-149 3
68 8
71 4
94 -5
-164 0
117 -7
38 -6
-68 0
-104 3
32 4
73 0
49 5
-37 0
57 -2
103 -3
-89 -2
-95 0
5 14
-18 5
-50 -6
78 0
29 0
-77 -8
-87 7
-18 -7
-103 4
42 -10
72 -5
-177 -1
55 -4
64 -3
99 1
-13 9
-5 0
-7 4
-124 0
7 3
-51 -3
66 -1
72 -1
52 5
19 9
-120 9
-8 -5
44 -1
67 -1
99 -25
13 0
36 2
-105 -4
-16 1
-51 2
45 8
-52 0
83 2
73 0
-69 4
-35 4
-38 3
-64 5
42 6
11 6
-28 -3
-78 -4
99 -1
26 0
38 5
-140 -1
197 -6
67 21
-106 -3
35 -9
22 3
221 -6
-50 8
-270 16
89 -3
75 -3
-17 13
-27 -17
-24 5
158 -3
54 -8
-43 0
-84 1
-73 12
118 1
73 -6
55 -6
12 1
24 0
70 -8
-7 9
-43 1
24 6
-59 16
-90 -8
114 -4
-16 4
-56 -5
-58 16
26 0
-34 4
16 -7
8 14
75 -15
186 -7
-55 6
63 13
49 -2
-152 6
131 9
30 7
6 0
-16 -2
23 -1
1 17
97 0
-34 3
-85 5
-123 12
128 0
235 17
65 -3
-213 16
64 8
-34 -6
94 2
7 -8
-31 6
14 7
91 3
46 5
32 -16
113 -18
-82 -6
-78 11
13 6
-45 8
94 -12
22 2
-17 -1
-32 4
118 -6
1 0
-67 8
86 6
174 0
-30 -2
-155 -3
115 -3
76 -1
-95 -1
-108 8
-95 1
151 2
-57 2
66 0
23 2
-8 -5
-93 0
123 -7
118 3
72 0
69 6
-146 -4
14 -1
83 0
-111 -8
65 -1
-43 0
75 0
82 6
83 0
27 -3
-101 -7
-72 -2
26 -4
44 -1
22 -9
99 8
-47 0
25 0
40 -1
75 -5
-2 -5
13 6
147 -8
17 1
-43 -1
-1 -1
-14 -3
104 1
56 -6
97 -9
-30 7
-68 -4
-162 -1
100 -2
164 -6
-52 4
-202 -3
50 -6
-88 -17
55 0
34 4
132 -2
24 8
-88 -2
-16 5
18 -9
-15 -2
51 -6
-16 8
25 -4
154 -1
-185 2
-144 8
164 -2
154 0
-102 -3
97 19
20 9
89 11
-56 -18
-174 3
377 1
48 -6
-164 -13
45 -4
-117 3
128 4
117 4
-9 1
34 2
-52 -5
-91 -10
69 -2
7 6
-33 4
168 13
-56 11
-102 14
100 7
154 -10
-22 -4
-27 1
-18 15
22 -10
-94 0
150 -8
-79 3
-272 -9
-111 0
181 19
-20 13
94 19
191 3
-89 3
-109 -9
-180 -3
-141 -2
-10 -4
98 -18
88 6
-49 -1
-29 12
-23 1
-109 -2
47 6
174 -7
-209 0
-25 -2
142 -9
146 -13
-173 -5
13 -8
74 16
44 2
55 3
66 -3
-12 0
53 11
-114 1
-199 1
183 -6
79 5
-65 -10
-48 -16
152 -16
100 12
-7 18
-83 12
-68 -12
155 -4
-127 -14
17 -3
130 -19
-70 -1
-119 4
-99 13
86 7
48 -11
-148 8
-49 -4
61 -14
9 -2
111 12
38 0
-59 -3
-48 21
72 -21
-32 -6
5 12
1 -8
17 -12
-2 6
48 1
48 4
107 3
39 -15
-31 11
-55 -12
24 0
-103 -1
54 0
-51 0
158 5
-94 2
-36 1
92 -3
11 2
228 3
-6 6
-73 -3
55 0
-2 0
-51 13
88 1
74 4
15 -8
82 0
5 7
215 0
-280 -2
-143 -3
-62 0
106 8
35 0
4 11
-58 2
-53 0
-111 -3
-41 -1
13 5
-51 6
187 1
-43 -11
-11 1
-130 -18
54 -6
-15 -3
142 5
21 -1
8 -4
38 7
120 4
14 8
-20 0
45 -2
46 -7
-80 -11
-11 0
149 -9
8 -3
-100 -4
-54 2
95 2
-67 0
64 6
129 0
104 6
47 -3
-39 0
67 4
96 -1
90 3
85 9
81 16
24 3
30 -5
92 0
29 -1
109 1
-9 1
128 4
134 11
-49 -3
116 9
56 3
17 -1
0 -4
0 5
138 -10
-55 1
-94 -12
203 15
68 12
105 16
-85 19
-28 -7
132 5
0 7
93 0
100 3
46 -18
139 1
-127 -1
126 4
377 9
-147 -2
-25 -8
123 16
56 -9
142 -8
-51 -6
72 4
31 5
96 -2
92 -4
243 -6
-148 13
-107 16
27 12
172 -7
102 0
88 0
-36 -11
-79 -3
-100 3
240 0
5 1
56 -10
-7 13
102 5
185 -7
-63 -9
86 -10
-15 -10
9 12
96 4
117 1
-211 -7
-53 11
65 -9
81 -17
38 2
181 8
-171 2
-17 5
210 -6
82 24
-218 0
133 17
149 -8
29 2
128 0
36 -14
-83 -6
30 -7
96 -11
-55 24
-57 -9
41 0
17 -16
157 11
63 -6
63 0
5 -2
90 -8
114 -6
67 6
-140 1
114 -17
-59 0
99 7
172 3
84 -1
-21 6
-82 -3
-55 0
187 -3
6 0
25 7
58 0
36 11
-33 2
109 -3
46 -3
58 -7
-59 -5
201 -8
6 6
-57 0
118 9
37 3
-7 -2
51 -8
67 -10
-10 -4
31 7
41 -14
12 12
-61 -3
66 11
-3 14
127 1
132 -10
-19 7
34 -7
9 0
73 2
25 -1
30 8
7 -6
50 -2
143 -3
-41 2
-11 9
115 2
-44 -4
-15 7
127 1
51 6
104 -1
-53 -17
8 0
-187 9
93 3
149 1
-44 -2
64 2
83 0
-4 -3
88 9
121 1
23 1
41 4
-31 7
14 1
19 -10
70 9
-60 14
143 -1
120 4
139 -5
-51 0
-71 13
56 8
148 -7
-62 -13
97 3
-28 -4
-2 -1
25 0
204 5
76 0
-5 -10
-63 -4
182 3
45 6
-142 -12
151 20
141 26
-5 -5
-97 3
193 0
171 16
-84 14
-152 17
0 8
105 0
129 1
-57 -8
-145 0
93 3
44 -13
84 16
70 1
-46 0
52 16
-101 8
100 -8
225 -14
157 -17
29 0
-20 13
-92 15
44 13
272 -16
-112 5
23 0
104 0
-52 -7
-36 8
86 0
18 4
-7 0
27 8
-82 -5
268 0
63 -20
-56 -6
53 9
43 2
167 20
110 -9
149 6
75 0
-52 -4
15 8
63 -9
81 -10
14 1
-141 2
32 -6
124 3
46 -7
-27 11
168 2
218 0
91 5
148 5
-44 14
85 -1
98 13
51 13
131 -8
59 -7
-93 -10
-70 9
30 -6
28 5
270 13
57 -9
-3 -2
-14 -1
102 -6
-5 -6
69 16
3 0
15 7
-15 4
-20 0
61 -13
80 12
152 8
78 2
50 0
44 6
14 -3
0 -10
165 -6
-29 -6
91 3
-110 -16
49 19
-42 6
26 -4
55 5
52 11
99 -1
35 -2
66 2
13 -5
41 1
-20 12
-24 -6
75 5
117 -9
85 -13
-57 7
44 20
6 1
135 9
-25 0
199 -1
43 0
17 3
-3 7
112 -1
2 2
129 -3
-144 -3
-8 -9
263 5
-193 -22
-1 3
150 8
-111 0
-165 14
141 -2
48 9
3 -5
-61 -1
-96 -3
2 -7
19 -8
-18 -13
46 8
-102 6
-3 1
214 -2
40 -13
-3 4
14 7
-32 2
26 8
-25 7
-40 3
35 -17
24 -11
-75 -3
114 0
-85 -10
115 0
206 1
-6 7
44 -5
-37 -6
42 -1
149 0
-150 4
47 -2
248 0
-54 -4
116 13
-36 -8
43 -2
42 -15
129 4
-60 -1
3 -12
135 1
175 -1
-40 -2
-53 -10
82 0
7 0
-15 0
161 6
-46 -11
-9 1
-11 -3
58 -5
50 -5
-112 -4
117 8
183 6
12 1
-166 12
48 -9
187 12
9 -20
26 4
-18 -3
74 2
103 8
-229 0
105 13
-10 -12
-2 0
152 4
158 6
-90 4
-48 -3
12 8
-10 25
51 2
172 -4
-51 9
-29 -14
62 -6
-12 28
-3 -7
33 13
49 16
33 -8
87 -9
35 11
-60 0
19 -8
165 2
-69 1
-21 0
141 -2
140 1
-8 -3
-72 19
58 18
126 0
-28 0
-5 9
26 3
122 13
-90 0
38 -15
62 0
-53 4
37 9
90 4
-83 0
41 -12
82 8
66 1
26 -7
-107 3
30 4
-27 9
22 6
65 11
25 -2
-66 -18
-25 -16
62 2
82 -1
-125 -15
33 19
37 -8
82 1
-14 3
71 -7
14 -8
-16 12
45 1
81 -5
-78 22
61 -5
92 2
270 4
-132 -4
-116 -12
135 4
12 7
-24 16
-19 12
19 8
45 -8
-62 -12
61 -16
108 -1
-60 5
-166 -11
150 0
88 0
74 6
31 -9
-21 -6
-30 8
100 3
59 2
-31 -10
-14 -1
101 3
130 -1
23 -8
-56 2
-1 18
-41 4
-14 -3
138 2
27 2
100 6
33 -6
-16 -1
-54 -3
-34 -1
77 11
67 3
-5 0
-5 -3
90 0
-19 -10
111 5
-56 13
-90 5
-108 14
156 2
181 20
156 4
92 -1
-42 -16
54 8
-49 2
151 5
98 -2
12 -2
-10 3
60 0
1 7
-13 -5
-152 1
74 5
31 4
-19 0
103 0
11 2
36 -5
-43 7
-69 1
-34 -4
77 2
117 -8
-12 9
108 4
-108 3
212 1
-53 -10
-11 0
-64 11
-73 21
119 -2
92 -1
20 15
-20 -6
-94 -2
-35 1
79 33
-18 3
-29 -9
47 -7
-100 -6
87 4
-113 0
116 -7
-159 1
-54 -4
-19 0
-14 -14
39 -5
-22 -8
36 5
-38 15
53 19
-32 7
-20 2
90 -16
58 0
74 20
12 6
-87 9
-64 -9
-111 -9
-48 -8
-20 -2
-47 -6
-34 12
264 -2
-10 -3
-14 1
135 3
50 -3
19 -3
-78 9
102 -8
112 0
-253 -20
-88 -4
87 2
141 -15
-19 3
-8 24
-29 14
-70 8
9 7
1 -7
31 0
20 5
-21 0
-46 -21
-115 6
320 -14
196 1
-9 3
-168 -6
-79 -8
62 17
-22 11
-11 -11
94 -8
40 -3
2 -13
93 -1
6 -8
13 12
26 -15
20 15
-49 5
77 -1
178 -1
154 -3
-153 -17
-129 -1
-18 -3
46 6
-39 8
-3 -5
98 6
81 0
-117 -15
0 1
-27 8
-48 -2
3 6
85 5
18 1
-34 -3
63 20
29 -8
-4 -3
2 19
-60 -10
-19 -5
106 0
-55 22
-62 -2
85 -20
113 -16
-7 17
92 11
247 -4
-34 -8
-71 -6
-26 0
98 7
-43 -18
7 -1
91 -23
-89 -13
-77 25
8 6
71 -4
-56 0
-173 1
137 -12
60 -2
43 0
105 7
6 13
16 -7
27 15
119 -6
-10 -9
-94 2
104 8
-49 -15
28 5
-12 13
134 14
6 -3
-81 -20
-36 7
148 -1
65 2
-114 -31
-151 9
37 0
125 8
79 7
-20 7
-21 -9
38 -5
-46 13
-67 0
38 0
172 6
60 22
-53 -7
-112 -4
-24 14
26 0
41 -22
82 6
39 0
44 -21
-10 -5
-92 5
-116 1
272 -12
52 -19
75 5
93 6
-52 -22
-54 11
-149 18
-85 -9
-41 -2
42 4
-20 0
94 5
21 11
18 11
-30 17
113 2
11 12
15 -19
64 8
-151 11
1 -16
-37 -6
40 20
129 8
8 2
-118 5
54 0
38 -23
54 -17
52 2
-24 1
-93 -9
31 -2
-113 -9
-104 9
-82 7
126 5
106 -15
64 14
-91 -29
114 4
137 0
-74 -17
-65 -2
88 9
38 -13
-165 5
72 18
27 23
45 -3
57 -3
-96 18
46 -24
95 -20
80 8
-86 1
-25 -3
1 11
-74 16
-85 2
-146 -6
-48 -1
12 9
181 22
-3 11
-42 -11
-47 -3
-48 0
-87 -8
-5 7
12 12
87 -6
-52 8
-99 -10
-18 29
-59 -3
144 0
-57 -6
-139 -14
-40 19
84 7
-57 9
158 -9
-106 13
-153 4
29 -8
-22 5
23 15
8 9
68 -3
-30 -3
6 23
-223 -1
-65 -12
121 7
73 8
156 -16
37 7
16 16
-46 -10
46 23
-60 -1
-220 -7
97 -10
6 9
-13 11
-50 -20
-22 -9
-14 4
-81 -6
-38 -7
-16 0
128 -2
117 18
126 0
-204 -21
-86 11
25 9
0 -1
8 12
230 -15
-83 -9
-114 21
-171 -3
119 -18
126 17
-3 15
-28 -1
-75 6
-3 2
25 4
-137 -4
38 -7
-67 11
-30 9
-110 -5
34 6
148 1
69 -17
86 -6
-47 9
13 17
-11 -2
-67 1
-116 -16
84 3
61 3
31 -16
48 -8
-10 12
-18 -7
-127 -2
-50 -8
-21 8
148 -1
-105 -12
-124 -5
-42 3
-44 -1
0 0
48 -9
-59 12
31 16
73 -4
38 7
17 1
-202 -15
47 3
38 -13
-85 9
0 6
33 0
73 14
-81 18
-58 -17
-113 -3
78 2
-25 6
-29 12
-80 -8
-85 -3
28 13
48 6
-165 0
68 18
34 -16
-116 -22
62 11
-95 15
-188 11
196 -7
67 23
-127 2
61 0
-12 17
-8 -20
0 -31
64 3
3 19
-75 24
-96 -15
-87 -2
27 5
-36 23
99 -5
144 -24
-47 0
89 4
-88 12
-67 2
-97 -14
-40 -9
277 28
-23 15
-175 -4
-5 -10
76 -3
127 2
31 -12
-146 8
137 -11
-98 -9
41 21
29 13
3 -16
2 7
-7 -1
1 0
-100 2
121 -11
8 -22
-44 16
21 3
0 0
103 6
-47 -12
-67 0
81 11
-19 3
-22 -10
102 -3
-39 -6
-181 11
27 -1
71 -25
30 1
-102 -15
-107 2
82 -1
177 21
-104 23
27 -9
-12 -4
-55 1
-89 -11
68 0
-24 0
-145 12
-21 -10
70 -14
-96 20
-84 -15
26 -3
99 24
97 6
-125 19
-29 3
-7 -4
-88 -7
-161 5
-42 12
208 -14
-163 4
121 25
77 7
-115 8
-133 -12
-58 -4
28 4
-45 0
-107 -16
-54 21
-37 3
-25 -3
34 9
-18 4
13 -11
-61 0
4 7
73 2
111 5
19 6
-92 -15
1 -18
90 7
-12 -6
140 2
76 9
0 5
-51 -8
222 -8
58 0
-18 14
-78 14
60 -12
6 -6
-44 12
-29 15
-112 0
-90 -4
-21 -3
-59 0
1 0
161 -7
54 1
-157 -2
65 2
19 -12
-50 -7
-108 4
24 -9
-94 -1
26 -15
66 8
-50 0
-150 -7
-104 -4
2 0
206 14
-45 12
-68 -2
-54 8
-122 9
-16 1
154 -9
-48 15
-90 -6
-110 -4
23 0
-57 18
-34 -5
155 -4
-113 -7
-186 7
-51 20
151 3
-32 -11
-97 0
123 11
24 -5
-67 -6
6 -4
188 0
-140 21
-100 -11
-79 -16
78 12
171 12
9 -9
-138 7
-123 -3
-75 -1
15 30
-24 -10
81 -16
-17 0
105 -5
37 7
6 4
-132 15
-150 6
6 2
121 16
21 7
-24 3
-94 -8
-32 -15
89 22
176 -4
-52 5
-158 -1
33 2
42 -9
-24 -6
188 -18
50 0
-121 -9
-297 4
-78 -3
264 0
-12 -15
-205 0
-242 2
33 6
76 0
-123 7
18 -15
-37 -4
139 7
16 2
-178 -12
-135 2
-84 18
57 -9
-170 0
34 -18
86 -9
90 -1
12 23
79 17
-32 0
-121 -7
-9 -3
-122 2
115 20
101 -9
-26 13
-159 -15
30 12
27 3
99 -12
-62 6
14 -19
-91 15
50 0
-68 0
-68 12
-47 7
45 14
-29 7
-7 -3
27 -14
3 7
66 -7
15 15
-5 14
165 -7
-211 8
31 -10
-74 -11
28 -5
62 -3
24 0
4 4
-149 -1
-64 -2
-102 2
-58 2
29 -3
-8 18
-34 0
-149 -4
-60 5
78 -3
-50 -15
-151 2
221 -3
195 5
7 -8
-212 -2
-20 -3
-194 -4
39 -1
-54 -2
-72 -3
18 -1
-43 9
-16 -2
70 9
48 -10
-40 12
-183 19
113 -8
-145 0
17 4
-29 -4
-86 -7
-189 0
-40 -1
141 -1
49 -2
-38 -4
-38 4
-90 0
110 0
18 0
-205 -16
151 0
28 -9
-109 -4
-77 15
256 6
-37 9
-20 -1
122 0
-114 -5
48 8
58 2
16 -1
-67 17
-142 0
87 -9
114 3
-34 -9
60 8
-189 8
4 1
5 8
-46 -5
31 2
0 16
-179 -5
81 -8
90 13
8 1
-78 -6
-71 -3
45 -9
17 -2
-170 15
-26 1
-94 -3
-19 -6
18 15
46 -11
-88 8
208 -3
92 -19
-104 -2
-147 3
-157 4
52 -2
-20 -21
25 -11
-99 9
-16 7
4 -4
-56 9
-158 -21
-172 -13
155 -7
116 -10
-47 24
-68 6
-198 -1
50 -11
-86 -15
-4 7
2 -19
63 -12
3 -1
-29 28
-172 -8
0 -7
37 -10
-175 -1
-25 2
14 -24
91 4
-153 7
12 0
33 17
33 -4
-75 -3
-81 -17
-120 27
-111 8
114 -16
32 9
-78 9
-72 21
-51 0
0 -13
-55 13
-140 -4
8 -10
211 -8
-60 11
-121 -21
-200 -1
81 -17
181 14
-120 -16
61 11
30 -13
68 -22
-101 16
-105 12
87 -4
136 -23
-89 -1
-80 -2
-122 -1
-138 -6
111 -8
84 -5
6 -14
-149 -7
9 23
-33 8
-20 -20
-53 28
-68 -16
40 -19
143 7
136 20
-15 3
-98 -31
-69 2
-84 0
54 -11
4 -5
4 9
175 -8
31 -11
-125 -8
27 18
38 11
-57 12
64 0
-149 -2
83 5
198 11
24 -2
-26 0
15 8
-70 8
-27 -16
13 11
114 -19
33 4
-134 -5
-44 -5
59 19
-148 -7
246 -5
-11 11
-171 3
50 4
8 2
90 9
-50 -14
2 0
229 6
-123 16
-1 -14
-1 0
-24 2
-99 -15
-190 0
-102 6
25 9
-85 -15
198 7
90 6
2 -3
14 -23
-16 -15
-22 8
88 0
54 2
-14 9
-45 0
-10 -3
14 -7
3 3
-18 11
30 9
135 -5
-111 -13
28 0
-125 -7
47 -5
116 3
-68 -10
60 7
-86 4
-43 11
62 -11
-5 0
-164 -13
-8 8
68 8
78 3
156 9
-193 -8
12 -16
-43 -4
70 8
-16 8
3 -5
-17 -5
-177 1
-52 -1
196 14
-73 -15
-65 -8
18 -4
-10 -2
105 6
-90 9
-191 3
-72 0
173 -4
-35 -17
-7 5
32 0
33 3
54 -21
-39 19
-96 0
88 -10
-90 0
-161 11
-50 3
176 -11
-68 11
-260 -6
112 -3
-76 0
3 -11
51 8
-30 9
27 -13
39 -5
-123 -4
-41 -4
74 2
239 -19
-75 -8
-169 -10
138 7
151 -14
-10 7
-23 7
-56 2
-84 -9
21 1
35 3
134 -17
123 5
-33 -18
-78 -7
-45 21
-34 -9
144 19
-113 1
-129 -8
282 -6
84 5
-146 5
-59 2
-22 8
52 -12
29 -2
-124 -9
-216 15
132 9
-39 16
0 -6
148 4
-29 -7
-67 0
191 8
52 -25
-90 -15
64 18
-81 13
-127 3
56 -19
22 -4
-91 -3
86 -10
60 5
79 0
99 4
-63 1
47 6
-91 -11
-8 19
113 -5
-40 3
168 -7
-34 9
92 8
37 -1
-94 3
214 -5
50 -10
-31 5
135 -4
69 12
-148 -7
55 8
-16 7
-10 -6
-60 -10
31 2
-182 -9
-76 6
-140 -6
327 17
197 0
-41 -10
-90 16
55 1
-43 3
-55 8
52 -8
197 4
0 5
-283 -10
4 9
101 2
56 -2
-44 -9
98 -16
115 0
-154 5
45 -6
-107 18
18 -3
-112 5
55 11
-36 -6
137 1
14 2
-33 14
-76 -7
64 1
20 -2
-18 6
-49 -1
-47 1
-73 -5
159 -4
-57 9
-7 3
156 13
125 -3
-43 7
-27 -9
97 7
-78 -17
-25 -9
-88 11
-31 5
-15 8
-39 14
45 -2
203 -5
-52 -11
-37 0
-92 -11
75 14
47 0
36 -1
30 2
144 -5
31 3
39 -1
-86 -9
67 -2
-2 0
-68 14
-2 0
142 12
17 0
-80 12
130 9
-82 3
-19 -28
-10 -17
91 3
116 9
33 8
12 -8
-139 -14
47 3
-50 -17
-80 -9
142 -14
-115 5
6 15
-2 9
92 -9
97 -11
9 9
13 11
-115 -20
-85 11
-58 13
66 -1
133 15
-56 6
37 1
72 5
-2 16
21 -8
88 8
-25 2
-3 -1
2 6
105 9
159 -9
-128 -3
-132 20
124 -19
38 -4
134 24
53 -7
-54 -17
-11 9
94 13
-142 -7
11 -17
175 0
-94 -6
46 11
19 -3
93 -8
6 4
-24 4
-6 1
-19 -12
0 0
-2 0
-15 7
151 -13
59 2
-21 -3
-97 -4
-53 -1
-43 0
-11 0
79 -9
-12 11
88 4
-42 6
-62 -9
103 -5
57 -2
23 9
64 13
3 1
-13 -4
40 2
95 8
-2 -6
-69 -16
-123 -3
218 3
45 -5
2 -1
-12 -4
-11 -4
6 -1
7 -2
88 0
154 7
-2 -7
-6 -7
-120 12
-139 1
39 -2
-10 -3
100 0
-62 6
17 -3
157 11
-82 -12
46 -2
1 9
140 -7
4 4
-50 -16
42 9
-93 4
-13 -16
105 11
-24 -2
-54 -1
124 -9
34 4
-46 3
69 -7
-25 8
76 8
-68 14
48 12
132 0
14 -8
-87 6
199 9
49 2
-81 -2
-3 9
-73 4
-144 7
170 -6
-17 -19
140 -2
30 0
39 -6
161 0
-60 -9
43 7
92 25
-136 -4
-14 0
45 9
147 -14
-105 -7
-71 0
66 16
22 -6
-165 -4
55 11
18 -14
71 -5
7 13
-75 12
-114 17
50 -9
173 -13
-23 9
28 14
-44 -16
-56 2
71 -20
-96 17
-47 1
-128 -22
130 19
118 17
140 -24
-129 -20
-40 23
-64 -17
-56 -15
-33 -4
59 1
-96 -7
-32 16
29 -8
1 5
52 23
120 -13
118 -11
-28 9
49 0
-81 3
-53 6
2 -17
89 1
69 -3
27 0
-22 -8
-63 -2
16 -6
146 -1
-100 -8
-98 11
147 25
-12 11
-32 -12
60 -27
-125 -8
22 1
74 -10
32 0
-142 -5
86 11
-69 4
19 17
18 -1
83 22
-90 -3
72 2
-161 -11
145 19
-87 32
5 7
122 -14
-129 0
47 -4
4 7
77 9
0 -2
-30 -10
-5 1
-55 16
-50 -6
-144 -2
34 5
-2 -15
35 -11
-21 0
109 9
-89 13
-54 2
-28 3
83 -4
-52 1
-67 -4
17 0
68 2
67 14
65 4
17 -2
-164 4
83 16
-73 -5
40 -11
22 11
-106 0
11 -2
-68 -6
31 -15
96 3
83 0
-12 6
106 -16
-63 0
-62 5
59 0
104 12
39 1
-48 5
-82 0
166 -12
-25 -3
-19 4
88 9
-70 4
-188 8
33 -20
147 -13
-37 20
46 12
-161 9
133 11
-28 11
98 -1
132 2
-31 0
12 -1
-8 -19
-7 0
-11 9
-39 11
-5 4
-74 -3
-141 0
70 -5
147 -10
65 14
20 -2
-13 3
-32 0
-68 -3
-19 4
117 5
101 6
-7 -11
-73 24
49 1
95 -2
-22 0
-4 12
-6 -5
125 -5
-22 2
-119 -4
30 2
186 9
-60 -15
105 6
-6 1
60 -3
308 1
200 -3
-9 2
-95 5
-34 4
13 6
31 13
-159 -15
0 4
101 -22
-57 4
80 0
-141 -10
-32 5
79 -4
-12 6
39 -2
-51 8
-72 11
-15 -25
-27 18
114 1
-25 0
28 8
-100 1
62 9
23 0
-30 -2
14 -15
-5 3
-74 6
-23 4
-78 -9
58 3
-78 -14
-22 -4
66 5
0 0
19 9
17 2
40 -15
107 26
2 -6
49 -3
-45 2
-110 27
59 -25
18 -3
17 13
176 1
60 -7
-2 -5
-83 15
95 -16
-112 -7
57 19
-104 0
15 9
4 0
131 -2
-119 -7
43 2
43 2
33 -1
-41 -18
-17 -12
-10 -1
144 12
-16 4
-100 -4
-120 -18
109 13
70 -20
-232 -13
53 11
-133 -1
0 -4
44 4
-39 -5
64 -2
75 0
-105 3
41 0
-27 17
95 -4
6 -1
-91 12
-116 -16
-20 14
58 2
-62 -7
196 -1
143 2
-162 0
-10 -10
35 -4
134 0
-46 17
-338 4
-37 20
20 5
26 3
-41 -5
231 -4
83 0
-223 4
-244 -13
-20 -5
44 6
-27 9
61 -2
-179 14
196 -1
20 -11
-195 11
-69 -2
125 12
97 -4
