13 -10
61 3
8 11
72 -3
80 13
56 -11
49 17
22 -6
-145 -7
53 -10
-76 0
-16 5
83 -11
-4 -5
0 0
16 0
4 -5
89 -5
58 0
-12 -8
5 19
2 -6
0 -11
76 17
142 4
-114 -10
-85 -1
-1 -1
15 -4
-87 8
-92 1
-102 -4
21 -3
118 5
49 -1
50 0
117 6
-13 3
-138 -4
-120 5
-62 3
193 6
54 -3
-47 -3
-22 7
-57 0
35 7
39 4
138 2
1 -6
68 -3
-63 -9
-13 -14
-95 -1
22 -4
41 7
66 -1
125 -8
93 7
14 -3
49 2
-2 -6
16 1
-14 -1
-3 7
-39 -7
51 -9
39 -5
-90 -4
-80 5
41 3
48 5
30 0
-57 -2
6 9
79 0
66 7
-47 3
16 -1
15 8
86 -7
-78 1
112 9
75 -2
-1 -3
1 4
-69 -1
70 0
139 0
-67 6
7 2
5 0
18 2
-84 -4
-84 -4
33 -9
4 2
-49 17
-39 3
54 0
-19 8
-17 -4
107 -4
-41 -1
-15 -3
85 2
29 -3
-93 1
1 0
99 -9
29 -2
-64 6
8 -3
-13 4
-8 7
-39 7
73 0
88 1
-19 -6
0 -17
-7 7
43 -9
34 2
79 6
72 2
72 3
6 -24
-67 9
-21 2
-16 -4
26 1
2 -14
-5 16
94 15
27 2
23 -6
-143 -10
-1 -1
21 16
-109 25
2 8
37 3
0 18
-30 -10
-17 -12
3 -28
16 0
1 0
7 0
14 5
25 -5
49 -2
5 -1
-16 -12
57 -9
-12 7
-13 7
34 9
87 -12
63 0
-13 9
-23 1
128 -12
-14 -15
-15 3
-13 -1
36 3
1 0
62 16
56 8
-38 -27
-80 -6
88 -1
40 -15
34 9
-21 19
-28 4
-9 20
-52 -2
11 -4
0 0
-31 0
-41 13
67 19
99 0
-28 3
-34 -6
-62 -1
-8 -7
15 -1
-35 3
29 0
23 -13
8 0
-57 -6
33 4
38 -3
4 -21
33 6
-37 -7
-3 2
37 2
94 -12
0 3
29 -4
25 -2
-3 -8
-3 -1
99 2
95 -1
88 6
70 5
33 1
-1 5
-138 7
33 -3
110 -16
-23 12
-16 -2
-21 23
103 1
58 3
14 1
-69 -12
13 -4
65 6
-9 9
8 -4
-7 0
-67 8
20 9
-53 5
9 0
161 0
12 0
66 6
27 5
14 0
-66 -1
-85 6
-105 -4
66 -8
73 -9
14 1
11 2
2 -1
7 0
1 1
27 -10
59 4
36 -9
49 0
-9 7
-93 4
-33 0
-72 4
4 8
-104 0
66 -7
56 0
-31 2
-3 -2
-6 5
28 4
28 5
-60 6
28 0
41 -16
-2 -10
3 0
-75 -1
-58 0
64 1
55 12
-66 0
-16 -1
44 -7
-42 4
-53 -6
-113 4
-47 -3
61 -6
8 -4
42 -1
-18 1
25 -3
-3 5
98 -1
-24 5
26 11
121 -1
18 4
-2 -11
18 -4
-41 2
34 2
-35 12
65 -5
-10 -3
-123 -1
122 -24
68 -3
-37 -3
27 4
-103 4
17 2
-6 3
-70 -2
-32 -14
121 -8
16 -3
-147 -2
-31 6
-66 1
12 -2
-3 -1
128 -1
12 5
82 -3
122 -3
-109 5
-14 15
17 2
77 3
-3 -2
-86 -2
-57 -13
76 0
-34 0
-37 16
96 -3
14 4
-30 9
5 11
47 16
33 -3
33 1
-32 0
36 3
-15 -12
33 -6
45 -14
-15 6
49 -6
81 -1
73 12
-18 11
-14 -6
29 2
-14 -12
-87 -2
56 14
49 4
-64 -10
93 -5
-1 -7
42 11
35 3
25 4
14 19
100 6
111 0
71 0
-37 6
-1 16
-8 0
-18 6
-3 13
57 -11
33 -9
39 6
-53 -4
-28 8
34 20
66 0
-54 -7
63 4
56 2
8 -7
-32 -4
43 -5
80 6
20 9
-42 -2
-1 -19
138 7
41 0
4 -6
-39 -4
-34 -7
-40 5
16 17
-5 0
15 -2
25 -11
-36 -3
-5 -8
-57 11
59 0
5 4
26 1
32 0
-43 -2
39 6
3 0
-33 -4
22 13
71 2
-10 2
-13 1
93 5
-94 -2
-15 4
-15 11
68 1
18 -6
1 4
-10 2
-18 -2
51 0
103 13
-46 -4
-10 -3
-26 -5
-38 5
-19 11
9 0
52 0
28 -5
3 -4
-119 -4
69 -2
26 -5
48 3
16 0
39 4
43 13
-41 7
-24 1
-31 0
62 -2
7 0
63 -5
70 5
17 2
26 4
-79 1
72 -2
-72 -7
-5 -5
-10 -1
-10 7
-30 9
-4 0
-63 26
130 5
-32 3
80 0
-18 1
26 -1
46 -5
33 6
23 9
-31 4
-14 -8
24 -5
-10 7
-39 5
48 9
-92 -4
82 -6
68 1
-107 11
-69 -1
18 0
-49 3
-88 7
3 -9
-48 2
17 -2
-29 -2
-11 -6
17 -6
-23 11
-23 -7
32 3
-87 6
-35 18
-85 -3
71 0
-48 11
26 -15
-22 -5
34 7
23 14
7 0
-17 -7
-49 0
111 -5
82 13
-39 0
-25 -5
-27 -3
39 2
51 0
-45 19
60 -2
-23 3
16 -7
77 2
46 -6
2 -15
-74 0
-38 -1
-26 -6
37 -11
3 -9
-10 0
-33 3
22 13
53 0
-67 0
26 1
82 2
20 -4
85 1
-32 -2
-16 -3
-80 0
0 -2
15 8
48 -11
130 -2
22 5
9 17
-48 -2
-44 11
24 4
-18 0
-27 3
140 -7
-62 2
-7 -3
-85 -4
36 -3
-33 4
-31 13
-116 4
26 6
1 0
12 0
-18 -6
30 -1
-29 2
-37 1
36 1
35 1
-2 -6
-28 -2
-23 -1
59 0
-4 4
-42 -1
-52 -4
-6 -2
78 0
24 -6
-14 -10
-47 0
31 0
-17 -3
-17 3
-58 0
56 5
46 0
0 -5
-51 -6
12 -9
43 -1
-12 4
9 5
-35 2
131 11
31 -1
-48 -1
-35 -6
-40 9
7 8
-22 4
-67 -1
130 6
39 0
45 6
-51 -2
-55 -4
55 5
60 3
-30 8
109 3
107 16
-113 -7
-6 -6
-35 -2
-27 -8
9 22
-26 13
39 -1
83 0
33 -1
26 -1
3 16
35 0
-57 -10
-105 12
-146 12
-99 8
58 11
-14 12
-4 16
-41 16
165 2
-45 0
-36 3
-82 0
84 7
-11 -12
-61 -4
-8 -1
52 -12
-61 12
-12 8
-34 17
74 3
-38 -4
109 -5
6 8
-41 -5
-24 -12
-39 -10
-34 14
58 -4
9 7
25 -9
-69 -4
-61 1
24 16
-27 6
-82 19
49 0
-12 2
19 11
-24 2
9 -1
72 -3
-37 -4
-160 -6
57 -19
15 -5
-123 5
34 0
58 2
-99 -8
-66 1
2 -11
35 -6
110 0
32 -3
43 0
15 -1
-76 -5
-49 -5
-47 -12
4 1
108 9
113 -2
-62 -12
-67 -11
-107 -4
24 -21
-24 5
-132 -3
-86 -10
112 -10
-40 -3
-60 1
16 3
8 0
7 2
-24 14
-45 -4
56 -3
144 3
-52 14
-57 -7
-16 1
-53 -8
6 -5
5 -4
21 5
46 -4
-11 1
5 1
-29 0
-76 0
-29 0
35 -13
20 -2
76 8
-43 9
52 -1
41 -1
-119 9
7 -4
17 0
-68 3
12 -2
18 2
-24 11
-23 0
-62 1
-8 9
27 -5
-7 -12
-4 5
-41 -6
5 7
47 8
-76 -2
-9 -1
-29 6
7 -4
-100 12
5 -2
71 5
65 6
-44 13
-43 -1
56 -6
54 -3
-63 2
-5 3
76 4
-40 -2
-17 6
77 1
-42 -7
9 -6
-97 -5
-71 0
79 3
0 9
-37 -2
-64 4
-8 -3
-22 2
20 6
-92 3
6 6
13 8
56 -3
-16 2
39 -1
-34 -2
-77 0
-32 5
-15 6
21 0
52 11
-77 2
-18 -8
25 9
-2 1
85 1
-191 0
61 5
101 0
-18 0
23 -3
-48 2
82 -6
-57 -6
-103 0
49 -3
102 11
-150 6
13 2
-36 1
-89 -14
-57 8
15 2
9 0
102 -3
-25 -6
-60 1
-141 -17
42 -4
-17 0
37 0
-41 4
30 4
89 -4
-61 9
25 16
-75 -9
-6 4
-32 2
-77 3
26 15
111 -8
18 4
-31 1
-19 -2
-37 9
109 8
-13 -4
64 -2
79 -4
-6 5
-72 7
-27 1
-49 -3
-15 -7
-44 -7
5 20
45 -3
54 3
33 5
55 13
-70 -11
37 -3
-69 5
-114 2
102 -2
120 1
-61 9
-65 1
-63 -23
-19 -11
74 2
-37 -1
-74 -3
3 11
-28 -2
35 -2
-27 -15
21 -12
0 -11
-7 -5
-97 6
-16 3
38 18
77 8
-17 0
-9 12
-16 -3
-35 -6
33 -10
18 22
-13 13
27 2
-18 -5
44 0
-79 9
-67 -6
-104 -9
-72 8
32 0
7 5
-38 4
-35 0
107 -6
-68 0
-56 7
45 -10
25 -12
-19 7
-30 0
-64 11
-81 0
-46 -5
124 -8
20 2
-73 0
28 15
8 1
-78 -1
-68 -2
-51 -5
96 -1
-30 4
-20 0
77 1
134 6
-17 7
-1 1
-37 15
52 0
-52 -8
-34 -3
-55 -3
35 5
-11 5
67 0
-52 -4
-52 18
6 -1
-52 -12
22 2
49 5
23 8
27 3
-122 0
54 6
-12 1
-43 2
-43 -3
36 -1
66 -3
-1 3
-99 5
45 -3
116 6
7 -9
-111 -9
50 -1
57 0
125 3
-25 0
0 3
-67 -1
43 -2
-26 1
-28 -2
26 0
-5 -1
9 0
-64 7
-34 -2
32 -10
78 -9
-81 -6
11 0
64 1
36 2
-8 4
2 5
-20 1
-45 4
-51 9
66 2
-6 -5
-9 6
49 2
-40 4
-63 2
-31 2
20 -1
-29 0
47 -5
-9 4
3 11
-39 0
57 11
-42 4
98 6
-30 -4
39 0
16 6
-22 4
-22 0
-48 9
13 2
-11 0
-46 2
-21 -2
77 -15
-37 0
-56 1
93 8
27 1
0 -9
46 19
-54 0
-29 7
59 -6
-4 -2
9 6
-17 7
9 0
-18 6
-129 -12
34 -8
79 0
43 -2
61 8
-56 0
-34 -14
-13 4
-18 5
7 -1
39 3
45 -6
-19 9
-35 5
-112 -23
17 0
45 -5
17 14
58 11
19 2
77 -1
-83 -11
-64 -2
40 12
78 -10
-169 3
55 0
22 -24
-72 7
34 12
-101 -2
-49 -7
33 -14
-20 -6
9 2
52 -5
60 7
-69 2
-39 14
-20 7
9 -1
-32 -1
-25 -12
23 6
59 -3
-57 15
-26 4
37 2
18 -6
-35 6
-93 1
29 -4
21 3
15 -6
2 1
-52 12
-76 -3
-22 -3
-16 -3
97 -3
-34 5
6 7
106 4
68 -1
-80 12
-56 3
-6 3
32 0
-68 -3
-76 4
67 -3
13 4
-63 5
-10 4
-38 4
-27 -3
19 6
-105 -11
-5 2
33 8
-77 0
-37 1
-67 6
-60 5
-14 1
-140 -4
-17 0
52 -6
38 5
0 0
-17 4
-58 1
-64 6
-22 6
-61 6
88 -4
-66 0
-12 4
-60 -6
-43 4
-32 3
100 4
-77 1
-34 6
-39 -1
57 3
-42 5
-26 0
-122 4
13 -4
-26 3
39 -2
-21 -6
8 0
38 0
-20 -5
0 13
-46 5
-127 2
-75 -3
-24 6
3 0
103 -6
-90 0
-13 3
-55 1
21 -1
57 7
5 1
-1 -11
-24 0
-10 1
-67 3
-58 11
46 5
-41 7
8 -7
-70 -16
166 -3
16 0
-243 -4
-73 -15
19 2
60 -8
-58 -17
-104 -15
2 -3
-12 -7
-14 -4
-68 0
-34 9
2 1
-30 0
-27 -3
-51 -13
43 16
-35 3
-55 -3
-31 0
4 23
33 -7
-28 11
0 13
-46 -2
-87 9
18 0
-98 24
0 12
-28 13
-20 -8
-24 6
12 2
-12 -10
61 2
-11 -20
-28 -11
-76 -5
43 -6
-53 -10
-5 -4
-5 -12
-6 -13
110 14
-103 3
53 4
-44 3
-91 -1
-33 0
-88 -15
20 -3
38 3
8 -13
-10 7
-46 5
53 2
32 12
41 14
-70 -2
-110 11
-45 -6
-79 -2
18 2
-42 7
-29 6
-33 19
6 20
8 2
-52 9
-48 0
-161 8
-21 -1
-36 -2
56 11
-188 2
-60 -1
61 -1
-36 -1
61 -3
-39 0
23 -5
56 0
19 -9
-35 -1
31 0
-33 2
-65 -1
-20 -4
41 3
-22 14
-29 4
-5 -1
39 6
54 0
-23 -2
36 1
-56 2
-17 3
52 9
-8 -2
-19 4
44 -1
100 -4
-53 -4
-46 -2
-4 2
-143 1
-36 -1
-7 -2
127 -5
-69 -3
-60 3
23 6
11 -4
-19 -4
-30 2
-56 11
0 1
22 -12
23 -1
-131 0
41 -5
-74 6
-78 0
106 -5
-56 -5
0 3
27 -2
-76 -1
-48 2
-2 5
15 6
-2 0
-13 -2
-42 4
62 4
28 0
-32 -4
-18 6
-78 0
24 14
-109 -4
56 2
59 -6
-15 -2
14 8
86 3
-38 4
-50 -4
-2 13
-63 7
30 -4
17 -3
0 3
-2 -1
20 -11
70 19
21 5
-24 4
74 0
15 2
-78 5
-39 -13
-21 0
-24 0
-3 -1
-39 4
66 -1
27 -1
-48 1
-41 2
-51 -15
-38 0
36 2
11 4
80 0
0 1
-9 -5
-14 15
-24 -2
-175 2
28 0
-112 0
34 -8
4 -1
18 12
1 2
-21 -15
-46 17
-119 -5
-19 -1
96 -1
-10 17
40 14
6 6
-34 1
-17 6
-44 -3
-43 -1
-48 -6
-24 6
2 16
12 0
100 0
0 1
-28 -15
-48 4
-21 0
28 19
-54 2
24 1
59 -10
-6 7
-48 -5
-24 -5
-37 -5
25 3
-26 2
-84 -19
57 -16
98 -10
35 -1
-53 -9
24 -15
102 4
-42 21
-56 0
35 -2
32 5
-26 -3
57 -6
-23 -6
12 19
-42 3
-28 -6
-15 -3
65 1
-37 5
41 -1
-64 -11
-85 2
-51 15
18 5
-12 16
91 4
36 9
-62 -13
0 -3
46 2
-28 8
30 0
-20 12
0 0
-42 -5
-1 -7
-54 -4
-23 -4
23 11
67 1
-100 18
-58 0
16 3
55 12
-3 -1
-44 -4
11 2
67 4
-16 5
-65 4
24 -6
43 -2
6 -7
-89 0
-13 4
-25 13
-35 -4
-38 4
33 -1
16 -2
-44 -13
-12 1
-84 -1
27 6
-100 6
1 -6
-59 8
69 -1
40 15
39 0
14 5
29 -2
-16 6
-7 2
-87 -6
106 12
-7 -8
-81 2
19 -3
30 -4
27 -8
-15 4
-51 0
4 3
67 4
-47 2
-159 1
97 6
-37 -8
-79 6
-94 4
4 -1
76 3
19 -1
82 -5
-45 0
-31 0
-8 0
-6 7
4 -5
-29 0
-44 -6
-83 3
-45 6
-42 -12
-56 9
40 18
-77 -1
46 1
37 -7
6 0
-88 -6
-13 -2
47 15
-24 2
14 8
-45 9
-13 -21
-17 -6
34 -6
-11 1
24 6
4 8
26 -8
-33 -6
-167 -19
88 7
-28 5
-28 2
-3 -10
-44 3
29 13
-59 -2
-57 26
22 2
12 -6
-28 12
14 4
-48 0
-40 -11
0 -4
-66 1
44 1
33 1
5 -22
22 -7
-2 -13
-60 3
-3 0
6 2
-138 -3
72 5
70 7
95 27
-39 -7
66 -9
-49 -13
-38 19
-102 0
40 3
-89 1
-16 0
-89 17
-10 7
58 -1
-15 3
45 9
-38 5
133 17
111 3
-50 5
-38 12
-75 -2
-19 7
-29 -8
62 -4
-34 0
18 -5
-12 1
-18 12
-3 5
-6 -9
32 1
-77 -3
121 1
47 2
-18 -3
4 6
-37 -4
12 6
-44 -4
5 3
-99 -6
57 -1
-15 -6
16 5
0 12
-14 5
-28 0
26 -4
24 -3
17 2
39 0
2 -6
39 -1
85 5
112 -3
-55 -6
-11 -5
12 -7
40 -2
-17 0
81 -1
-66 3
24 7
26 0
3 4
-13 -9
76 -5
-40 5
-83 3
46 8
-21 11
13 4
22 6
-63 -1
73 -3
24 -1
-27 -4
0 0
-103 -5
-4 2
-16 -8
16 9
-3 0
-55 0
82 -6
11 0
-117 7
91 5
4 8
2 12
6 3
21 0
18 -8
0 -1
50 8
-1 0
-53 11
-52 2
-13 4
-45 0
11 0
-63 -1
-9 8
-23 4
59 9
-5 0
-3 2
-30 1
38 6
5 -3
55 -4
-6 -4
-85 -1
-7 1
52 4
118 5
-65 -6
137 0
39 -16
163 -6
150 5
-71 0
-14 12
58 9
-10 -1
39 -3
-4 -6
-30 -13
2 -11
-8 0
7 2
16 0
14 0
-51 -8
65 -19
-7 0
-78 -4
-78 0
-30 20
70 -4
-65 11
-39 -15
79 -22
38 -1
3 -7
-88 -11
-29 -8
39 11
-26 -2
-66 1
19 -2
43 -14
-15 -6
12 2
-2 -14
-68 -18
37 4
84 20
-84 6
17 15
65 4
22 -3
-43 12
-39 -1
62 -16
2 12
-1 20
63 -5
3 -6
-49 6
-36 11
-32 -3
-102 0
-84 -3
-31 19
-13 -2
-24 4
-22 6
0 19
-78 3
63 -15
-3 4
62 -12
-103 -5
-37 -1
65 6
29 4
-2 9
-103 2
58 -1
-81 1
-13 -2
-26 9
56 2
131 0
80 3
-48 -11
41 4
70 2
-57 -6
-61 3
-8 -2
55 2
25 8
123 0
-30 8
25 0
-7 -6
67 -9
36 5
-21 5
14 0
82 1
66 12
11 5
84 -2
-34 1
-49 0
-64 -2
5 8
138 -2
-2 -1
-45 4
-4 3
87 -9
154 -2
-94 -2
29 11
21 2
8 0
27 0
15 0
-16 -15
3 -6
23 -4
-43 0
45 3
-23 12
-48 2
66 8
97 -6
77 -4
-29 0
-50 -2
84 9
18 5
-99 1
-83 3
-23 1
-105 -5
56 0
-18 -4
-46 9
-79 -2
139 -1
19 -1
-26 8
50 2
-76 6
32 1
26 -8
70 5
8 8
3 12
-25 6
65 4
-48 2
9 -10
-56 -3
95 3
92 5
-37 8
-19 5
11 6
73 5
0 -7
-73 -8
40 0
73 14
11 1
34 0
-31 1
55 -7
-86 -14
-18 -10
121 4
107 -3
6 -13
25 -4
-29 11
-115 0
-32 -7
122 -14
6 -7
-26 2
-12 -8
23 5
-78 -1
-3 7
-33 0
62 -8
-3 -12
-23 4
-15 7
38 -16
60 22
-34 11
4 -12
12 -9
-56 -14
6 -7
39 5
47 -9
34 -8
-69 8
49 6
16 -3
15 -1
-73 5
8 -9
59 3
102 -18
-10 2
-163 8
26 -9
35 -10
-122 -7
-56 -13
38 -8
50 2
-70 -10
63 21
-71 14
29 1
-83 -11
66 -4
-48 1
11 -7
-43 -7
-26 -4
132 14
37 12
43 11
16 -4
12 1
-3 -3
-16 6
15 4
64 -8
19 -1
-13 2
-62 -5
56 9
76 2
-164 -2
84 -7
63 -12
35 2
-26 0
27 12
34 0
126 0
-12 5
54 -4
58 0
-21 -3
-13 0
-66 8
-16 1
16 1
-7 -5
-17 -4
-96 6
0 -2
28 -5
34 14
47 4
-8 0
18 0
48 -7
8 1
39 -5
42 3
-26 4
13 5
-61 -1
24 -3
25 7
53 -3
61 -9
-18 5
27 2
-38 11
-45 -8
-60 1
18 5
45 -3
81 2
0 4
-25 -1
-2 8
17 0
86 1
-22 -6
18 8
18 0
3 0
70 2
87 0
32 0
-52 3
-52 -2
4 -2
2 0
0 -7
-26 1
0 2
-1 16
18 3
0 11
31 -3
71 -10
9 -7
25 6
18 -1
89 0
66 5
11 13
-29 -1
24 -1
-38 -1
77 -5
20 6
30 16
19 5
11 7
-16 5
153 2
15 -1
21 -2
34 -6
126 6
-16 3
-60 3
-17 1
5 6
-43 7
19 -3
13 -9
-53 9
100 0
-55 6
-22 -6
-35 -3
142 3
-1 3
153 -2
-31 -13
-6 12
-4 11
4 7
34 5
-20 -5
41 0
-28 -6
-3 3
47 -10
-69 -1
33 2
36 -2
-19 0
-55 15
52 -1
51 -4
-100 0
-12 1
-25 -1
68 0
23 1
62 -6
43 -3
17 -11
-4 -18
77 6
-93 9
-25 5
89 -12
71 6
53 -1
-97 -18
-24 -2
56 -2
53 4
-3 5
-55 2
53 9
38 -1
-38 13
-71 -7
74 4
157 -4
64 -4
-38 3
-99 -2
110 -2
-25 -8
-45 -10
33 2
94 11
-4 7
17 -1
-4 9
41 -8
62 -4
57 3
54 2
36 -8
71 3
-79 18
13 3
42 16
22 -15
0 1
99 11
79 -5
6 7
44 -11
31 12
4 0
63 9
-99 -2
46 3
-14 3
-19 -13
26 -8
153 -24
-10 4
23 3
0 0
-4 0
0 -6
9 6
27 -2
52 -9
-29 6
0 -9
52 6
56 -16
-47 0
-5 9
91 4
54 -12
-15 0
41 5
76 9
54 0
78 5
-12 4
0 6
53 5
103 0
3 -2
-26 3
-75 6
123 -6
110 1
-3 -10
61 2
27 -7
52 -3
-60 0
-4 -1
2 -7
128 5
161 3
-129 -1
135 -9
-14 -1
39 9
106 5
-34 8
-103 -2
-23 6
-10 -1
17 -2
57 -9
97 -2
72 3
-17 -2
-94 6
6 0
56 5
-24 2
-58 9
14 1
33 2
-22 0
-16 17
14 1
-78 3
-25 -1
27 -1
11 -19
90 4
106 3
-11 2
107 8
96 -5
72 6
1 4
-106 -9
-48 0
54 -3
17 1
-94 8
19 3
121 5
41 0
61 -2
44 -5
112 0
-45 -2
-34 0
-139 -5
102 2
-105 4
-108 -9
128 0
147 -1
-17 -1
45 6
15 0
112 0
-68 4
94 9
100 11
57 4
27 -2
41 -17
-1 -8
5 15
21 7
40 -5
-8 1
17 -11
29 4
-135 3
124 6
-31 -2
-124 2
-18 -3
86 13
70 0
71 9
16 4
42 -9
24 -12
75 15
27 -6
-2 12
3 -18
-12 -7
103 -6
-62 5
35 4
45 -4
-42 0
69 -16
11 -4
127 8
122 13
-13 -3
30 9
-15 2
-84 0
-26 -3
-12 1
86 -7
6 -15
-32 5
-54 -8
109 12
28 2
44 -14
23 1
14 9
-106 -11
-50 -12
2 -11
79 9
94 0
0 -11
0 6
32 15
-79 8
95 -9
14 -15
-8 4
-60 -4
89 17
-15 -8
-93 4
6 6
75 6
2 -7
-47 0
33 0
1 9
-27 -9
0 0
22 -6
140 -6
130 -7
3 1
7 -8
88 -3
23 2
32 0
1 9
61 5
56 0
66 -4
69 -6
-9 17
-12 20
-22 4
-46 14
91 -5
-6 -3
29 -7
48 5
-27 3
43 -1
9 0
-19 -9
28 -3
-9 -4
1 -2
38 -7
93 0
-9 6
-10 5
40 9
-78 6
74 -2
7 -1
-2 0
4 -4
28 9
111 0
30 5
-39 -8
-47 5
71 -2
3 0
-20 0
44 -6
62 0
51 18
8 5
30 18
77 4
-24 -5
-84 -1
21 -3
4 -1
124 7
-12 4
18 4
20 3
16 -17
11 0
76 -16
50 2
-50 9
68 3
-34 1
58 5
78 -1
109 2
-103 -2
-95 -1
2 -10
21 0
87 4
-11 -1
19 12
0 -6
61 0
13 -9
65 9
64 -2
43 21
-42 -3
48 -3
-65 8
-26 -3
-45 -10
-50 0
188 3
40 5
25 5
38 -4
43 5
28 -4
-69 -6
-94 -4
84 -4
32 12
34 3
-33 -4
-16 6
20 -6
4 -1
21 8
52 -7
156 8
31 -1
4 -19
-77 18
-27 0
111 -2
24 -11
84 3
64 -14
54 -5
34 -2
