-5 -3
-10 -7
7 -1
-3 22
-4 -4
-11 -13
12 -7
2 -18
-4 2
6 6
6 -6
-17 19
-5 2
-2 1
19 4
11 8
8 -8
-24 -15
-24 5
-6 -22
-19 22
18 -6
5 -11
-14 -12
-8 -10
-10 1
-1 9
-42 21
-8 -16
35 0
5 4
-15 -6
-15 -15
12 8
2 2
3 9
-8 0
-18 1
-5 -7
7 -12
25 -30
-17 -16
9 15
-21 -10
15 0
-32 -6
-14 6
19 12
-4 -34
-16 -6
23 2
-18 29
-26 -5
24 4
21 12
-39 -7
-13 -10
15 5
15 -6
-54 4
-23 1
0 -1
41 -12
39 3
-16 -12
57 -14
-8 -20
-7 16
-4 0
-18 -17
-1 7
-46 1
15 3
45 -10
-14 0
-8 -3
20 2
-5 5
1 7
-5 -6
9 15
-15 8
-5 0
-21 -4
16 13
-17 1
4 0
-33 -1
62 -15
-37 -3
207 12
39 0
-24 13
-24 -6
-51 -3
-16 7
58 1
0 -2
-32 -4
16 -4
-16 -2
-24 -2
-19 0
-26 1
22 6
13 7
17 -8
6 8
-2 -5
4 4
-52 11
9 -3
-33 23
19 -3
39 25
-1 -22
23 -4
-11 24
-49 -1
-13 -13
15 -24
13 -27
0 8
22 -2
22 -5
-21 -22
0 7
75 -24
-31 -7
-23 -18
-25 -8
50 3
-65 8
6 15
-48 21
7 3
-15 -22
-32 0
-6 -13
15 18
23 4
12 -5
19 -16
-14 -11
-4 2
-4 -10
-30 -11
-9 1
13 17
-1 37
13 5
-20 11
-26 14
-39 -19
20 -17
24 14
-43 -22
21 -9
15 8
0 -5
31 14
-19 1
-19 21
30 -7
1 -16
16 -9
-35 -20
16 6
-1 0
5 7
-2 -5
-11 -9
-24 -2
17 4
-11 9
7 0
34 0
-9 -15
-37 -6
11 23
-28 -5
16 -12
-19 -4
-3 7
23 -22
17 24
1 3
0 8
-3 0
-12 -2
-23 12
-1 -4
-41 0
1 -7
17 27
5 4
25 -2
-18 11
-32 -6
-29 -17
3 7
5 20
41 5
-16 8
-12 2
-16 -11
-26 -5
27 3
-50 -1
-9 -18
4 -8
-31 -2
17 17
29 -2
21 9
-38 -7
13 9
11 2
-39 6
0 4
1 -2
1 -22
-27 17
-11 0
0 -5
23 -20
-12 -31
-11 8
4 13
30 9
-20 3
0 5
5 -7
-1 -4
-30 4
-14 -4
8 7
23 -7
8 -10
-26 3
13 -9
8 -4
-7 0
-23 -3
-48 -8
21 -21
3 17
14 -34
-13 -8
2 16
32 9
-11 0
45 -12
-34 -6
4 8
-19 0
9 -2
-6 -2
26 3
12 -4
-46 -6
-19 4
12 15
0 3
-25 1
25 0
-2 -4
-21 25
-27 16
-7 -16
7 26
-20 11
-11 13
-25 -11
-13 -6
-4 -1
-13 -21
-6 6
-41 4
-4 9
18 -13
14 -25
-22 18
-32 -16
30 -23
4 -8
-4 -5
-50 19
-14 -7
12 2
8 -1
-25 3
-39 13
-44 -5
-5 -4
13 -3
28 -16
3 2
4 -23
-3 8
-24 0
-3 -10
-3 -11
-28 19
-17 -43
1 25
33 1
9 4
-8 6
3 0
-29 9
-5 11
19 -18
29 -15
-17 6
0 17
-41 -9
-2 5
-64 67
17 -4
22 18
15 4
4 -12
2 -17
11 0
-49 0
-14 12
-26 55
-19 -3
1 -37
-8 -52
5 -22
9 26
1 0
3 19
-3 -4
9 1
-2 -8
-25 -11
13 -10
18 15
-36 56
-13 20
-1 18
-2 3
0 -24
-11 21
4 1649
-3 -1613
-5 -779
15 18
60 190
-44 52
-15 -137
-39 -149
8 -77
2 5
9 175
-2 271
1 223
-8 118
-10 -8
6 -65
45 -92
-13 -44
-33 16
16 47
-7 107
-13 92
44 96
-5 31
-35 -13
-22 -62
20 -77
-19 -3
36 38
-3 61
-11 40
8 20
-5 31
-8 -33
-3 -43
7 -6
-11 -2
-1 35
-24 -25
-18 49
-23 0
-10 -39
-22 -51
3 -1
-9 7
25 35
11 20
-17 20
-21 6
-27 -8
0 -51
3 -16
12 -22
13 2
0 65
14 17
-16 -12
-3 -21
-33 27
0 38
38 -29
11 16
-10 -23
-23 -8
-11 -30
0 75
6 50
-21 45
-1 9
5 -12
16 28
-25 9
0 32
9 23
18 -2
-32 -11
-8 -8
8 39
4 -9
-1 31
-8 -19
-1 -4
22 0
-36 8
-6 24
19 -26
29 -7
0 -18
-14 14
38 41
9 18
21 5
-3 13
-26 11
0 -8
-17 -23
5 -18
-26 19
14 -11
14 -2
-24 0
-18 -11
25 40
1 -17
-13 12
-11 3
1 23
18 22
0 34
-2 -7
-18 16
7 -25
-24 -10
-11 5
2 20
-40 8
12 4
-14 -4
23 -2
-18 -6
-38 1
6 14
-5 -14
-6 6
-4 25
9 -11
22 64
17 -17
-27 -13
-63 6
-20 17
21 33
-2 -2
6 -4
11 0
20 32
-3 19
15 18
13 24
-39 -8
-10 9
-1 26
31 3
9 22
-1 -7
-40 3
7 -6
-6 40
12 -18
-18 -14
5 11
12 31
-7 9
-25 19
-20 38
-18 -15
-8 7
0 -1
2 0
6 30
-19 22
7 19
6 3
-17 31
6 12
19 -2
4 -25
30 -8
-21 9
16 27
0 44
-13 1
-2 24
-27 19
16 -28
44 17
-15 24
-48 25
-8 3
-7 0
-26 21
-16 29
-18 -23
-19 5
4 12
-22 12
0 1
4 -24
14 19
-14 13
-5 16
0 11
-6 13
-6 41
2 2
-5 -11
-13 15
-32 11
-6 -2
29 -12
9 -2
-15 18
-2 -44
19 -17
-2 -17
0 -2
-54 23
0 18
13 -8
13 37
-25 16
-3 -4
-10 43
-12 42
0 46
4 -31
12 7
-8 -4
-14 21
1 -47
4 -26
11 4
-22 25
-16 30
8 -7
2 21
-12 24
29 -30
-3 -26
-31 0
-11 16
-9 34
-5 14
14 41
14 37
2 -5
-17 -25
12 28
-37 5
-17 36
-27 -24
9 -21
11 -6
-17 21
-12 -12
5 0
3 -25
-16 -17
-12 0
-14 34
-30 1
-24 9
14 8
4 -9
-8 -7
-4 -11
-19 25
0 32
27 43
-4 16
-16 -20
-5 -24
39 14
0 23
-7 33
-2 -7
4 -20
-5 -7
20 35
-30 8
14 -4
-20 -16
-29 -24
12 18
-20 5
-18 13
-9 23
30 16
48 42
-24 6
-32 -11
15 -2
11 15
-22 0
3 9
47 -30
4 -27
-7 52
-1 38
1 16
11 14
-38 -16
-10 11
-9 11
-15 13
-18 27
23 12
0 0
27 -24
-1 -17
-6 9
-13 11
-19 18
4 16
19 4
-22 -26
24 13
-34 3
-30 9
-26 27
24 30
30 -6
-1 -2
22 30
-19 25
8 -2
1 -4
26 -13
-32 -16
-2 28
15 8
9 -2
-33 17
14 -10
21 -32
-3 -7
6 15
2 20
-22 5
-11 12
15 20
12 27
0 0
7 4
5 22
1 22
-40 -53
-12 -20
-13 12
11 32
-5 34
4 -17
-6 -23
-14 27
4 -11
-34 22
12 19
-14 42
3 -15
2 -19
18 -25
13 32
-30 2
-51 19
-20 -2
25 16
8 4
-9 0
24 -10
17 3
-36 -3
-12 27
-8 59
-18 0
38 -16
-14 -14
12 -29
-40 59
-22 70
-21 9
21 23
42 -24
-12 -35
-12 -9
-15 41
-20 8
14 20
23 17
18 7
-59 9
-19 0
-14 31
-15 36
-2 0
-28 -9
7 0
4 -6
-10 34
-32 47
-4 -10
11 42
9 -12
1 2
4 34
-9 30
-10 -2
26 6
15 0
-36 -3
-10 19
18 28
0 1
-11 8
22 13
-6 12
-11 -9
-10 35
12 24
14 -11
4 -8
2 18
-10 26
-9 -7
-14 65
-34 41
-6 4
15 28
19 -16
-28 2
37 -16
-34 13
-51 37
1 34
14 34
27 -12
-10 27
-9 -11
-6 2
1 3
15 -13
-25 8
31 26
-16 -34
-29 -10
-11 7
43 12
-6 12
-39 -11
3 -2
-13 5
40 -5
12 13
-28 -5
-19 -11
-52 -9
13 0
-25 62
-42 26
7 3
0 -2
16 -8
-16 -3
-8 5
-25 14
-4 14
6 -3
-1 0
-2 17
23 8
-15 13
-17 43
1 3
-17 6
0 -6
12 5
-7 14
11 22
-36 -7
-26 22
-8 -3
9 -5
12 6
32 18
-28 31
-28 9
9 -2
-2 -1
-26 -28
-1 -18
-10 -10
5 -6
7 0
1 30
-31 4
2 16
30 -22
23 38
-5 17
-32 6
0 17
-15 19
-7 -3
-9 -6
-52 25
19 19
35 -11
18 16
-2 19
-2 15
7 8
12 -2
9 -27
-16 -11
-25 -7
30 8
13 16
12 30
8 17
-21 -7
-14 9
-43 32
9 -4
32 0
46 -18
-19 0
-3 32
-9 3
13 3
-33 29
0 2
18 25
11 -10
-19 -20
2 14
14 7
-33 -2
-5 9
37 4
16 -14
-48 -14
-17 19
3 58
4 0
-16 3
4 1
-21 -8
1 41
41 -30
14 -14
1 6
4 -6
-1 -22
-12 -4
0 15
-11 22
-3 7
0 14
-10 20
-20 5
-8 12
1 -4
4 15
-11 -33
-51 -9
11 14
22 27
30 11
-35 -1
-26 19
-19 14
13 -2
-12 6
9 5
4 -13
-4 32
0 22
13 -12
-9 0
-22 36
3 11
6 1
-24 5
0 -2
-29 -1
4 30
-2 -21
-18 25
-11 -31
25 1
7 -21
-28 28
23 -18
40 19
0 0
-24 -44
-4 8
-11 -5
33 0
-17 24
-16 -14
-14 1
16 38
-9 -26
-8 -6
-33 1
6 -2
4 9
5 27
9 12
22 27
-30 -27
-1 3
8 -7
-6 -2
4 18
7 13
0 19
5 -6
0 21
5 14
3 -7
-38 39
-26 14
-6 -21
-3 -12
-15 21
27 12
-4 5
-10 30
9 -4
-21 -1
-11 -17
19 1
-12 13
-19 -13
-2 14
-16 2
6 8
-4 8
-7 27
0 23
6 -23
4 -22
-4 53
4 16
-22 -17
-33 -12
4 15
0 -3
-8 -17
-1 -9
-2 -1
0 24
7 32
0 -16
43 -2
6 6
-35 14
0 -12
-4 0
-19 3
-5 21
9 5
-21 -8
-3 9
-17 20
-12 4
-15 4
25 -22
-1 31
-5 -5
-60 6
-24 -9
13 3
-3 4
-15 24
8 4
38 34
-31 22
-11 56
19 3
-5 -16
-41 -10
5 -17
-14 21
8 -2
-12 -5
-1 5
0 24
18 -23
-18 0
-38 7
15 29
26 31
9 26
-11 23
8 6
5 -5
11 26
5 2
-5 12
-21 -12
12 9
23 0
-1 -11
-2 -8
-4 22
-30 24
-15 8
-31 4
-26 12
5 33
28 21
0 -1
20 22
-5 17
0 -3
-25 -37
-7 21
5 -9
1 13
-1 36
0 5
-17 3
-11 13
-8 15
-3 14
16 12
-16 -2
-5 5
-4 9
8 7
12 17
-2 21
-33 8
-37 37
-14 15
23 -4
17 -2
-5 6
-5 36
-15 15
-33 -13
7 -20
17 11
6 13
-14 21
4 3
-19 -10
5 15
-4 -3
-60 6
20 18
-8 30
15 56
7 -3
-8 -39
-51 -14
9 24
-14 43
-10 7
-10 -18
7 14
12 12
-17 15
21 -5
-12 71
-34 7
14 45
17 3
14 7
-4 -5
0 -8
-33 0
-14 -2
-3 17
6 -55
0 -37
35 -13
0 -9
-8 3
-22 -1
11 17
20 -9
-11 -25
-36 0
16 12
23 14
-7 51
-27 35
27 16
-9 -20
20 -31
-26 30
-20 7
1 5
-4 18
14 5
-14 -20
19 4
-25 -2
-10 12
2 41
11 35
-3 -13
2 18
11 -29
0 -7
-1 15
-20 4
-10 5
23 3
14 8
-20 21
11 22
1 3
-12 -14
-3 11
-21 32
-18 -8
15 -2
-14 -11
-2 25
12 14
-27 22
20 3
11 8
2 23
34 -8
-28 47
-28 42
-13 -5
22 3
-12 -10
-6 31
-2 2
-13 8
-15 3
-3 3
2 14
41 6
-15 46
-13 0
7 3
-16 9
18 -6
-16 22
5 36
-10 26
-13 5
-2 15
-13 34
-10 -2
-7 -7
24 -10
-21 20
1 1
-6 26
6 20
7 -10
-25 12
-6 12
-33 -6
7 17
18 23
16 43
11 5
-4 -23
-6 0
-13 14
12 0
-40 9
0 -18
18 -1
18 28
0 9
19 -5
-15 -8
-22 3
-9 19
8 44
-4 48
-2 23
7 -10
-2 2
-13 42
-3 18
-10 29
32 11
15 -17
-15 -18
-14 14
-43 -19
17 -3
-17 0
6 25
6 13
-36 25
-27 -9
-19 -7
5 0
7 -22
24 14
30 -9
-25 -14
-10 4
-14 -9
-15 -1
0 35
5 8
-8 25
14 5
-23 -13
4 16
14 23
-55 18
-1 -14
37 -17
2 32
-10 5
4 30
-8 18
-16 34
-9 -46
6 22
36 8
-3 16
-2 5
-26 29
-6 24
-3 -9
42 9
-4 3
15 -21
-22 0
7 8
12 0
26 1
26 17
-1 -21
2 28
-23 -33
-30 16
5 53
6 15
30 37
-6 5
-14 0
-51 -3
-11 18
-4 20
-9 19
-9 28
22 25
3 -7
-21 27
0 11
-5 -7
-45 -3
-13 8
-1 20
11 19
-10 8
6 26
12 0
14 -11
-2 -11
-2 -23
5 11
24 20
-14 6
-28 6
-23 -6
9 -43
-17 -1
-3 -25
22 21
-16 26
9 0
2 6
6 24
-32 19
-43 -7
-26 -8
-1 9
18 -7
13 37
-41 -16
-23 0
22 0
30 36
4 -13
-7 -2
-18 5
16 40
7 0
-28 34
-3 -5
-8 4
3 22
-6 31
-9 15
4 12
33 -7
-11 26
-1 6
20 0
-18 23
-1 31
3 4
1 -11
0 -1
-19 5
4 -3
-7 0
25 16
-18 30
-1 -5
24 28
-12 3
16 12
21 -11
15 5
17 22
-44 5
-33 39
15 -8
34 -1
6 26
-24 4
-12 -10
20 8
-13 48
2 14
2 5
9 5
6 -27
-4 0
-11 22
-3 13
-31 -3
0 -5
0 -20
8 12
37 22
4 15
6 -10
9 19
-1 -3
-12 -14
-23 17
26 4
1 20
0 -11
8 12
-14 33
5 -5
-8 -10
12 21
-31 46
19 -13
-2 -16
-38 3
-14 19
0 5
-3 -18
-33 -33
4 -7
15 24
-2 31
-5 19
-8 7
-22 -18
-24 -14
-29 18
-26 -21
-11 28
-16 6
-10 19
19 2
-40 -19
15 -4
17 -3
19 3
-24 13
-14 8
8 25
21 -24
-18 22
-3 30
-23 43
4 0
14 -10
-30 -22
-20 -16
0 26
24 14
-19 -8
-2 -4
9 15
-3 3
-33 1
-10 -23
13 -8
-1 35
-7 1
-16 4
4 13
5 4
-9 25
-23 28
-20 8
22 25
14 1
-6 -18
12 -3
-30 -5
1 0
-11 0
9 -8
20 -13
0 3
-12 23
13 30
-30 7
1 25
-1 -6
19 -17
1 -19
-12 -2
0 16
-5 13
15 -11
-4 45
1 22
-47 19
-35 -18
17 -27
-20 -9
1 9
-14 34
-15 -3
3 -14
-13 31
-46 -5
5 -9
0 2
5 30
-12 18
18 -1
6 14
-22 22
-4 1
1 -3
16 -2
-1 40
-11 24
1 9
0 -17
-5 43
13 -1
-4 -15
0 -17
-1 -5
-6 14
45 14
-9 33
-16 2
-14 19
-3 9
24 -2
-3 9
-5 -9
-27 1
-7 2
-6 -10
3 13
-7 17
1 5
12 -17
12 25
14 22
5 16
-22 4
-3 2
-21 9
-19 9
23 13
26 19
32 14
-3 -4
6 11
-1 -9
-7 8
18 5
5 -5
0 -8
29 -13
16 -5
7 3
-35 36
-11 -5
33 0
5 19
15 27
18 14
-16 8
1 23
-4 -16
15 18
9 -3
-18 34
16 -27
9 -4
-15 3
-3 20
-18 21
-35 83
6 7
33 -2
-2 32
-5 -33
-39 31
-19 7
6 -12
50 44
-30 24
-40 0
9 28
-15 26
15 8
-1 -23
-10 -17
0 17
-33 -60
-53 9
19 13
16 -2
-12 32
0 16
-9 41
-58 7
37 -5
1 -12
-20 6
40 -6
7 3
-18 -33
-12 -34
0 45
-9 -9
2 20
-20 23
-2 -10
44 4
-24 -2
3 -8
-15 5
4 -5
13 17
11 24
-21 26
-24 -15
23 -21
42 37
8 -2
-16 41
0 21
15 -8
-4 38
-21 46
-19 -1
-4 22
20 -31
17 -37
1 9
-11 6
-34 9
-17 -28
-16 -12
-1 0
-7 2
-12 33
-19 7
0 52
13 -16
17 -26
-21 9
0 -1
25 -5
-26 -25
-19 12
8 8
15 32
-4 3
-23 12
-11 -5
0 -1
17 0
-24 13
-4 27
-4 6
-4 13
1 3
-16 12
-10 8
0 9
5 40
16 8
-9 -34
3 -22
-12 -2
-24 28
-7 62
0 2
-21 28
-8 -2
17 -10
-9 -26
-36 12
-1 32
-12 18
-6 -2
26 -13
-22 -8
9 9
-10 0
-14 -11
-14 33
-28 18
9 4
3 18
-38 23
37 16
17 -17
-13 0
-13 -29
7 36
-23 11
-30 20
23 11
23 14
-34 14
3 15
-8 0
8 14
-13 16
-9 19
19 -2
-6 -2
4 -4
-1 20
-6 12
12 39
-14 22
-27 -18
-15 0
36 18
-37 14
9 27
-23 -31
11 -2
0 -32
11 7
25 -3
-34 -20
-24 53
0 -5
-17 15
12 -21
41 9
-2 11
-34 -19
-3 -14
-39 15
32 5
0 27
-6 28
-13 4
12 39
-13 54
-20 14
9 -4
-35 -23
-4 6
28 31
0 2
-13 -24
15 -19
-16 -29
5 41
-12 -24
14 -1
-5 28
9 42
25 17
-21 -27
-22 12
-22 5
-4 -13
27 -8
-3 6
-7 1
-26 2
20 41
-6 -30
5 16
27 -1
-23 -20
-19 38
28 -12
0 -31
9 41
22 19
-39 -18
20 -36
-9 3
5 42
0 48
-15 9
-5 11
40 8
-8 11
-33 -32
-29 -18
-17 -1
49 5
0 62
14 23
-15 13
-7 -20
-10 -4
-8 1
-18 36
-3 -3
-5 -8
0 -4
-44 6
22 36
4 8
-16 4
-3 16
-15 -16
-1 -5
0 1
21 -19
-14 21
-14 -12
-2 14
-23 9
-33 31
-1 0
-19 2
-9 6
6 8
-1 30
14 23
-5 -18
-37 2
-42 0
29 -3
30 7
-24 30
-15 21
-7 -4
7 4
21 -5
-16 34
-4 17
-9 1
25 28
8 13
-19 22
-16 26
0 -38
19 7
4 25
14 -1
-8 13
0 -3
-2 20
-14 3
-1 6
2 14
-37 17
29 6
29 -21
14 22
-22 4
-12 20
-32 17
9 23
-31 26
-6 6
6 -9
-2 -2
14 20
50 -4
-5 11
-1 6
9 8
-5 18
17 -13
-1 19
-7 28
2 25
19 45
-19 -42
21 -16
-40 2
-17 36
27 4
-1 -1
4 2
-11 -6
-9 5
-8 18
2 18
-32 -13
-8 13
47 14
-10 -3
-9 23
19 -1
26 -9
-10 36
-12 2
-1 12
-17 -5
5 -17
-9 43
3 -15
-8 -19
-1 46
-5 15
-32 34
15 26
0 0
-18 -4
0 15
37 25
12 21
19 -20
-4 -47
-43 5
4 36
13 -1
39 21
-10 31
-8 19
0 37
-26 17
41 -11
1 35
25 14
-4 8
-2 0
-4 -13
-7 35
-35 30
-2 31
11 -2
47 14
-4 -11
22 29
-46 -2
1 12
23 -15
-35 12
-28 44
-46 -13
24 -3
34 58
-21 11
31 33
-34 18
23 -19
-3 16
7 -10
23 -3
-22 19
-21 37
0 5
-4 2
19 9
45 -22
-22 12
-23 -11
-4 23
17 -36
-7 -6
-30 0
8 31
-38 16
0 3
30 -7
19 7
14 40
-14 9
-36 8
-20 9
-10 39
-10 13
5 -21
15 25
23 61
-22 -2
-13 7
-24 0
16 6
-12 36
-11 6
0 13
12 -1
13 -1
-26 4
6 -9
1 16
-13 29
8 -20
-1 3
4 8
-29 25
28 15
-4 7
-17 23
-40 14
-5 -5
44 11
3 13
-76 22
29 27
6 3
13 -15
-14 23
17 21
-28 7
13 27
-6 9
0 -31
-15 -29
18 0
-11 -5
-6 38
1 38
18 32
27 35
7 -11
-31 -2
5 -1
-3 23
-12 17
19 6
14 -12
-40 -1
5 -2
7 -18
-4 -13
-13 14
0 23
20 42
14 -17
-35 -5
-13 23
4 -7
4 31
1 3
1 -7
-1 -18
0 15
-26 43
-15 21
2 -9
9 -12
11 30
12 21
34 14
-21 7
-30 -7
9 -8
-80 -11
24 -15
16 -17
-14 24
-35 35
-7 23
24 25
-39 13
-1 11
18 25
-24 -6
43 9
31 -13
2 28
-6 26
-25 20
-25 6
22 -1
13 1
1 12
13 -10
-1 9
-26 7
-2 -6
18 7
0 44
23 18
-23 4
-5 22
-15 -3
35 -59
-19 6
0 24
12 12
21 -8
1 -12
13 7
-11 2
-15 16
-8 4
3 8
-20 -8
-29 49
5 41
13 12
-3 -10
0 -25
8 -56
-19 15
16 21
-16 0
-9 0
33 -4
26 37
3 2
-7 3
-29 5
11 24
11 36
-25 31
-23 -7
29 1
1 14
-43 -15
-13 -9
-9 -15
20 -12
-17 13
16 43
25 5
13 -5
26 -28
-17 45
-10 33
-23 1
-26 2
17 8
13 -9
7 23
36 24
4 -6
-26 -5
17 4
-17 23
13 22
14 46
5 1
-13 13
-4 7
4 -14
7 -21
-8 14
0 -8
0 -1
8 11
-8 42
-9 26
7 11
34 26
0 47
-21 -5
-6 1
29 15
5 -14
6 -11
16 4
-1 12
-11 -9
-22 -8
13 -1
-31 28
-5 14
-2 3
30 6
-25 16
-32 -6
11 11
-9 14
0 2
7 -8
-8 1
37 52
0 3
-32 23
12 25
4 4
-19 17
44 21
14 -34
0 3
11 -5
-14 15
2 16
-8 28
-23 -18
-28 -21
-15 5
39 5
24 -3
0 -3
-18 25
-29 5
-56 -9
0 -13
14 -1
-1 9
5 40
-27 9
8 18
-34 9
7 -17
8 1
-10 -56
15 0
-11 27
-34 24
16 -10
20 -2
-25 -8
-23 2
0 -3
-4 25
11 -7
16 18
-13 2
7 0
11 -1
-1 19
-29 -18
-13 0
0 -6
-14 17
-5 18
21 28
-17 43
-20 29
4 -22
5 -12
11 -4
18 -1
-14 -5
32 51
0 13
18 -12
8 -7
13 -10
-18 -13
-42 1
-21 19
1 18
3 1
-40 -21
7 12
28 22
25 6
-27 -8
-4 12
-6 14
1 -15
3 21
2 21
-2 32
-7 22
16 -9
-20 21
-1 5
-19 -36
1 -11
-2 -7
-5 9
30 -28
4 -12
-30 6
-35 26
-24 -19
18 14
22 45
-37 1
-21 -35
-6 -22
14 -34
-10 -31
9 15
41 24
7 -17
-30 12
2 -21
16 44
28 8
1 5
-60 -34
35 29
9 3
-14 41
26 24
22 -31
-8 3
8 6
-4 -22
15 0
-30 17
-12 26
25 1
19 0
29 3
-11 -3
14 -6
-1 -21
-35 1
-4 -2
6 36
12 -28
29 -2
-20 23
-13 4
31 18
2 14
-1 17
-30 15
-9 -11
23 40
-12 18
-21 16
49 -15
-14 14
-19 4
5 34
7 32
-3 -22
0 20
-29 15
21 -7
20 -13
-22 20
-16 31
-2 -50
-5 12
-21 -7
9 1
14 11
0 1
14 22
-17 4
-13 -4
-18 16
-8 28
-21 -4
-3 28
23 4
27 9
27 23
-8 -21
-9 15
-20 5
-3 19
-2 -5
3 3
-3 -7
16 -34
26 15
-23 11
-47 0
8 -1
-22 -11
3 -4
-7 18
2 -9
13 0
-1 13
-4 15
-7 4
-2 21
-9 12
-38 11
8 9
44 4
-9 0
-21 32
-11 12
-30 21
-20 -11
-30 16
13 -14
17 24
6 -24
-15 5
-23 23
-6 16
-1 -15
16 20
-9 11
0 -11
8 13
8 31
-24 -11
-18 2
-26 3
5 9
5 -31
2 31
-19 17
4 17
-11 11
15 -17
-15 41
-11 13
7 1
0 -7
-20 -23
-1 4
22 -10
-24 14
-31 5
20 13
2 5
2 4
18 38
-3 -29
19 7
-22 -15
-14 30
-6 -5
-6 32
15 23
-4 11
-17 30
-18 7
3 6
-14 34
-19 -24
3 -7
8 -13
33 33
-3 0
-14 -14
-8 39
-26 8
-3 31
0 28
6 3
-8 0
-4 23
-7 12
-17 23
-8 18
-3 -17
6 4
-12 -14
11 16
-1 35
-3 -5
8 -5
19 21
-6 2
-26 -3
-49 -15
-24 39
-5 31
28 12
2 1
11 25
-3 28
-7 21
2 -19
-3 20
30 -2
-21 43
3 7
-5 7
-15 24
-13 0
-14 -13
4 5
-12 4
-9 11
-2 -32
6 -18
33 36
-17 16
-39 21
4 19
0 37
15 44
9 -2
-7 39
-2 6
2 36
19 6
-28 -21
-18 -31
-6 9
-26 33
-3 21
0 35
32 -4
7 -4
-18 12
-1 9
-13 9
3 20
-9 9
-6 1
-6 15
-9 -22
-10 -8
-7 -6
-5 15
13 -1
-2 0
23 -16
4 1
2 -5
-6 15
16 19
-1 -4
7 12
-12 8
-8 -8
-16 0
-4 6
-19 -1
0 -23
-10 17
-10 31
47 -3
-43 -17
4 9
38 6
14 8
-23 19
-11 16
-10 18
-17 16
-29 -5
-2 11
9 -8
12 21
-17 14
-26 7
1 4
-12 32
-1 0
20 -3
1 -6
8 -26
-1 -20
-64 16
-51 -5
61 4
14 9
11 -2
