-18 25
-29 40
7 2
1 37
-16 62
-26 -7
7 -1
-46 -18
14 -16
2 -28
-35 -4
0 39
-38 9
-28 0
-30 -26
-24 16
41 -9
-1 8
4 0
-14 27
-24 2
11 1
-23 -17
-44 -13
26 -26
20 -2
-29 -15
19 0
-46 -1
9 -1
-46 -34
-35 28
91 1
-7 -25
-43 -7
3 -25
-12 1
-39 13
-11 18
-49 15
-26 6
15 6
35 -14
1 -11
-27 3
-30 14
15 6
-37 12
-49 12
-21 2
11 -3
57 -26
-34 -9
-34 -23
-29 20
-27 7
3 -11
38 15
-25 -4
-11 1
13 8
-13 1
-35 23
-47 -21
-43 24
22 25
29 -11
-14 0
-24 19
11 9
-7 9
-22 -14
23 29
-25 -9
-10 4
17 -4
19 -6
23 4
0 -23
-59 -40
-40 18
-11 34
-4 9
63 27
-31 0
-48 33
-32 0
35 -3
-36 -10
-34 5
-18 24
4 -17
27 0
-10 7
-24 -4
-8 -53
40 -5
-9 4
-8 -24
-56 -10
-38 41
-12 20
-33 1
31 -11
4 -13
24 15
-29 12
-47 -27
32 31
-36 13
-3 8
-10 32
-50 -13
-121 32
42 47
14 0
0 32
-67 -29
19 -22
43 -16
-51 32
5 11
55 12
-23 15
-34 -39
-75 32
-40 29
20 9
-12 5
15 8
-7 -8
-43 3
-4 -11
-35 9
0 0
-34 9
34 -16
48 -10
-41 -3
-26 0
-103 -24
15 -34
-37 12
14 33
22 7
13 13
-20 31
-7 23
3 -26
-22 -47
-8 -10
-19 -20
-42 -5
-69 -7
13 -12
-9 35
-11 -1
-21 -13
0 6
-26 -24
-39 -22
20 -7
-54 31
29 4
-24 -1
-18 -5
37 8
-71 12
-50 -12
-39 -22
48 0
5 11
31 11
-10 1
13 3
0 -7
-45 -4
-2 -28
25 2
48 14
-46 1
7 11
-16 -12
-4 0
-26 0
-44 4
33 -14
-34 5
-19 8
1 7
-4 9
0 -8
-16 -17
-26 0
2 -27
4 0
22 0
21 6
-61 0
-19 8
29 -10
-41 -4
-42 -2
-2 -30
6 -20
23 0
-11 -4
-10 11
-19 -15
-25 0
-21 -11
-23 -1
35 3
25 -8
-6 12
-25 22
-49 -8
4 12
-63 -5
-26 5
-12 18
50 13
-28 -12
3 -16
16 2
-21 -17
-5 7
-23 16
-11 16
-43 18
0 -12
-9 3
-10 4
22 -22
2 0
-17 -23
0 2
-6 -30
-15 -31
17 -9
-8 -26
6 -4
-10 -28
-32 -6
-23 22
-64 18
34 -43
-14 -2
6 16
-31 8
-35 -3
-20 6
25 -3
-11 -6
-80 6
-53 -32
-31 -8
5 28
3 -11
-21 22
-42 -9
-15 -18
11 20
-32 -20
19 39
-43 -1
37 -20
-39 7
68 9
-100 20
5 25
-21 41
-2 -36
-55 -12
59 -6
2 4
8 -30
-4 -2
-1 13
-54 30
-28 -29
-36 33
13 11
35 -31
-2 35
-58 -3
-9 35
-10 33
-36 -36
-37 23
8 24
6 -19
-9 2
-27 12
-25 -33
-27 9
-41 -16
-12 -8
-2 38
-21 11
-8 -13
-68 0
8 14
-5 -7
-12 -11
-12 -1
4 -15
-30 -11
0 -6
0 8
-4 47
13 19
-9 -12
-30 -66
-25 12
-17 11
3 27
11 -11
-6 -21
-9 24
-18 25
20 0
-7 3
-77 -7
-15 -15
-16 5
-20 -27
-23 -1
-2 58
-16 13
-5 0
-45 0
-10 -7
27 -31
-9 61
-40 -30
-1 0
6 -5
-11 -7
-36 -31
-33 7
-46 -3
-10 6
12 -16
-33 19
-11 -47
-3 9
-31 0
-15 -6
-32 -2
3 2
-3 0
16 1
-7 14
-4 15
-37 -6
-10 -9
-25 0
14 12
7 12
-14 -11
12 1
7 3
-11 11
-35 -15
-2 -4
-34 -1
11 22
-11 0
1 -21
9 -32
-24 -10
-21 2
-26 4
-7 -5
5 9
2 9
15 -7
0 -20
22 -14
-32 24
-32 7
-15 0
-1 -7
30 23
12 6
-3 2
-26 7
7 4
-17 32
-60 30
0 31
-24 3
4 20
-18 -21
17 0
-3 -25
6 -9
-11 5
-29 -45
-22 12
-35 7
0 -16
-24 19
6 -11
-1 -20
-9 -22
0 14
-37 3
25 -1
5 -8
3 50
-25 11
-9 8
-36 2
3 17
-61 -17
15 17
1 2
6 48
-11 39
21 -25
8 -21
-14 -7
6 43
-15 -15
13 19
3 -10
-28 2
-6 -7
1 -16
6 -22
-66 2
-16 -10
0 -12
6 -29
26 -11
-12 4
-10 -14
6 -9
-9 -20
-35 17
8 36
-2 18
25 -7
-28 -22
-16 21
-18 0
-31 -22
8 8
-15 43
-41 26
0 19
-53 -10
14 -26
-50 8
8 -24
-27 -8
-22 47
14 -9
21 13
-24 -2
12 -8
3 -32
-48 0
-8 2
-25 42
-8 -9
-10 24
-15 -7
-8 15
-22 -15
-53 5
-1 -14
0 -15
24 11
-40 -45
14 -17
-11 25
-24 19
-19 8
-1 -26
-33 0
-80 2
-26 24
-5 -27
-3 -22
0 -50
1 5
5 -25
5 -44
-27 14
-23 -19
-4 3
0 -26
-19 3
-20 -3
-8 -5
-17 -24
-10 6
-18 7
-17 7
1 9
-14 19
-32 -36
32 -6
-14 -5
-33 -12
-55 -1
3 4
-48 -11
20 -6
-9 16
-35 -4
-12 2
-16 -13
-49 -26
-98 0
-22 12
29 9
33 15
15 -14
7 -8
-31 5
-27 -5
-33 -17
11 -24
-38 11
7 -1
-45 16
-12 16
-12 -7
9 -24
-33 -6
8 11
1 -2
-9 -17
-14 8
25 3
-8 16
-32 2
-34 -3
-26 -5
-32 -25
12 -6
0 -12
1 0
-29 1
-10 30
-9 7
13 -10
-17 -19
9 0
-6 22
-6 14
-19 13
13 -4
-6 -4
-10 -4
-13 -15
-14 -9
9 11
-14 5
11 6
29 4
26 -3
-13 -12
-1 -16
-6 -6
-13 20
9 -6
34 12
27 -20
26 2
26 -12
-49 -24
-33 7
-28 -9
22 5
38 -8
31 19
-56 -8
24 3
0 18
0 20
-4 0
-2 0
-31 -5
40 -20
-1 8
47 -5
-21 0
-36 -10
-11 -17
-6 5
9 -8
50 -7
-5 -15
4 -18
24 0
-12 2
-19 1
0 25
28 -26
32 18
21 -37
-27 7
25 -3
3 -6
-13 -9
-32 -1
1 -9
-19 -22
16 -6
22 -12
4 5
3 9
43 -10
-20 16
-30 17
36 -14
30 0
14 3
-23 -8
0 17
17 27
-20 -9
-4 17
-17 18
33 0
24 -11
30 19
13 11
-6 0
9 5
-25 13
51 -48
15 -31
32 -7
-14 12
13 15
-4 -30
-11 -7
-20 -7
-8 -38
56 -3
-11 -19
-11 0
-32 -2
16 -5
-16 -38
-23 -14
-28 15
37 5
30 -11
24 15
13 -5
8 17
6 -37
18 18
-28 -9
-26 -32
20 -21
6 -4
-2 -13
-1 9
-10 5
-26 4
-8 -1
-4 25
11 -15
44 26
-3 13
27 15
2 -26
-14 6
-20 -57
-21 -6
6 19
-20 -24
12 12
30 4
-24 -8
6 6
12 3
-25 -4
-11 -35
19 -35
9 6
38 31
37 12
-31 11
28 23
-23 18
-1 0
19 26
16 -17
1 16
-4 -7
9 23
-13 -2
-45 12
-6 4
13 -2
28 -49
32 -21
9 -12
-28 13
-38 35
-11 9
-53 6
-3 -22
33 -12
5 -1
16 14
-4 -7
-20 5
-23 -6
-17 1
-5 8
6 -17
2 1
42 -2
-23 -33
-5 -3
-16 -3
-29 -29
-16 33
-38 4
54 -8
24 -3
7 20
16 -7
4 4
7 0
54 41
0 17
-45 11
-4 31
43 -2
15 -5
-12 0
-66 -38
24 17
0 -15
-10 0
27 12
28 12
6 0
6 -19
6 -8
8 2
-18 -10
0 15
0 -13
4 20
28 -16
15 -39
-4 25
17 -28
-10 16
36 31
-34 5
0 -2
11 11
9 27
17 -3
0 -14
14 41
-14 1
-38 4
-1 31
-17 4
-35 9
34 0
51 21
15 32
3 -44
7 24
-3 7
-24 31
-10 -8
100 -8
19 15
29 14
-21 -15
15 12
0 -12
6 7
-10 18
24 -3
-7 -26
6 -18
5 17
-13 17
7 4
-12 22
-12 7
-31 6
0 21
-1 -39
11 -11
-7 -14
15 32
23 -10
-1 -16
-29 -21
-2 1
28 2
32 1
23 0
5 15
1 19
-7 35
-45 -1
0 -45
61 -34
-27 -16
17 15
-7 16
-24 -5
-4 -1
23 -2
-21 5
0 16
19 -33
-1 -7
-5 14
0 5
12 0
-8 15
-6 22
-5 -23
7 -8
41 -12
14 21
21 -2
9 0
-73 12
7 21
-16 -1
6 1
21 0
47 14
26 -5
11 -14
25 9
-27 -6
-26 -62
-20 -4
52 42
20 -1
-4 17
35 -2
0 -26
-16 9
0 -5
-4 24
7 -13
46 -12
-5 -16
-18 -9
7 -6
13 -4
-11 18
-19 -54
9 -11
1 9
22 0
-9 1
-19 -18
4 33
-9 -7
-32 1
-22 -5
25 5
20 28
0 4
-29 0
-1 11
9 -22
0 -20
-6 -17
9 29
32 0
17 -10
44 16
36 -2
-1 7
15 2
-28 -33
13 -2
-1 -8
11 16
39 8
-1 1
41 -14
-42 23
-5 -2
-36 24
30 7
-11 6
15 -16
56 6
25 32
-9 -6
4 13
-27 4
3 -20
19 14
25 4
51 -24
22 3
3 9
15 17
-21 -15
8 -2
-33 2
29 -11
8 8
-43 4
2 -2
0 -14
23 1
3 -8
7 -1
20 20
7 37
17 -19
23 -20
60 20
1 8
-9 -9
-10 18
19 15
5 -20
12 -5
54 -19
7 0
8 22
-2 -7
-29 -21
-23 17
21 -48
3 0
28 -53
-1 27
-11 9
-21 -11
-9 -3
0 0
15 -30
0 43
40 3
-8 -29
-4 -3
21 26
2 -41
8 -32
-16 -35
-2 5
0 -7
5 0
28 -10
31 -11
1 20
-9 -21
23 -22
-11 -21
-18 2
36 5
8 -10
47 12
-12 2
-12 -38
8 -30
-21 -20
-19 23
24 27
21 17
17 1
4 11
-4 16
-21 0
0 -39
-25 23
41 -6
43 -7
-11 -19
-23 -21
20 3
5 -25
-12 13
-17 -20
-3 -2
19 14
-26 -26
18 -24
34 -32
-23 6
5 21
21 -21
-21 14
9 -14
11 22
-16 0
-1 -39
-16 32
29 11
-2 -3
-32 29
2 26
0 -18
7 12
20 -25
-31 -17
23 5
16 -3
11 -2
11 -7
5 -13
0 44
-20 14
-6 -13
18 -3
-26 12
5 -35
-12 -10
21 8
42 25
4 7
84 -27
-37 -7
-19 27
18 7
-49 2
-69 -15
82 0
7 -3
-34 -4
-2 -18
77 14
-36 -11
42 7
-34 -7
-16 -5
34 0
-25 -7
13 4
93 8
-36 23
-14 -9
-12 1
42 -5
-20 21
-18 16
0 0
40 -15
5 9
12 -1
0 15
-60 -15
-15 -6
43 -10
41 5
-20 -12
0 -33
60 -10
-52 15
-11 4
-43 12
-9 2
40 0
15 4
4 -3
0 -6
23 -11
18 13
-43 -22
44 0
27 20
-2 4
21 -7
-25 -1
-5 -6
-48 -20
26 -11
22 -11
-13 19
15 12
-5 -7
3 3
18 2
1 -1
-2 0
15 -2
-1 -2
-21 -3
15 0
37 1
0 -2
2 8
-13 3
14 -9
2 0
22 14
-4 -3
28 -20
31 -18
18 30
32 -14
-43 8
16 18
-18 -12
29 39
34 38
-16 3
22 -17
-8 -18
40 -25
-1 -3
-13 28
-31 -3
37 17
40 -10
2 46
-6 31
14 5
-13 -7
-10 -7
8 56
5 -30
46 0
-5 22
-17 15
39 15
-1 15
-1 2
-20 -19
31 -15
-7 -2
56 -19
22 -43
15 23
-7 -12
0 -8
-13 -37
18 5
0 17
29 4
12 13
7 -27
26 7
-8 23
36 0
-10 -4
4 -17
43 13
18 -24
23 20
-15 0
-29 4
17 -10
-19 -19
14 -2
9 4
18 -18
29 8
-4 -14
-5 -3
26 -20
0 9
11 19
18 -11
19 6
-12 -6
-9 2
-35 -4
-1 -18
4 -17
-5 -1
-10 13
5 -41
-42 -28
18 -20
4 -22
1 -17
27 2
-18 6
8 -1
19 -26
46 -11
20 14
-2 8
-9 1
2 17
20 -8
27 1
-14 25
-4 -5
14 -10
0 -11
32 -2
25 13
-38 -15
99 -1
11 -6
-13 5
20 9
37 12
-30 6
39 -11
-15 11
1 -17
-10 -22
2 0
41 6
8 28
34 -5
-13 24
31 5
13 14
56 -9
-2 -25
-30 -39
-20 0
26 8
-22 6
11 1
-16 -16
6 5
0 -8
-1 -41
-2 0
-20 11
47 7
60 11
-1 9
27 16
-19 5
13 1
9 -2
2 18
30 -20
7 4
-10 11
-31 -17
-11 7
4 -12
55 -10
31 -18
-22 -2
28 15
-15 -24
25 26
-14 6
-10 2
31 -2
19 8
18 -13
15 -12
34 -14
-5 -11
18 -48
0 26
19 67
8 -21
12 -51
-1 12
-10 29
0 7
-19 0
-13 2
3 25
13 -9
22 -12
0 24
35 0
-5 15
-7 -9
3 8
4 -40
50 6
19 19
24 -22
-3 30
-23 -10
3 41
-35 -28
6 16
31 42
41 -21
16 0
22 25
-7 -38
-7 0
-3 2
-16 0
9 33
12 -22
-4 -27
-1 12
2 12
25 16
11 -32
6 -30
-1 -10
22 -9
13 -38
-5 -21
44 -10
13 -37
12 34
-5 7
0 2
18 -7
29 -5
3 9
11 23
19 47
-37 13
-19 27
-9 30
-25 6
5 -55
32 30
-29 -26
-5 5
14 5
20 -8
-34 25
-10 26
41 26
21 8
0 -4
22 -26
0 -11
-12 -21
9 8
-19 -5
2 3
21 0
0 -40
-17 -17
23 12
-5 -18
-3 -18
-26 43
44 15
-53 -24
18 6
120 -25
-73 -29
-14 -2
44 -20
27 0
-49 -14
-53 -21
107 -8
33 -22
9 11
29 19
34 -22
17 3
-48 -14
8 19
38 -4
7 -30
17 28
22 -34
-47 17
-6 14
22 8
-25 -15
-6 8
-18 -21
6 29
12 6
49 -27
-19 -34
-5 46
-25 23
-10 11
30 -19
51 -27
46 -6
2 -1
28 9
-30 -17
-42 -4
0 20
-9 -6
23 -29
33 -10
22 -20
28 36
48 20
4 0
-45 -11
14 -25
21 -11
38 15
-3 9
-31 -12
-13 17
-29 -2
18 -2
-13 26
-9 -14
0 5
27 -1
-14 6
0 3
9 2
5 16
-6 -4
-2 -9
26 -28
-8 -7
41 24
-9 8
-46 -14
-19 12
28 -18
15 6
-2 -16
-25 -7
17 -6
-1 0
12 -8
1 -19
4 1
-2 4
20 8
-13 6
-7 1
7 1
-19 -4
-11 38
-44 22
2 24
23 -11
-14 -2
15 12
-17 11
12 5
2 2
-12 -10
20 6
55 -23
40 -47
4 4
-5 5
32 -2
3 26
-17 -23
2 -3
14 -3
36 -19
20 -3
-24 -7
11 6
6 -6
25 -12
0 5
15 22
-25 -1
20 9
-28 -9
26 28
6 6
7 -2
-2 -16
-20 25
20 4
58 -12
29 4
14 -1
34 -18
-6 -7
-4 -18
34 -15
-8 -10
-37 9
16 -20
9 0
0 14
38 29
0 -1
-2 -3
-19 -4
-33 0
-4 -40
0 59
-3 9
-9 46
11 6
7 3
-13 32
-4 41
5 5
26 -15
-11 34
22 2
3 42
-40 -50
14 3
5 -23
-17 -34
1 13
26 -20
3 -9
17 30
-14 23
1 -34
-18 -11
-6 -12
30 55
7 9
-20 -21
-40 22
47 14
7 14
-34 -25
-6 -22
8 -15
12 -15
24 -10
7 -4
22 -5
14 -38
36 -1
-11 -7
3 0
31 13
9 -2
-15 7
9 3
26 3
17 -48
-27 -8
12 15
-7 12
28 3
7 9
24 -33
19 44
31 -6
-51 2
-3 -1
-37 -2
0 -3
4 7
-38 -4
3 -5
-8 -8
44 -3
34 13
6 -2
19 -24
81 17
8 -14
-14 29
-11 -16
17 -1
-52 -12
-71 30
14 -14
5 -29
12 2
7 21
-2 0
0 29
11 27
-16 11
26 -19
16 -6
-2 -2
14 8
-31 -6
-21 -5
13 24
-26 31
-44 -7
5 -19
7 -16
31 5
16 29
-44 7
-3 16
-2 12
-19 -3
66 -19
-14 8
3 4
25 3
-10 5
11 1
4 4
-19 -4
31 5
6 -11
18 -5
0 11
11 15
6 -16
-4 9
3 -19
-13 -26
-10 -5
-49 1
-6 -11
15 -1
-18 60
12 -12
-29 -7
-6 12
-7 -7
-36 -29
-19 -5
6 -34
-4 31
21 11
2 3
-24 -18
6 0
-17 -7
-3 47
-39 0
-16 -19
19 -23
-61 2
-2 -4
-35 -4
4 1
5 -13
-29 4
-2 17
16 1
-22 3
2 12
-12 -6
-29 26
-14 9
-36 -9
33 14
-9 -2
-5 18
11 -15
9 17
-21 8
-24 19
-32 -25
-24 12
-8 27
8 -5
-8 17
-12 -16
-43 36
2 11
-24 -9
-18 20
5 -16
15 51
-14 -20
-23 -21
-10 -14
-35 -5
-13 2
-16 15
25 -13
-16 -10
21 16
-31 -12
-12 27
-21 -5
-2 1
-28 19
-24 0
11 15
-7 -16
-7 5
-29 45
-2 9
-7 16
-10 17
-34 -16
-13 -39
38 -12
-7 -3
-9 11
-7 31
-6 -14
-35 2
-43 -8
33 7
23 19
-28 -14
8 -12
-56 40
-13 -7
-18 3
-49 17
-22 0
-5 -7
8 -12
4 4
0 8
-25 -47
11 12
-27 -35
-6 32
-17 -28
13 28
31 -10
-15 14
-45 -4
-2 -18
9 -16
-9 16
-9 -12
17 5
36 -5
21 -42
-23 18
-21 6
-16 -22
-74 46
-43 -17
0 8
40 -14
-3 -18
37 40
-37 -49
1 4
5 -21
-27 13
23 -19
8 -7
0 25
18 0
-75 11
21 9
31 -26
-47 -13
-32 6
71 -9
94 -4
-9 -1
-66 0
3 16
8 5
-74 12
-32 0
-12 -4
-43 -12
1 0
-12 -5
-14 -15
60 4
-61 -17
-46 14
-18 0
-3 0
17 -5
-23 12
-12 -1
4 -3
-16 -18
-41 13
-20 40
-16 -2
-7 -18
17 9
3 24
-43 -3
11 -14
-29 5
-4 -14
-19 6
-9 -29
14 3
-19 -32
54 -7
-37 4
-37 -7
-52 -19
-16 -12
48 -11
4 29
-43 -15
-11 17
17 9
-27 -8
-30 -8
4 2
-34 4
39 -17
-26 23
16 -10
31 15
32 13
-55 3
-36 8
11 -3
36 -5
-13 -4
9 -4
-46 22
-61 -14
14 0
31 2
-52 -4
-32 -10
4 -11
9 -4
-13 9
-10 16
-13 3
-56 9
-7 -29
-16 3
-14 -12
-18 17
3 -9
-19 -12
9 -21
2 20
-3 57
12 -64
6 -8
-9 -12
-17 4
-1 12
-2 9
-31 3
-15 -2
-25 -5
-44 -29
-1 40
-53 -6
-15 -18
9 13
-2 -2
-15 23
-6 -19
-7 2
-27 19
-30 -20
-3 0
25 32
5 37
-9 2
11 -1
-17 -5
-17 16
-13 -11
-9 -8
-8 9
-15 41
9 -6
1 3
-23 2
-20 4
1 -3
14 -51
-25 0
7 0
13 16
3 17
8 29
-19 -14
-9 5
-30 -10
-31 11
0 14
22 -3
-18 -12
8 26
-6 19
28 -3
-28 0
7 -2
-85 4
-28 22
97 8
69 -15
2 -12
-2 5
36 12
-48 -25
-30 -15
-39 14
13 0
-21 12
13 0
-40 13
-52 -31
-42 -3
3 -37
-39 -20
17 21
23 13
-9 -53
-2 -10
11 -22
-12 -5
8 -40
-11 -18
-1 18
1 4
18 29
13 -10
-35 6
39 -51
-25 -20
-17 17
-15 -36
-22 18
-13 2
15 -4
0 -3
-3 18
29 14
-51 -29
-19 -4
-14 -4
6 32
21 9
34 -36
13 11
-23 31
5 -3
-52 -6
-20 -19
23 7
-26 25
-39 25
34 12
0 -1
-16 -19
-23 -13
-20 -3
-25 -4
13 -3
1 24
-14 -10
-22 19
1 13
-29 -1
-23 6
-21 -6
27 24
-11 -15
-6 25
19 -7
-25 -14
-30 13
-37 19
-17 1
-9 -1
-31 6
-10 -1
7 9
-78 6
14 0
27 -6
-27 -13
-31 17
0 1
-16 -10
-17 -3
-12 -4
0 0
-20 2
11 -8
-14 24
9 -16
-13 4
12 2
4 5
-3 -7
40 -1
9 -19
3 -7
-39 0
-103 4
61 17
8 3
22 9
-7 1
-18 -1
0 -14
-6 8
-12 37
-18 -24
-6 -7
4 -12
15 20
13 -4
-10 -10
-6 21
0 -12
-55 4
-8 13
28 27
0 -16
11 17
-18 6
-26 -10
-36 -3
-19 20
-23 0
-11 32
3 16
25 53
-24 -5
-16 20
-36 -18
-13 -35
-5 -26
-11 -25
-7 14
6 20
-13 37
-13 -12
-9 6
-42 -24
-43 32
-17 -60
9 1
-8 -7
18 11
-9 5
-15 -12
-18 17
-36 5
-14 -20
-18 19
-1 18
24 1
-8 0
-26 19
-31 25
-11 0
-51 -10
28 9
14 -23
-2 -9
0 17
4 0
-13 9
-19 9
-46 -25
0 5
-17 25
-12 13
46 2
-45 12
-1 3
8 32
-36 26
-23 -3
20 47
4 -30
-10 39
-22 18
-14 5
-9 -13
-10 -1
-3 -44
-50 28
25 -41
-18 -28
-3 2
5 22
-19 -21
0 -14
13 18
-40 -15
32 -10
19 -28
-46 -11
-100 -6
93 17
-9 -8
-13 5
-25 -28
-28 -17
-10 -6
19 3
-33 0
-64 -11
85 -1
2 -6
-131 23
-15 17
-31 13
18 0
42 26
-5 -23
-19 -29
-61 -19
-50 -10
-31 35
0 25
18 -17
-2 11
-21 -1
0 2
-6 -6
-9 6
-15 4
63 0
-5 9
-17 23
-2 -1
59 2
-88 -14
-13 7
-31 9
21 0
0 6
-40 7
19 19
-7 -25
-36 25
18 17
-21 -33
-14 9
-10 12
54 6
-33 19
11 -2
-16 11
-13 3
7 -27
-1 -17
-23 24
27 0
52 0
-78 19
-20 -28
-11 -19
6 8
-3 13
-11 26
-10 -12
-7 14
-60 5
0 -10
-10 30
3 -9
24 -25
-6 15
-28 5
36 11
-38 8
-21 5
-9 -16
32 16
-1 3
-10 -9
-54 15
19 16
-8 -10
-9 19
-32 14
30 -28
1 -33
-27 8
-8 -8
-14 -21
-39 2
-10 24
25 -24
6 -18
41 -36
15 -42
-26 12
3 13
14 19
-21 -18
-43 -36
-6 -10
26 -11
9 1
-19 6
-13 11
-5 -1
15 24
-34 16
-15 31
39 5
1 19
3 -9
-5 -17
-48 -18
-22 8
-22 21
-16 27
-19 8
-12 11
-12 -10
-13 -26
-18 -3
-14 14
-18 29
-14 -13
12 39
-18 0
-10 -32
-6 17
70 32
5 -20
28 59
-35 16
-19 5
-3 -32
-23 32
16 -10
1 28
6 22
26 17
-30 6
-33 -1
-25 -29
-42 -3
-37 -21
-10 -33
-17 40
9 26
-28 -24
-36 9
-18 15
-10 -12
-33 -6
22 5
20 36
7 -17
5 13
5 -5
-35 -16
-2 -12
-24 13
-5 39
9 15
-12 -33
0 -18
24 13
16 15
-5 4
-18 9
7 19
-34 -8
-15 14
18 -17
3 -10
-31 14
-16 -14
-18 8
-27 -14
-29 43
-33 -30
-8 -4
-2 3
2 26
-5 -25
23 24
-5 20
-7 13
-18 40
-25 -12
3 0
25 15
22 -11
-25 21
-5 1
-4 18
-41 0
-49 12
13 -3
1 -8
12 20
-10 25
-42 18
-32 -20
47 -8
-16 -15
-13 -18
-28 7
-20 -4
20 3
-48 12
24 -1
-12 48
4 -28
0 8
-15 -21
-25 5
16 45
8 0
-27 -31
-6 -2
22 0
-25 -21
-39 -12
-12 -23
25 -11
24 21
-19 -19
-5 -2
2 41
-29 6
-13 -20
-11 -12
4 7
1 5
23 12
-14 4
-20 20
15 5
-26 -26
-22 -48
5 -10
-12 -25
8 -5
-4 0
-23 -4
0 -18
2 -4
-31 -31
-37 -22
0 27
35 1
7 48
-23 -33
-7 -8
-10 -22
22 -20
0 -6
-37 20
33 27
0 28
-16 -10
0 -26
22 1
-26 15
-18 0
-13 38
11 9
16 -8
-4 -15
3 -18
-17 -1
-49 51
19 0
-39 -20
19 -19
-10 38
-15 15
1 -42
-31 -25
13 -46
33 -48
-10 0
-74 -73
8 -4
-7 37
6 -17
3 12
-3 20
3 15
-31 -29
-2 -8
-4 27
-27 11
-4 -35
-1 -33
-17 -14
-8 13
-32 -31
-49 -15
3 -29
31 28
-32 34
39 -11
-31 -7
-14 46
20 19
-78 -15
5 52
40 -25
-6 31
-13 -2
3 9
4 -13
-16 5
-34 -15
-14 1
60 -14
15 30
-37 15
-26 -8
-53 33
29 -23
-22 35
-51 30
-30 1
9 -4
-9 4
-27 -28
8 -11
-3 -42
-30 -27
-49 22
-51 -1
-40 49
-13 20
-21 -32
17 23
0 -50
-11 21
-56 9
23 -29
20 20
-22 -38
-8 7
-15 45
-49 2
71 57
-20 -50
2 -41
-30 -16
-13 65
13 59
-31 12
12 21
5 15
5 8
-27 8
-10 14
25 -6
21 2
9 -13
-10 -1
12 29
69 -15
-57 -18
-111 -18
0 -30
90 18
-46 11
-69 -11
-4 2
-1 18
15 -2
-9 0
-26 25
-3 12
0 11
-46 -2
-3 3
12 -14
23 -39
-23 -31
-24 -15
9 41
0 30
-14 19
0 -2
-14 -19
18 -8
-25 -17
6 -17
16 -3
-34 37
-9 1
