-29 -19
-23 6
44 45
-44 13
-5 2
-7 44
-15 17
-33 29
-1 -4
-3 -3
-12 16
-29 16
32 52
-14 15
-60 -18
-16 -41
-26 -28
9 56
-29 -59
12 5
-4 20
-16 11
-3 71
-10 -8
-11 -8
-74 -16
2 -22
19 -43
23 42
-19 41
-16 -14
41 -29
-37 9
15 20
-22 2
20 -39
0 3
34 32
-23 -12
-9 2
-15 -11
-61 25
25 22
6 2
39 -1
-51 53
4 -31
9 32
18 57
76 65
-92 40
-37 -17
-16 11
8 6
-8 -35
-11 24
-22 -59
2 0
8 13
5 -7
-42 14
-4 8
6 31
-35 3
-3 24
-14 2
4 -12
-19 32
25 -2
32 -21
-48 5
-55 42
-8 20
6 -51
33 -12
-25 30
-53 32
-9 -7
0 19
-39 9
-18 6
-26 6
26 1
-4 75
-58 -13
-1 -7
-38 -40
-1 0
-18 15
22 37
20 11
2 4
-10 13
0 -1
-30 3
-41 -17
-22 15
-24 8
22 53
-12 42
28 22
3 -16
-34 16
-2 -11
-3 27
-3 50
-1 13
-11 -6
9 61
-15 25
-9 47
-9 4
-4 -10
-29 -5
-19 25
-7 -2
-12 -3
9 38
0 -12
-32 -15
4 12
-13 1
-44 14
0 4
28 15
-16 -4
-29 -8
-4 -17
-28 -12
-21 -27
-27 2
-13 -31
15 -9
-12 -1
-20 29
-2 0
-16 28
-17 22
-47 7
17 -42
-28 -15
8 16
5 8
-3 6
-15 29
-60 -1
2 47
-12 -8
3 31
-23 11
0 5
-5 59
18 32
-21 30
-40 64
-23 35
-48 -13
-20 -4
-7 -55
-55 -18
25 -10
0 -2
15 -32
-8 23
-30 -3
-9 2
-21 -3
-18 4
3 47
8 44
1 46
-10 -5
18 50
-9 -27
-19 -1
-18 -45
-24 23
-3 34
16 16
-9 8
5 29
-26 20
-8 -25
-11 -4
-5 -2
3 57
22 -2
-8 14
-12 -5
-26 14
-48 -46
-15 -40
-3 17
21 25
-3 -3
-22 -54
-20 -22
-25 44
-17 -44
-44 -35
-5 -39
9 -29
-23 2
-14 -8
15 -10
-13 14
-15 -4
-22 -40
-17 57
13 40
-5 50
68 -21
-2 -40
9 1
-25 -4
11 17
-29 11
-7 -9
-15 -28
15 7
-9 -21
-8 12
3 7
-29 30
-12 42
-33 27
-16 27
3 -36
0 49
-9 -16
0 57
-41 5
5 15
-17 5
-7 16
8 36
8 43
-1 -46
16 2
-3 27
-4 -12
-61 0
4 26
2 9
-3 9
0 -34
-25 -10
1 34
-2 -36
-8 -10
-34 -22
-50 -8
14 15
43 -8
-36 -18
-27 -19
-3 -21
-1 -14
-2 -7
-13 26
17 -11
5 7
0 16
8 -15
-11 9
11 -10
-27 0
0 16
9 27
0 18
-17 16
-25 2
-10 58
-9 11
-19 -25
-19 25
3 -21
-26 -9
-18 8
0 8
-7 -5
-23 0
-17 20
-38 -19
-29 23
-25 -4
-2 29
-6 20
11 13
0 -13
-44 47
-14 20
-11 16
-14 -59
-24 0
4 -15
-15 7
-8 6
-31 -4
-5 -17
0 14
-1 -29
-19 26
-30 49
-12 1
15 40
-2 -9
-17 4
-16 -3
-40 28
-21 -47
-36 5
9 6
-15 -16
-5 28
6 -4
-22 -21
12 -49
0 -19
-13 19
-49 -4
-20 -5
-15 45
31 -9
-21 39
-10 -33
-10 1
-13 71
-24 -17
-3 27
6 34
0 -47
-20 -10
-34 53
-33 34
3 -47
-22 -38
-41 7
0 -13
-18 -54
13 40
-2 -32
-3 9
-29 -9
-14 -9
32 12
-28 -20
-6 40
-13 3
13 15
7 47
-14 -28
-11 24
1 -22
-60 26
-23 -28
3 47
-12 5
-20 0
-20 -4
-1 33
-5 21
-35 -32
-21 -6
1 9
-26 18
7 -38
4 46
13 -66
-34 71
-32 -13
-30 -10
-17 -4
18 7
17 -10
-22 38
-4 1
-19 11
-41 24
-32 30
2 -6
16 14
9 -35
-24 -1
-6 16
-20 14
8 -7
-11 3
9 -22
-7 4
6 16
-6 31
-18 12
8 1
-32 25
-3 1
-24 -45
-9 -66
13 17
0 -32
-3 82
6 44
0 -35
4 37
-20 -15
-26 -11
-15 -17
18 -13
4 22
11 -35
-40 -7
0 -8
-23 -1
-7 9
3 21
-15 18
-39 12
0 -49
5 -3
17 6
3 0
-34 8
0 0
-34 -13
28 2
-45 2
-32 2
-14 0
-10 34
-42 -17
-23 20
11 -15
2 -5
-8 18
1 1
1 -15
-4 8
-31 -14
-47 20
-15 13
11 -20
-4 38
-12 24
-7 -19
-33 21
-14 -9
-5 13
-16 11
-15 17
18 -7
0 12
-32 27
-12 29
-31 -24
-24 -1
-17 -1
-27 4
39 13
-17 -7
0 4
-12 -3
3 -2
-18 -3
-35 18
-50 6
-8 11
19 32
3 -41
-21 21
-40 31
-10 1
-43 -37
3 0
6 42
6 17
1 -7
-7 -1
-22 -6
-17 20
-17 -1
-45 -4
-5 21
15 23
-15 7
0 16
0 2
-29 -14
-38 -10
-27 8
-4 18
7 -17
11 -8
3 97
-9 25
-5 17
1 -6
-33 28
6 1
-14 -49
6 -20
-14 -23
-16 -27
6 -5
3 4
-32 8
-5 18
-27 26
1 -42
0 -4
-13 -12
17 4
-2 14
6 8
-15 56
1 -45
-17 22
-5 60
-5 -26
-11 47
-10 17
-13 -3
-14 -47
-29 0
26 1
14 56
-5 -8
9 -20
-16 47
-24 22
13 41
-40 -66
8 22
-10 40
13 21
6 -15
-7 28
-4 12
-1 9
-38 -21
-12 -3
-17 -9
14 17
2 39
-18 49
-14 11
-21 8
-24 -19
-39 -46
-8 8
-29 -9
-3 24
31 15
-14 31
0 8
-38 24
-22 22
-15 -47
1 8
-22 4
-15 55
-3 18
-11 4
-13 28
26 -36
-31 -32
5 7
20 11
25 -27
-8 -21
-9 -12
-40 -15
-37 50
-5 58
-21 3
-4 15
11 -28
-5 1
-17 -26
-5 3
32 -1
-11 24
-20 9
17 32
8 26
0 -13
-5 7
-3 -5
-33 35
-13 21
-18 -17
-7 3
-4 -34
-23 25
-22 -31
0 -27
-30 15
-29 14
-29 20
-13 -2
-5 -1
5 26
-12 33
5 5
-21 8
-12 -4
-17 0
-1 21
13 2
-1 0
16 -2
-9 -3
-24 8
-35 26
-1 -24
-31 9
3 -16
4 11
-15 -35
-20 -15
-14 -14
-22 20
-22 0
-26 7
-40 16
-10 -7
-10 -2
-27 1
-4 -27
-16 -22
-33 53
4 14
-27 -11
-57 27
-15 -8
2 -4
3 -4
-3 -31
-19 -23
11 23
-8 4
-24 -35
-21 0
-6 2
-16 7
3 11
2 9
-3 14
-29 -37
-52 3
-16 26
13 48
-9 3
-9 -28
-11 -27
-29 22
22 11
-20 -16
-14 18
-37 0
-17 5
0 55
-42 9
-26 34
-41 30
-44 2
12 -4
-24 -16
43 19
-12 25
-8 35
33 25
-15 22
-30 40
3 -23
-41 -2
1 9
6 6
4 23
-58 33
-1 50
-10 23
-26 -37
-26 -53
-10 -35
-17 25
-9 26
-10 -27
-3 46
-14 -27
-20 3
-10 -6
-24 -6
-4 -39
-25 49
4 39
2 -16
-19 0
-9 59
-46 12
-55 -18
8 17
27 11
-12 -10
-7 -22
-38 -35
0 5
-30 24
7 -7
-1 -49
-12 22
6 -10
-7 13
4 15
3 51
-15 29
-61 -52
0 2
-37 -7
-22 14
-8 7
-35 -17
4 -62
-21 46
0 -43
-23 -6
-31 -7
0 -13
19 79
-4 -3
-17 -2
-6 4
-30 28
-22 -41
-28 35
-2 -4
4 0
4 27
1 45
-45 -26
-15 0
-16 -15
-23 -21
-24 1
12 -2
-1 -3
-27 -7
25 -42
-12 24
-29 -2
-32 5
-27 -10
1 -9
15 26
12 -8
-7 -6
-10 -22
-12 -7
-49 -4
-3 11
0 0
-1 56
-1 -15
-11 -13
-14 -21
-17 -15
-33 7
-12 -22
-3 1
-14 3
8 24
17 37
14 7
-20 24
-22 -24
-3 6
-36 3
20 -6
15 15
-12 8
-3 2
-12 -23
-27 -68
-3 36
-7 -7
13 -34
-19 -4
-1 -19
-6 -13
0 11
-12 -2
-15 -41
-14 41
-23 -25
0 -49
2 -19
-3 25
-11 25
-15 13
1 -11
-37 -3
-19 -21
13 -7
-16 -38
-19 -28
-32 -5
-16 -8
-4 -48
-16 5
7 0
6 0
4 -26
-13 0
25 29
-15 -4
6 6
-8 -22
-21 -15
23 -10
8 -16
16 -55
-46 38
-22 2
-22 -2
-14 -21
1 0
-9 2
-29 16
-13 -40
-33 -54
3 11
-27 1
-32 22
-44 -25
-54 -25
-4 16
0 -38
38 -7
-39 17
-2 4
-47 21
13 -20
-19 27
-3 -5
-9 13
-1 -26
22 -41
-3 -42
-23 6
1 21
-9 29
-34 12
5 -6
22 -45
-4 -28
-8 8
-7 -25
14 13
-8 -24
-11 -50
-17 13
20 -28
-3 0
2 -29
-11 -30
-25 0
4 12
-5 33
4 -38
-3 -51
15 -24
-17 29
-29 -71
-16 21
-19 -2
-33 19
-4 -23
-27 -29
-19 -46
-25 -49
6 -1
-42 26
-31 22
-19 -73
-9 39
-12 23
24 8
11 -21
-21 -31
-12 26
-29 13
-18 30
-1 -28
-20 7
-10 -31
8 -29
-8 -44
-12 13
-49 -27
-5 0
-17 -26
-1 -27
-16 34
-3 -30
3 -44
-40 -8
-32 -30
-25 24
-4 -41
-10 8
-9 -8
25 1
-27 -16
-14 -62
-24 -36
-48 -23
-17 -14
-24 -29
-14 -34
-14 -11
17 -20
-4 -23
0 -6
-44 -4
-21 -5
-34 1
-28 -20
-7 2
0 -5
-16 5
0 -48
-10 -13
2 12
-26 -16
-16 -1
-29 8
21 -3
6 7
6 -28
-32 -19
-27 37
-8 22
-37 -32
-29 -25
0 5
23 -10
-33 -12
-4 -27
-27 0
4 -18
-36 -8
-17 -5
-4 24
2 -19
-34 -25
-21 -26
-35 -8
-19 11
-24 0
-30 -22
-16 -13
-12 20
4 -7
-3 8
13 24
-14 -65
-5 -14
-30 -2
6 2
-9 -33
12 -36
27 24
0 2
-4 -8
1 18
-38 18
-16 3
-23 -24
-12 -31
4 -31
-3 -3
-11 1
-32 -23
-8 -32
-30 11
-56 5
4 -43
-5 -5
3 -14
-3 -6
-16 -41
-22 -19
-13 -14
-10 31
0 -39
14 -19
-13 -16
-22 -41
-5 0
-37 -5
-9 21
-24 -13
4 2
-2 -26
20 -12
-15 -54
-13 -8
-2 -22
-27 0
-7 -11
9 5
-4 25
-28 38
-2 7
-14 -22
-29 4
-19 -18
0 11
-5 -46
4 -42
-5 4
23 46
9 -65
-23 -21
-19 -7
4 5
-24 6
-14 -49
-2 -16
15 -41
-1 -51
4 -61
14 35
-25 -4
-13 -21
-6 -18
7 -55
-6 34
-13 -1
-12 3
-43 -37
-27 -43
2 35
-19 30
22 22
-6 3
-26 0
-10 -5
-15 -22
1 -11
-19 0
-42 -15
-40 -6
22 -31
-26 -27
-23 -12
17 26
8 -22
-22 -51
-29 -15
-22 -40
19 40
-25 -48
27 -46
-24 -35
27 37
11 18
-16 55
-44 25
-22 31
42 14
25 -12
-25 -18
12 -51
-4 4
-13 -29
2 26
-15 -5
4 19
-9 4
13 24
-27 -26
16 -12
15 -33
-20 19
-8 2
-20 -31
31 -49
0 17
5 -2
-23 5
-23 -47
5 -25
-52 -18
-6 9
12 -27
0 -22
-3 -33
-20 18
-26 -53
-21 13
-13 -28
-1 14
-4 -32
5 -6
-19 1
-8 -73
-20 -26
-29 -40
-2 14
-54 -51
-20 28
12 13
-22 -3
0 -7
-13 -26
-31 -27
-30 23
-36 58
-29 -32
16 -39
0 2
3 1
0 0
16 -19
-15 -28
0 -2
-11 -3
21 4
6 -4
0 -5
-39 -44
-16 0
-15 -22
-8 4
-9 26
-2 -15
-14 -67
22 -49
-20 -8
-28 -16
-27 -17
4 8
-24 -9
-6 -13
14 -50
-1 -8
-6 -7
1 -18
-35 -46
-51 -39
-39 29
-33 0
32 -16
-11 11
-23 3
-20 -7
-21 -25
7 3
-26 -2
-10 13
-17 13
4 0
-7 -2
11 -14
-43 -48
8 -31
-20 -11
-25 12
-12 -23
30 11
-6 17
5 -29
-10 -33
-30 8
-15 -8
-13 -3
-21 -23
-22 -10
4 -6
-17 -29
-4 -28
-17 0
32 -23
-13 4
-18 -4
3 -43
-5 -16
-3 -10
7 9
-14 -16
-5 -9
4 12
-17 19
-16 -37
-4 61
15 3
-35 6
-10 17
-48 -1
9 54
-21 -33
-29 -18
-7 19
28 -59
21 12
8 -77
18 35
5 42
-47 -12
-13 21
3 7
0 3
12 48
2 -6
0 -27
-28 19
4 -54
-20 -77
-18 -1
13 -20
-17 -26
-3 -29
-27 5
9 -10
-22 -5
-53 -12
-20 -25
-14 -34
21 -11
8 -65
7 1
38 16
7 -48
19 -60
-14 28
2 4
-11 -28
12 23
-27 12
-6 6
-21 -21
-1 -58
-27 -42
-55 13
-36 -58
-8 -9
-15 -2
0 -34
-22 5
-15 -22
-25 -33
-6 6
-50 -64
-11 -27
-2 1
-17 15
-3 -6
-2 16
-7 16
-1 4
-24 -9
-15 -11
-20 7
-18 1
11 4
6 -2
-11 -47
11 26
-7 -76
-8 28
-57 6
-22 -23
27 48
0 -45
21 19
-12 43
-16 -23
-22 -3
-8 -26
4 15
-5 -6
3 -55
1 49
0 40
11 13
-16 -42
-24 1
-39 -22
-15 27
31 -12
-16 5
1 9
-13 -4
-15 28
-12 -3
-45 -7
-9 -15
-23 25
-3 -17
7 8
-30 -10
-13 -4
-13 -14
-15 -9
-25 -2
-14 -4
20 -14
-28 -9
-33 -25
-17 -14
0 -2
-14 -23
-19 18
0 1
12 0
0 23
0 7
-25 19
-14 -15
-19 -51
-15 28
-39 41
-7 -1
-35 38
-24 -9
1 2
-23 -13
-60 -37
-11 -28
-15 -39
-11 2
0 -17
16 -30
-8 -9
-19 -6
-30 6
-19 -27
-44 1
-16 7
2 9
-6 -8
-9 -41
-19 -22
-2 -45
-13 -18
-12 -43
-8 15
14 -18
12 0
0 30
-5 29
-11 -8
-39 9
23 1
-31 5
-25 3
-38 21
-20 13
0 -18
8 -30
-12 -24
-15 1
-8 -12
-3 -33
-18 0
13 -2
4 7
-26 3
-19 -16
-35 -65
-5 -11
-3 -10
-25 -16
-1 2
12 -19
-3 -27
4 -11
-10 -8
1 -6
0 -30
-2 17
-14 76
-15 4
-1 16
-3 20
18 18
11 -47
-9 0
1 -9
-10 22
8 14
-45 -7
-8 -12
8 0
7 -34
-1 22
-34 -62
-38 -6
12 4
-12 -1
-19 19
-9 28
11 17
0 -32
6 5
-10 -22
-46 -53
-8 33
-11 -5
-57 5
-25 -22
-38 -16
-25 -28
3 -5
21 -9
-18 15
5 7
-29 -45
-39 -24
-1 16
-11 -29
-24 -14
-27 -73
18 -47
-31 -23
-68 21
0 6
14 -50
22 -43
6 -22
-31 32
3 -18
-25 20
-67 4
-22 6
-6 6
3 -38
-41 -61
-26 -31
-18 -16
8 18
-16 -37
-26 50
-19 -30
-6 -22
-1 -40
11 -21
12 19
-1 -27
-31 17
-12 -15
-7 3
-7 -14
32 28
-3 -13
-26 0
-10 33
-3 0
-36 -38
-16 41
-12 -3
21 0
-3 -37
9 2
5 -17
-7 -26
-7 -8
-44 2
20 -3
-27 52
-5 36
13 -15
-26 -15
-28 -76
-32 25
-12 -20
8 -16
21 -27
1 -19
-33 -29
-45 -43
-41 -16
-8 7
-26 -20
32 -1
-53 3
26 30
21 -23
-26 -2
-34 6
-10 -13
0 7
-10 43
17 22
-9 -13
-8 0
-1 -7
-9 -26
-24 -24
-28 9
-9 -5
11 -21
-6 -39
-8 2
-22 -25
-12 -29
0 -28
-30 -38
-13 -43
-22 -6
-29 -26
-1 12
-7 -16
-10 4
-14 0
-10 -5
-23 25
-4 21
7 -10
25 -31
2 -9
5 -50
-5 -17
-31 -13
-25 -28
-26 29
-12 -68
14 1
1 6
9 -8
-18 -16
-6 -29
-13 -18
-32 35
-26 -48
-8 -14
0 3
-12 -11
-6 -21
-7 -33
-14 -32
-17 11
-4 -8
-4 -28
-30 0
23 -44
-10 -23
-6 25
-12 -1
-5 -7
-25 16
-18 -17
-7 -21
16 16
-7 -11
8 -58
-36 -21
-28 -21
-31 35
-38 5
18 -21
-12 3
0 -24
-8 0
-3 -39
-15 -32
0 -31
-17 9
7 -3
20 -8
27 -6
0 -87
-18 -27
-1 -30
2 52
-10 26
-39 -13
14 25
9 41
-2 -1
-2 -5
-19 -75
-14 6
-40 -4
-17 12
-22 22
40 3
-7 15
11 -28
-33 3
-12 -12
-2 24
-21 2
5 -6
-18 -2
-1 0
12 34
-15 -26
0 -42
-26 -34
-32 -78
-13 -5
-3 -46
4 25
12 -7
4 -17
-6 -29
-4 0
-19 38
-7 -25
26 -13
5 0
-6 27
2 -53
-18 -53
-33 -18
-8 0
9 0
-9 0
-12 16
2 -20
-20 -32
-45 -51
-32 62
-7 -44
-28 39
2 -37
-64 0
4 46
7 -1
-13 -18
-18 14
-31 7
-27 -65
-28 -22
33 -33
-10 -98
23 34
0 -20
6 2
39 -30
-13 -34
-10 -19
-18 29
-14 -30
15 1
6 -40
5 39
-7 -24
16 -9
-16 0
-36 -55
-22 18
28 36
21 -27
-12 -31
-13 -38
-7 -9
-38 -27
-52 42
-10 -5
-18 19
-4 -28
-4 -25
-18 -10
-2 -2
-24 -93
-36 -10
-14 -23
-8 6
-5 -11
-7 45
2 -9
1 -15
0 -45
7 -7
-8 0
-40 -11
-23 2
3 -12
-9 -15
-13 14
-14 -5
6 -34
-5 -15
3 -10
-15 -7
3 48
0 1
-8 9
-4 -35
0 0
-11 -21
-11 -27
-29 -35
-20 11
1 -25
22 0
-22 0
-11 7
-27 -51
5 -20
-25 -5
-16 0
9 -2
-4 -10
-1 -26
-10 8
-10 -3
-28 -17
0 -6
1 -5
-8 -22
-13 14
12 51
-16 -21
-8 -10
-26 -20
-16 -2
-18 -22
-27 2
1 -1
-18 3
-2 5
-24 18
9 21
-31 36
-23 -34
-6 12
4 36
-5 23
0 12
-1 1
15 48
-26 8
-17 -17
-3 3
-23 -3
1 33
-30 -1
-9 -27
11 14
-22 27
-12 0
-40 -8
-9 -4
-36 1
2 53
3 3
0 22
-10 22
0 4
-5 -20
-19 -25
-3 13
7 37
-17 52
-3 18
2 65
-7 24
-17 -27
-4 -34
-4 14
16 20
-53 26
-24 -12
-5 48
-18 -33
-14 -1
-22 -10
-38 -3
62 41
-1 53
-42 4
0 -24
3 -44
-23 -4
-33 -1
-28 -6
28 -6
-2 1
-25 12
-23 18
12 75
-9 3
-11 -38
-19 13
-68 19
11 -15
21 6
-27 4
-18 20
-1 4
-39 50
-38 -3
-16 21
9 34
-19 63
2 36
2 -16
-10 25
-13 22
-48 -3
-30 65
19 20
-26 -3
-1 -11
2 35
6 22
-13 -35
-32 -6
-4 -24
6 16
18 -8
-3 12
-27 28
-13 -20
-2 0
9 -25
-15 -18
12 -60
-6 -33
-6 -38
-6 -10
-14 9
-21 36
15 -22
-14 6
-29 -26
7 33
-13 -39
7 -23
-32 -27
-7 12
-42 -32
20 2
17 -46
-13 -36
5 -2
-5 -8
8 64
33 42
12 4
3 36
-27 17
-30 -9
-6 -11
14 48
14 6
-4 5
5 -1
-36 16
24 9
-9 -7
3 -25
36 -11
32 -3
9 -34
-32 0
-4 11
-10 4
-36 17
3 7
12 37
44 -5
9 -10
25 5
15 -4
9 41
2 18
-1 5
9 -26
-12 -17
22 -14
1 29
-1 25
-14 9
-14 11
-13 0
19 -8
17 19
15 2
31 32
16 7
-5 -2
-14 36
-12 -4
17 14
0 -5
-1 12
3 -12
22 14
15 21
0 56
8 2
-19 -17
-13 4
4 32
9 46
13 11
32 9
19 33
12 -5
-24 22
0 -4
-12 18
-7 27
5 5
1 0
-12 -45
16 -3
16 31
2 -27
7 16
-6 17
16 0
19 17
16 -12
3 9
11 28
-7 -44
-46 -24
40 -7
12 32
27 27
-16 4
-32 53
-16 7
24 14
-16 -14
4 0
-32 17
-1 27
19 0
19 24
8 25
-19 -29
21 -26
-19 2
-16 33
14 18
17 4
17 -31
9 -5
8 12
4 9
3 -22
12 6
0 6
-12 15
-9 71
26 -44
18 46
12 16
13 -73
22 -26
0 -38
8 -14
-19 35
15 -5
6 0
11 43
13 -28
13 0
-20 -60
-9 -12
40 35
44 56
11 49
21 35
-8 23
6 -38
27 -6
27 29
-38 27
-10 34
42 28
5 -41
12 35
15 0
-7 -9
6 15
3 37
4 16
-1 -25
43 55
24 -7
7 -32
4 -19
20 4
17 -6
6 -9
-41 78
-18 -21
8 35
22 -6
6 -65
14 -27
3 -16
-18 7
-12 23
-40 -2
0 18
-17 -1
27 20
14 -21
-38 5
-1 -5
-2 -66
-24 4
-6 4
6 18
0 -13
-3 8
30 -3
-9 -27
-26 67
2 -14
9 -12
27 38
14 79
-22 -53
23 38
-4 39
18 -57
-4 4
12 -11
13 12
23 -37
0 21
17 -9
24 65
7 -13
14 -13
-9 32
-23 -26
-11 -19
-4 -1
-23 -11
-1 20
-15 40
-3 22
11 -15
27 4
4 -19
11 -32
17 32
-1 -12
1 -3
0 -18
31 -6
1 1
-18 -17
-4 4
-4 33
37 -3
-5 17
-3 37
-4 18
-3 56
-18 9
-20 -13
4 5
23 32
28 25
-1 12
22 -8
-6 -6
-6 -27
-22 -34
12 26
31 27
-8 -15
30 36
19 23
-30 -49
0 -47
-26 8
-15 -19
5 34
1 12
-8 -20
-13 -2
8 0
6 -4
-5 11
-5 22
-21 -7
11 12
8 -12
8 -16
12 12
13 33
-27 2
-7 -10
23 9
25 29
1 1
22 -12
1 11
-20 -25
7 8
7 11
-9 -4
6 47
11 5
-2 15
6 31
2 15
17 8
-13 -19
-6 -16
15 22
-8 59
0 1
20 -4
-29 18
36 -5
0 -9
22 21
-29 8
44 47
33 34
16 61
20 48
-8 -18
3 -1
-41 22
-46 49
-2 39
25 19
3 -10
12 -1
-6 -33
8 -5
-6 24
15 -21
-5 35
2 47
25 9
26 0
36 -16
21 84
-12 85
-35 -21
1 -4
0 -1
25 -40
7 14
0 -10
-1 1
24 27
22 -36
0 40
13 -13
0 38
23 71
13 33
3 -9
17 27
-8 -34
37 31
5 16
-23 -25
23 -2
6 -3
12 41
-4 0
4 11
4 45
-11 13
4 -9
29 -1
19 25
-6 -33
0 -50
21 5
8 21
0 6
-36 27
-35 26
-3 6
23 -4
21 14
8 -17
23 -11
-7 -3
-30 -7
-19 12
11 0
-1 -13
-1 14
24 29
1 52
17 -2
0 18
-8 -4
41 8
24 26
21 59
17 7
-22 -44
24 3
-41 14
43 30
17 28
-14 31
9 -26
-34 -1
-9 16
-6 -24
18 13
20 23
-7 0
9 35
-20 11
5 -9
-5 26
-10 23
13 22
28 3
-8 -27
