58 4
-69 -18
-51 8
74 4
-162 43
-44 49
28 51
57 20
48 -29
-43 23
-23 14
59 46
124 -22
-34 8
31 39
116 26
-38 4
-115 0
31 5
71 1
-18 -7
54 -29
-55 1
24 41
56 16
7 55
12 22
-7 -31
-15 3
-13 7
60 0
-35 -20
4 -30
-21 23
101 18
-81 51
-26 43
-12 -35
-82 -25
26 47
27 -10
61 -6
-29 21
-55 -17
-50 21
55 -31
69 -8
89 -47
-160 -48
5 1
141 -7
-120 30
15 40
16 34
-62 -3
50 -10
32 16
52 11
41 41
-208 -14
-35 33
121 32
52 2
-8 -20
-82 4
43 -42
28 0
121 59
162 24
-176 9
-69 7
80 37
2 -27
-8 5
53 -38
83 -44
53 12
41 -2
-320 40
-145 23
23 28
77 19
231 -48
-23 -10
-226 -15
-88 -22
209 9
-119 -2
63 26
79 -13
147 -57
26 -2
-69 26
31 32
-122 4
66 13
-22 47
-44 12
26 -7
-41 22
19 -16
63 -29
-141 1
65 18
26 -21
71 27
-47 9
84 -8
-105 12
-67 -13
125 5
-113 46
-72 -22
-18 -5
-28 47
210 34
-4 -9
-132 11
57 37
-16 -7
-42 24
-16 -3
-80 -6
39 -9
28 32
159 18
-97 -22
108 20
-177 38
58 50
110 48
-166 37
-21 14
135 12
-55 -19
6 40
37 -54
-121 2
-8 25
130 -8
56 -31
19 -25
-106 7
-11 -23
-52 -1
85 8
51 -8
-66 -1
150 -75
-42 -6
38 33
-97 30
-61 -34
158 4
-47 29
-114 -21
-108 -75
33 16
56 23
30 -17
-48 -17
98 -54
85 -5
-93 31
26 24
-76 -7
-124 55
121 -4
203 9
102 -7
-324 7
-17 -10
49 -21
-20 -8
45 14
96 2
-74 28
-11 -12
-92 -17
24 32
64 -29
61 -9
-16 36
16 33
14 3
-39 8
-33 8
-60 -22
-90 -9
57 -5
161 60
-5 26
83 -19
-2 -3
-64 9
67 44
-2 -39
-45 75
32 -55
133 34
-189 -1
-73 -40
82 -21
-64 44
44 -52
22 47
100 33
-101 64
-45 -23
79 56
-50 -18
60 -36
-36 43
41 -4
-106 -35
47 -12
78 -7
-84 13
-67 -11
-37 -4
79 40
2 0
41 0
-45 30
-55 0
59 -44
44 20
96 -43
-9 7
-95 -14
69 11
-78 37
-1 -4
11 -25
-40 22
-4 1
39 7
-57 -17
139 49
-25 -13
73 -38
-72 -39
-105 79
-55 22
124 -21
-10 -8
-63 -19
36 15
1 -32
-46 52
79 45
-22 26
57 -44
-13 -7
3 74
-50 6
-4 0
136 33
3 -4
41 1
-54 -2
71 -23
21 17
-102 15
-39 -8
11 4
-42 24
16 -15
22 11
34 34
-29 -23
0 40
55 8
-11 -44
50 19
-37 16
13 0
63 -13
61 12
-11 -60
-8 -46
74 44
-46 48
-102 19
75 16
51 -7
-26 -6
-37 -15
41 -2
-43 1
4 37
56 -1
-10 5
96 23
-22 3
-4 30
-33 3
-72 -23
48 27
57 48
-59 -4
-82 -13
-46 -32
92 6
89 1
-55 1
-67 9
66 -1
65 -38
-51 21
7 8
17 25
36 6
51 14
-17 -19
-49 0
-98 -36
114 43
22 89
23 20
12 18
-51 -13
-47 58
-50 -1
40 21
-41 -26
101 16
46 -9
-204 -33
70 52
-100 53
0 -54
60 -31
-27 22
21 53
-37 72
103 22
25 -18
-107 5
80 74
-25 42
-4 31
-66 38
17 43
25 32
-63 16
94 -9
31 0
41 -45
-28 14
35 19
23 40
65 -50
-11 97
-121 26
24 3
57 -32
-2 8
-45 7
-2 94
-56 26
14 -20
66 6
-23 -8
-92 -7
-58 37
102 -22
24 78
81 12
-149 19
45 -44
17 -21
59 -13
9 -19
-26 40
-39 -20
24 28
-27 2
41 15
76 -4
-76 13
85 32
-83 59
59 54
29 4
-22 -56
23 24
-14 -2
68 5
-44 -61
9 -49
-56 -40
-5 -4
22 -15
31 43
12 11
-25 80
27 -28
-23 -32
-13 1
-34 0
15 81
18 -4
7 -3
-6 -26
8 -34
-66 7
-66 39
82 33
29 -23
39 -12
121 33
-83 30
-40 -25
72 43
44 -28
5 -15
35 26
15 -7
-30 2
19 -9
-24 28
-99 -49
43 -10
29 -30
23 41
75 96
-79 84
19 0
31 15
52 -54
-46 -34
-34 19
-26 61
48 6
50 -45
-5 22
32 -25
-73 -17
-6 -13
-13 11
-40 -4
48 5
87 55
-56 15
19 23
22 -37
-7 41
43 -19
-22 14
35 -23
105 -22
-46 -52
-61 5
5 47
-32 32
-4 46
54 27
-7 -3
-1 49
-38 -36
48 -3
30 -25
27 15
3 98
-32 68
-44 25
51 -11
-6 -6
4 33
-16 39
-21 5
-37 -39
-39 -11
24 -59
73 -8
57 38
-42 15
-40 6
47 -21
26 -16
-26 -38
-10 16
-37 53
4 85
-71 19
51 28
64 -39
-3 17
25 -47
-5 16
-24 -13
50 -12
81 -18
-58 66
26 4
-10 -16
-71 40
43 -24
-14 -25
-13 52
58 24
5 34
23 63
-40 -6
21 -44
33 -8
-10 16
-33 -36
17 85
3 0
-38 -83
34 24
1 11
-15 21
18 20
84 13
-28 29
17 -25
-18 16
16 0
-15 35
47 0
-26 -25
38 12
-26 37
-23 17
-43 -8
71 62
-4 48
99 17
-79 -60
-36 8
2 0
-3 22
8 -15
-59 47
-57 14
85 -18
-31 -36
72 -4
103 8
-216 52
93 46
-20 -29
0 -55
-1 -57
14 -45
22 -23
90 12
-40 -6
-77 -28
38 40
22 -38
-38 0
92 75
13 -40
-32 -52
-77 48
-29 -51
46 19
92 28
86 0
-48 35
-49 72
21 -21
1 65
21 41
-36 -55
13 -58
26 -44
-20 -29
31 -2
-18 14
-12 -34
-48 -16
145 -14
-75 38
-31 -17
-44 -2
82 1
58 3
-50 -33
-20 51
14 49
-29 30
25 19
73 -8
-2 -130
-92 0
-15 43
-15 -28
44 0
4 26
8 58
-2 -34
19 -5
-13 40
-35 50
34 18
44 19
0 -3
-4 -56
-15 0
64 31
-80 63
42 17
30 1
-11 -11
-37 -41
-6 -32
32 4
23 23
46 56
-34 74
19 8
-11 -51
34 -56
-77 23
-62 30
93 22
70 -5
-16 -34
36 -32
-8 -10
-34 -36
-23 19
15 30
38 94
22 47
0 -57
-43 -57
-12 -21
31 -8
28 39
-3 -13
37 0
-6 75
4 41
-21 23
-6 11
-7 -48
3 -21
-22 11
5 -37
31 -5
-24 0
23 -2
-32 -19
123 -49
-35 -18
-76 37
-1 44
14 66
-3 11
26 26
-50 -12
31 46
5 -31
-45 -24
-37 -67
-3 -97
70 -37
19 -9
17 7
-32 14
-65 24
-61 9
37 57
9 28
21 85
-39 51
-5 -28
12 -9
-38 13
-46 37
29 -30
48 -13
-18 26
-10 13
109 15
-60 31
34 93
-16 51
-2 74
-49 -48
-71 0
97 9
79 11
-41 17
-30 41
-13 5
-2 50
1 46
-11 -27
24 -43
-42 6
-42 26
-10 64
0 41
2 -52
-28 3
66 -22
39 15
26 -29
2 -49
-8 -20
-61 54
-18 51
32 -19
0 -54
-21 32
0 23
35 33
82 30
8 64
38 31
-27 -14
17 16
14 4
54 -6
-22 1
-53 -26
21 -32
80 -24
5 27
9 -6
-20 -12
-24 27
70 0
42 -27
43 46
-43 0
-32 33
34 2
5 -43
42 -6
18 -11
33 5
9 -37
7 -24
0 -48
22 -90
-3 18
-30 82
17 76
63 0
20 32
12 -44
-27 -22
-2 1
2 32
-39 39
-9 -27
-1 -24
90 -9
-15 -12
-5 57
21 8
0 -2
-25 -16
-1 52
38 24
24 -31
-10 -49
119 60
-14 21
-72 27
-12 46
17 -42
39 -25
2 -47
54 -4
60 44
-40 0
-14 33
-10 -21
-21 62
-34 36
131 -36
-1 3
75 -46
-29 37
-25 -27
-67 0
11 37
50 11
1 0
-8 45
-33 5
-39 26
12 2
3 2
26 -10
13 32
39 14
68 -21
-8 -27
6 12
47 53
-14 20
0 32
-16 9
85 25
3 -17
-42 -13
-9 -45
34 18
15 15
-43 -7
49 -12
-10 -27
77 -22
20 0
13 -42
-30 -58
-26 18
27 47
-7 40
-52 34
-12 121
20 96
63 -45
7 -82
5 37
-27 9
-29 -49
-32 -26
66 25
0 43
-87 -41
32 -18
-3 0
-25 11
30 17
-30 -20
25 0
19 -3
47 23
15 19
6 -39
-22 -19
16 16
-1 11
-9 -24
22 26
21 59
27 2
27 2
22 16
18 -34
-8 56
8 13
32 2
-9 -12
-44 25
29 33
-61 -3
-86 -26
78 17
-14 14
9 -5
25 12
-16 -3
-13 72
-16 72
28 48
55 -12
24 -10
-80 -15
-16 -21
37 -26
27 29
18 -15
-3 -78
-47 -48
-7 -9
48 58
-31 45
12 61
-16 21
37 2
35 -8
19 -24
-30 20
-22 -11
-30 -38
22 -54
23 28
49 -24
-5 33
8 60
-42 62
-32 22
15 -7
5 79
17 0
17 -23
28 -41
18 15
69 -34
-64 -11
-11 -3
-3 -18
11 -8
-23 61
12 113
5 -46
-9 32
-35 -59
16 -16
1 18
24 14
-14 26
-32 67
-8 -44
25 -8
11 -97
28 -24
-31 7
-18 -20
11 85
-11 -37
50 12
1 -12
-23 -36
-26 -51
5 -59
-36 12
0 -2
20 13
-4 -4
8 -6
11 -4
36 -11
1 25
-114 -27
40 27
76 -34
15 47
-8 52
-1 41
14 14
1 24
-15 -10
-32 -47
-36 -7
52 42
66 -18
12 6
13 -13
19 19
-1 16
-4 -9
0 8
44 1
-3 -13
-18 35
-2 -26
-33 -23
37 6
-89 0
26 15
-5 -38
-7 13
13 42
4 34
-6 27
-18 34
73 16
-26 -21
-13 22
31 -4
72 -23
62 -7
-18 -37
-21 -20
-17 -11
-24 -4
14 17
-1 61
18 31
39 4
11 29
-8 -40
47 -38
-12 -19
1 -39
26 -41
-9 42
60 45
48 4
8 41
17 -4
26 -14
51 -5
0 21
8 -9
16 -10
5 -2
-30 18
-5 -12
-11 23
-24 -4
-10 -9
-4 -6
-10 57
6 93
-9 -14
92 3
-23 -18
-42 23
-3 0
44 -8
5 33
11 13
-39 -20
6 21
42 -26
-1 35
-36 -4
41 -11
22 -45
-45 2
-10 89
37 52
-28 -6
55 -12
-31 19
19 -26
11 -21
15 -3
-10 16
26 7
29 15
-2 -7
-59 17
27 0
47 57
67 34
-6 -18
-23 50
-4 20
7 -25
-7 0
-7 52
-24 6
-4 -45
11 -42
-9 -7
4 -36
57 79
-41 11
-32 29
12 101
49 -23
-16 62
-17 -12
2 14
15 -55
0 43
5 23
2 -36
-17 -4
11 -60
21 27
-12 -65
51 -19
2 -6
-5 43
-17 14
-49 -52
4 46
-23 11
-11 -45
13 33
11 59
-21 -7
-18 7
14 -21
3 -24
30 58
4 15
46 -67
-22 -31
-31 6
20 32
-19 -13
-4 2
32 34
58 28
13 11
-18 -47
-13 17
4 3
6 29
-8 33
-1 22
16 4
4 -21
-16 -19
8 7
-4 3
-9 36
-25 -34
30 -23
-8 -13
-21 -12
3 22
43 -1
43 3
-17 50
0 30
29 -19
14 15
25 18
22 36
-2 -18
-25 18
-11 -13
-12 -36
6 -40
-89 8
-9 -21
47 22
25 30
11 22
-38 -24
0 -22
44 -42
18 -21
-50 11
-29 39
44 -11
14 -36
-18 -23
-44 -25
31 26
22 46
-18 26
-21 37
21 27
47 -6
5 -29
-5 0
-14 12
-10 -17
24 8
29 -23
18 12
14 5
42 5
5 14
-19 44
-18 28
-10 -34
-12 -48
47 -23
12 13
13 -47
-30 26
7 11
21 4
-17 -15
40 -45
-5 28
14 68
8 13
-21 1
-33 6
40 73
4 50
-6 34
-18 -2
24 -36
-48 -6
-13 -26
24 -54
98 -14
15 58
-19 28
67 18
40 45
4 -16
63 40
8 -16
12 -5
17 28
13 12
-33 -14
4 -7
-12 0
26 20
36 -7
-22 -25
7 26
-22 16
5 -32
-29 18
-10 13
28 37
32 -26
2 1
13 14
2 -7
-34 -5
44 16
-42 19
7 6
-9 32
37 -10
38 -16
29 9
-24 56
29 16
28 13
20 -15
-20 -55
-12 8
45 -4
13 64
26 70
-18 -40
-10 -25
-4 47
1 -41
21 -5
0 -29
5 59
-10 34
-1 20
-30 20
-32 27
-16 -20
8 -23
51 -3
8 13
-14 -17
15 69
14 35
17 -94
37 20
-8 18
8 12
-7 53
-24 38
-13 7
7 -23
30 -18
3 34
12 -56
19 -54
-15 24
17 -53
-12 -17
22 17
-18 20
0 -21
-8 -38
13 9
-28 4
17 -18
11 -43
-10 39
23 -7
19 16
-12 31
-1 -27
12 30
7 -14
8 57
12 30
1 -3
34 -58
-65 0
14 33
17 5
-4 -26
8 18
13 46
19 35
4 5
-4 20
-22 12
-10 26
58 -13
20 13
-4 15
-39 -31
21 49
-17 -17
15 -6
-29 -14
-7 -2
23 -3
3 -12
-5 40
38 2
17 -9
-9 -13
15 31
29 11
-44 0
36 19
51 3
18 -14
-13 18
-2 41
-25 -11
-13 -41
0 36
-26 50
7 -3
28 34
16 17
-25 -2
1 12
26 -29
1 -53
-4 -26
-4 20
-24 25
-2 50
-10 -31
-13 5
-17 31
-37 -4
-1 -27
-26 1
52 13
22 -22
0 52
59 35
-17 25
27 0
-31 -21
-12 -24
0 -2
20 1
-8 21
-2 -5
-26 -17
0 -24
25 2
-55 -64
-74 38
-4 13
35 5
-8 0
3 13
13 1
-7 -25
-2 -1
6 33
22 30
36 18
3 32
29 12
-17 11
9 -13
13 6
-9 -2
3 -4
31 -38
33 0
-15 2
21 -4
19 35
28 48
-19 -9
-36 -13
15 -2
-24 -4
-3 -24
45 38
19 -18
9 7
-2 19
16 -9
30 -14
36 1
-62 41
36 49
2 -19
-22 -24
-3 1
-8 -12
-9 -23
42 26
16 19
19 -26
4 44
36 72
-5 0
1 -24
6 -17
21 -43
-11 6
-27 14
9 -8
-14 -28
23 3
55 -20
-12 -21
13 -35
-21 6
-8 69
-44 2
-4 70
52 36
26 0
-6 49
-13 12
9 27
-22 30
39 17
25 -18
49 28
3 3
-34 -4
6 81
30 -4
-9 30
1 11
-26 -3
11 26
0 20
16 3
-9 -33
56 -40
3 -7
-19 11
-10 20
11 1
-15 -10
25 16
26 -37
-13 -23
-1 -23
-3 -27
-8 -20
14 31
20 44
35 -4
1 28
-31 33
-2 34
-10 46
3 -69
-11 -39
31 40
-14 39
-18 18
19 1
67 4
6 -36
-59 26
-14 -2
49 -3
12 41
-31 -5
20 -24
17 0
-47 -23
-14 -8
12 6
9 16
-6 19
24 -4
-4 43
4 63
-22 23
-8 -14
-20 -7
78 6
-11 57
11 26
-26 48
9 -2
-9 0
11 -38
24 -2
5 -10
23 46
-26 32
-9 -36
13 -42
20 11
0 27
2 12
-4 5
-4 3
38 20
-4 -13
-49 -27
12 9
-15 0
21 -43
15 12
-6 -21
3 16
-8 16
19 -12
18 50
-7 24
-23 -1
-13 4
4 6
-1 11
28 18
1 9
-12 -16
0 16
20 56
6 3
-21 -23
-31 26
0 -11
13 18
17 27
21 -8
-21 15
-18 -10
-10 0
0 -19
-11 35
6 -23
9 39
-5 52
-33 18
23 -1
-20 -15
-29 39
-21 40
-17 11
-15 17
34 2
34 -58
27 -12
12 -29
-60 -22
-38 2
-34 2
33 6
13 45
-9 13
26 20
-38 3
8 0
0 -18
-24 -1
-6 16
12 7
12 -2
1 7
2 12
-17 9
0 -31
33 32
5 12
25 20
41 -8
0 8
-5 -5
12 -25
-13 0
14 1
-56 49
62 25
48 16
-50 24
-69 43
9 -1
-7 26
11 -18
-30 -18
13 5
38 92
34 -28
-5 -25
17 13
46 -2
-56 0
-127 -8
14 23
95 27
-29 -13
-8 16
-3 39
25 -70
49 22
5 -2
33 35
-16 -20
34 -7
-26 40
-28 22
6 45
-10 -12
-13 -77
-5 -45
-4 33
3 47
-42 -76
-5 4
13 11
54 -2
-33 -13
-53 -14
32 39
39 12
31 41
0 0
30 16
14 28
16 20
-14 8
-1 -15
29 30
25 -40
5 35
23 44
8 6
24 -23
-20 -18
-17 -19
3 -18
0 63
0 41
13 -29
-20 2
21 -46
16 -9
0 16
8 70
55 37
20 17
21 14
4 -33
-35 24
-3 13
-36 -34
-12 51
20 -64
31 28
16 -37
-5 -9
7 -52
-15 28
16 -56
-9 42
-38 34
-15 -1
3 -18
12 -15
46 25
17 -45
-42 -28
17 -21
-22 11
46 -20
-4 39
-32 42
-8 -19
33 -23
1 -56
28 -19
-30 13
41 63
-41 34
0 55
42 51
72 -28
-39 -3
-6 -17
-3 -12
0 -6
27 6
31 9
45 -50
-15 -23
-12 -26
-7 -18
-5 42
16 23
19 -21
0 50
-63 -17
-18 -9
30 40
0 -49
-11 -24
-36 -15
-2 27
68 31
47 24
42 14
-20 3
-41 -5
7 -6
-2 7
-7 65
-13 17
17 33
31 51
-7 20
5 5
-13 -4
1 -48
29 -12
-37 -28
35 9
31 4
20 -3
-18 -13
-51 35
11 49
40 6
-47 33
2 26
67 17
-16 33
-21 -9
-8 25
12 0
-51 17
-26 19
8 -34
-14 -19
16 21
1 -14
-64 16
30 22
50 -22
20 31
-10 -15
-35 7
-36 33
72 2
20 2
0 -35
1 -9
8 32
-37 -22
-41 24
0 3
38 23
8 -2
2 37
19 3
-6 0
-22 29
-30 42
-17 -51
3 3
11 27
14 24
-16 20
23 -44
24 2
-33 31
7 48
-6 11
5 37
-30 -36
34 34
31 19
3 -48
51 -8
11 -23
-20 -6
-20 19
6 0
23 -11
-7 22
-4 -20
-65 -5
18 -7
0 5
-32 45
9 -15
1 15
-54 57
48 26
20 25
12 -37
-11 -3
-48 -7
16 31
64 4
-5 -9
28 -26
-47 37
20 -6
5 22
31 17
-12 8
14 8
6 12
28 -8
-3 -22
-1 -21
-13 -7
49 33
3 40
-54 44
0 32
45 23
0 -16
17 -7
-14 -62
-10 0
-16 50
-26 -10
17 7
57 17
38 48
-4 52
0 1
13 -12
-24 -53
-34 -34
-28 3
-24 -27
7 27
23 -10
13 41
-19 -16
4 44
28 -44
1 -50
35 21
7 -3
4 -42
-47 -19
-3 -4
1 15
-14 -7
-15 19
12 63
25 -15
4 -18
14 6
58 6
-14 19
-4 -65
-13 -17
9 39
13 -10
20 1
8 4
-13 2
-31 -19
-7 4
7 -1
32 -15
3 47
-30 -34
-7 1
46 5
-23 15
-27 -4
1 -46
28 37
-39 -15
6 24
-6 -41
42 11
0 24
13 -30
56 2
0 4
20 -7
-1 12
6 -54
17 -2
-41 6
11 -1
-13 -38
0 -22
-23 -20
53 -12
69 4
22 3
-27 -9
-6 -28
0 0
14 2
-8 28
-10 2
35 -43
-24 17
-8 34
24 1
29 12
-18 -24
-32 5
-21 -25
-12 2
59 27
0 11
-29 0
-16 20
-10 49
22 8
41 2
-11 -8
32 0
27 2
-18 -8
-3 -28
38 -15
16 -7
38 56
19 -7
-22 2
-57 35
23 -20
53 31
-10 17
-2 -25
29 0
-44 1
-37 5
64 7
-27 2
11 -15
32 27
-11 0
-13 -6
18 -23
-82 4
-1 6
29 6
50 89
15 24
-6 1
-6 47
7 30
-48 7
-9 11
28 12
45 -5
-27 -4
-10 -6
30 -13
27 -9
-79 2
20 5
28 13
47 48
-14 35
-16 -25
59 19
0 -33
-53 45
57 7
29 27
-20 -32
-29 -3
48 -7
31 -26
-29 3
-30 9
-27 6
44 14
29 24
42 21
-40 14
30 15
-1 63
-24 -37
-8 45
-2 -37
6 80
-2 31
38 38
42 12
-9 20
-62 66
0 41
-25 5
32 -25
-7 37
-4 22
0 -5
22 -4
-37 0
21 6
28 12
51 31
-5 6
-9 17
36 0
25 5
2 -21
0 -35
-8 -15
6 -1
-11 51
25 14
13 26
4 11
-6 20
0 44
2 34
-7 24
25 -5
14 6
-13 -20
35 21
0 42
-35 33
19 19
-34 -26
1 -16
-5 13
-63 -26
99 30
14 -2
12 -1
-32 -46
-40 13
39 -41
31 5
-36 -35
-8 -33
28 13
48 24
78 30
-80 41
-66 34
-11 17
6 26
75 -20
-15 -8
-19 6
-11 32
14 -36
-60 32
8 -13
20 -13
60 25
73 11
-25 -2
-4 61
-35 49
18 -1
19 -12
14 6
-11 -18
-10 34
-44 12
-34 -38
-27 -13
40 53
31 -17
-33 32
18 22
68 -15
17 -23
-19 11
-35 -19
20 24
7 0
-9 2
-1 16
-33 17
3 14
21 29
43 43
97 -15
-37 2
-15 -1
2 4
50 -41
-91 26
44 7
-28 28
32 -8
27 34
35 -1
13 6
28 -57
-31 16
-2 49
0 28
33 -15
37 -39
-21 -12
12 2
-47 47
-31 8
-12 28
9 57
28 -16
19 -5
-75 -31
38 3
5 -27
29 -26
-41 -7
-38 29
8 30
41 14
8 59
-2 49
-22 -18
-20 -6
9 -6
46 20
62 6
24 8
-27 11
-42 -14
-17 12
48 -26
-51 -16
-22 40
-12 72
32 8
0 -8
28 4
36 -29
26 -44
47 -19
7 5
6 32
-50 -65
-11 4
24 9
89 15
8 16
-10 6
-11 -27
-34 3
23 16
74 67
0 -31
24 -20
43 4
26 -3
-100 4
-59 4
23 45
49 13
29 15
-12 53
-51 -14
-23 -16
-21 3
-11 26
26 21
3 36
51 -16
24 64
-9 -17
9 33
40 -18
6 3
2 9
18 0
39 3
36 -7
25 57
-41 5
9 -10
-17 -10
-28 18
7 -11
-16 -70
65 16
20 -54
12 -15
36 3
61 20
2 14
15 43
6 57
-9 32
26 14
23 -63
-23 -5
26 -10
-7 -26
-16 24
47 23
5 48
54 23
-25 -30
0 4
35 -36
-9 -6
-32 6
-46 70
59 4
14 -4
-31 8
-66 49
20 0
53 12
-8 0
-34 8
3 22
8 54
-9 -25
-2 29
-1 -12
21 13
-50 16
-37 -17
46 52
-31 -12
32 14
32 43
-16 43
-32 -78
59 -21
8 34
33 -20
-48 -26
18 3
13 17
-12 -38
-3 -18
28 -36
-53 -16
-58 -2
22 25
-25 7
24 -28
12 11
-46 -7
5 25
-14 5
-19 0
17 -13
-16 -2
-11 -37
12 -38
-44 1
-20 -49
0 -67
-35 7
-20 -61
-14 -46
-27 -24
13 -1
25 -25
20 15
-5 -11
-7 -62
-13 -32
-5 -32
-50 49
5 8
-25 -45
-6 -3
4 -15
-39 38
-25 -57
5 30
-26 42
-8 -29
20 18
76 0
-47 -5
4 -26
-91 -48
-48 -76
13 27
-5 -1
11 -42
-24 41
-17 -13
-71 -38
-2 36
-8 -35
-55 -16
-9 0
8 -40
14 13
-28 2
-24 -36
-59 23
-82 -6
-1 -25
-20 13
-15 34
-14 -1
29 -35
22 -68
-57 66
-25 4
-32 -44
-8 -21
28 22
17 -30
-49 -7
-15 29
24 46
45 5
36 -23
-78 -63
-27 -47
15 24
37 -26
18 -28
20 -7
-5 0
-49 -18
-51 -12
-19 -27
-21 -4
44 9
49 6
-16 -10
31 -12
-5 -32
-20 -17
-55 -30
3 11
33 3
-16 13
-14 -52
-1 -10
-9 -31
-11 40
-30 -35
-45 33
-4 27
64 -4
-67 23
0 25
5 5
5 41
4 -72
-36 -33
-11 -30
12 -36
-2 -3
4 0
33 28
24 19
-48 0
-50 27
-39 20
19 -41
42 -29
-35 2
-37 45
-43 15
9 -47
5 -40
-29 9
-41 -11
5 -22
-17 -5
50 -18
-64 -18
-31 -11
-25 18
-48 43
6 -17
-17 -5
34 56
-15 -55
8 -24
20 -1
-34 24
-68 -36
16 -3
13 -16
-11 0
-9 25
-55 -14
8 -19
-4 -20
-61 -2
-43 -6
-4 -46
-7 -55
-33 79
-14 15
6 -27
36 19
-28 -6
-20 -48
-52 -43
-25 -52
-16 -7
23 -22
1 4
23 13
-29 22
4 -44
7 5
-19 -1
-3 -40
8 44
3 21
-35 -11
-32 33
19 -24
-70 40
-36 -15
2 14
24 0
33 -26
0 -20
-16 -36
7 1
-16 -40
-21 -57
-43 -88
-9 11
20 -19
-26 -23
29 50
19 8
-21 -28
-33 4
-47 4
-12 -3
19 27
22 22
-11 -64
-8 -14
-38 -41
-18 -12
-20 -25
0 -6
0 20
-6 33
-4 52
-1 17
-34 -34
4 2
6 45
11 -21
1 34
-16 -22
-29 -64
-30 12
-28 -5
32 -34
-77 33
-12 -27
-19 -47
1 -39
8 59
9 6
6 -24
-24 -75
0 -107
-25 -29
-6 66
-33 44
11 35
-1 -12
-22 34
46 25
6 -40
0 -45
14 -111
-12 -95
-27 66
49 4
-22 -38
-18 -26
-20 65
4 0
104 -24
-6 -25
-46 -50
38 -16
39 -38
-25 -43
-31 2
-20 4
3 73
-22 28
-66 43
-2 11
38 0
5 27
22 -33
3 -64
-39 -32
34 -2
-16 18
-43 -28
-32 -3
25 52
39 61
-41 26
-92 -37
-25 -87
16 -5
6 30
-26 14
-28 -56
-43 -40
-8 -80
-16 -18
-8 3
-8 50
-54 32
-57 1
16 9
53 23
-16 14
-10 -19
-47 -48
9 13
11 -41
-4 -112
-64 -70
-10 49
-27 16
49 25
0 -89
-8 -41
-50 11
