246 -74
382 149
66 432
-701 -81
-196 -352
605 -208
220 258
-542 298
-305 -192
-54 348
228 -115
-188 82
-274 286
112 287
538 -414
-100 -277
78 393
105 -35
-96 -494
182 347
400 221
349 61
-166 -6
-500 -175
-380 372
246 469
299 -202
-57 -152
-196 65
-8 76
64 5
76 -244
-52 192
16 273
-19 96
8 101
-101 -20
-133 -55
9 192
57 23
-298 -391
146 424
228 127
21 192
-170 -354
-105 111
77 -238
5 394
-243 349
187 -12
-452 150
492 -78
49 -116
-759 281
-355 315
450 -29
263 -345
20 464
145 405
370 -147
-196 -228
204 69
690 282
143 185
-1557 -28
-458 237
629 -213
220 44
-108 -669
-30 321
187 349
-431 349
-307 -49
407 -356
909 -195
-284 506
-555 245
-376 -131
89 -165
573 48
213 -368
-532 420
-145 306
220 143
408 23
656 77
-101 178
-576 55
33 56
213 -43
852 -44
-144 61
158 -369
-11 36
-1170 408
-122 -334
65 144
241 232
-380 -31
-525 -165
1649 159
461 -66
-1613 0
-83 97
765 128
623 81
-242 308
949 209
-373 -128
-1613 206
1153 213
1649 -497
224 94
-1613 89
-159 117
-1612 -233
329 -208
86 274
5 76
140 301
-343 -10
-142 96
729 52
728 -102
559 235
525 14
85 47
-537 98
13 -522
-1021 199
-1244 262
1240 8
336 -87
200 -238
-314 300
349 226
213 -95
-52 59
-406 381
284 47
1649 3
-451 129
-115 -84
-1613 -118
-632 90
1019 407
983 -213
584 -31
432 214
-88 -143
-487 -36
607 219
-403 -1
-304 67
-596 -67
285 7
785 346
-420 88
-1104 -396
1132 -18
1303 248
-811 53
-1613 44
1208 166
81 -217
-1613 -75
29 9
469 238
-355 69
-1010 -6
1092 130
1152 262
693 80
103 -160
-998 28
-330 465
536 -83
41 -95
-713 -105
-145 88
208 91
618 -101
709 60
-482 140
-779 161
-118 0
1250 384
-985 58
356 31
-564 223
1019 -132
-1613 -154
-79 -37
988 180
437 -64
-1051 169
-192 60
428 79
473 67
-25 237
337 126
-510 -189
-1125 -276
512 331
96 124
267 -43
-241 260
26 -35
71 25
256 34
77 9
-384 36
653 196
416 87
-452 24
265 -130
-932 -64
1649 147
-1120 129
-1613 216
833 -144
1649 -1
-70 24
-31 68
-136 -654
-890 237
297 226
31 228
-152 -217
857 54
616 -290
-288 430
-85 -86
334 134
14 202
-810 -22
145 -140
1366 182
-853 273
-44 -479
454 145
698 259
-1613 72
-161 51
-140 -355
460 0
563 258
691 201
-807 -29
-235 121
326 -118
670 37
407 309
-252 227
307 -19
-272 -396
-695 -212
-20 320
216 358
-19 87
-195 -437
-130 190
1 -60
542 -144
867 313
-287 203
-1164 8
33 -501
436 186
1400 222
-521 -283
-400 201
-223 230
-41 103
173 -61
108 -25
-508 223
-121 -183
36 120
258 -131
298 284
346 146
-181 114
-486 -375
919 263
-315 56
37 260
227 -231
-415 -114
237 197
-436 275
-235 -513
353 152
570 260
43 -36
-189 89
551 -32
-209 2
-553 58
265 770
467 -372
-119 -69
150 151
-34 66
82 103
103 -63
-736 5
-2 143
687 -258
-762 76
441 223
45 24
-317 -146
-24 147
251 181
247 -64
93 23
946 167
-1047 -19
-770 148
230 82
217 -103
141 122
-488 15
-86 100
149 136
-13 -1
-98 -363
420 184
435 242
38 -16
-591 117
-75 148
579 -9
178 189
-587 193
-184 157
-133 40
-46 -46
9 87
700 -72
260 -36
-551 -39
-686 123
-287 -16
361 213
575 87
-347 -250
-310 237
-160 169
277 179
-525 -59
-60 34
179 152
179 20
425 145
-459 67
73 72
-606 -72
-336 215
204 162
510 -114
166 127
-522 149
-131 139
96 77
63 -343
-75 143
134 233
211 118
0 -88
-414 94
-326 160
7 -202
382 178
540 172
-646 -151
-811 87
407 114
353 -48
-68 -1
17 135
-567 223
-198 -106
512 74
136 91
-581 57
85 123
490 -152
579 -287
-663 227
-651 176
133 -132
390 2
112 151
129 94
-154 -83
-474 0
317 -406
321 692
194 29
-27 -195
-23 -61
-802 165
-154 45
312 176
-205 -16
156 149
145 -155
-194 -33
-142 -15
88 178
167 159
-143 -135
-21 -172
260 189
249 201
-375 -134
-559 -182
-20 325
0 80
318 -161
444 166
-214 137
-470 155
-342 -69
-417 216
281 239
348 -313
77 172
-14 -8
-195 145
310 90
291 -45
-288 120
272 64
223 17
-451 -168
-444 228
512 329
-308 -14
15 121
501 -287
-76 41
-368 79
248 85
-53 172
-79 68
7 -174
19 238
159 15
88 -62
170 68
40 22
235 150
398 38
-96 -5
-572 147
-141 45
-248 42
296 51
82 -30
-76 230
5 -260
-61 357
159 -154
-349 -170
-99 116
381 274
-187 135
-370 -83
129 9
186 -129
374 278
-67 142
-368 22
62 -173
228 47
61 -46
-204 157
214 81
-351 -82
12 187
261 -3
-441 -34
203 -10
682 163
-452 288
103 -127
-315 -88
-163 -152
430 120
166 -82
182 271
499 213
-377 58
-540 -70
760 48
258 74
-605 195
-193 21
233 33
-241 -76
-56 121
332 72
-58 231
-141 -57
75 -351
-2 12
53 323
152 107
208 -30
-534 18
42 159
416 -88
-369 -168
-318 147
193 184
12 -16
163 206
37 -250
647 73
-204 116
-795 45
319 -92
206 60
160 192
-628 -99
-55 62
55 107
155 -127
-4 171
-42 61
253 108
223 -37
338 168
-159 67
-171 19
88 4
-66 8
-166 -42
16 -172
259 358
420 4
97 31
-117 -195
-671 184
113 124
318 63
353 -37
-605 140
-45 87
273 84
112 157
74 222
-42 -43
207 62
142 28
-715 74
216 -74
151 8
-358 -32
31 92
94 237
-16 15
54 63
23 26
-81 186
327 85
124 -229
-176 -112
-229 15
-52 488
481 -114
-223 24
-118 155
-115 -21
-365 96
104 28
483 106
-240 124
-87 -175
-349 23
-86 105
95 152
571 -105
134 82
-835 87
-64 48
38 200
514 -253
-277 -276
-275 209
-287 68
204 48
-144 66
65 67
124 -90
71 167
24 94
153 47
111 185
-295 -79
126 107
-182 -53
172 -120
-1 58
-217 160
-198 -186
343 100
-45 168
-251 12
264 205
47 -174
-92 -103
-186 -69
134 63
126 135
-202 54
-13 30
15 134
122 103
98 -42
76 33
-192 157
-162 71
15 102
-93 -27
205 -17
-34 31
-553 217
374 -38
-244 -21
603 335
-487 -106
-588 2
83 -120
86 284
169 18
-166 72
12 58
19 267
-257 -40
163 -6
439 -59
-187 113
-172 98
28 99
-75 -8
39 -314
150 128
-28 177
124 -129
235 167
-437 -28
-504 106
247 106
186 -105
-54 101
-252 46
-119 -49
162 323
278 34
-294 29
45 67
-87 -138
33 73
5 186
-110 8
161 -78
-173 64
-133 241
217 145
166 -83
-33 65
91 -301
-365 148
-113 4
344 80
27 13
-94 -17
-115 188
-94 113
-48 -104
132 248
-134 160
290 -221
706 138
0 -72
-855 225
-313 90
172 -110
314 2
115 -39
45 -43
-178 135
267 32
249 -10
461 -8
345 -93
-229 208
-335 -29
-37 -97
185 214
-276 55
216 14
-194 -32
110 192
-81 197
299 -238
319 -96
-166 51
-339 312
-372 -113
-110 -214
74 -77
59 -73
-85 111
-43 233
264 -45
17 -39
163 123
113 215
-277 100
435 49
-48 -191
25 115
-125 21
0 13
145 33
23 112
-242 7
-90 -184
73 -9
142 187
-151 227
-394 -40
360 41
-218 -76
453 121
-222 172
-206 63
603 360
-766 -363
-422 103
180 4
78 185
-11 119
-71 -79
333 250
91 73
-115 48
37 88
189 185
74 47
23 -74
273 237
-574 216
-344 -199
204 -110
200 166
-194 -65
-68 92
-94 45
412 46
218 -11
-311 123
-296 -27
-21 -12
244 -33
132 423
-170 -187
-499 -204
-267 47
388 137
302 227
161 82
-437 25
-40 -209
166 90
165 117
375 -16
723 160
-1613 113
-951 -23
542 270
611 -207
-40 -187
-223 196
-128 -23
92 230
316 -320
215 31
-230 144
54 177
53 246
140 -313
-324 191
-118 240
-406 -94
76 77
133 90
197 -84
188 162
-281 48
-231 25
74 16
521 -13
-388 32
-500 -124
252 249
166 -18
362 -56
128 -49
-672 257
-164 167
227 -163
340 192
290 330
-503 -34
-30 51
250 290
-192 -276
-41 -52
210 183
-327 6
-13 -176
294 -44
-336 64
316 -85
72 183
-722 46
-137 151
227 -55
-51 -274
75 373
-49 325
-188 184
109 -179
46 -110
52 -257
161 137
-393 126
-108 4
445 114
-169 8
-374 -85
81 63
364 35
52 4
-62 135
-12 70
40 -41
-35 184
-3 -206
155 241
-160 -43
-101 49
-2 94
-53 31
152 105
-369 -131
-248 -40
89 120
-60 79
-25 -18
225 -139
-86 114
538 -123
-163 75
-559 189
263 -29
146 183
-141 -182
78 -77
-87 14
-52 3
192 182
200 -43
283 27
-296 -153
-356 -43
157 193
-155 5
-98 125
44 80
189 -5
235 -140
-244 23
14 131
578 -104
-269 92
-173 -12
-327 197
312 -131
293 -114
-580 117
-214 89
248 -67
107 151
11 -69
-45 166
-30 45
357 221
-208 -185
-212 -35
59 101
446 25
45 230
-299 -69
155 -1
-402 56
47 60
188 -43
-117 75
-6 122
-123 40
76 -102
94 29
-86 -125
-48 57
101 -3
143 118
-293 0
321 222
-500 6
-219 -129
430 184
-3 -24
-539 -233
0 57
161 23
-112 -23
80 -4
462 -51
-165 52
-290 141
-146 49
178 65
155 -122
-325 -71
114 39
55 56
61 -16
-56 119
30 -11
14 57
-28 -138
24 201
-181 51
-390 -87
197 -30
7 97
-167 66
-216 -372
243 -14
38 66
-272 -19
30 217
381 -80
204 -42
-299 220
-667 -3
142 127
211 110
173 -207
-8 45
1 -130
-178 134
-37 136
182 -62
260 26
156 98
-331 -30
-54 66
-111 118
99 4
-91 -34
323 108
-22 247
-138 -130
-305 -118
-61 26
335 18
18 12
-300 115
296 52
30 -34
-327 65
-139 -26
226 -115
363 176
-124 109
-119 -90
-207 -57
67 -198
126 76
5 58
178 45
-71 150
199 -245
-272 -18
181 235
136 158
-247 -147
7 -44
-260 -65
300 -77
17 -12
-277 81
107 -94
58 73
18 108
149 -84
44 222
114 65
146 30
-134 -313
-219 -16
-60 9
192 268
197 84
-97 74
-340 -42
290 -9
118 -18
-108 51
120 -36
43 63
33 108
-95 174
68 -380
-152 -139
-227 122
25 281
45 -70
323 78
64 270
-309 -76
-284 32
26 -153
76 39
70 135
79 58
-179 -291
37 59
-185 -65
-166 139
172 88
-30 -90
-31 58
-84 58
249 202
1 -127
-220 129
88 -73
133 38
-184 126
148 -64
-219 83
82 62
-124 85
219 33
-154 -122
-74 13
222 188
-56 89
-3 -2
360 -10
-540 43
-83 89
507 167
-127 97
-20 -346
-489 71
87 50
158 105
71 -22
83 -52
40 171
251 -157
-436 -4
-361 225
293 -15
475 -33
-103 51
-400 16
-13 18
-12 160
363 -56
-42 -57
-79 -24
-116 159
0 -40
-201 12
200 -26
-276 124
19 230
140 -276
151 5
156 278
397 45
-311 -78
-135 146
-17 -98
174 -58
34 231
6 7
-126 -51
-579 -111
-27 -9
123 -104
310 50
146 -67
-360 -1
-303 -50
437 24
82 148
-634 -84
-322 150
-18 -153
176 -27
128 174
5 73
-64 -154
123 -28
145 197
92 8
79 22
77 -251
80 384
-268 122
4 86
408 -70
-655 88
154 -77
422 192
-526 197
65 7
-28 64
121 -35
-321 148
-370 -140
178 63
152 48
138 51
-87 -57
152 -16
-161 33
-232 -8
111 33
0 117
79 -10
180 -101
-261 -107
-191 55
6 68
231 -111
102 175
-356 25
-85 -164
60 93
-77 25
-220 -83
227 -35
561 -41
-759 114
-209 44
-49 -273
327 -53
-27 100
-433 -127
-124 114
94 143
44 -94
132 40
-120 111
15 -130
94 -110
-91 -45
55 92
186 33
444 78
-620 36
-476 -97
218 60
98 -56
70 -30
272 169
-352 41
60 -158
265 33
-322 61
-118 -51
155 119
110 54
25 -14
-18 -82
-356 -46
-36 58
-165 -65
216 -116
219 284
163 130
287 -58
-444 132
-568 66
38 30
364 -183
317 -43
289 -133
-413 -73
-153 45
204 41
122 2
68 62
-19 69
172 -143
-54 -90
139 5
1 -34
2 14
-9 -89
291 157
-176 -31
-163 -42
-67 97
79 6
340 -196
-442 -87
-35 -32
228 2
318 -59
-645 -308
-49 149
206 56
3 -54
-59 138
290 -36
22 53
-435 45
-3 -1
114 134
323 83
-25 -24
-238 7
-96 7
292 -30
366 12
-788 68
-23 -14
88 -62
291 -172
36 -95
-222 91
-187 -352
-10 -8
348 65
283 124
-563 94
-87 193
258 34
11 199
-260 -93
223 -35
90 -48
100 170
-38 48
237 -26
107 145
-83 54
237 27
-258 29
-101 -31
-181 197
-43 25
22 151
142 -73
-63 -118
-123 -8
-9 -143
608 -14
-535 150
-791 -44
390 -3
-72 112
139 -123
-7 -26
11 56
45 76
-65 -49
201 117
466 43
-374 30
-134 1
58 -104
169 90
-11 -16
-209 46
247 -139
-191 -51
-21 73
-30 -21
161 60
-72 47
68 -316
201 -19
-528 -61
-405 244
582 125
4 -208
-270 101
224 132
0 -20
-13 21
-14 75
-454 89
24 6
334 104
147 -168
-78 -12
96 -45
-12 -33
31 82
-276 19
-189 -107
221 -142
72 98
-93 170
-21 -136
-324 116
-229 -192
145 -79
235 91
108 303
420 20
-7 -54
-516 54
179 -7
331 84
-32 -45
-51 20
182 76
-373 185
211 -9
-260 -58
96 70
67 -159
-135 -40
-68 286
-71 -298
63 -26
-73 275
-132 -46
160 -162
-85 164
157 128
70 74
-429 -19
-147 -83
-6 -61
221 63
31 -178
-30 229
-23 -63
394 -124
-387 0
-3 74
186 125
-257 -85
136 -188
16 26
-191 30
-197 -133
146 36
196 -226
-188 230
-253 90
-150 -242
105 122
115 -48
-22 -73
-348 194
36 39
400 42
-430 -43
-76 -6
250 -59
510 135
-625 255
-189 -176
-33 -164
37 98
353 88
-142 26
-216 -200
71 61
154 175
-371 -23
-142 -100
-102 15
118 29
34 -35
-56 43
150 -128
-60 132
232 -112
256 147
-418 -47
-303 -157
172 45
109 130
29 -83
64 -47
45 -78
-365 -1
69 159
206 82
128 105
151 43
-211 -71
-22 112
-334 73
306 -32
146 -108
-366 -169
-258 109
157 27
-196 -13
47 -26
109 22
29 -82
56 140
-562 -58
-52 232
439 -87
287 -231
-323 312
-201 -186
77 -49
168 139
248 66
-170 26
123 -100
57 86
-102 -134
-92 11
52 5
-93 202
137 8
-263 -54
-170 -94
-71 -243
251 143
216 109
-211 -170
-120 121
-187 56
232 -38
-31 60
-125 116
36 58
-60 3
-29 -51
40 -66
-3 26
62 -67
82 18
269 122
30 -190
-513 76
318 -28
336 28
-600 -129
-144 -139
464 -105
-228 6
-326 -89
41 33
-197 36
185 153
-47 -243
-31 109
189 100
-15 -61
-339 96
-108 182
145 -52
467 -113
-324 88
-58 -59
-244 -148
-94 103
-98 -87
415 -57
149 88
-436 34
39 205
133 -117
385 0
-202 35
-380 30
88 16
219 -69
-265 -101
265 17
-67 54
-254 24
-18 -23
-154 -60
351 -64
-139 259
82 8
165 -50
-257 95
120 3
153 -6
-268 81
15 -61
170 61
-41 -61
-55 227
-86 -80
196 -157
39 48
150 -5
-433 -33
-97 -45
268 153
-9 -48
-87 -24
-102 3
39 99
33 114
357 -232
53 -79
0 328
-65 86
-162 -38
256 -15
-158 53
-380 -53
-425 228
61 -18
405 160
163 204
-622 -283
292 -109
-30 16
5 190
209 -28
108 -265
-88 -28
34 180
-125 -62
124 -43
-92 308
-17 36
-65 -143
211 -175
43 195
-12 29
-264 27
-250 40
58 -12
46 114
62 97
9 -39
-8 -164
-226 62
183 98
27 11
72 144
142 -23
232 -133
-575 47
-316 21
172 8
365 65
-327 6
207 -143
-93 -152
94 17
103 133
86 -86
-346 -92
108 140
432 75
-747 128
-211 104
33 -11
-33 47
-126 -39
134 -14
43 -68
345 -91
57 -208
-18 170
-137 43
168 -109
-308 144
-238 -107
443 119
-339 195
-57 -420
101 -126
99 157
44 69
22 -132
-14 -7
100 -36
-42 124
121 -59
33 13
-37 -40
-71 204
49 28
40 -66
232 122
-21 -73
-75 -147
-353 19
277 -64
-39 84
687 24
-327 112
-997 -197
-326 -106
410 168
340 -8
35 -11
63 -13
-102 105
56 -136
231 14
-23 -18
94 -44
229 -57
-40 66
-123 -15
-6 -11
-100 128
-124 -40
154 -15
-26 123
64 -464
2 75
-85 83
-67 73
-51 -148
30 67
-67 -112
93 165
-13 -316
-110 27
265 53
-381 -131
270 -81
110 8
-365 51
-134 19
-112 -89
252 143
-124 -41
30 49
-150 -4
-53 -65
33 143
182 -114
160 55
-103 -158
-90 -241
231 116
-73 -98
-380 195
-24 -122
233 -23
391 62
-223 -94
112 -1
-125 190
-177 76
9 -75
187 170
-339 -150
-123 90
27 -51
81 1
-7 21
289 -28
-34 50
-110 7
241 34
145 75
-584 -20
206 -75
335 124
18 40
-65 181
8 -111
37 100
420 -155
42 -73
-56 -54
-336 -162
0 -98
91 248
-201 -53
142 41
-183 -5
-327 4
76 -41
172 180
81 -56
-102 0
-3 37
-136 37
-228 116
281 -72
-294 -60
-162 86
404 231
-40 23
-326 -183
-105 58
25 -67
41 -97
244 148
-322 60
-113 -206
129 -78
138 -77
11 155
-3 -30
33 -88
-44 5
-126 93
55 -395
194 135
43 -49
-102 19
211 297
249 -82
-272 -193
-257 -22
156 144
147 183
123 -54
-118 -443
66 160
-335 -10
-90 154
430 -76
-275 131
-105 86
400 -96
87 18
-240 -199
-92 70
398 -71
-58 -75
-171 44
0 88
183 -138
89 69
-243 170
99 60
-134 -96
117 -97
-39 -1
75 80
-158 70
-299 -28
174 88
165 31
102 -76
184 132
125 -64
-193 16
-76 38
17 -126
119 -55
-142 119
-91 179
-16 19
340 -199
39 -51
-384 287
-159 -112
35 -215
56 37
80 113
15 -33
-222 -41
-82 -125
393 105
-45 79
-128 78
14 -144
122 69
26 71
-283 -13
57 -83
48 23
96 12
27 191
-4 -35
11 -250
158 56
-96 135
-178 -27
196 34
-36 126
-121 -84
23 -23
84 -68
291 157
-116 -126
-404 -2
-171 81
129 -167
117 36
101 -95
45 -63
51 2
-243 126
-129 52
51 42
454 210
-214 -72
-391 105
374 -55
-128 -35
-177 74
154 49
-128 -186
152 55
264 27
-440 -7
150 -92
-170 -20
-135 379
310 -208
18 -186
-171 -64
-34 206
-102 5
-55 -32
256 16
-103 -182
-68 221
-54 35
86 14
5 36
-138 48
-85 -26
119 -23
105 14
-55 23
0 11
-81 7
82 -57
269 168
75 -90
-199 -117
-241 -154
-133 192
-71 26
334 -94
104 42
-105 91
-24 -353
184 88
60 104
16 -11
605 -119
-214 153
-363 -98
-60 53
1 -263
-51 72
-58 221
74 13
-17 -59
170 59
-50 79
49 27
142 -5
-39 -81
110 116
-143 -50
-150 -26
-16 160
33 37
341 -16
346 149
-263 -215
-518 -162
296 12
289 64
-95 3
-418 -170
-111 -6
223 98
14 -28
-26 51
77 85
89 153
-262 -67
-86 -89
-49 -30
332 194
-19 49
-424 -57
81 -78
-32 -111
37 104
415 12
-321 205
-442 -112
66 -57
184 187
176 72
186 -48
63 123
-158 23
-145 -100
-6 235
150 -41
5 64
27 -28
209 90
-352 193
30 22
-46 -47
193 -104
184 -73
-96 15
33 50
-322 -34
-45 -47
4 199
-148 -41
-212 -101
103 -187
-72 -12
-254 2
119 189
75 -37
-48 62
69 15
196 34
468 31
-290 100
-490 -24
105 108
175 130
-34 39
5 180
-72 -221
-160 -19
110 25
22 67
52 190
38 143
47 -276
-74 -77
-205 64
-99 28
328 8
-61 -178
-113 274
213 -64
330 -104
-123 166
-567 68
-42 -63
147 -74
-40 255
33 -10
86 106
-47 -3
216 -130
190 132
-29 24
241 -99
-82 39
-198 140
114 -50
-97 -84
84 -29
-12 29
22 -48
-204 137
94 158
160 -68
117 -124
-250 -26
-73 131
219 70
-256 -139
124 -63
95 20
278 112
-145 88
-261 33
-139 -63
294 76
70 237
39 -65
-496 -315
-127 -48
236 119
76 68
-15 12
77 -22
62 -113
-49 69
-136 9
-25 116
1 40
151 184
30 -75
-79 -216
-140 -7
-25 -115
287 226
-99 106
-94 -75
66 88
-228 -55
-209 127
147 35
-20 -46
112 3
36 56
66 -97
-463 -63
194 18
62 125
-77 -59
-201 -22
17 123
162 252
-83 -90
91 -158
205 48
-79 20
140 -29
133 35
-43 -52
182 150
-62 -121
165 20
81 -6
-37 94
63 188
-183 -280
-117 -144
260 27
-2 71
-208 55
-150 16
326 50
-142 88
-21 28
390 77
-200 -76
-247 179
85 -23
225 -1
102 67
-201 -94
-279 -14
143 126
22 -67
-212 101
219 58
-103 -10
-253 194
233 -19
-230 -1
82 116
84 157
-98 101
-70 -67
66 12
-28 -34
167 -160
-249 -12
-43 -40
173 94
38 83
-1 -13
69 -75
112 56
116 43
-182 91
-59 42
164 55
288 7
384 45
-807 -49
-559 -57
195 159
344 -26
96 105
-80 -60
63 -67
2 186
-3 48
196 -122
39 -21
-102 17
78 95
-271 246
223 -82
-346 -182
298 62
-29 45
-343 22
-115 -24
255 -43
215 157
-250 30
92 88
-630 -331
21 287
217 -32
127 65
245 47
118 -97
-39 -2
-134 64
-159 81
212 -3
31 -77
186 -7
-16 0
-229 0
-171 134
109 -13
-137 66
40 -45
-14 -36
190 177
-80 14
-141 39
-90 -40
14 -43
-48 34
28 -178
17 -58
-15 86
-316 -98
43 46
359 92
189 0
-46 -8
-156 -3
-99 22
-87 -336
120 75
-38 105
75 -241
122 179
127 122
-261 -37
4 -59
142 -88
160 69
66 48
-430 233
171 -70
14 -172
-286 -14
214 252
288 -60
-127 14
-184 112
-35 17
-70 29
-76 -98
239 7
51 -7
174 105
-218 -62
17 -5
135 18
144 -108
92 -68
-18 125
-140 -228
-26 58
5 -4
11 -36
-114 240
-47 -9
-47 -285
-136 95
34 33
-157 -82
108 104
-12 -89
43 -90
-4 110
-164 -185
132 -103
20 190
250 -11
-82 -34
-94 99
-80 -4
-21 -114
133 9
315 156
-130 32
-727 -44
378 85
-33 -13
-117 -60
111 97
136 -55
11 0
-194 -90
178 333
327 -33
-302 -192
35 -116
87 245
116 88
-145 53
47 126
0 -5
163 36
107 94
-95 -56
36 2
55 98
40 8
-22 83
-110 -51
-66 -176
15 13
571 73
-62 -72
-474 -64
380 -60
-253 -135
-152 51
41 32
111 -23
142 116
155 225
166 -265
158 59
-118 47
-37 30
-391 -32
202 109
65 24
14 78
-15 14
34 102
-7 -90
26 1
87 222
82 -24
85 -146
-346 -7
-65 230
95 3
191 -94
46 -108
-285 44
159 13
262 108
-3 69
-209 -47
28 -3
-225 75
117 -103
141 110
-2 108
202 -36
38 -35
-92 132
-136 226
124 154
111 -66
-136 -417
-127 -274
-112 -157
86 512
0 262
54 -301
319 -559
-321 -321
-142 321
-80 311
-58 241
141 8
349 404
-294 296
-258 223
249 -586
218 -156
343 136
7 364
63 -159
-82 -516
138 75
31 -181
-148 -444
190 -329
-173 296
-25 670
80 56
155 417
-33 780
-42 -134
12 -19
-115 -229
-109 36
65 245
-43 93
103 -497
30 -1125
-11 -423
213 -404
-209 -634
-186 962
215 567
195 610
-136 338
-396 -10
347 -243
-65 741
-462 810
202 -135
375 -534
-531 -1002
-363 235
394 -453
132 -51
-122 202
-57 41
-50 256
279 412
65 310
49 427
50 600
166 33
41 -790
52 -1610
-67 -375
-156 555
83 -173
184 -840
-34 244
84 326
546 568
-91 552
-261 1369
48 284
-21 -315
214 -55
-117 -1248
4 -311
106 408
338 275
-351 -1613
-243 -625
164 1535
99 -264
20 -1610
-129 579
68 812
-44 -371
58 -147
81 1038
42 656
71 -310
3 236
223 -566
334 253
-1140 1219
34 181
465 -1041
160 -604
-460 180
27 -332
193 1361
21 -48
123 -1243
-61 80
101 899
250 383
243 -429
-139 -1617
-424 196
17 -101
3 1073
68 865
-90 -168
62 -1363
-165 -460
65 1649
8 773
44 -1613
311 165
324 245
-542 867
-107 982
-79 -729
-142 -1615
-87 1390
231 79
84 243
-131 283
-78 -947
13 -1022
131 1260
-17 -17
133 354
120 -412
6 51
14 282
-62 1649
-200 740
-11 -1556
-3 -1613
186 -531
24 607
-29 1649
-1 -145
42 -1608
-54 857
-100 805
27 1155
33 1302
93 -1615
50 -1615
26 1643
