-2 78
-10 73
-2 -75
48 33
130 20
78 156
54 53
-7 28
60 -67
7 129
5 22
-26 23
-35 118
44 102
-1 11
-2 36
-2 -76
-57 62
70 22
78 72
5 27
-46 51
25 -89
239 -18
113 142
13 149
-48 -46
70 -24
98 34
-9 122
-64 -29
75 49
28 17
28 39
-184 45
-40 0
121 182
47 172
-35 -2
90 -152
-11 79
-40 -25
0 119
133 148
-200 101
-2 -3
-5 -19
119 -59
-61 23
13 65
63 32
6 23
-51 44
-97 -5
115 89
-109 19
71 207
115 -89
-72 -5
82 53
65 89
151 73
-127 -82
176 23
13 35
94 93
93 -6
149 129
-81 -7
19 76
20 123
-47 128
-34 24
97 74
60 58
-1 54
92 48
181 -41
139 108
3 77
-158 22
-88 5
57 -90
72 -43
101 93
-20 56
-28 136
53 -53
-5 9
135 -7
-47 35
44 61
69 34
-20 113
-65 53
65 -90
47 4
-2 77
46 -38
22 32
44 124
-26 1
-48 71
190 53
-36 15
160 130
36 5
-131 -9
51 35
14 21
24 214
46 -33
-32 5
194 75
1 91
-134 8
2 31
-78 170
154 -190
172 120
133 96
362 -53
64 -2
-220 97
-60 13
-110 253
41 84
84 -34
34 87
-101 52
139 -160
66 32
44 64
153 -32
189 73
138 47
9 152
-35 126
139 -22
61 -37
64 51
368 -44
-224 177
-69 -24
63 -24
42 48
-26 80
-26 130
-40 -26
15 60
-91 -22
-34 160
40 52
-35 -24
79 23
-25 66
71 99
30 91
-69 179
33 125
-73 35
250 86
94 99
73 98
26 -68
-21 160
-80 86
-74 3
131 141
127 -50
-74 5
2 51
76 60
-25 123
91 -41
43 60
-186 8
150 54
117 -22
18 80
-22 132
73 -30
-73 94
-194 1
-145 19
-15 79
238 -76
174 75
-25 -57
-182 39
-156 62
128 58
202 -18
44 111
84 74
82 11
7 33
-247 -62
-223 48
117 45
218 -6
0 90
22 -19
-31 63
45 46
181 -1
43 99
104 75
31 -3
-12 104
54 89
12 -30
-102 91
31 149
57 81
60 3
-20 53
96 67
40 -29
33 -7
-46 -20
-14 -19
12 85
28 -30
18 -5
-36 79
8 144
73 16
72 -11
5 102
-32 3
-27 35
-18 77
-115 93
7 -11
244 -19
-14 12
20 24
90 -55
124 54
-30 35
-13 40
71 126
17 82
48 -13
108 7
31 100
35 18
13 -30
16 -33
134 1
-7 77
158 -13
100 62
56 68
165 87
61 -71
-66 15
78 159
-21 28
-54 -208
34 131
13 70
83 -57
25 139
38 42
-28 83
-30 -76
43 14
47 24
31 62
17 162
83 18
-29 97
35 -24
1 24
122 -2
95 166
-68 -14
-110 -150
-47 -17
26 29
-81 67
-9 18
-37 107
77 44
86 2
2 82
-2 34
95 12
-101 60
-60 -83
4 32
-94 0
81 47
-10 113
42 -11
-98 -185
66 220
16 141
-128 -88
21 -5
-51 86
18 -130
107 140
114 191
-112 23
23 19
131 24
-12 57
87 -67
34 -71
-30 109
-9 34
158 -120
87 39
0 49
-66 43
-59 -56
20 106
143 -58
57 -42
34 50
-12 72
-21 -196
-20 64
-83 8
-16 -58
132 -1
52 -3
93 35
144 2
99 -49
33 80
7 137
125 9
23 27
48 3
145 179
-35 -7
139 118
8 60
68 -49
-15 39
85 136
65 52
139 46
111 73
24 196
51 -58
99 -221
-48 222
81 144
100 -33
67 -82
84 -10
-102 101
-75 101
65 15
102 5
65 62
12 12
102 22
11 39
12 135
96 153
-70 -98
-61 82
100 32
75 -70
-22 48
45 142
8 65
68 -35
-39 80
76 56
45 47
11 -31
34 39
-17 160
94 90
7 -139
-63 -94
-29 -15
24 39
72 90
62 -31
-31 6
-6 4
70 50
41 40
-36 -25
-61 44
0 -65
-52 87
79 28
126 113
52 103
-109 -42
-5 -48
-19 102
27 -89
100 -13
8 16
40 1
79 33
17 -10
-70 78
79 -31
68 99
66 25
-144 15
-11 14
107 -16
-82 -19
-78 85
6 93
89 -110
39 60
6 142
79 104
67 -97
-82 5
14 94
66 40
4 75
-107 68
15 28
3 -69
-14 -33
30 -4
-2 147
0 -41
-5 12
131 36
94 46
19 102
16 107
24 11
78 -16
53 70
-17 41
-8 13
-63 24
-22 7
93 -72
5 117
-6 -198
59 141
21 22
42 119
75 40
-61 -6
145 125
53 60
111 91
150 35
188 -50
2 74
33 116
5 86
-8 -13
-15 -26
-52 26
39 -109
-138 41
-19 8
-21 -28
35 57
-9 -62
96 61
0 33
58 -11
-91 67
7 160
-74 -25
94 22
91 14
8 98
76 17
-120 204
-101 17
17 -36
-15 46
40 -97
6 37
-45 1
-6 -22
35 -44
-78 -10
-44 29
6 175
77 117
-5 -57
-100 121
-6 18
-55 -48
-125 -36
-24 -33
-59 -17
-82 156
-182 58
128 68
186 -51
-121 -49
-199 48
90 75
203 130
11 -51
70 -21
150 63
126 64
-2 60
-92 57
5 31
144 127
-29 7
-29 145
-58 -222
99 191
61 63
-89 -11
45 9
-52 39
12 4
100 84
103 74
-12 -13
-18 131
-42 -117
91 30
58 -45
58 59
-21 -73
-16 7
-8 0
73 -53
-82 1
-62 33
109 50
156 50
-66 9
-127 84
71 49
29 31
-15 39
36 22
24 -114
-63 73
28 201
-22 61
-22 1
-37 7
54 -36
151 4
-52 79
-19 -41
17 41
35 93
-63 -84
-84 -16
29 17
37 63
-43 129
18 -8
0 -15
135 20
-47 62
-12 28
-101 68
30 53
53 -9
-100 84
20 71
0 65
-2 42
18 54
86 54
0 -20
38 50
43 -25
-45 0
58 24
-6 -35
-79 -25
29 64
40 5
71 4
-18 58
37 -2
12 21
-38 53
3 36
-37 -27
61 90
-27 -12
65 68
52 51
-39 44
-23 -51
-141 91
157 81
-27 86
-30 18
20 -21
62 81
29 -43
66 84
-120 76
-48 -7
-57 24
-43 53
22 37
80 -69
26 68
34 -12
25 59
-24 31
58 75
72 53
-45 -5
-37 136
53 -3
7 -7
-31 109
15 24
-59 32
-3 -116
65 93
-69 19
-95 -3
-13 0
132 129
-62 181
41 24
140 -23
-49 -20
-45 90
14 135
15 71
33 22
32 -82
77 132
-84 -13
-33 40
81 113
87 54
36 -48
-97 6
39 30
-56 -20
35 42
-28 75
-30 118
55 117
-21 -31
111 41
202 105
9 8
9 -56
-7 25
43 59
-28 75
85 -64
-87 90
111 151
-40 103
40 -73
6 -59
93 49
23 47
-79 -83
38 -84
99 57
-173 23
11 -33
57 -7
73 123
-32 63
21 52
197 44
22 -96
9 84
133 241
-66 -30
-108 20
72 -69
60 187
61 -19
-137 78
49 -3
51 42
-68 -16
0 149
-61 -35
35 14
48 47
148 -19
42 6
-84 -47
17 14
143 70
60 -58
-125 -35
-46 14
34 130
-14 44
-1 -113
-57 88
20 86
140 6
-3 -199
-96 231
-87 -25
182 27
61 19
-87 60
-14 34
26 64
31 -29
-81 80
-68 49
-19 -125
108 45
-7 -54
31 -35
2 163
-108 17
-56 -26
41 71
2 -31
58 33
-23 0
63 39
-4 -17
23 137
-92 19
4 -103
11 -68
65 -41
-11 -18
-7 -48
0 97
50 -40
39 -79
36 -46
-62 53
21 18
4 15
42 105
-116 148
8 -68
-25 -60
-70 41
-74 31
-26 58
58 5
37 55
79 50
29 -31
38 -5
-28 -26
-26 -5
-46 44
-44 3
-125 -22
37 -22
16 59
-135 69
-10 -82
-71 39
49 -21
85 115
-69 -35
222 -7
6 20
-43 -38
23 127
50 7
-27 -30
62 -19
71 141
22 -74
76 48
-17 64
34 30
-75 7
-3 13
-46 35
47 48
-22 -69
0 20
21 104
-6 75
-38 30
1 -4
-17 -26
-70 -6
-45 168
47 110
16 -22
-4 -13
45 -55
6 124
-46 70
-15 79
-25 8
-43 22
-18 -64
-17 89
32 12
-52 7
11 -95
24 54
-15 -18
22 63
2 14
12 -75
13 -46
14 77
14 35
-54 -34
-110 43
86 49
-19 5
-33 68
18 -37
32 20
-58 -137
46 12
-69 14
98 65
-40 -91
28 -72
-12 34
-7 47
20 -75
-84 84
34 40
-19 -115
115 31
15 76
20 -14
-14 -25
-74 5
-4 39
34 71
-15 87
-37 32
-2 -23
-45 6
7 -46
-80 62
-14 83
52 -91
-81 124
58 9
23 -9
-69 5
-64 -42
-158 -87
-82 -6
-23 -41
43 73
-13 15
49 297
-25 1
-86 -17
40 37
-126 142
88 43
54 124
-30 -65
-74 24
48 109
109 -35
-25 119
0 -9
19 -12
-15 -25
-82 22
60 -16
-65 117
-83 67
-176 60
-49 29
99 -35
-29 -39
-51 -94
52 55
-62 -8
0 -78
52 96
-76 17
-45 5
-102 88
58 -61
43 -6
-131 -65
-19 3
-45 111
28 -78
77 -10
-53 5
-91 -39
-192 66
-18 106
114 37
-52 -33
116 -108
-67 225
-101 -50
85 119
-15 -25
29 -66
2 119
5 6
-123 -93
-159 -34
39 53
-12 117
-142 48
-39 -121
-96 36
4 73
-44 5
-7 48
81 22
-20 255
193 116
-31 -2
59 -70
-50 120
-29 40
-30 62
-3 -77
-78 -64
11 105
-63 -33
-13 -90
-88 -45
57 22
-11 -19
8 19
-25 77
84 88
-63 -115
-46 -55
80 -9
-59 80
55 191
-67 83
0 4
29 -49
-94 82
-100 15
36 111
179 -34
-74 -91
23 -44
81 26
18 111
73 16
25 -66
-43 36
-88 69
-63 64
13 2
-106 59
50 47
-72 -31
79 47
99 29
-47 54
0 25
14 13
45 20
-1 15
64 150
-77 -28
-69 -59
83 31
-47 -77
29 63
24 -22
72 -4
-18 53
72 118
24 -197
59 58
-9 72
-12 -19
-55 11
20 40
-53 -6
-16 -22
130 151
57 48
76 32
-45 -7
26 -57
-33 -35
-22 69
-16 51
69 -8
22 27
13 2
-89 -35
-87 40
36 -75
-53 49
79 -4
-72 -38
6 39
48 2
38 -126
15 51
5 46
-3 81
77 141
49 -208
-24 8
-20 44
-62 159
-24 -69
-31 -60
53 45
-17 -9
48 64
25 -94
-10 166
75 -110
-145 56
1 -38
-4 219
58 37
8 58
-10 65
13 -68
31 -25
-36 -4
31 -45
8 -63
35 -21
89 14
-26 0
2 -41
-4 16
-44 58
-56 37
-197 -15
25 -25
36 46
-15 85
192 52
-45 12
-71 43
-55 -61
-20 6
-160 11
-101 88
44 -27
50 -3
-162 103
-92 -74
-50 1
83 -57
22 118
83 65
56 140
68 69
39 13
49 -23
-9 11
27 56
88 55
17 54
-119 8
-58 30
-113 -119
20 11
33 13
-45 -20
55 93
-55 128
70 -28
-47 31
-80 41
111 12
142 -67
-99 -39
49 257
23 55
25 -9
114 -36
25 43
-136 -59
-157 -60
-74 54
65 34
223 8
-92 55
67 -126
20 65
-59 -75
-61 -169
127 52
-3 87
-38 13
-145 16
8 47
108 54
65 -16
-30 54
-48 35
-60 85
37 27
-9 115
-9 -73
8 -2
-112 162
-20 -168
22 61
-32 46
29 -13
-85 42
-37 84
59 86
-15 20
57 -35
26 -58
-79 107
28 14
-95 9
-2 81
1 -61
77 93
7 -117
-11 -57
-22 -25
-44 -22
-1 23
-12 -23
23 -62
-25 47
-3 79
1 6
-111 23
-46 -29
54 0
2 47
-44 25
-64 -5
-15 44
17 -14
174 40
0 12
-50 114
66 -85
143 57
-7 -41
-122 -40
6 114
-26 -77
-71 53
-41 60
-160 70
-56 28
-34 -16
58 50
-60 144
-5 12
-179 -39
25 18
43 -4
-60 37
120 2
-58 72
-78 -61
-123 -53
106 104
-98 48
-96 -5
-112 -2
0 -29
-24 -62
-4 16
29 36
-56 -23
50 47
5 -67
-102 200
-69 -21
15 74
-155 -118
-18 -60
-57 44
21 -34
58 37
7 -100
104 11
-3 24
20 -29
-15 -56
-58 13
1 79
103 -24
-72 61
12 -30
-6 127
-65 -2
-133 78
64 60
-123 27
64 -59
12 71
-35 -52
-7 -9
4 -7
36 -39
-62 307
58 -67
-58 37
23 -26
-15 -211
36 196
82 26
-118 48
-45 -23
-3 7
-93 86
-49 76
68 -18
-40 124
-52 61
2 4
-12 23
35 -93
-86 38
-123 112
98 -32
-105 11
64 49
17 -5
-36 -3
-26 16
89 -79
-28 80
-118 24
-13 -94
-12 -80
-25 136
-43 66
-55 -45
3 -5
-55 29
-17 50
27 -54
48 154
-78 47
45 -143
-25 79
-49 0
97 83
30 -143
-51 16
-44 -79
-49 13
14 -173
-49 101
-99 66
-5 52
-74 92
-59 -45
-95 64
12 90
42 -32
-33 -50
-30 146
118 0
15 -23
-5 -32
-31 35
-29 -17
-64 -55
41 110
46 -21
-64 -81
-51 119
-15 -14
-182 139
-52 -5
-130 -22
94 29
-82 13
-2 -37
45 24
-92 187
-72 83
113 80
8 58
-3 -21
-54 -127
90 40
-61 -42
-127 -4
-16 135
47 112
-130 0
-24 64
-40 -35
-74 57
-23 -29
15 -12
-3 41
-34 62
-44 130
-17 -47
-58 76
-1 -34
-43 30
4 42
-44 65
68 24
34 -49
-9 6
-69 37
-56 -37
109 -17
-99 -53
-76 102
28 53
-68 20
-158 122
34 -71
97 38
-8 -32
-46 -22
-25 -53
27 39
8 33
173 33
13 11
-60 -39
-99 -86
-32 92
69 126
-78 -115
55 -3
-9 35
-45 47
84 19
69 85
-44 44
-28 -54
-89 61
28 72
19 87
-56 37
-93 24
-72 187
-7 -54
84 -10
54 42
-42 -52
-44 -58
-120 -113
-37 127
-51 25
-15 2
-66 -101
51 148
-41 39
-16 60
154 4
-22 11
-87 14
47 -28
-77 -54
-83 15
-38 43
-114 8
-26 49
22 78
-93 96
-87 -5
-91 27
-170 -19
0 -97
-34 147
-102 15
46 23
-111 48
-29 -21
-45 -43
-79 -53
70 45
-128 116
-69 -12
46 -51
76 85
-74 -148
42 -19
36 14
36 -15
27 -4
128 55
61 -41
-61 5
112 9
-66 -135
21 26
12 46
-116 -123
-6 74
-1 12
46 -2
53 33
-58 4
32 13
-33 -51
-37 75
-15 -3
-36 -142
6 -91
-122 108
58 -61
-74 -25
-8 37
-16 -110
60 46
131 77
171 -116
-57 -66
-58 -29
64 58
-71 -20
-55 11
-30 -44
-54 20
67 43
-55 19
-90 -76
23 16
-23 -29
97 45
31 -19
62 -4
-9 -6
-65 -72
-151 25
-91 -68
1 -26
19 63
-27 52
-61 -17
-11 25
-49 41
-93 126
-5 -136
86 -58
-50 -55
110 -70
-129 -16
-17 -12
-62 31
-53 -17
31 -57
-57 -11
-131 59
23 -3
-15 -100
-90 -89
-42 67
31 123
-3 47
83 27
42 55
-52 59
24 112
-15 -28
-43 46
28 39
-43 18
97 -60
-96 48
84 3
-120 -52
18 -11
-118 44
-41 15
121 -61
-54 130
-52 11
-82 35
22 15
-63 -40
-57 -50
34 29
-45 2
-133 -9
-36 -85
-25 -17
-68 -59
-31 -68
23 -51
-17 -38
115 -34
28 48
-7 14
-3 -83
21 -54
49 -46
-30 -82
-1 -16
-87 71
-42 -63
42 13
-123 0
54 -71
66 -89
8 5
-18 222
-33 -27
7 -164
-125 -34
25 -52
-28 -2
45 96
-58 -10
-65 -30
27 -99
-102 37
5 -35
35 166
61 1
-32 -56
-112 52
77 12
-97 63
-39 -15
75 0
-16 -111
38 156
105 -14
-47 -109
-40 45
-171 -161
69 66
-11 35
25 78
2 127
-64 -77
-7 -225
-69 102
-30 177
5 -17
23 27
-39 -25
-16 9
-30 36
38 -145
-100 221
46 21
-15 -82
-136 -3
-120 9
-36 65
-76 -20
-5 -44
4 5
-98 -3
-27 -19
-15 -34
53 -9
-13 71
126 32
-28 70
-4 -117
20 -35
-89 -8
-91 70
34 -33
63 -93
1 -67
65 32
-35 -3
-12 33
-63 -88
-13 -38
-34 41
50 62
-116 28
-5 -24
-34 -7
-11 -45
-10 17
-40 5
-58 -24
-151 31
-27 9
190 8
-76 60
-38 85
28 6
61 -78
-85 15
-48 -9
-17 20
-29 51
93 -18
-98 -76
-38 28
-53 58
103 -16
81 -36
4 35
-5 50
-35 28
49 1
100 -52
-73 -67
7 -44
-124 6
175 133
73 -4
16 85
71 -115
61 -60
16 -25
-194 -13
-76 32
12 26
-42 34
-88 -47
9 41
183 3
-129 -44
65 68
41 9
-208 -39
-69 -120
-102 -45
37 -14
17 -129
-19 -27
-9 -42
81 -84
240 64
-80 -25
-59 -5
-76 -42
39 -50
0 -9
268 24
-175 -21
-55 -24
-24 1
30 -53
44 15
59 35
133 -57
14 -104
-34 -4
49 -34
137 -39
-55 -6
-57 98
-28 -3
-44 -60
-47 5
-21 -60
58 55
19 85
-64 53
-51 -17
-5 -14
-56 -98
-28 19
67 -11
86 -1
6 45
-50 -39
-80 54
57 -36
145 -86
-43 39
27 -26
45 -63
-291 57
0 24
87 -43
37 37
-439 79
79 -23
68 -86
6 20
45 -12
4 1
-6 -48
-91 45
-3 87
33 -53
-84 -23
-72 111
-25 48
6 -89
-1 27
-30 -87
31 17
-24 -1
33 77
-2 69
-45 40
-111 -15
-24 -61
-73 -4
12 -76
-47 65
-32 -40
-16 -37
-9 -36
-34 16
-60 -168
70 -146
-22 7
0 66
-27 24
-53 -18
-34 33
21 -55
25 64
-42 66
6 -65
-74 -15
-42 -43
68 -40
-83 -101
36 64
50 -11
-5 -78
-40 -6
-23 34
-50 -66
-90 18
-19 45
-43 -62
20 -12
6 104
-165 -14
26 -75
-25 -38
13 29
15 -72
14 83
5 110
-96 -106
46 -61
-66 20
-25 -16
-19 32
39 2
-9 57
-3 -3
-60 -5
0 57
-86 -8
0 21
-45 0
12 41
-16 -152
-33 -43
-30 -22
-36 -15
-110 109
43 42
-154 -21
-74 -39
-20 -47
-19 20
50 198
35 175
-50 -22
63 -86
-5 -27
18 66
6 -21
-42 -54
-29 -20
-20 -23
4 81
65 -82
-1 -58
-93 0
-117 -54
130 108
23 6
-107 45
29 4
-39 108
54 -27
-73 -42
57 122
-9 -21
-20 -5
81 -25
-37 31
-59 -16
-26 71
46 15
-34 46
-55 17
42 -89
-19 5
-31 35
3 -37
39 27
-31 -106
-221 -45
110 27
108 -40
15 22
127 102
-76 21
-60 -97
46 -10
-83 28
-125 104
19 -35
122 -49
-11 -55
-144 52
-92 20
-42 25
-69 -93
-61 159
16 33
112 -9
2 60
-62 -198
-60 45
39 69
-143 -67
18 62
41 165
92 -22
58 -60
-86 -124
11 99
12 95
40 62
89 -142
-21 20
-184 -32
-61 -64
38 103
6 -164
-1 182
-78 -177
-25 -1
23 30
-74 51
-25 -91
13 -13
-48 0
126 52
-78 51
12 80
38 -197
53 34
-189 -53
-43 -46
-14 -38
13 -36
29 -3
-71 -32
-28 178
-1 0
74 8
-154 -15
-157 66
0 40
-75 31
42 -5
-25 -54
-125 90
-106 66
50 -173
-8 98
-105 22
-73 41
-41 -71
67 130
-14 -20
99 63
-65 59
-58 -2
-93 108
24 -24
-90 75
34 11
94 0
79 67
-110 -34
-24 -95
3 -15
-80 0
-1 70
25 39
-85 -72
-25 44
-128 -60
-13 60
24 102
-44 -20
12 -26
-3 -104
-26 74
-68 38
-1 -38
-35 91
-72 -33
-7 40
-7 13
-104 72
-16 132
-133 37
-38 -20
-48 2
-89 34
-1 81
39 -94
29 57
-9 81
57 72
76 62
-94 86
-10 -22
-37 54
32 108
52 -21
44 -143
-10 43
-67 95
12 3
-27 -35
-23 -49
-18 -4
-72 45
30 114
6 71
-56 -101
18 1
159 112
-102 7
9 -25
-15 84
54 -14
-123 107
-20 86
-158 -26
121 50
72 11
35 56
-141 37
57 -83
59 63
-81 -30
47 48
141 44
30 89
-94 54
47 91
-154 -30
190 62
39 104
73 -56
-142 -12
-38 66
-40 1
15 13
31 -93
9 -177
73 148
-19 116
-2 109
67 -148
-99 -69
37 166
65 29
82 71
47 -55
-78 58
-134 75
-63 -27
-140 47
120 15
47 -13
-58 11
-121 51
-28 -50
46 48
73 20
3 -57
-100 45
86 57
87 131
17 -56
-3 15
70 70
-29 -108
-80 94
-134 67
58 124
-89 134
55 -18
44 -39
0 3
-45 -5
-22 82
42 -57
-22 -43
-80 -89
-49 2
-78 77
4 -20
38 -93
-19 -65
-1 0
38 16
21 -24
15 28
52 -17
27 69
71 -58
-29 74
91 15
-56 61
-52 53
-10 -109
31 81
-4 18
-76 -33
23 -32
-24 46
39 -16
8 -31
40 120
75 64
27 3
-142 -51
-9 32
-99 21
-36 43
-33 40
-28 -11
-50 95
-80 -29
-67 16
-81 33
-46 24
-163 -53
69 -17
-79 52
-119 60
-3 183
-58 55
39 -98
-146 7
-51 -46
74 -32
28 -58
-89 93
38 48
-157 26
24 -31
38 49
12 -83
-80 -80
-73 18
4 31
-54 -3
68 36
-153 96
-212 19
-75 -55
-11 15
11 33
-42 -26
-38 55
78 120
36 55
76 -151
-48 -8
-23 -4
26 5
-15 34
-37 112
7 -55
-24 29
-3 19
-51 -28
76 -93
57 26
22 -16
-39 -31
-14 105
-75 -13
-71 -36
-35 15
91 47
25 33
24 20
-188 -14
7 15
62 27
66 101
73 41
-8 15
-143 20
-122 -36
175 79
-4 67
-23 -50
38 0
27 109
-74 -25
12 16
-11 110
22 33
24 -2
7 44
49 65
-26 32
-85 -15
0 52
-33 99
47 100
38 15
-1 51
-118 -21
67 83
20 53
119 5
-27 68
76 -31
36 19
0 92
-79 78
-11 47
-3 -29
53 25
-18 -45
13 44
-6 3
-32 8
15 1
-14 0
-23 71
-17 42
30 12
80 -136
-81 220
68 -14
-24 59
58 6
-25 86
125 -58
0 4
-15 20
92 -61
75 -28
62 -59
24 -40
56 142
26 25
-33 -95
15 -61
33 29
-86 -2
21 20
136 -85
-46 -38
-62 71
42 46
-53 -63
34 -69
-20 103
-107 21
-15 -66
-16 -11
46 97
-13 -1
37 24
38 -130
-71 -38
20 14
-74 61
27 -83
1 42
-75 150
7 -70
-23 -5
-117 108
-76 -47
99 24
-224 2
21 -44
-102 -88
86 -131
-35 68
-87 57
-44 -113
88 4
-62 19
5 -36
-55 39
-28 -10
-95 -26
-40 -23
75 -57
111 -45
-70 -64
-27 39
78 -71
32 118
-7 -68
-111 58
-19 -64
71 111
52 -71
-175 -129
177 -99
-17 -38
-21 9
-66 43
19 72
-69 23
2 5
103 -33
-17 -12
39 95
107 -9
5 43
-32 -14
-98 3
-47 -141
-89 -82
133 8
142 32
-127 -41
111 -17
-129 -90
98 -46
-55 -23
3 -71
52 159
-21 186
8 -148
12 -26
-19 68
0 -43
-37 73
-38 -10
-3 -22
30 119
37 -47
-63 47
-2 30
-33 -44
-53 -19
58 -43
-39 21
24 34
24 -4
-1 8
-143 2
-10 35
-48 7
66 20
-38 -15
-55 -95
-86 61
-56 68
-72 1
-148 -58
45 44
25 -4
-126 26
108 -55
109 61
22 -5
-19 5
3 133
87 42
-15 -47
-45 -25
-2 35
-28 86
43 -19
23 -18
-67 -42
-71 12
-44 43
4 -52
-34 19
55 116
66 28
32 94
25 23
-2 -66
-35 53
20 -49
45 -68
63 51
52 14
-81 -28
-65 -17
-22 -32
13 34
6 47
51 -160
-19 -121
-60 75
29 -10
-12 101
7 -31
54 65
-42 -30
85 46
-43 30
-3 0
-32 76
-21 48
79 153
21 168
35 249
-19 -447
78 -739
92 -86
46 230
-41 267
72 -105
-45 -318
-27 66
-36 150
-5 235
7 136
199 -496
-2 221
16 -361
-63 61
30 324
13 84
-9 40
143 -102
-2 138
23 636
193 -141
-94 -430
-50 -66
-14 -1329
72 -536
88 920
6 749
-117 -304
-5 91
-7 392
140 786
76 19
-80 264
-18 -1096
-34 -799
-57 -149
65 270
-45 710
101 -97
22 -240
88 129
54 1002
-67 631
108 -107
-182 -1224
-56 -1606
53 394
166 843
-135 617
97 546
80 284
38 -807
30 -733
59 988
-79 -87
8 -437
36 -133
154 219
-15 -181
-115 -69
26 -666
47 501
-7 463
5 -911
15 686
50 382
-19 -442
-10 -26
6 -295
114 560
-108 441
-7 703
105 -348
51 -146
51 -1613
26 -1608
83 325
-10 472
-78 1186
87 117
98 -578
26 46
104 495
-55 609
-109 186
20 603
-10 -192
39 -977
89 -460
-85 341
109 605
43 140
-10 814
-1 -154
-48 -82
28 -284
8 -992
129 -689
8 32
-145 502
36 792
32 -75
-95 -432
-17 -447
-31 882
41 879
93 101
55 -411
57 -138
-12 304
31 -33
-19 -299
-41 392
-3 -477
20 77
-54 714
-41 118
69 -634
-98 -328
15 386
-70 1424
-69 -773
-72 -828
-12 557
28 118
-46 -63
-50 -87
-83 221
55 1023
117 -186
59 -199
-122 -383
-18 329
103 -92
55 49
102 62
12 361
-50 78
-62 -971
-67 -296
-44 7
69 1295
1 388
34 -515
34 -697
-25 249
-10 416
34 94
66 -892
27 -1614
-53 1649
-14 1342
-19 -229
7 -289
114 108
-4 -328
63 -240
-39 191
-19 -165
186 39
43 -230
-154 -281
-507 428
36 267
437 82
575 330
-530 -442
-1078 1445
73 1137
427 -1615
463 -49
-8 -392
-270 -342
-150 270
127 297
123 -1049
191 1048
41 861
-141 -1615
40 168
-20 52
-19 201
-48 851
237 289
-84 -524
-185 66
126 294
28 -333
-90 -180
-159 186
-121 136
150 -107
-58 -358
37 4
37 153
199 116
-137 164
-288 482
39 148
19 -909
3 -379
294 879
97 638
-86 -81
131 -231
-151 -279
-631 133
-197 -169
229 -1288
215 704
5 1039
-132 -233
60 570
36 -735
255 -188
212 -361
-178 256
-55 891
-71 651
-149 -747
20 -568
76 -356
14 60
199 733
-261 -634
-96 745
189 566
177 -281
468 -358
-23 158
-145 -39
-16 39
382 251
-167 304
-321 -713
160 -150
-7 242
