-130 -330
335 66
438 165
-499 -18
-781 109
206 294
213 -123
-591 17
-350 -55
483 -167
49 -131
150 -21
277 -158
97 112
158 -114
306 65
-73 -276
-452 182
142 293
377 -59
-362 -278
-675 77
-192 -51
252 16
689 143
-335 -116
-366 21
135 -164
-43 59
252 -71
449 198
82 285
15 -195
12 -330
-577 -23
-95 318
287 -193
-36 108
481 34
-342 -43
-774 -10
-40 -304
-11 164
-153 154
216 -36
102 -30
254 220
189 113
-341 -41
-308 -28
124 -138
-85 -75
-114 -18
50 -99
457 -55
55 88
-200 -120
405 45
612 54
616 209
-371 -132
211 25
-1613 -83
-943 67
982 -70
402 -43
-1613 -154
-27 -4
1314 -28
204 -108
-176 177
276 150
54 -85
-1454 -16
213 -19
1129 -84
125 -17
259 -69
-944 -41
-726 44
1029 -63
-102 21
643 6
1361 17
-126 9
-151 -205
-145 36
-715 286
763 63
794 -98
714 24
498 76
-477 -156
-1093 67
-601 1
1649 14
-288 -54
-1613 -280
657 16
1141 -118
-807 -198
-670 25
739 -53
391 205
309 -155
-180 -146
725 -22
-670 -74
-460 -8
294 -7
735 184
-771 -79
58 -133
-392 79
-116 89
322 85
485 -100
864 281
-405 -137
-41 -134
-511 251
-1364 -182
9 -39
761 -140
421 -148
396 41
-530 -61
-439 -191
1063 124
63 -88
-638 -2
13 204
90 -150
727 -264
-229 -101
-1136 354
404 -164
1127 18
-1393 -222
-937 -102
603 71
370 326
-356 -197
618 -2
-437 -211
-111 -35
431 -31
-748 316
856 302
403 -195
-731 88
143 -179
701 -61
-1355 -7
108 -112
1032 85
50 236
735 -448
-1117 318
-872 129
323 -234
99 1
-10 444
-291 22
28 -50
942 -96
-47 -98
85 -20
-506 -225
1152 308
-251 347
-1019 -433
-123 -322
619 176
370 349
-391 -14
-27 -463
-565 -49
479 203
353 34
-219 -348
-169 146
484 127
-387 -49
-580 -57
47 174
152 128
-22 -171
-392 -129
640 -323
-110 -331
898 158
-624 138
-703 -103
-272 -41
75 -385
477 -19
348 172
-312 137
-336 327
326 77
158 141
-221 -102
1169 -170
-748 -47
-615 299
143 -24
-311 -39
26 -108
181 276
491 -28
377 -204
-64 144
-986 87
583 -52
399 247
-614 -428
11 -321
394 293
-866 52
321 -137
279 110
319 -39
462 -12
-1134 -12
99 192
-132 29
-361 156
323 0
-10 -207
80 -279
54 479
152 -52
451 -379
-50 215
23 0
47 -175
-310 118
22 -203
-91 77
-490 33
85 -67
423 -168
40 316
-252 -187
-263 -249
276 -179
632 156
3 -98
-277 -201
675 -41
-1141 49
-161 -192
606 159
-691 -71
-133 114
164 -17
243 -18
287 -122
257 -69
-251 -433
-278 196
-34 28
-39 -22
18 31
-28 -156
-140 -24
-58 426
136 -122
-78 44
-284 331
-384 -262
342 -63
139 62
547 -27
-137 115
-828 -103
243 87
411 -75
-137 90
116 -19
248 84
112 -190
-487 -18
7 -84
174 68
-261 5
-58 46
206 -93
-93 208
50 104
593 -539
-702 227
-598 342
431 -74
309 -160
-32 -203
51 244
185 -122
43 -39
-426 150
59 72
-125 -112
326 -64
140 23
-64 228
-199 -251
67 42
351 -95
-540 85
-473 -109
14 191
382 3
-78 -375
65 167
-73 -82
-82 39
260 -96
-356 -507
47 114
237 294
48 136
259 -128
100 81
133 -44
-351 -231
-10 269
0 0
214 -275
46 -204
-535 200
-131 -140
145 62
14 65
112 101
533 -228
-304 196
-74 309
342 -33
-101 -177
-32 174
177 -463
-424 0
-2 0
536 -90
-440 -4
-381 45
293 -52
-259 -34
-281 -96
146 -239
308 -28
-474 303
-212 -70
609 -189
314 222
-633 -137
310 -177
-101 7
-256 -12
52 -232
-135 58
215 162
-74 45
204 103
-75 174
851 -17
-1040 -54
-179 175
86 31
-101 -10
268 -294
-53 152
91 74
-398 -279
-118 223
304 103
257 -245
159 69
49 -114
-113 101
274 -113
72 -121
-450 182
-55 65
488 -30
48 -43
-489 -93
-343 21
505 47
-125 -108
-236 -310
4 227
27 -101
22 -84
115 56
240 97
59 6
218 -240
-751 37
-4 182
508 -143
553 50
193 -63
-1613 -81
-45 122
537 -168
140 -24
-84 1
21 117
-64 -4
-3 106
-58 -105
36 -235
200 23
210 -65
126 11
-189 227
-117 -209
-449 -11
-245 52
152 -315
256 258
-160 -5
314 -58
179 28
-58 18
138 222
544 -92
-341 -68
-356 -21
408 79
-163 209
-260 75
3 203
381 -62
-264 9
92 -118
295 -75
-137 199
90 -166
-113 187
183 62
-63 -7
-356 120
-3 -3
314 -63
-382 -200
19 96
351 -26
94 112
-125 78
17 -90
-120 66
114 -41
268 -3
-61 107
-55 5
384 20
-338 61
-263 36
79 -175
473 89
-519 -209
-364 37
486 172
66 -51
-140 -30
-12 -117
115 52
-100 24
-114 -132
203 160
374 170
-394 -109
59 -203
-215 64
26 225
7 95
5 53
138 -94
-17 -5
17 81
490 -3
304 -110
-1077 127
-866 -17
695 163
169 -292
-400 309
-131 -299
107 -45
67 114
223 -59
133 9
93 127
22 114
94 -152
-213 -101
-184 151
128 79
-196 -54
2 -160
171 167
-359 18
138 -126
205 -8
-55 244
-155 -138
0 -279
-156 157
-166 162
762 -20
-736 -93
-273 -6
421 -157
473 223
-410 129
-269 -143
2 142
124 -36
178 81
18 -125
-121 -90
-902 156
-209 133
256 -126
-74 -154
0 70
292 129
-294 39
-299 -42
-10 -52
192 -126
335 14
74 -70
-178 -129
-113 60
115 89
137 -241
-474 -51
179 -74
208 287
310 -1
-535 -184
-109 157
105 27
73 106
-121 -36
-116 -44
-156 162
278 17
455 -105
-401 177
246 -123
230 -29
-388 -22
-248 -193
237 -99
149 -50
353 146
-335 34
-149 -240
98 136
240 91
58 -26
-198 151
268 -51
-57 -30
-128 38
126 -84
-363 -182
116 103
225 -115
-172 59
107 -49
-287 110
64 -118
207 15
-61 -83
-39 44
-24 -156
16 256
98 129
164 2
-161 70
98 132
-52 -545
375 387
159 -54
-678 60
-219 219
258 -479
-169 234
12 184
184 -214
-15 144
-107 207
131 -39
70 54
58 -192
79 40
89 -66
-22 -48
-167 60
-102 57
-52 72
-72 149
94 85
-97 -55
46 -34
194 -91
20 244
-287 -219
-47 138
119 -182
211 -33
-14 207
-162 -140
119 -35
-104 196
2 -178
-35 34
-77 265
48 -93
-93 44
72 -41
175 136
351 75
87 51
-531 -136
-107 71
-44 44
-95 -2
444 -34
-70 -120
-395 117
131 -86
96 -41
50 0
265 77
48 19
84 -47
-317 120
131 6
147 15
-202 2
-157 267
69 -238
-241 -170
-91 15
-56 199
-83 67
103 -48
-108 29
173 -35
98 -60
-91 17
88 144
36 -73
447 -100
-205 -165
-409 -127
67 145
-310 337
277 -188
291 3
-241 95
-26 116
-65 104
-56 -13
50 -28
-69 115
70 35
-66 -2
52 113
-56 2
-63 129
-222 27
-6 21
226 -59
-282 -94
-252 52
302 -232
84 99
-149 152
212 21
177 -5
-314 3
-165 -12
155 126
182 -6
-226 20
2 25
112 -94
-84 -115
-194 60
35 41
41 137
-4 -153
48 -128
51 75
-174 179
-29 9
155 82
-301 -18
66 -270
-254 -209
-229 143
145 86
-56 -166
112 50
-55 -37
-216 -44
58 202
153 124
34 151
-13 20
-168 -154
146 232
-37 14
-461 -35
122 -39
214 52
129 -67
-89 82
-302 -85
-11 -18
52 -141
285 370
14 -14
-489 57
-105 -107
221 90
120 67
-193 -67
167 6
-14 -26
167 54
355 69
-269 -211
-169 -61
51 -33
276 219
50 107
-525 -146
-17 53
75 -35
-35 219
183 -89
-91 -1
-92 293
229 -144
508 -116
-619 164
-326 -98
11 167
261 28
-161 89
-291 142
71 -200
52 -115
-477 -10
-123 170
203 165
-320 -65
-206 137
226 -16
77 -41
-55 116
73 19
-27 215
-97 14
-11 23
196 -118
-281 123
-211 108
302 114
257 -116
-416 -32
-467 153
-193 -102
265 77
30 -11
242 143
-293 -90
146 60
-54 71
-59 -200
-19 214
57 72
-48 72
-168 192
-158 -136
93 90
74 -126
-305 -118
-107 -51
194 -97
112 70
0 -151
-326 243
46 -5
79 -136
261 110
-131 138
59 42
44 39
30 -255
-209 27
118 -100
-449 -1
117 149
25 56
71 -13
-5 4
47 -72
129 200
182 -52
-397 53
14 48
67 -10
-176 -235
4 194
-118 331
6 -143
-69 -69
-309 104
-70 125
505 -142
-408 -34
-353 62
135 78
-110 -70
138 86
193 -97
-29 196
-224 -202
-124 300
184 -53
125 -81
-287 -57
0 59
318 136
14 -233
-36 50
-275 74
8 -34
113 56
67 -138
-152 133
134 -161
-18 99
-80 -23
-565 -253
328 289
87 147
-205 -41
-30 16
221 -62
-204 -7
-16 14
-102 66
211 76
46 -26
39 -156
-53 -151
22 110
216 57
-288 78
-227 60
13 51
241 -18
155 -203
-442 92
-554 205
147 51
196 -133
183 20
-158 210
-22 94
-80 -100
-40 15
232 -27
-495 14
-167 5
385 -193
82 259
-331 16
5 12
144 -71
-339 -27
-106 78
332 25
262 75
-150 13
-154 -198
248 -122
-124 172
-136 -41
53 -43
108 117
201 -153
-123 91
123 271
-526 -140
-113 -30
166 -39
344 -31
-59 -81
-130 44
-19 350
-269 -255
222 92
-23 -18
-28 -39
-5 155
-84 -137
-22 59
30 -79
67 14
-61 -47
110 -37
-62 -79
-27 221
4 160
148 -119
-3 18
35 54
74 -54
-79 36
-100 -87
113 78
6 25
-50 223
-10 151
149 -304
-173 80
86 267
292 -100
-447 -74
-278 -20
577 181
-30 -53
-540 -278
256 116
89 12
-319 -13
300 -50
173 220
89 -12
219 -53
-89 215
-89 136
76 97
114 -224
-64 -82
-120 -156
61 294
-119 102
93 -84
-73 -142
-141 38
-10 -95
-27 -76
-6 80
-16 -31
-79 -127
-110 19
-100 140
36 55
-3 39
-45 82
29 -25
99 -19
15 19
95 -70
-12 -145
-125 13
239 -58
-318 61
-4 -189
32 195
80 -111
-326 26
43 134
187 -230
-117 23
100 -13
-221 6
-140 219
29 -63
-5 47
20 148
152 -17
-151 -124
-80 -175
-218 117
-22 -85
-288 180
162 -73
207 -46
-512 117
407 -140
-148 44
-2 -13
69 83
-157 -49
65 -39
4 -79
-434 38
-106 68
56 5
210 60
-37 44
46 -13
53 43
268 -96
208 38
-804 -96
108 186
111 -1
133 81
-34 -37
-286 -153
44 -9
115 213
-55 -4
95 -136
-90 154
-205 -80
-23 82
-4 -25
-17 42
-70 80
-65 -120
-125 -42
2 -151
144 271
-266 -212
11 -273
169 133
545 25
-258 -11
-671 64
199 -32
264 -53
88 16
-108 -5
-140 132
7 -302
91 32
72 46
70 171
-18 -173
-163 -89
47 68
121 -65
-214 -92
-223 -9
127 -165
89 88
11 -113
-48 -61
-8 72
0 -12
7 -14
134 82
-19 14
78 39
-15 -11
-360 112
231 -42
-213 -34
-182 -304
-210 76
638 -34
216 117
-269 -23
-202 17
255 -46
398 195
-75 -94
-135 -99
63 174
56 195
11 -31
70 -46
-47 -255
-78 -2
24 34
15 47
115 -38
-29 263
-357 -229
-147 -71
164 64
-36 60
206 119
-23 199
-113 2
-432 -87
76 -138
285 235
-68 -74
85 39
-447 154
59 40
146 42
31 -12
5 -45
130 -89
73 26
250 36
-512 -99
-140 -66
204 92
79 9
-42 69
338 -16
-330 -30
-260 83
301 -181
83 164
-127 133
59 -100
144 -161
134 -53
-528 198
-11 40
139 17
1 -12
23 91
-137 -49
24 42
32 -291
30 111
135 177
-38 70
125 -116
116 -81
-69 -33
-26 92
-1 -109
-224 116
-53 -92
9 -56
-444 259
-42 -1
219 -18
284 -140
-93 -28
27 122
-7 -81
163 -10
-206 -55
-24 17
409 137
-279 -275
-201 -5
463 171
19 53
-202 25
-55 -23
143 43
-35 -130
-39 -68
276 107
-75 -63
-100 192
24 16
118 -16
52 41
-161 -77
17 -131
227 324
-30 -54
-218 34
-165 -86
-94 99
-26 79
216 163
149 -168
55 137
-594 94
-80 157
80 13
58 -67
269 74
74 -69
28 -40
178 181
-703 94
42 -255
124 105
109 86
17 -104
196 330
-49 -128
-242 -65
73 92
9 0
-106 -80
255 -21
-376 163
-247 38
-18 -83
215 36
36 72
30 46
54 67
-91 -13
228 18
18 -149
-254 82
-53 172
424 -94
-373 -25
-155 -11
26 75
-187 69
-45 75
147 14
169 -106
-113 124
-337 104
75 -70
-101 -133
-214 48
-155 170
501 125
-75 22
-619 -55
15 96
79 140
22 122
203 85
-186 77
41 -34
28 224
-127 -21
225 -78
223 -80
-240 106
-257 63
-37 150
247 -3
86 -62
-170 -25
-166 90
-150 -139
603 65
174 29
-879 -50
-117 148
176 52
130 88
81 100
-293 -17
-114 53
130 175
155 -176
320 -56
-315 -29
-386 -13
-6 12
196 -15
-311 -128
44 288
-259 103
186 203
250 -67
-181 82
-251 -86
99 -59
16 117
-89 17
-40 76
-50 17
11 -13
-558 48
-80 190
274 -79
108 169
12 -333
-77 120
-106 43
25 45
44 -49
74 88
-548 -89
244 -21
223 0
-252 39
-77 181
-118 144
51 -214
66 -28
119 117
61 65
39 -76
20 -19
-37 197
-95 -87
-103 85
-241 -145
134 31
-45 -209
-86 -1
192 56
-237 149
-175 96
299 81
-90 52
-196 38
-40 -42
157 -69
67 186
175 -18
148 -140
-333 24
235 29
85 -108
-567 174
-58 144
202 46
46 82
398 -20
-82 -386
-593 90
26 136
72 -130
15 169
25 36
-27 -196
-13 152
79 23
-175 -93
-20 24
485 109
-535 33
-80 -32
-232 148
-5 162
23 -148
-136 9
28 80
189 -73
225 216
-35 247
-562 -211
29 66
326 56
-20 -25
-45 69
6 24
-248 166
-62 1
-190 -40
82 -73
116 47
-53 68
0 32
-36 -40
-46 -51
141 86
50 132
-91 -98
1 -13
53 85
193 -234
-303 169
-166 -148
108 42
53 106
-88 11
144 44
-16 39
-166 134
314 94
-258 -93
-445 139
-294 84
106 58
412 -140
-126 -50
-193 219
-130 26
148 14
4 -50
241 -59
-234 -78
-396 18
13 48
64 92
145 -65
-209 23
-389 48
86 111
52 -87
49 167
-85 48
105 71
79 33
31 89
-77 -159
-231 23
265 11
-174 -108
-364 7
-20 245
292 52
27 116
-172 34
-36 -46
226 -2
-1 2
167 103
356 86
-213 -45
-305 -45
86 62
90 271
-55 43
25 83
-80 9
-265 0
455 108
-5 -20
-96 -202
-158 -3
113 62
102 132
42 195
154 -275
-140 -65
-255 156
100 -62
299 173
181 -64
-317 -29
-348 99
70 145
197 -75
139 -273
70 87
-91 124
145 164
327 -116
-293 169
136 -202
2 -198
-31 224
-67 149
-5 -46
-57 -102
-21 -48
101 -7
-33 91
25 -11
350 46
-90 26
-103 0
-178 96
15 142
14 -247
-210 -169
27 112
108 0
-27 164
219 138
78 -204
-103 36
-177 42
-69 178
137 -13
-204 -63
135 75
-33 170
-83 39
133 -33
-91 20
67 -76
40 129
55 104
67 -23
-316 110
422 9
1 8
-184 39
-315 -59
161 9
125 40
125 54
378 -74
-839 70
-215 -59
168 135
-80 67
105 0
169 -54
-152 105
-182 73
97 -70
11 -203
102 -28
232 94
-91 33
-219 76
-110 24
158 -5
148 -205
-91 96
190 174
-219 32
-172 -201
83 -98
291 108
-240 -164
44 229
-274 -59
160 124
601 -128
-477 -42
-658 -6
260 -170
416 264
22 70
-54 93
-24 17
82 -85
-60 54
-42 99
542 56
-169 -113
-181 66
-48 180
133 -21
-375 49
-155 53
-67 -39
52 11
81 -166
52 312
-195 168
-92 -10
123 -52
95 -2
-67 -20
103 237
92 28
-1 -4
-245 9
71 85
-123 -36
15 -23
705 51
-456 24
-554 -70
238 -31
177 -141
247 134
-35 52
21 79
-161 -106
43 115
233 123
-17 -9
-224 -69
123 26
-356 33
71 -53
91 -9
72 125
-276 -21
130 23
88 63
124 282
-240 -316
462 -68
-293 -46
-128 158
-36 155
157 33
-119 80
-198 -23
50 81
280 83
30 -71
-180 13
-395 258
-5 -50
300 -225
-19 -83
136 95
-247 299
-141 -191
169 2
82 72
-25 -279
134 -3
46 13
-278 102
-225 -103
57 -6
16 39
0 16
115 118
152 126
-333 2
-256 -212
132 -70
147 -145
-129 180
-2 -61
-40 59
-15 123
127 12
-204 2
305 46
127 -44
-126 -29
-31 119
-10 74
-71 -72
146 1
91 279
-426 -268
-66 -25
167 74
-1 -16
-157 -241
8 144
-4 24
166 74
-218 -33
9 81
-52 172
-63 47
137 39
-39 -99
29 115
-164 -74
-69 -80
-2 15
-22 45
39 -40
-91 -54
74 72
38 47
-242 -179
-273 -56
197 -120
336 -11
-6 93
-261 173
140 49
-188 27
-31 -89
51 161
89 -187
-102 7
-170 136
102 -40
185 9
255 33
-390 44
36 142
114 153
31 -85
-551 -397
-89 175
230 13
-60 74
-295 52
28 -112
83 20
62 -64
252 142
-295 69
299 83
346 -26
-371 47
-551 -109
86 -199
248 53
64 83
-25 106
119 98
-221 24
50 -85
204 98
269 47
-232 -271
-69 -136
90 318
198 70
-190 -29
-350 29
19 -70
187 -68
138 -37
150 249
260 62
-505 -35
-176 -5
105 31
158 -216
46 -39
-110 156
-19 -34
12 1
-54 41
87 11
175 -186
200 -30
-405 251
-95 -23
79 -39
31 3
330 68
-37 -116
-273 69
73 -141
199 -105
-47 61
245 136
-132 32
-139 -64
95 -240
63 119
-73 219
-123 -29
104 74
97 128
-4 -100
48 42
-211 -5
423 12
-186 -159
-548 27
-44 -102
617 47
-195 137
-339 116
-260 -164
294 -84
13 4
-22 146
-171 -113
103 -300
309 63
-36 53
-252 -33
-59 -44
140 55
-100 84
233 -44
-25 134
-385 189
45 -76
233 -33
-18 24
-104 63
41 -35
128 -53
-312 97
198 44
211 34
-31 -138
-292 -47
352 113
-166 91
-96 15
-80 145
219 -174
155 -21
-500 62
-127 21
76 58
141 177
140 -119
86 40
-205 319
-93 -269
84 37
181 -4
308 -131
-131 135
262 -48
-482 69
-145 -56
239 92
-195 250
-43 28
243 -144
200 -111
-109 97
15 296
68 -80
-40 41
95 -94
-104 -7
-31 45
67 79
-101 -108
-22 77
-55 60
-40 -35
195 77
155 50
-107 47
-38 -160
128 23
-145 43
-200 59
-78 -100
272 107
-155 -128
-44 303
72 90
-258 -127
-283 314
92 -122
-38 -151
-279 -29
-259 87
-87 49
176 -160
50 100
-15 -38
-40 -47
8 -73
152 -136
130 18
-79 118
256 20
-400 -101
-77 109
297 26
-392 65
-70 -125
456 47
-300 -53
3 -83
8 11
22 -59
-45 33
-170 30
157 23
258 -87
159 -38
-329 -120
-56 33
141 -103
-42 -3
258 -134
-174 89
134 -44
-358 -65
32 206
136 -213
-287 20
0 171
139 -123
64 91
201 -44
-199 86
-407 -30
41 33
212 65
109 -22
-8 -130
-54 7
-146 45
-122 -136
314 -186
-203 -8
-149 19
79 -124
-86 -34
46 134
-92 99
-125 8
309 -108
128 135
-585 -5
-30 132
311 -2
67 -256
137 37
-236 90
-107 0
59 14
398 81
57 -171
-215 31
-26 -95
-51 225
-62 -102
181 -121
263 34
-186 54
6 -123
26 -14
-28 122
133 72
35 131
-264 -190
-41 23
5 105
-147 -101
169 55
162 26
57 -170
344 -54
-188 -107
-87 159
-427 12
270 69
515 172
-423 67
-158 -183
-121 41
173 94
262 125
-176 -53
-55 19
56 31
-225 -86
-109 135
259 9
-74 -51
-250 -12
204 98
178 -11
478 1
-187 167
-436 9
131 -70
18 81
260 -167
-271 -191
238 61
-243 41
69 58
267 90
-86 -188
-250 -80
-53 289
72 -20
49 -132
-21 57
138 -27
-95 -106
210 52
19 93
-208 13
-220 -119
-277 -41
132 48
446 -164
-243 254
-181 64
64 -129
86 47
-16 -178
-92 -147
305 154
192 146
-453 -147
-387 29
-22 62
288 -110
-55 90
-98 129
-32 84
-155 145
-13 38
-20 99
23 -183
63 9
186 -23
-97 33
-18 259
-147 -10
167 -40
-3 -58
66 236
-17 -90
-190 -106
-161 -11
35 -96
104 -9
133 -72
-219 -82
-184 173
-80 115
-142 34
-33 37
173 -44
-36 135
-210 -124
102 65
68 -22
210 -46
131 -159
68 -78
46 172
-204 -65
-200 0
-26 129
95 172
-56 -146
-56 -49
206 -17
-91 178
-337 -60
120 1
33 54
203 -28
-7 34
-365 38
270 -1
-200 183
-338 -37
9 -11
19 -203
216 226
79 -102
-34 15
-55 -126
14 36
356 2
-34 -67
9 114
-61 -80
52 108
-149 -76
45 -159
-16 40
152 -112
239 18
200 255
-24 -129
35 -71
-314 -10
-36 197
-70 49
24 -61
-41 45
-106 159
153 -11
140 47
-9 -13
354 93
53 -60
-636 -102
-88 25
226 34
130 -18
34 215
-378 -55
-12 -10
-34 -124
122 31
-153 -88
-96 97
-38 149
3 100
63 -5
-171 -342
-289 147
32 134
273 100
49 77
-199 -31
-173 -107
-162 95
219 -38
11 50
341 -362
-480 250
-252 81
-64 -57
162 50
66 238
-113 -220
-16 -122
70 60
5 -50
27 4
-66 152
180 4
26 29
120 15
182 -25
-160 110
-272 107
139 -128
114 7
290 146
-301 -29
23 -7
74 5
124 51
-5 -109
-62 177
-131 -37
-113 -55
135 129
75 -62
157 -87
268 41
-93 -125
-273 191
28 27
-78 -13
-47 -46
318 41
60 1
-336 -20
151 209
270 -42
239 -38
-371 -1
-39 -18
375 124
-42 -8
-309 -123
58 -108
31 402
121 -204
-87 61
26 118
-263 -121
221 -147
96 22
64 -78
122 220
-235 -90
-321 -70
106 110
12 78
-70 -93
234 -64
158 164
94 27
14 -91
-44 231
382 120
41 2
204 28
-780 -52
-5 -49
224 8
-67 0
48 34
-229 29
-144 -12
-51 0
111 -22
-157 15
0 -152
143 -23
-14 -9
-126 101
-176 23
-182 -71
88 165
101 52
113 22
-148 -120
452 8
-561 -73
-702 53
214 34
402 114
-137 -120
162 116
35 -40
110 24
140 71
-384 -10
-90 187
82 78
-17 77
54 -52
14 -142
-320 91
-106 105
-34 206
412 -152
181 29
355 -50
-665 66
-70 34
-122 -97
-36 2
159 -117
-147 -35
279 140
-173 18
-266 -57
-91 -100
-93 101
93 96
-111 16
92 36
-113 32
-78 96
-56 107
158 36
131 -186
18 73
-43 303
-138 -228
5 51
-39 45
-152 -155
3 3
178 182
-187 -106
-92 30
-60 -130
69 92
342 115
-338 19
-538 -23
287 -49
247 100
-89 98
106 61
-258 -105
-510 -169
182 139
101 44
285 4
-95 -95
-447 -92
60 -62
84 0
167 106
55 156
149 42
-399 -247
187 45
-44 208
-11 253
4 -19
-145 0
-51 96
16 11
50 45
