-84 0
125 67
-19 53
-41 103
-20 -185
78 -165
134 139
-55 192
-434 -70
117 -52
-257 55
-24 -47
154 -10
-49 25
-103 -59
-25 -69
94 96
-5 -53
-30 21
85 73
-12 -27
-14 -10
-14 192
-76 244
-69 -83
0 38
57 115
-82 -65
-66 -49
53 -11
-110 58
46 229
130 -20
-254 96
-97 -196
15 79
-53 112
42 144
-166 56
63 -16
91 116
-15 -68
62 -60
71 -53
125 159
-109 -61
-54 56
36 32
-27 88
-109 -617
-104 -1318
30 -268
-42 416
-170 1192
4 748
-43 -402
-50 -805
66 158
112 174
0 921
54 -447
104 -774
-16 -1044
-38 -180
150 -62
37 553
-9 772
96 757
40 208
-179 -523
-71 469
-174 1094
-168 -387
175 -1009
-182 338
113 -99
-7 -254
42 -474
185 353
-34 -36
-69 790
89 -319
31 -22
-7 -402
-64 -256
-72 1150
-73 854
-2 -356
-63 -378
-27 257
-71 118
-203 -139
-73 919
-29 273
51 -7
-112 -240
70 -746
-273 -167
81 384
133 -259
-66 -145
-5 313
-58 716
-139 -1614
-73 -529
28 1260
126 110
-44 -368
-97 489
174 317
8 -198
53 723
115 -24
-92 487
71 1256
19 -597
47 -1613
-10 351
-22 672
57 116
43 -97
97 -62
33 -1269
128 -217
-163 1553
14 373
41 -422
-70 -34
-83 721
-107 -151
38 591
-48 -99
111 -1024
-124 -463
90 1354
-77 1649
-26 -1605
-79 -1614
-15 797
44 136
81 -145
-72 765
-4 -680
27 789
-84 380
44 620
17 82
144 -115
-78 -1608
-164 -207
-71 753
45 764
33 977
-166 598
26 953
-54 -1600
17 -1608
109 1649
-61 1619
-152 1649
89 -1615
-59 -1615
65 414
97 -1084
-72 1649
91 1649
34 -830
-116 -450
-70 570
68 -958
106 -470
-7 -1415
-77 445
-68 592
-154 1649
13 -68
-40 -747
-2 332
5 1015
-97 -1612
-82 1649
-99 1281
-36 -1611
-32 -1610
16 1649
-7 982
-19 -186
11 49
-125 -1615
-67 820
63 1649
64 -457
-76 -1046
-9 -1123
-68 315
-14 -1610
-41 1649
-117 637
32 -263
-69 -44
-15 465
2 -821
45 86
60 -506
-31 98
-32 1221
-110 -405
91 -744
35 505
15 -630
22 -1613
-87 1649
-140 -832
29 -597
4 349
17 1527
-13 -1614
-71 -1113
15 1649
-24 -411
28 646
-42 748
-185 -712
-20 -869
114 360
-5 1649
-34 -1616
-46 -865
120 814
-52 1649
-3 -509
-19 -1615
3 574
1 1563
91 649
-27 -907
-88 908
31 443
0 -803
-29 324
47 219
-79 430
34 -590
-159 -353
140 1041
-64 -1614
160 317
33 -24
-5 1
-10 925
-33 312
122 -1613
105 -273
-169 377
41 1649
112 271
-2 -1592
-143 193
-183 781
255 388
-66 -1614
-94 1449
-40 1618
-28 -957
52 -1616
-93 785
176 292
-76 -459
-98 -627
-73 -432
29 351
50 -287
26 1649
65 -692
66 -1614
-104 805
65 884
118 263
94 936
-51 830
-37 -676
-17 -1614
-67 509
9 1649
-208 -1039
-75 135
-60 876
36 328
-78 -149
-142 994
15 -696
57 -1189
91 -493
-94 -194
-7 1102
-36 536
-59 289
0 1114
-60 235
-91 -1614
-198 493
1 1649
48 681
-80 -1614
-32 -423
51 -679
-39 1573
-124 1049
9 -1613
52 1081
-118 1649
105 422
22 -1614
-6 -1600
-80 1649
-173 883
-21 -528
-78 -334
-75 217
58 1185
-68 -1614
-46 747
114 -148
-106 1262
19 -371
-47 -1022
-8 -323
44 -652
15 1348
-151 560
-151 1348
-60 -287
-15 -662
86 520
80 -162
-103 -999
-77 185
56 -868
181 -99
-58 1649
-42 1279
-4 -1341
-47 -213
-16 -532
-95 732
194 1413
-93 -1471
92 -451
45 1060
-3 -1616
-62 259
-24 1170
-83 893
175 -1616
-51 947
-84 466
61 897
-18 -1615
-67 -185
19 487
45 -63
-15 539
-14 -1611
95 1590
41 382
-54 -646
13 -1173
-158 224
-31 216
151 302
45 1050
-18 1010
0 -1613
-103 -844
-7 -1617
47 1047
-19 1649
-60 663
-57 -898
27 -656
19 1143
-181 -464
0 -1178
94 1646
-2 -1354
-117 42
1 41
101 -1110
115 -58
-104 602
78 40
-30 -1048
16 1649
22 -1612
-191 57
-98 1389
25 103
-114 -968
-120 536
6 -1613
-2 280
68 629
50 1525
39 -192
-126 -819
-2 -366
60 -1614
-143 764
-49 1456
-82 109
-8 8
-110 155
-33 464
-54 -1614
-165 -119
-83 -591
-20 1189
-17 1316
66 -1178
6 -715
28 1610
-98 -134
-150 -891
-11 -146
-121 327
119 -94
-8 626
172 -383
-137 -1614
-115 -764
19 1649
50 1649
9 -1614
14 -514
31 1602
-10 557
13 -1081
113 113
-23 0
20 -291
13 -291
-37 827
-27 1015
-141 378
166 -468
123 -1613
-15 -1611
-1 535
-118 1649
6 -1613
66 51
-63 -1613
-187 -91
-187 1649
-49 973
7 -146
17 461
37 -1616
151 -635
-115 1579
-23 -39
-63 983
34 1199
70 -1614
58 -1256
21 1631
-212 -79
-34 495
-16 1649
9 -1615
-32 -1617
-84 1649
-25 1000
56 48
-21 -1010
-20 -707
7 -703
144 253
-72 1649
-38 1526
18 -1608
-57 -494
-30 78
-66 45
-95 -1275
-21 -497
151 624
-190 167
-52 -782
11 460
-115 1047
68 99
-91 -1607
60 755
-59 -341
86 -348
-154 419
-129 -103
-5 -194
63 -479
102 -543
68 -162
-33 1649
86 -1193
76 -377
-29 -382
-133 905
155 -789
-216 89
8 -713
48 519
-7 -197
16 314
-22 -82
87 185
119 -1041
11 779
-49 -287
-174 -307
72 31
-19 -269
-24 501
-54 898
-95 -1612
110 -1042
-37 1371
-208 463
-70 729
217 124
-170 120
-245 -1431
29 -1615
-60 635
-231 74
-27 149
75 -1196
-21 -188
-17 1649
-3 -298
86 -324
-47 -1052
23 595
-41 1649
62 -516
-29 -1613
12 -1219
84 526
59 826
108 922
45 -373
-34 -732
20 -653
-13 -412
38 521
60 -185
-94 550
-34 111
-61 -1612
74 -1613
110 707
-87 979
14 -30
-52 557
-96 -1604
-8 -2
-7 -177
-270 -480
-138 -30
119 427
133 -741
54 392
-5 712
-170 -372
-45 -1078
144 -287
-12 452
0 485
-33 -1612
12 -771
1 1075
-2 148
45 -727
-97 265
-45 -1600
51 -54
-17 1649
4 -105
56 36
-59 -203
-41 -1614
-2 319
32 386
-28 183
-76 369
15 -973
15 -1615
110 647
-83 422
-9 214
-35 573
51 -1614
-107 -197
31 50
101 114
34 -479
52 -206
32 273
-8 155
-64 -363
-103 -51
33 -951
-54 165
-60 601
74 261
22 -897
-37 55
-47 115
-51 -605
39 399
57 -901
14 462
36 -565
-79 -402
145 331
90 -184
-119 -288
-90 7
25 75
-16 157
34 -160
192 -1614
-22 423
49 755
41 -118
-40 -1608
-74 1490
72 246
23 88
89 631
178 -282
43 -810
-3 161
-130 18
-43 -356
24 69
49 -500
146 -184
35 69
-66 1233
82 -420
-129 -1609
73 -142
-50 637
-132 245
-90 82
161 -252
37 -963
-188 238
-81 356
-110 -78
-25 -1319
-12 1117
-15 219
70 -559
-72 -196
79 -335
-122 -231
-71 -215
84 176
201 138
-21 187
-27 -394
17 -313
0 -103
-286 -644
-9 530
201 -457
60 -1030
26 880
27 -172
-127 -185
35 -406
144 -132
-136 9
-104 101
13 214
-109 142
-96 -1205
39 554
1 -1196
-45 -1032
14 -228
66 1285
4 832
23 -1109
67 -205
167 535
120 -1076
91 -594
-11 106
-94 283
-94 -97
-13 -510
47 -580
-23 -117
-187 -96
54 667
-17 760
-14 -1008
23 -852
49 184
55 220
-14 422
147 -541
45 -718
6 -1613
-92 1131
-57 739
133 -562
23 -191
-112 -155
69 -659
-30 632
37 385
18 60
-44 -552
-64 -331
-123 -962
2 -179
165 435
-103 -62
-66 -384
27 -417
2 580
-58 -1613
1 715
26 599
97 -447
80 -378
-127 -575
-37 3
-62 -436
-42 -210
-45 -72
-61 366
26 -162
78 -514
-6 -68
-97 509
45 -51
-17 -792
-18 515
-20 -680
-8 -228
-6 78
59 -153
22 -384
53 -273
51 473
89 -1433
27 -285
-24 247
-70 -561
-26 56
-37 187
81 -470
0 -186
40 -471
65 -655
-200 1360
69 760
47 -1615
104 95
-75 89
122 -153
49 -676
-28 67
45 -873
-13 447
11 275
-186 -1599
-27 380
70 317
-112 473
100 73
-160 -697
41 -523
44 -212
-13 -232
-21 107
13 -79
115 -86
-39 -369
-84 -631
-45 236
27 262
-21 -382
-206 -711
173 1171
-15 -809
-51 -432
37 -367
32 322
79 -775
-159 -306
-78 884
67 22
57 -241
50 -1337
-31 575
-91 729
24 -724
-55 -367
-1 -501
58 -231
42 -879
-115 348
17 -111
26 -109
-97 -631
0 201
27 1252
15 -578
-16 -1351
28 -169
9 381
-20 20
-151 -107
135 -90
-109 -125
79 -283
-136 -69
55 292
40 33
17 -153
90 3
-14 -1611
140 65
13 368
-3 -103
-236 85
158 -1617
59 -137
27 728
-6 642
149 -397
-15 -147
-63 -89
9 -336
183 -33
7 -76
-128 201
-98 204
-59 -651
-60 -529
33 -450
-46 -209
-133 -198
93 136
2 175
-53 355
20 -1019
221 -722
-115 186
-14 -718
72 519
-58 471
-89 -944
-94 -838
11 599
147 477
-18 -750
44 -12
-158 60
4 33
20 -351
85 -214
-72 -97
-110 -424
-101 -120
73 -299
-59 601
136 -222
-9 -794
-43 -204
83 -114
6 106
-97 -63
-107 50
71 -190
94 -40
27 -225
-45 -1612
62 273
-15 281
-6 414
161 262
-49 -1616
123 304
-97 1649
-35 -662
91 -1063
109 170
100 -804
24 282
-90 143
-114 -51
51 -707
45 79
-109 356
-7 -621
147 -156
102 -86
9 -78
12 159
60 -98
-85 -359
55 -412
-21 115
-125 580
105 -1071
-38 -856
-48 -236
72 -44
-330 89
-62 -16
-48 -914
-34 597
80 -1021
36 -296
45 1649
-37 444
-15 -293
9 -1614
67 -98
21 657
25 -275
69 -106
-65 172
49 -501
16 -645
-38 -419
14 428
11 276
-17 445
17 -160
-67 -364
-10 -199
117 -1183
16 -52
7 364
-112 -14
91 -312
-78 -169
49 -514
37 -84
-48 273
-23 -642
-11 -507
41 275
66 204
-131 -87
42 -797
22 503
149 -12
-81 -660
-90 709
69 -1615
-92 -9
-54 -270
-68 -533
3 748
-46 -753
-20 68
-23 247
194 -64
164 -194
2 314
39 -448
111 -261
38 -569
6 -168
-72 -3
25 38
3 -771
-67 -52
5 366
-58 -533
32 -79
-68 29
-5 -136
186 -414
-68 -318
-61 69
58 -355
-3 464
-9 -626
96 -349
0 -72
-89 -955
-54 177
82 863
102 -617
-57 166
14 35
-18 -1615
-14 187
3 1497
-44 -1611
71 -340
0 367
-27 -492
-191 -289
-38 194
-14 -969
88 506
30 274
-142 216
11 -259
114 -425
149 -237
-1 318
-3 292
66 -1609
81 -272
-38 352
82 263
50 -53
106 -79
-6 -619
18 -589
-26 375
-121 942
23 -71
-3 -1140
-160 -1613
53 1041
-166 766
70 -190
-34 5
14 -528
24 -584
151 -197
-185 157
6 -320
83 226
61 78
-27 -449
44 -199
31 -205
-46 -207
163 66
64 566
50 65
5 -513
-20 -458
-63 -639
34 -318
86 291
-88 338
-7 -377
107 -519
-15 -415
-19 603
34 -92
32 -106
108 -1615
-180 67
34 132
8 625
-65 -257
-5 -729
-98 437
-103 303
-109 -684
-15 -602
-3 291
14 203
44 -169
-3 -220
-28 -451
-40 34
-59 -374
178 -351
-31 484
-120 -105
-174 -484
-129 258
86 -445
-44 -213
-21 683
28 -313
-22 -900
-2 -10
7 78
49 416
133 -151
1 -231
50 -490
-62 -868
72 110
-67 464
-64 127
44 -86
-7 -373
-76 -258
-15 -278
17 -133
34 -233
-110 -107
-32 -104
-44 -419
-2 174
-38 301
-12 -110
-25 -859
-11 -96
-38 322
35 -41
-96 218
-65 -1363
-46 -354
-31 411
-59 383
-32 -712
72 -98
-66 -354
-28 -325
31 309
-82 -58
45 -89
17 -164
-77 -214
-43 -359
-7 -21
60 24
-16 -542
-60 25
-4 -353
-10 -32
-73 42
98 -38
-32 -539
-111 -55
7 101
-34 80
-54 -159
34 -1163
-30 -314
-2 704
-82 -415
110 -739
34 -406
-12 689
87 229
5 -79
-12 -269
16 -82
79 -506
-125 12
-34 17
-29 365
-69 -884
14 -963
-12 -288
61 -217
65 571
66 283
-59 198
70 -172
72 -688
0 -192
-49 203
-73 -350
5 -554
26 -290
35 672
-22 211
-35 -556
45 -1039
-67 22
18 377
-50 17
-74 22
72 -612
-36 -732
-1 -3
-24 380
-9 -693
-81 170
196 -245
-48 -73
112 -132
-39 -224
70 -219
109 -41
64 -522
-21 -508
-43 261
-28 177
30 -376
19 -222
-20 -916
8 364
-34 712
36 -1557
-19 3
69 525
73 -459
-102 -360
2 -275
53 530
147 -434
-169 -1613
18 845
91 99
82 -257
-89 -226
27 -336
-36 499
7 735
-7 118
12 -1614
-38 -369
-23 366
80 -4
69 -354
-4 -938
0 319
42 272
-63 -113
-103 135
-77 -771
73 17
1 -75
195 92
-36 280
44 -601
7 -526
-148 -247
60 233
-82 431
195 -497
-41 -281
135 -373
-144 -357
-34 81
25 -432
180 -636
-75 -521
-23 720
286 -76
-265 -423
-34 -585
98 314
157 1122
48 -474
-95 -871
80 -602
-57 -113
-86 471
152 -485
-182 -500
-43 -206
8 -740
-96 729
-81 129
-42 -1031
-26 -531
61 1030
-9 792
67 -1285
-8 -524
-74 149
146 -259
112 339
-13 -374
67 -546
-59 166
-35 -227
46 170
-88 22
-93 -829
25 -459
47 328
-23 850
76 -1606
-107 -229
-56 536
64 -37
-58 68
149 -711
111 -573
1 -142
-62 -302
-48 0
139 187
143 -707
-84 -801
-36 -51
-12 217
29 494
-27 -95
-33 -560
32 -237
-72 -509
-38 -226
-55 -288
-6 623
-44 802
-82 -1609
-5 -392
70 358
-8 -182
-11 264
-147 101
-103 -561
-95 -435
-2 -200
37 98
22 317
18 -397
53 -486
-98 445
163 -212
-13 -792
70 -361
-55 224
27 158
-30 -431
-22 -164
-121 291
-29 -885
-71 -263
-72 -266
36 380
53 308
-72 -120
-98 -783
-22 -1161
136 359
-3 1157
-89 -731
-79 -363
137 -320
57 130
-63 231
213 143
-84 -554
-48 74
0 247
18 -567
-75 -1614
122 1358
122 378
-83 -368
-18 -632
-18 14
104 367
-66 292
-58 -770
33 -371
-30 -353
-157 568
-172 -364
-111 -940
-7 32
11 -333
27 -71
-15 400
-62 79
-19 -225
-25 -253
-23 -546
-40 -399
81 315
84 440
-35 132
-6 -674
-40 242
-106 208
31 -944
15 -140
3 785
-4 -1613
-133 -41
26 1082
34 140
20 -263
-82 -381
-45 -564
-26 418
34 426
-81 197
-49 -1615
113 -52
25 348
-57 -270
79 -143
4 -173
16 -33
-26 -24
-101 -441
83 330
27 661
-101 -1209
3 -173
74 387
-126 -523
-72 -492
23 18
-64 -107
-82 189
32 -121
-165 -283
-131 -299
6 451
155 1064
-130 -1614
-62 -830
-191 -269
-65 711
78 148
-53 -779
29 -410
-87 -33
-132 -648
-68 -769
15 97
101 741
0 694
-95 -110
83 -1463
-34 -527
33 315
12 503
-84 -206
75 -816
-56 -32
-44 -143
-94 -97
-94 294
62 218
-90 -487
7 -189
80 19
-67 -303
-50 -18
61 -125
-32 -564
100 -463
-79 241
59 326
25 -343
-88 -477
-36 13
-40 254
-40 -699
39 599
-94 -109
48 -1055
-98 -31
6 359
-60 53
-74 -235
109 27
-14 -428
-118 -396
-101 -75
-18 -141
-37 -180
92 318
77 -638
-91 -95
24 39
72 -55
-170 -919
-69 300
-17 381
0 -271
-41 -180
-10 -95
-88 -298
-76 -167
27 43
105 -467
36 249
103 22
0 -258
-57 -493
-130 -148
-50 20
23 24
-34 -520
188 -229
-77 261
-74 -117
25 -532
-57 224
37 -373
-39 -752
21 -112
66 434
-61 598
-77 -891
67 -515
-138 259
-49 -417
-65 185
5 -335
-14 -273
-37 -59
-54 -327
-61 54
-90 -115
-14 -92
-29 39
77 -97
-15 -310
-96 -282
13 -73
-43 -244
-39 -222
20 41
23 37
-2 -238
64 -44
-69 60
-40 -302
-63 -375
22 -35
-12 133
-130 -130
-30 -340
80 -584
-124 -8
-110 -35
98 -33
7 322
40 -679
-86 -296
-96 -460
-82 749
-32 -307
-17 -839
25 747
-56 240
-42 -243
-38 -38
88 -400
-82 -311
91 234
-58 -57
-99 -534
23 -111
87 -88
-9 -251
-105 -16
-35 134
133 -594
-110 -490
-53 687
30 230
63 -87
-69 -923
-58 -25
-36 138
-30 -13
43 -18
-8 252
-85 97
-56 -523
19 -594
-123 -65
-36 178
40 -286
39 -291
15 17
-89 91
-107 -242
27 69
4 141
79 -689
-79 -112
-76 -580
-19 208
-3 682
35 -580
-3 -338
12 -196
-79 382
-31 -15
-84 -490
36 -96
-81 71
-197 -12
15 -308
-49 -462
-83 -81
85 -87
8 483
122 -127
23 -303
-147 -639
-58 102
48 -371
-53 461
59 -13
174 -304
-120 -39
18 111
-59 -256
73 -645
-107 700
-52 -324
-13 -811
-49 -130
-181 88
55 -362
19 -72
15 743
-122 -480
-34 -320
-83 -356
-158 105
21 88
200 -173
-57 1
-43 -451
103 -461
-138 524
-128 263
-30 -473
-91 -37
-161 -125
-136 -159
187 -232
-25 -424
-40 951
47 -953
87 -217
-58 499
40 202
4 -1199
-25 -695
-84 700
-7 36
-80 69
-151 -151
-31 -223
-84 -21
-193 -28
-178 -1154
68 145
68 1479
-19 -1613
66 -457
-67 320
-20 -41
-23 -444
-35 -604
129 153
20 190
-10 -311
-83 -480
14 22
-36 243
-31 293
-23 -500
-46 476
-25 -1582
60 -667
-12 1074
-77 874
11 308
44 -1061
-145 -1615
-154 1092
6 928
-44 318
72 112
-14 -329
-136 62
-10 -527
-128 -486
33 590
-51 -115
-7 -16
-82 68
-98 -1166
-25 -468
60 94
-61 -572
-147 890
74 247
-57 321
18 -686
-71 -414
38 -13
-14 -58
-57 738
-154 79
-23 -1617
-3 -180
-72 149
36 452
73 -264
-128 -258
-83 -1614
9 729
25 1049
-69 502
-32 -403
-53 -755
-37 618
-31 565
71 230
-20 -1616
-110 -97
87 279
75 341
-55 -690
-132 -1178
-13 -188
111 62
-106 98
-3 870
0 201
-39 -527
3 -140
97 -211
-43 -283
23 -376
31 -1172
-81 460
-106 -152
-18 601
-126 207
-48 291
37 -1339
60 -42
-5 556
1 33
-38 -220
-40 44
-111 103
80 -285
-8 -1219
150 -79
60 635
-65 139
56 -21
80 378
-47 -973
-45 -706
-70 524
26 100
-65 -379
-23 408
137 -83
23 -593
7 -566
-30 -219
-173 273
91 358
54 -262
17 -856
-19 215
-69 342
-101 -215
-48 -319
32 -174
-71 71
-34 142
36 56
-77 -391
3 -717
-100 601
-129 -106
47 -951
-60 -42
-148 -301
-44 444
-8 -122
-202 -34
-4 47
-25 697
-44 -574
-12 -1377
60 -248
-121 871
-26 520
27 -755
102 -86
39 222
-58 -440
148 -412
21 324
-101 193
166 -916
26 -321
7 99
74 -563
-77 17
-76 154
149 -198
-110 -97
190 -606
-141 783
-35 -26
-38 -324
20 -592
-50 385
9 473
-83 -1416
-220 -1613
2 571
114 248
0 107
76 70
50 -516
177 -357
-94 -140
123 92
-6 648
-33 627
25 -1429
-52 -862
30 163
57 -722
139 656
14 904
-40 -1124
-116 -715
-24 481
99 180
-72 -178
-17 -609
-74 -303
219 -135
8 -136
3 94
-8 328
0 -95
28 -363
-37 -304
-46 -134
22 -222
-85 -163
-49 -34
-99 -97
-24 377
-98 66
36 -1611
-142 -552
35 -258
-15 15
134 181
30 -117
155 -903
52 187
18 559
-67 -1242
32 81
-2 252
39 -252
-5 1
18 9
31 -228
22 35
12 -555
116 223
-57 -1231
34 -314
35 -665
-92 1350
94 323
20 -361
-54 -625
131 -168
-237 51
18 -453
-116 233
-49 571
63 -175
30 -264
13 -1020
-67 -943
41 957
5 225
58 -602
51 -5
9 354
-273 -29
18 -65
33 -107
-9 -958
-25 -137
-16 265
-22 -296
129 334
-71 -201
-98 -686
-63 -623
35 246
-183 120
57 32
5 109
-150 -484
18 -341
-36 99
-126 -137
-42 255
-18 -90
57 -352
31 359
47 -855
-75 -710
42 45
-13 421
-69 205
-32 -195
-28 -115
104 -222
-69 -343
-84 -59
55 -30
43 -118
63 18
45 -90
-28 -7
12 -771
56 -923
-28 461
72 453
7 -91
-38 -97
105 -784
-54 -408
-22 502
54 9
-32 -762
4 67
-132 660
27 -651
-57 -283
39 -400
7 125
36 589
-57 -316
64 -999
-95 214
57 115
41 90
20 -375
-5 -984
0 462
-48 -47
34 146
-71 130
25 185
-101 -1134
-36 -913
-13 1094
-78 207
-27 -165
-106 -359
12 -414
41 -629
-6 -208
-73 477
75 22
-45 -203
57 347
9 -757
6 -968
-73 188
27 455
-39 294
-43 18
25 -536
8 -554
-3 18
-1 160
43 100
30 -132
33 47
-66 28
-85 -1006
-55 -50
69 -58
30 -93
32 -164
11 85
62 -167
-44 -197
-3 -100
-158 24
27 -109
33 -267
165 205
-93 183
254 -701
-126 -107
-80 -221
-50 146
-2 -108
-32 -202
-5 336
26 -1183
55 -1615
-74 856
72 407
122 -229
22 -388
-71 -315
-67 -99
-10 2
95 99
27 -47
-33 -199
0 -252
82 -357
199 -192
-61 -4
7 -756
-87 -1191
-80 1313
29 246
-4 -548
68 -193
-11 -244
-5 163
33 -509
-1 -702
40 486
39 -278
-88 -1002
-85 99
-18 -83
-69 -105
35 -62
-1 -228
-57 -86
3 11
-27 -81
44 11
-41 -193
-231 -1228
-37 -171
49 131
-99 -157
17 119
21 -157
7 -221
-25 -6
67 133
50 -528
-11 -369
64 -501
-36 -188
-119 313
-21 22
-18 -336
143 -398
-81 -334
178 -47
24 847
-26 367
72 -1084
-95 -681
-50 -48
9 -64
9 -15
45 -91
100 -189
-28 -325
-98 -161
-59 204
201 -88
16 -518
-29 -278
6 71
-55 -226
84 -147
14 72
-63 -6
105 -661
167 561
-119 -537
-25 -551
27 -174
54 46
-134 -109
-77 -453
-60 -168
61 334
-14 31
16 2
-27 -587
-4 -990
27 443
-1 516
36 441
-20 -1615
-80 -73
81 372
-18 146
59 -19
75 -391
-86 -656
-31 134
-71 265
-54 -938
58 322
199 -91
-31 553
-143 -638
39 -1612
61 1380
-32 -652
-132 -833
24 -1018
59 103
48 195
14 120
-84 258
-70 -106
-17 -291
44 39
17 -15
-6 1006
62 -144
20 -874
-18 -240
2 678
-49 -741
-96 -569
8 -57
-52 372
-36 -1617
-1 21
25 1344
88 684
-95 -519
-70 -569
33 -53
17 263
-183 -8
24 -639
164 -474
7 -789
-24 629
47 395
-3 -994
57 -559
-45 106
84 156
52 733
156 131
-14 -1609
16 530
-161 152
-114 136
39 -284
59 105
-42 -192
-1 -81
-23 -121
-15 -350
0 461
-53 46
-29 -420
34 -343
135 -1286
16 -703
-83 857
52 756
21 -832
42 -68
29 -208
-88 -403
-118 232
21 1208
-69 -920
61 -522
-96 -338
-52 -385
-52 -270
-20 69
-31 -106
68 22
-125 372
-54 -642
-39 -332
3 64
-24 295
-93 -108
-7 -763
22 -541
-17 491
168 -288
-8 -357
114 -76
-92 -115
77 -8
-93 208
147 -1378
-107 298
84 228
-5 -302
50 -654
44 100
-2 386
-91 -387
-44 -130
40 485
-65 -105
54 -1139
-48 -224
-25 2
-64 174
20 71
155 -96
93 -399
-6 -296
164 -1322
-4 709
19 542
0 30
-109 -469
-88 -843
34 119
-6 701
-54 -30
176 -1607
-107 171
-54 601
-78 -2
-93 -271
-136 -267
-79 -172
141 -485
-57 -142
16 331
-77 -129
28 -29
23 -206
-17 -698
40 -305
20 -4
-26 -87
-143 -374
6 507
135 591
62 -974
-87 -1611
-11 195
-9 345
-107 -16
28 -418
-61 -69
-131 -3
48 -291
3 -378
-86 94
-54 179
49 249
78 -464
21 -578
-29 17
-89 383
2 -1083
27 -65
30 393
139 -130
8 -599
47 269
-28 -61
148 -1350
7 412
-30 -395
15 -50
89 -323
17 730
14 -498
42 -1616
0 -14
-233 339
-90 360
-9 -734
54 12
-127 -454
-12 -266
-47 173
3 -78
-67 60
-7 83
-40 -99
-13 -11
-19 -228
-54 -167
-55 -546
47 -1458
-108 1200
71 91
-81 -842
-70 -279
-54 498
55 -711
-85 -573
40 1101
-38 -1610
-121 13
91 591
-48 -139
-95 -265
-48 -298
-71 -160
-46 -4
74 -188
-42 237
30 -129
-105 -474
23 -365
-142 -10
23 236
51 -836
-76 -397
-88 220
-106 157
-38 -73
-54 -359
18 -219
26 -284
81 -345
-115 -131
-230 98
-27 158
25 -160
83 -1614
-32 851
-14 -272
89 211
-38 -763
-53 -677
4 83
-129 281
-63 51
91 -340
-79 179
70 150
-97 -136
74 -1085
-24 -109
36 -37
27 183
-10 -278
-24 -670
13 -81
157 309
-28 22
-105 -33
9 -401
94 -157
136 30
33 -145
-71 -262
20 -813
-11 -553
30 -38
-28 98
-99 369
20 -574
75 -1175
-54 335
44 371
-60 169
-23 -952
40 -183
-29 567
89 -876
-46 226
-26 14
-19 -75
65 -19
-48 -229
2 -154
4 -296
34 171
99 364
161 40
93 -1615
5 -707
-12 1025
3 207
20 -603
-1 -76
-61 -32
53 29
-70 102
-7 -46
-54 -188
45 -143
-36 -183
93 -493
179 -324
-12 -450
-34 -189
-100 165
-19 -329
14 134
-35 218
33 -307
-86 111
-9 31
56 -1616
51 -1137
194 912
119 764
42 -191
-62 -468
39 -143
51 -64
109 -45
31 191
59 116
65 -359
51 -271
-97 -504
37 -85
-92 90
-166 -183
96 -240
67 -353
-100 2
-86 79
101 -324
20 -235
-40 -132
15 -117
108 -198
6 -419
201 120
209 -140
-169 -209
-384 -11
-51 134
181 -740
104 -223
223 -36
27 -147
-73 -184
-305 146
125 372
448 -657
180 -733
-611 -190
-223 92
467 65
626 -108
209 -593
-301 -186
-122 13
66 62
