77 69
-127 -6
-85 -68
-48 -20
21 53
108 39
93 92
-33 -140
-26 131
-196 -22
0 -102
19 46
2 -28
-35 82
-50 26
-27 56
83 19
26 69
65 131
-49 31
-37 73
-119 22
-66 120
-104 89
-128 -25
-8 -28
105 173
27 -15
8 3
5 9
26 119
-54 -24
-81 246
-64 -22
50 -52
64 77
-39 122
7 -62
-67 5
0 134
7 158
-124 0
-98 41
-60 -10
78 36
-81 86
-84 49
48 116
-51 21
-6 -13
-31 41
19 11
-122 179
-35 223
0 -132
21 124
-35 45
-32 90
-46 -6
-24 150
-32 31
-51 34
-16 156
50 117
69 100
24 -25
100 111
-78 155
-119 131
-35 -28
45 -56
30 163
-193 93
89 -95
-54 -6
58 69
-169 110
-37 59
106 87
-25 122
18 95
-45 59
-189 158
71 72
-63 64
-54 22
60 62
-66 279
-31 29
-147 -36
-57 81
-252 170
-118 -12
-14 -13
-31 15
55 201
146 -92
19 90
-157 15
-67 192
159 35
-96 149
-134 -86
-138 50
98 133
94 -17
-98 155
-23 39
90 -15
-26 55
-63 84
-26 -7
31 152
53 48
-122 -112
-60 178
38 -61
-121 158
-120 52
131 39
-134 137
-25 33
-53 22
11 114
-132 -46
-126 123
111 47
49 32
26 -3
-163 137
72 241
-10 -68
-71 -70
-67 137
-47 6
-131 24
-59 48
57 -7
-157 105
8 136
13 47
-96 61
-143 116
-396 192
11 22
257 5
9 48
185 205
31 8
-134 124
204 88
137 -10
137 75
-92 40
184 42
-22 -7
124 292
-219 -94
-20 -15
-1 -83
111 168
15 40
197 -80
45 92
-287 -39
-181 65
-107 135
55 5
13 161
-96 -61
-6 -3
1 126
116 108
13 156
-50 128
-27 -27
-71 81
-190 89
-123 201
-116 -7
-56 4
-3 -10
-67 76
-13 30
138 0
-50 31
-14 13
-21 46
-107 170
61 171
45 -42
-103 -64
-7 32
31 203
29 75
-48 -94
35 133
187 -174
98 124
-188 100
-77 -4
1 45
74 -22
20 164
-21 56
16 140
-1 15
-57 172
-97 41
-13 -34
-39 96
-133 -50
-115 136
77 35
-106 9
72 113
9 192
-44 31
-125 -80
77 51
-91 121
59 70
97 26
38 16
138 62
-24 40
-121 225
-151 -10
-133 -136
92 36
107 90
64 86
-187 84
37 86
-53 74
71 26
-39 181
-130 160
-7 137
195 -105
144 -53
48 103
1 104
28 65
46 -66
-20 -30
-26 178
24 43
-90 29
-7 70
-23 77
-23 144
114 28
16 63
39 66
-57 66
-17 -48
-8 142
-1 82
98 8
-56 -40
-69 44
-70 177
130 -80
15 18
-78 48
36 41
63 56
-94 117
28 56
-141 -63
34 173
-70 206
0 15
70 -52
49 81
36 74
113 38
-150 59
-37 -13
116 147
-31 -6
34 65
18 28
50 115
-166 69
34 -8
76 173
-59 -47
-17 -93
-49 142
59 -54
-23 -15
-62 141
67 73
13 87
-50 -78
-125 254
-115 -25
37 95
-9 125
124 -8
49 15
-138 -17
-25 52
61 -159
-142 -16
39 114
112 66
-15 120
-51 -68
5 30
181 48
-6 106
-43 102
81 -65
-18 79
-8 53
-45 38
-133 -107
15 148
47 -20
-135 55
-45 166
-14 55
-9 68
-25 96
-55 -175
32 219
-54 -8
-179 -13
21 2
-39 141
-45 -56
-26 41
-25 32
72 148
150 -120
-21 76
4 -56
77 117
-16 -9
-62 29
-54 94
94 -17
-222 87
-36 53
-20 123
142 75
-227 -20
40 132
-4 -26
-9 68
-51 23
14 115
-50 8
-69 104
-2 -65
20 41
16 6
-49 151
36 38
-116 -3
-33 39
-93 -9
-61 -144
-33 95
-30 55
31 56
-152 107
-66 57
-21 88
9 -43
-99 129
-39 14
22 52
-88 91
-138 16
157 76
9 -41
61 37
14 -47
-35 148
11 108
-201 -8
2 194
20 281
34 1
-18 -30
-43 97
21 91
64 -20
100 76
-5 155
-109 -152
-65 34
9 138
29 97
-162 -19
-12 32
-34 46
71 47
-75 11
28 25
4 29
-56 62
53 -33
38 78
34 75
-76 74
24 18
8 116
1 -1
61 4
-24 24
84 50
-19 114
-19 63
60 -11
-66 112
13 -56
-47 101
-31 60
-82 55
11 42
58 35
5 68
24 147
76 56
-119 55
-112 45
-21 95
-25 60
-55 0
7 -4
-75 8
-33 112
-51 69
-6 66
-73 -1
58 110
-70 26
122 90
94 69
-99 -75
-16 131
-100 61
165 61
-2 37
-51 98
97 169
66 173
17 77
-10 -83
3 -36
-58 26
94 40
23 92
-11 -26
-31 41
-71 59
-93 70
143 55
-130 92
-106 -13
-12 90
48 -65
64 -130
36 105
64 98
41 26
22 46
-21 -34
-114 62
49 -10
-18 96
66 59
-20 31
-80 -139
94 96
-99 73
-94 150
50 139
-67 229
56 40
56 -12
-61 -7
-105 62
25 -47
72 70
-120 -48
-10 -90
-45 167
-70 119
127 145
-111 -13
74 84
-22 -39
-3 89
63 112
-33 -48
161 -54
-76 57
49 38
67 14
-38 107
70 100
-131 -111
212 83
16 -36
42 -27
0 7
-32 72
-31 -54
-136 115
6 139
-90 -193
76 85
-70 32
33 86
54 -17
-10 52
-17 22
29 14
136 41
122 166
17 55
25 37
-19 -69
19 -11
58 49
-107 213
80 118
-67 -3
-65 -8
101 -3
-86 74
154 14
130 22
-25 108
-91 55
-56 117
-167 15
-14 56
61 -115
12 8
-26 -75
-92 40
29 -23
-91 -17
-38 -39
-20 81
36 -79
99 66
59 118
131 32
-54 -66
-166 15
-31 51
36 135
5 103
22 69
66 -37
33 90
24 38
-34 70
-35 13
-55 45
47 87
-15 -68
121 14
122 -45
-74 84
-34 123
-53 19
69 31
36 -12
124 -12
-39 129
-52 147
-50 77
-41 -118
-33 12
104 56
15 68
39 -39
-32 43
-71 -23
-86 128
-57 -114
28 -23
20 -44
-81 -75
-22 103
-71 45
-94 66
65 -10
31 -1
-34 30
25 42
-1 58
-65 68
25 33
-1 -4
24 -20
-114 -30
-10 50
44 126
-22 24
18 38
-76 53
-56 98
-107 -14
-26 102
43 -88
-158 -103
-76 91
-49 33
15 -1
38 14
104 12
-83 66
-64 -120
-104 -142
-133 14
89 13
-91 -16
110 94
24 68
-29 -138
97 -17
65 45
137 63
-202 57
-17 29
42 14
99 77
59 -55
-90 120
86 19
-42 32
-56 117
146 -31
-66 37
-6 92
105 0
8 -35
130 8
-53 96
-103 147
-18 -74
0 -61
-156 132
75 -27
-47 -50
35 -5
54 77
25 84
149 3
71 39
-104 26
-16 50
25 33
-147 -30
34 16
-13 6
-52 82
126 -19
-154 110
22 -166
-49 -6
33 135
-9 60
27 86
-48 15
-110 32
74 60
30 78
-74 -103
-28 195
203 0
-123 -184
-51 -12
11 91
136 26
37 86
-64 22
-55 79
-77 6
46 -11
75 74
-8 -100
73 313
96 -107
127 147
-52 57
-96 -4
99 -36
7 115
-97 54
-21 -21
-51 20
168 1
-49 -54
-63 108
12 122
-92 45
-38 47
29 14
41 48
109 -15
-73 -57
21 171
-11 26
52 -62
75 73
-66 101
-79 -47
90 18
-80 199
61 135
-114 -58
-42 98
-26 -6
-88 -8
-57 25
-98 40
-117 35
-51 97
-51 154
-33 -75
-65 102
52 -58
32 -97
-19 171
-43 58
-53 16
16 85
-67 -61
-16 26
-8 53
-78 37
-92 -28
24 60
-54 32
55 40
41 79
-66 -37
45 -17
-20 57
48 -23
13 77
25 -29
-30 145
-83 56
-116 -33
-32 21
-13 61
-43 256
-54 -133
34 -96
-26 -65
-4 102
-15 11
-43 73
75 3
-45 70
22 -94
131 87
-8 170
68 11
74 -150
29 254
-49 93
32 137
52 27
-68 -131
41 41
-83 90
-103 13
54 2
-53 -37
-45 186
-119 -6
-52 77
-13 -17
70 174
-1 -72
-53 107
138 -33
-69 -58
71 101
-22 15
-12 19
-66 27
-23 -101
-34 182
31 132
-34 -38
-5 -20
-30 93
8 -207
8 -146
-44 62
-79 286
-55 5
-50 28
-24 152
-108 -141
43 95
40 60
82 -60
-34 32
12 53
37 14
-23 -220
0 -67
-94 178
-45 142
-1 -18
70 -40
-77 74
23 -16
-7 -59
4 4
93 -37
70 -56
67 7
-140 23
-106 169
-82 78
-18 58
3 81
27 -70
-69 -59
-62 43
-95 2
117 9
-73 -38
103 131
25 73
-125 -134
-46 12
-129 92
-118 -46
-6 102
199 89
-68 18
115 0
-134 4
-135 44
-20 155
-46 61
-7 144
-11 84
-20 -55
127 9
54 -27
23 100
4 94
13 80
-52 47
0 31
21 47
77 42
-38 -35
-11 93
-159 38
82 75
-79 -7
3 36
-30 -76
62 15
97 43
-13 -15
-83 122
16 -4
-24 56
0 -30
-100 142
19 -45
-7 -19
-38 94
18 11
-71 111
-24 34
31 -39
0 -345
-112 134
-122 449
89 -6
-49 187
72 -140
-20 19
-46 -94
-19 183
-92 40
90 40
-39 -31
40 17
-42 -44
70 -29
32 40
-38 164
69 8
9 142
-66 41
-25 12
-32 -6
-8 46
-35 56
-150 100
-18 147
50 -25
-86 107
-43 25
2 -2
-20 50
43 45
-95 16
-56 35
67 96
-12 -6
-75 -80
9 174
-33 1
5 -20
-64 64
-17 85
-2 9
-27 -53
51 105
-39 160
-71 58
22 42
87 -43
-85 -17
-15 19
1 -56
20 108
-25 -16
41 -103
8 19
-36 91
-24 80
-143 19
4 20
148 40
-140 -8
38 -102
-86 -95
-57 41
16 36
-22 -53
-27 61
24 93
21 -17
-73 186
41 156
4 -95
47 -52
-9 79
-24 -59
-43 177
29 18
-112 120
-44 58
47 -3
56 -20
22 30
-100 -43
91 154
28 -117
-17 89
-24 -2
-167 90
-31 -26
-20 130
28 -30
-82 -17
0 55
-7 174
-44 59
-15 -3
-50 0
35 136
34 11
23 44
27 115
3 -26
-105 114
-43 -56
-92 68
-50 -24
51 82
9 88
29 -13
-56 14
-72 56
-54 30
52 0
40 -23
-80 35
-17 -45
-63 56
-47 -82
-36 34
-43 14
76 -26
70 43
-17 -14
-80 29
11 -37
16 83
-65 -8
11 48
-59 165
-14 -60
38 -212
-150 200
-2 -20
96 33
-7 116
58 -60
56 70
37 -7
-23 44
-84 -44
52 27
107 -13
39 -26
-45 -11
-166 144
-78 -77
34 -57
-21 128
41 44
-19 52
-41 45
63 -51
40 61
-20 28
204 -89
-59 183
-65 -48
28 26
-20 -18
41 0
-5 -97
-33 88
-17 -25
-65 38
43 -8
145 12
-139 -67
-18 126
27 143
-80 -5
-14 86
65 89
-32 -176
-35 -87
9 -14
195 128
-101 83
-54 34
-50 1
155 110
-21 -2
17 -72
39 54
9 137
-132 -19
-56 -42
-161 22
-45 -6
-81 48
-11 -66
99 -8
73 31
-205 -176
-63 94
46 -46
-5 18
-36 -23
-83 27
166 -46
32 20
32 40
-68 96
11 -52
6 93
45 25
47 -63
-44 99
-3 -103
-59 7
46 161
-28 82
-132 30
11 -14
-4 32
-62 43
48 108
-116 -31
83 -47
-89 105
-217 91
-84 160
-162 -25
0 -52
-60 -23
-65 118
25 44
100 -100
79 30
-16 -2
-80 58
-26 -42
-4 -13
30 -5
-43 119
14 67
-44 -25
-33 -12
-20 44
-96 -33
56 71
-100 -5
-74 -33
8 1
-13 92
42 45
21 38
95 17
-6 38
51 58
0 24
89 42
74 0
-90 117
14 -31
-83 26
-94 41
6 47
119 121
117 -10
-175 -13
-14 31
-175 13
62 47
27 -25
-51 -1
-23 298
-79 28
45 78
-64 -21
19 -130
-9 -64
75 156
-24 -31
-18 148
15 -19
-32 17
-121 -55
6 58
8 71
-45 227
28 2
-26 -20
-10 -75
-50 -12
-73 -59
-46 70
12 75
-63 8
-75 24
-26 -106
-20 -129
61 -32
9 -8
4 -45
-39 71
-24 9
-18 108
57 39
94 -130
18 -2
-17 73
-15 -79
168 62
41 22
-44 59
-84 -50
27 -61
3 197
-75 35
37 -278
-7 91
58 56
-126 -57
9 88
28 -8
81 -5
11 8
69 -95
59 59
-36 -44
-182 63
7 38
5 89
2 -47
33 268
23 -106
55 -66
38 7
-6 42
14 35
-57 -42
38 -24
-51 60
22 5
-54 39
-44 46
-15 54
-1 8
16 84
64 -67
33 -100
-146 -97
82 -73
-87 17
-33 -74
-123 -14
-53 134
-166 15
-122 98
-19 27
-174 9
39 -7
9 -19
-1 -59
-111 68
84 -57
-139 61
-13 -53
-48 25
70 44
23 0
89 19
152 -67
-35 -98
-19 -63
66 67
-3 -23
-7 40
25 -2
87 -92
-41 -75
-16 -9
-34 28
35 8
47 22
-18 45
15 104
121 -20
-25 -69
39 -123
-64 65
61 -19
-13 -60
51 130
64 81
-34 -51
-44 -129
28 75
14 -197
-122 -26
-64 80
96 -131
-15 -4
-66 30
22 -172
37 23
-116 -103
36 -64
-60 387
18 -96
71 -23
-2 97
37 -12
-61 3
1 -120
31 99
2 26
26 -8
-53 41
-77 -21
-81 -29
-16 -4
-2 122
-48 35
-57 -61
-36 -42
-32 -13
-13 -13
58 37
43 -42
-23 76
17 2
-32 54
-59 -119
-72 12
-45 151
85 -100
-74 13
-37 -33
16 42
21 165
-46 -111
11 -84
55 11
9 -36
-35 65
14 16
-6 -5
-33 -116
-93 120
0 13
-16 140
-8 -40
-36 -71
-62 84
-55 84
39 19
7 -53
-83 51
89 -33
-123 -62
-34 94
-14 -88
-35 -85
41 -48
-9 153
-23 -118
-25 57
72 -51
-125 -76
-42 -145
23 54
92 61
-62 12
-58 13
50 -6
-27 -65
-47 38
-19 146
62 29
-5 21
104 -18
95 -1
-51 51
22 18
-9 54
-22 -7
-12 -55
86 -125
-48 -29
38 -128
-129 51
24 67
-9 -76
5 -235
2 33
0 57
-96 2
0 62
17 58
-59 198
-58 -59
-60 45
-74 56
24 -123
-11 148
13 -28
-23 -359
-91 189
84 11
-45 -10
-36 48
-57 -102
-36 -4
92 1
21 -35
7 -169
24 149
121 -83
-86 111
43 -20
-12 -103
61 -80
66 -59
-32 53
-62 23
162 -76
-93 -48
68 103
-14 -12
53 86
53 29
-102 -65
22 -68
-84 130
-86 45
-89 -130
-32 0
97 120
-75 -14
-46 -155
1 66
73 -36
88 154
19 -10
48 -39
-61 21
-33 -64
15 -115
64 34
-10 -18
-102 24
-42 5
-121 94
98 7
119 -16
-2 -2
-23 -14
-91 53
72 5
-4 -43
20 -65
88 12
-115 11
53 55
-91 65
125 -39
64 72
54 33
56 -38
85 0
57 -43
-40 61
-17 -14
30 -1
130 -33
19 11
-86 -43
105 86
-9 37
88 -91
98 34
14 34
-131 -38
75 97
14 43
90 8
11 -22
-11 90
-111 -39
-17 48
-55 -71
-126 -37
-79 -4
-16 73
-107 27
123 44
1 30
-87 -4
-60 -27
74 -36
84 -61
-26 152
7 -65
-211 -108
81 -9
22 92
2 -2
-30 3
20 -24
56 -12
-22 17
-56 44
-20 -52
11 -16
22 56
-17 -54
-100 -78
-69 22
76 -11
29 -163
-2 17
17 156
26 -35
107 -27
-53 113
-42 36
-19 14
35 67
24 12
-78 58
-18 -139
-11 -69
66 115
60 -33
-109 -79
130 123
-19 112
19 44
114 -43
11 -42
-29 103
-56 50
-85 -33
-47 -117
-110 9
123 -19
0 101
-88 9
60 47
-68 59
7 148
-54 158
-2 9
77 -5
-66 43
57 -152
0 42
36 133
21 -9
-23 -119
-38 124
-65 26
61 158
19 -46
-35 -71
34 186
59 -39
30 -3
-58 34
-97 28
-9 -118
11 -11
96 79
-25 -26
23 47
0 -112
-41 160
25 82
60 -1
-45 -79
33 -55
43 -22
17 4
-73 11
-19 -148
-34 45
77 -4
-7 69
-110 -45
75 29
158 8
-42 58
-130 -208
-2 45
-100 83
184 16
4 50
-17 -27
-107 52
-65 -37
22 14
34 70
40 151
-26 -44
-172 -98
22 -115
51 -216
-19 92
-63 79
7 -54
2 -72
25 -34
127 -40
-259 -185
117 96
-5 134
-50 -13
25 93
23 -25
-46 -124
-60 155
85 -128
-71 5
206 73
41 96
-43 60
11 21
-103 -86
3 9
-26 65
-67 -26
137 -186
-21 155
102 14
-219 -64
89 -56
90 -16
48 102
64 64
-28 87
24 -148
72 8
-163 -5
215 64
-80 0
-114 80
-36 -19
14 -65
32 -50
84 -32
136 -61
-43 -96
105 157
-114 -29
-85 -8
6 -48
-10 3
-7 -56
103 -2
100 -4
20 -19
105 -80
-122 50
-120 37
-107 14
-92 -164
61 139
20 151
-135 -57
79 92
32 142
-31 -12
-65 -37
147 -17
-5 25
29 -33
-151 54
-14 -76
35 63
43 -11
-99 185
30 -21
-129 -33
150 -40
0 -60
-17 18
50 99
-152 -15
38 -96
23 -42
-9 29
-52 122
13 -146
53 -80
-37 155
194 50
-79 -32
-72 107
-30 -94
-29 -7
29 6
39 12
103 128
-39 -37
-4 8
99 -59
7 4
-94 162
-96 18
56 9
117 30
0 4
52 40
40 30
-38 4
37 0
140 -74
64 -22
-25 73
-51 -57
72 -105
42 91
1 127
34 -93
-19 -12
-35 72
-25 -13
-16 -110
-113 172
35 -14
50 36
-58 20
-7 -34
-8 -58
33 -97
89 11
110 55
-11 -120
32 -79
32 4
-55 40
-34 -14
69 -12
-86 -24
0 -201
87 -3
84 -71
-25 68
3 15
60 -219
29 148
67 2
24 -39
47 -21
90 112
-48 -126
35 68
80 61
52 118
151 30
61 57
32 -41
33 126
-16 77
25 0
-21 -57
24 9
-33 2
46 -10
12 170
32 89
-86 72
25 0
123 -105
-91 -22
52 56
85 190
-11 -118
-41 58
77 126
-59 100
31 -116
63 54
-43 30
21 -47
-5 152
164 18
-20 55
-51 8
34 -33
1 15
53 -22
20 27
-49 76
13 81
-69 -133
-8 83
16 64
63 -13
37 -56
80 19
-20 -13
-67 -37
84 -5
22 123
11 48
8 51
15 22
67 -42
-53 -69
-72 29
-10 -2
85 -111
-61 58
-122 -58
77 115
-55 -13
11 -98
53 44
-92 88
-71 69
68 -142
-17 -171
18 -87
21 128
23 12
0 -22
171 58
8 -5
-136 26
-148 51
40 74
-270 9
54 -53
12 61
26 -63
-53 126
-95 44
52 -119
61 -82
-50 32
-45 157
56 -94
93 28
-129 -28
84 105
95 54
-77 -101
-139 -50
15 65
97 50
19 -123
69 -77
35 43
53 67
-143 15
-127 63
-3 -23
163 -13
99 -118
54 121
11 -17
-75 -11
-72 2
-29 -5
-39 -57
84 56
37 -22
17 108
-54 -41
-25 -26
1 67
-17 -71
4 48
-83 55
84 -69
-102 -7
43 15
-3 14
-87 52
-64 44
27 34
-118 42
7 -65
4 94
-138 25
-55 7
-24 42
-2 -36
-59 38
103 65
-6 119
-54 -45
-48 54
-89 -86
58 -56
134 -89
-42 146
50 93
51 55
-26 -76
84 54
103 28
-1 -17
36 -107
94 36
21 97
32 35
43 -7
101 -163
39 62
22 64
8 -7
167 -116
-39 29
18 57
-49 54
54 80
15 0
-35 67
52 -79
-76 -96
-12 78
-13 110
50 -52
43 -47
-83 126
-42 -59
50 19
53 -175
-18 91
101 183
58 -31
-28 43
5 37
0 -104
15 60
-4 63
-23 -55
-130 -96
103 50
64 -44
-72 -108
3 -132
24 0
7 57
0 -128
39 81
26 -11
-74 3
59 -19
67 39
-26 2
75 61
44 -43
29 12
-54 -89
67 79
-49 39
-14 15
-26 -12
30 -62
71 -45
45 50
1 46
-45 -51
48 -80
27 -54
-50 82
70 -48
24 -27
-39 32
13 -38
36 32
-78 -93
-25 -19
-24 54
0 42
90 -183
62 52
1 -113
60 134
49 -133
70 -13
-42 58
-3 -5
176 -82
-17 -25
40 127
25 45
-46 -39
-36 50
-97 -114
0 76
85 -7
44 -64
111 17
-60 178
6 -22
54 -6
98 -65
-5 53
88 87
55 101
87 31
-47 -80
100 -26
113 8
-94 123
2 -21
-32 115
38 -11
34 15
34 15
-31 -22
-19 -70
59 -81
-31 60
-83 78
-93 -77
65 -37
31 31
18 -2
42 56
-63 52
97 36
-113 0
47 20
151 14
101 6
49 -33
30 40
-73 81
1 55
-8 -4
139 -25
66 -67
-32 58
-57 30
-99 64
85 -84
131 27
-14 -44
31 157
-120 26
42 -50
22 21
60 -115
-88 -90
-31 115
24 -13
-167 220
-22 -12
-87 209
-69 -97
137 116
48 -224
-113 212
106 -46
-40 183
-90 47
-20 -131
-51 -82
29 -86
19 55
-25 58
-3 -20
20 86
-59 37
37 86
30 158
-28 -28
170 -35
-57 -22
16 98
-70 -117
-84 98
-25 -33
-19 -83
0 -118
-48 -70
-20 37
-32 17
17 41
-74 123
9 29
27 -126
-52 0
-17 59
-49 -97
-18 57
66 -34
-22 -48
49 -21
-18 47
3 -21
23 50
58 23
-8 136
34 -101
-15 -1
-27 104
18 11
69 -116
49 3
41 111
29 -104
-69 -53
-7 -153
-38 186
77 82
-6 15
-10 -71
66 -5
-19 -197
-14 230
27 -23
-77 -114
-80 126
-19 168
-64 47
-16 123
45 -31
60 -20
-37 42
193 -4
-82 48
-14 181
-42 -104
24 -96
-18 -107
-41 17
33 -62
4 -2
51 -84
25 -152
32 137
-33 12
3 -48
-86 -13
26 -8
79 35
75 34
-66 -65
-12 61
77 0
67 -23
6 -10
-65 -4
15 90
-68 52
80 9
-62 -84
-33 151
-21 -132
25 -1
0 -87
-29 -30
-63 57
-124 -36
-36 -33
-41 16
-5 2
-58 22
73 -21
92 -69
-127 101
-2 28
-45 -118
-42 -49
-28 86
-34 -81
31 37
26 13
-71 -36
19 38
-111 -47
-7 73
-24 0
75 -12
65 82
20 -27
-7 -64
66 -10
-69 3
108 -1
-45 44
32 -119
48 -94
41 25
48 6
-29 -39
71 9
28 -42
21 74
44 80
-38 83
76 21
1 -89
-8 -91
-26 -26
-104 51
-15 38
-4 9
-4 31
130 -33
52 -30
-17 -15
-83 -43
60 57
18 -45
-101 19
-40 -26
34 28
-49 -68
-59 60
-93 -110
19 127
-68 -17
77 -22
-49 97
-32 -23
-50 -16
-29 -58
41 64
54 -53
52 11
137 -10
-119 -136
40 -3
28 19
29 67
71 -62
-147 15
-179 -39
17 5
-122 39
-30 77
-84 -33
-35 188
28 -155
-20 170
7 -78
1 -188
-3 128
0 125
-112 -13
-25 28
-123 -23
39 -122
58 -2
-20 40
-274 17
83 63
-1 -1
-30 -37
30 28
-76 0
229 -57
-82 -57
14 84
108 0
-62 -23
-3 -58
-114 30
-22 -12
-152 48
-12 -9
-9 4
-27 29
-1 -10
90 -299
5 160
14 72
-62 -77
27 134
-21 -58
-47 16
98 -62
38 32
-2 -122
78 -17
59 162
-41 37
-42 -172
13 122
-26 68
-17 -107
-88 -112
-41 -56
123 -74
-28 144
11 -123
92 43
-1 -22
51 11
-69 39
47 70
-5 -16
37 -76
89 -66
-30 -12
65 -140
46 44
24 -10
-79 -141
-4 85
-34 64
33 -118
-19 -21
-29 -83
36 33
25 29
-50 -41
-2 23
-33 -73
-52 -20
-100 -75
-55 22
12 -10
0 -18
23 -55
-138 -55
23 18
-105 -10
-4 -20
-12 133
42 -25
76 17
-8 2
-55 -108
21 -86
53 111
27 -27
1 22
-107 65
3 86
-16 -10
32 -47
-64 87
-10 47
-78 -45
-90 -111
127 115
64 -15
-11 86
55 -47
76 -49
-162 -104
85 -61
-49 8
-15 -8
-97 75
6 -133
137 109
12 46
93 -116
-144 -47
-68 -76
-19 77
-11 -45
67 -102
-8 30
65 -84
7 -37
64 85
-39 -16
8 -71
48 -30
-83 31
53 14
-84 -4
-50 20
-66 12
-93 -25
-100 -57
18 96
-44 -4
51 -27
95 -3
-10 38
87 -28
-51 -82
67 -98
-70 7
12 -20
126 -54
-55 -70
-70 119
-86 -91
-38 157
30 39
28 21
23 -32
-116 39
31 -116
48 -17
-22 -51
-34 96
-43 -16
-93 141
-43 -54
-23 -63
-9 -5
-15 -61
32 -48
155 101
-29 -47
-9 -76
-105 141
149 63
-11 -106
-27 -96
-53 43
-68 -48
-74 50
-8 39
-115 -8
24 -77
-19 -10
114 152
52 7
-18 -76
120 83
-68 -19
-110 -79
-140 -188
-124 13
197 86
52 2
50 49
101 -25
-9 -93
-134 -3
-135 13
-60 54
33 119
138 -19
64 2
-123 52
127 71
-109 41
-249 -20
49 -1
31 9
88 49
62 36
18 -192
-122 134
-5 -19
32 17
-145 23
-17 22
2 -20
-5 -17
19 70
-77 70
-44 -90
-23 -17
5 30
-55 -69
6 112
23 -29
39 -94
17 -12
0 77
-83 -47
16 -55
-43 44
0 -76
51 -32
46 -25
15 -86
-81 -16
16 -113
-16 53
44 130
45 -1
-30 -123
98 -27
-75 70
-119 -47
-29 65
56 -169
99 19
-1 41
20 132
62 -18
-18 -32
-3 92
18 48
-11 5
-75 -62
12 20
50 12
-81 -81
-37 82
-12 -11
113 41
57 233
-51 -25
-12 -60
-51 -56
27 -17
-69 29
64 -72
35 21
87 20
20 49
9 -260
17 19
28 171
3 -25
36 24
-131 35
-2 -39
101 19
-40 -95
20 -9
-19 70
30 -3
18 86
-35 91
-112 -59
11 -17
-44 -23
87 -69
36 -35
66 -24
-4 -4
20 -47
17 57
34 53
-30 24
21 19
0 -96
-10 61
20 19
-87 -24
76 -13
33 114
-44 65
26 -85
80 -75
-64 -151
17 4
41 -48
55 -70
20 158
22 -7
30 -138
