-92 -229
67 -1613
-59 -499
125 1630
18 1649
5 -1616
-93 -638
129 632
-48 1649
128 -1613
42 -1613
26 1649
67 -309
86 587
38 -278
-11 -1609
-9 12
52 620
-31 -199
-27 938
100 -1012
-16 -1016
180 -423
20 -115
-191 1605
12 830
181 -818
278 -922
-68 710
82 -608
-58 704
-74 -1143
30 741
45 -1380
-17 -298
52 -51
-49 1649
-28 -803
-41 -1614
71 665
25 319
-36 -391
-13 -353
31 515
16 1116
-7 -1191
28 -1614
46 1649
-36 -1083
23 21
-128 407
-35 704
32 -602
118 -1614
4 -330
32 -301
41 1649
-10 -375
114 838
-102 -1148
-95 -77
142 -1615
125 332
132 1428
82 579
-6 307
-129 -1155
77 267
-21 -424
87 -1614
31 338
121 1564
-22 891
-25 -1614
-14 -647
-5 59
-27 -1612
79 48
26 1649
99 1417
-191 -1454
-27 252
76 111
51 -1113
-62 -1608
-135 -430
13 1649
23 616
-22 -1414
98 -1481
-113 -670
4 -1039
197 1649
8 89
27 398
-89 347
19 1134
-89 -1612
143 801
-118 1295
-50 -1615
-10 199
105 889
31 -714
-144 11
-19 1649
29 -1606
14 -1615
58 1020
102 1649
-124 769
-29 -698
171 -1202
1 1213
2 -1361
42 142
-78 -1609
41 932
-2 1177
82 -898
-115 -705
-84 1649
67 -1139
-128 -1615
48 613
-31 -87
-34 259
-69 401
2 -126
-4 -708
-7 -512
-41 -1263
77 1649
0 -16
38 -1613
46 1649
17 -421
-76 -1416
-49 622
32 1152
154 -1601
-21 -1615
-36 1485
2 -970
45 639
84 243
-83 27
116 414
-6 84
-56 -1615
-36 142
-82 835
-8 -1615
68 660
-29 848
76 -348
85 -1216
132 -1022
-38 1022
-49 773
106 212
-77 -1616
33 -334
133 -413
-71 101
-102 -259
52 -274
84 738
-49 19
-62 -1053
-61 1326
-62 1293
30 -1615
27 -982
-8 1649
-14 54
9 -1603
-70 -413
46 -579
22 1312
-5 1599
-22 -1613
11 -498
-7 -231
-31 652
-62 1649
78 -1615
84 -967
-19 180
86 270
23 671
-110 1125
-55 -1612
24 -1143
49 728
-36 192
-34 -460
-16 -355
11 -226
50 -43
-68 192
-17 -101
208 815
66 -1240
-76 509
77 -683
-38 -1613
151 587
282 1109
-29 -199
-38 -433
-22 313
-29 -236
-18 302
-19 601
-4 -641
-70 -1615
157 533
60 1326
-9 -1612
-53 -537
186 -363
61 731
48 1338
-87 -1613
49 716
-20 566
-113 -592
-83 -872
38 -138
40 -943
-33 -549
29 964
6 503
43 -544
19 -334
-34 922
-98 -1239
-215 1059
128 1023
158 -1611
-90 515
-83 626
-56 -139
130 -572
-111 8
-44 1309
86 -340
148 -748
47 1390
-177 663
9 -1596
107 688
-36 614
87 446
-88 -1257
125 -197
-7 -503
99 -1229
19 1113
66 1649
-76 -1616
34 -1601
-35 -187
-98 1581
-18 421
113 -1022
305 -356
-67 104
1 -270
76 786
-79 -726
23 116
133 -93
53 80
-83 -131
-2 -1317
60 481
62 -787
4 393
-21 -46
-10 -131
36 -164
51 212
84 814
8 -307
31 -1601
-12 -381
104 485
-12 940
-49 -763
-36 6
-68 -532
106 232
94 -423
37 -93
-54 337
-57 45
-45 346
-171 -604
6 -1614
40 4
-25 475
-288 609
96 -716
-5 -1265
-93 876
-50 782
175 -857
-53 -176
-70 -301
95 -204
48 -1001
-105 72
-148 -79
4 336
1 18
96 -1279
123 -182
70 713
-37 4
42 385
114 -1333
80 -1030
27 374
-90 -436
-24 -803
93 652
-32 213
65 -438
-59 -431
-41 -1230
-46 289
56 99
56 -224
-1 225
69 -1182
-19 -743
-42 -22
-46 -86
-22 101
-7 252
56 -1615
71 -588
198 -307
-337 804
-49 764
-49 -1615
189 -469
136 900
113 -567
-20 -609
89 -60
16 208
-64 -801
62 -593
62 -171
-6 278
-6 -1609
-41 -78
67 1327
56 205
-86 -1104
200 -1614
48 232
-134 90
-140 -44
-46 111
-39 -142
-6 -1227
-14 307
120 -91
-4 -20
-57 -411
26 -852
86 -654
-22 678
1 507
-4 -718
-106 -1614
-53 -57
-35 1204
221 -549
-25 57
-38 202
-41 -1613
-35 -323
92 1119
105 -962
-68 223
51 -150
-58 -689
15 -666
93 277
-145 -440
100 243
33 -196
71 -885
130 -259
14 -145
28 1272
111 -823
13 -1363
7 -651
40 160
303 142
-87 -124
98 -482
132 -639
231 -88
-111 -411
41 535
-61 -204
-51 -639
194 47
9 88
-172 -137
-71 -926
9 -320
-28 93
-152 -110
-68 -223
53 -249
-11 15
-96 -1157
151 -544
-7 1004
39 528
60 -1613
-87 -672
-64 -322
-17 51
-130 139
100 -81
-44 -293
-37 -546
-20 -387
-68 128
56 -265
126 -389
-108 -33
58 -347
66 78
-47 -298
-77 -631
-23 326
117 100
8 -1612
-119 -611
-6 208
45 498
-137 268
31 -1613
117 -613
123 -159
112 -202
-87 661
-184 -288
39 -73
-46 -323
25 -784
24 -32
-15 -478
59 -529
24 86
-105 395
-11 -1312
-64 7
-60 199
-124 -1428
-80 20
63 420
65 -884
-130 -368
25 -210
54 -55
-36 38
-84 -387
-122 -897
-40 -62
62 295
102 -198
-32 -337
-29 -618
112 -240
-41 737
-74 -1153
61 -229
88 -399
-17 -330
-53 -28
38 -221
-47 -340
18 -231
0 -314
44 -271
18 -522
123 694
7 -1198
-83 -1614
-176 1649
52 1018
45 -307
-87 -489
-119 -946
-8 -748
74 -148
15 -153
-78 -294
-31 211
-1 -26
51 -643
-3 -471
-121 -325
58 996
-2 -831
14 -398
23 -261
101 143
-35 -1494
43 -366
33 524
69 -162
22 -792
-51 7
124 -49
66 -101
-101 -857
80 -34
43 -436
0 -58
-54 -295
29 87
66 85
-61 -512
75 -383
114 -1102
-34 356
76 145
4 -307
223 -926
-112 -1076
-4 575
-70 175
-20 -762
125 342
102 -721
-62 -863
-67 633
125 89
-2 -524
-13 112
-3 -159
32 -893
-3 -355
-75 -152
140 117
34 -512
-46 90
146 -535
84 -620
-32 -510
117 495
-52 481
21 -705
57 -170
60 -484
97 18
-19 -1184
-97 -603
-13 92
141 296
-33 -298
-30 -335
162 -360
-4 -143
-46 -73
0 -326
97 367
-12 -1020
95 -798
18 336
52 -114
4 4
32 -486
-3 -612
128 -210
34 -4
92 -103
105 -109
64 299
43 -944
0 8
55 264
-50 -1299
96 563
-94 -564
6 -1612
14 413
80 1353
24 -654
13 -750
-46 -45
-66 -146
74 295
82 39
186 -1211
146 -40
-38 410
-19 572
154 -1304
-121 -729
-30 324
122 -524
40 -358
-24 384
153 -152
-79 -1130
-15 -683
-51 -94
-70 308
78 -937
140 100
-39 -159
55 164
-110 -382
59 -485
132 -26
56 4
28 -650
30 -497
160 -152
111 66
93 -218
55 44
-108 -17
-3 -636
142 -226
59 -528
76 447
-34 -343
-70 -388
-60 -354
114 360
-100 96
51 -640
-64 -942
-112 -111
79 397
104 -34
-75 -424
-19 -1023
-9 390
-156 719
4 -1020
126 -245
-26 300
-27 -162
3 -1042
85 -199
132 321
-64 373
-46 -1243
84 96
-116 -573
-151 19
-5 -560
81 198
69 460
-128 -356
-45 -75
-64 -1207
189 -561
-24 37
-99 337
-34 91
-31 -680
14 -1613
62 511
-5 407
34 53
-85 -1371
-19 -645
-128 45
112 1123
36 521
13 -1605
26 -265
-6 -102
-48 -597
181 1219
13 -224
13 -1600
-12 -557
50 766
-24 511
262 -354
-19 -1134
-8 -245
143 -171
58 -64
22 -151
130 306
13 -178
83 -1040
57 4
-116 -356
-111 -202
-44 299
38 -744
-135 -64
129 -434
-60 -647
6 761
91 -87
-45 -677
-26 -172
129 121
84 72
-12 -1614
-178 -527
41 542
-2 641
-99 -1001
-11 -725
16 404
29 -389
-67 -211
23 162
-147 -620
21 -213
45 -316
-171 17
49 -70
-101 -441
-68 -1607
-29 1018
-26 500
-86 -369
-101 -428
1 -465
-27 -494
78 39
21 -152
-92 -26
-38 319
-10 -506
-168 -1612
11 354
13 326
-49 31
37 -702
-45 -238
14 -367
53 110
24 -763
-43 -759
-25 447
20 -69
-78 144
93 -107
-17 -854
113 -531
-47 285
23 398
23 -388
25 -1183
-89 -179
-25 249
38 171
-37 -1077
16 -656
-59 627
-99 -568
-2 158
-28 125
-170 -677
148 203
-58 -756
-50 -499
156 85
-22 -464
1 -351
6 -297
-11 -123
-99 -364
-123 -548
55 379
68 510
70 -832
-129 -1008
22 21
3 -40
-12 -222
-33 -430
-119 362
-124 99
-142 -1615
-71 16
35 366
28 485
77 -774
29 -799
51 45
-137 142
-28 18
109 -239
-46 -797
-370 28
87 425
-63 -218
-72 -550
36 -357
-89 -643
134 -649
-11 988
11 402
-96 -861
77 6
-71 -1612
-137 539
-147 288
-43 -333
0 -420
-27 -77
-53 249
1 -1135
42 366
-40 803
13 498
-64 -1611
-116 -553
31 898
20 -47
-75 -1090
-73 -169
74 -594
31 144
136 765
-103 -130
66 -167
66 -411
-160 -8
7 -85
72 -267
-79 125
33 151
-39 -183
187 -512
-89 -1152
30 247
-107 90
-3 -174
-28 98
88 -884
-142 54
6 859
45 -562
-45 -1026
-11 906
135 -68
-148 -1612
-64 -13
-156 345
41 -20
-94 -827
-61 -685
-3 405
98 684
56 -1284
-1 -123
-82 -513
-37 145
41 -794
262 -23
-233 1320
-149 144
120 329
70 267
-70 -346
154 -317
-28 -144
-50 476
30 334
-60 -288
110 -1000
-92 -96
-8 -645
-141 -303
83 43
-38 -26
107 324
-13 -857
-11 -690
-8 -109
45 108
36 439
199 -273
-43 -176
49 92
-27 -667
31 -1612
22 321
86 773
-15 159
-73 -593
-77 -324
64 -108
-99 322
-79 188
23 -210
-13 -886
-8 52
-14 -12
41 -127
88 -242
154 -239
-104 -764
47 -224
71 287
20 329
99 124
76 -261
12 -766
7 -688
3 -36
96 -56
-82 -157
-23 25
49 328
69 -915
39 -88
-1 -307
150 365
53 -284
36 -515
-2 -335
-31 -111
99 21
44 229
8 -1230
12 384
-20 419
63 -804
-4 185
2 -1030
-16 -1613
-105 1243
14 1147
47 -411
22 -429
136 -207
36 -106
-63 65
14 -620
-168 38
-173 140
-102 -935
164 -262
-35 -404
29 19
46 -770
-3 627
-76 453
-3 -640
45 -403
-29 351
52 -843
19 103
44 -967
12 117
-16 697
-35 283
-10 -37
155 -1186
76 -1615
60 442
42 974
-93 259
109 -853
-22 -1540
-11 -112
-56 695
203 -98
-34 -69
-24 132
-54 290
19 -16
-106 -578
-127 -1614
13 227
84 132
22 585
-84 -249
124 -463
-195 -207
-23 -349
102 -13
8 -179
-46 343
-50 391
58 -1011
78 -550
36 -228
73 -1144
-69 334
34 747
-18 56
-60 -527
23 -391
-19 -788
62 795
102 -353
-5 -444
13 -656
49 -219
-36 116
-38 -142
-19 -142
-47 -538
35 463
51 -166
-9 -771
-34 99
19 -885
31 647
42 -32
-6 -717
-147 -123
-115 1226
47 -1171
-63 -1613
-38 1308
8 359
23 -1248
67 -329
-46 -574
-26 129
74 1619
95 -1613
-55 -8
187 330
-3 -562
-14 -960
-2 -125
-140 -316
140 -410
-19 -541
-18 -14
-133 -322
39 -298
30 240
-49 -116
112 -309
-12 -499
68 935
-45 -318
27 -335
230 -768
137 245
170 -33
-90 233
-78 -128
19 -872
93 -1614
102 91
-33 1421
-37 990
-96 -1127
-13 -1616
2 332
58 191
45 1
0 26
-103 -498
-39 -58
-85 -1092
-72 -170
102 83
66 283
-147 597
-126 -462
238 -1614
-78 -96
0 425
55 -346
168 32
-130 -600
-141 97
-27 74
93 -820
-67 -351
46 -160
6 334
48 777
86 -910
4 -102
-50 -212
28 -377
73 -677
90 -519
-11 404
7 655
150 -927
-14 -678
-105 -142
-105 -31
79 -2
22 496
-4 -128
46 -1615
12 99
-40 338
60 132
44 -233
60 28
86 -394
81 -1454
-45 425
9 941
38 -92
-138 23
-98 -817
86 -992
110 -628
29 -138
-72 233
-174 180
31 -425
-113 -177
22 -200
125 -642
-6 108
34 97
-2 -109
56 -628
-91 -559
77 -122
46 -692
-105 -308
-10 -7
224 -31
-20 -279
-60 551
8 -730
80 -204
-7 -305
25 -337
-63 75
-69 -226
34 -532
-45 121
38 -113
23 -1080
-10 556
24 37
48 -28
21 -409
3 -775
-30 275
167 -171
106 -552
-62 229
3 -16
-79 -847
22 -242
135 -511
28 1489
16 -525
90 -1615
11 134
-49 -239
24 -243
67 392
120 159
-118 -965
-40 -744
56 322
-34 355
100 451
-95 -650
64 -701
-39 -441
-57 -69
-32 -82
5 -368
100 -215
43 268
0 -423
-32 -1187
53 186
91 62
5 -42
-95 -268
14 25
0 -136
-36 94
-217 -332
219 -728
-23 -728
37 1353
20 229
2 -1615
2 -337
84 271
-11 -132
108 110
4 -445
11 519
-195 214
110 -1171
2 580
23 434
-106 -855
48 483
-16 182
30 -1376
-40 -695
-51 -142
-17 245
-9 -393
-50 -536
-88 -699
21 362
40 -423
-70 -364
32 189
-93 -458
-20 -117
44 -128
56 124
23 -284
-46 -1615
172 808
90 720
-139 -413
0 49
96 -756
86 300
47 -555
-4 -865
-89 -110
250 1060
49 111
-9 -800
33 -242
143 -1
0 345
-1 -1614
-49 261
-34 143
-19 -236
-4 -1159
-110 21
5 -615
-74 204
114 -170
-64 -315
90 221
-9 -103
138 -521
-18 -967
-69 164
4 210
105 574
-114 -408
-124 -1611
-49 513
-80 -510
-18 409
-8 -290
-24 -1203
96 297
27 -283
-67 -187
53 467
72 -222
39 -614
-58 -60
-18 -160
38 4
-24 -211
13 -541
-85 -936
-33 -115
9 800
-24 -1353
0 205
199 933
-64 -1015
-17 -269
-18 688
3 -798
89 -506
20 292
-16 93
2 -173
28 -142
-15 38
-8 -833
44 -1167
-65 694
17 1177
27 -18
3 -1603
-3 -59
60 291
59 -1002
-57 -197
31 225
-6 -50
-13 -1613
-40 -344
70 511
-19 0
17 -159
-15 -708
72 -1271
39 94
-37 1363
17 758
-55 -526
83 -345
-35 -884
60 -300
-46 299
33 -917
192 121
56 -258
56 -476
-3 -38
3 406
-12 -347
-30 -538
62 1094
-69 -321
55 658
154 -892
55 -649
0 542
-35 237
-48 -1086
116 -174
144 460
5 159
-5 -1463
99 -434
92 336
-2 270
135 -447
-7 -439
94 -329
52 558
-29 514
127 -305
33 -786
-22 -315
15 157
83 168
-39 -440
81 -470
92 -543
12 -480
131 -297
127 262
-44 145
28 -90
150 13
77 81
78 -972
-39 669
123 294
11 -105
203 -319
-37 -187
26 -397
137 -125
119 616
84 -1430
-120 -430
43 510
77 329
69 -1097
-145 -340
-147 -576
138 79
78 927
65 16
36 -299
77 -541
32 365
-80 -1288
70 256
60 1372
-130 -850
74 -1615
130 -100
-20 145
-81 1118
100 -1269
39 -235
158 1649
-103 -1181
-24 -1614
35 1085
38 976
-32 -873
150 -1241
65 280
-15 11
218 300
-42 -1613
41 -239
16 249
-63 221
-5 -73
46 -393
136 681
113 928
-6 -956
49 -1613
248 796
67 -124
-55 -143
95 128
132 0
37 -678
70 -878
74 -42
148 1217
93 -260
-47 -798
68 -47
-70 -426
147 43
11 246
-67 -293
22 52
130 -256
28 -852
-116 165
89 1382
-30 373
-33 -1618
-7 -962
32 808
65 1431
-70 -159
140 -1613
-10 1385
8 -1614
24 -571
-96 1649
-17 -945
59 -1615
26 1175
102 924
-113 -48
-111 -3
62 -736
240 469
2 -750
-134 548
2 -71
90 56
-76 -440
-37 195
-10 -766
82 -1614
-49 759
200 1649
-67 -657
-25 -1615
213 -409
-17 127
38 -4
-9 17
35 -42
1 -4
65 -1615
98 -312
36 1649
-25 -1618
87 -673
-29 1188
-47 -817
-39 890
93 -893
47 -994
-34 1044
38 -645
75 -164
152 201
-55 769
-27 -33
119 -32
-125 -655
0 -969
59 408
-83 619
-58 -146
-63 -324
132 -401
12 -420
41 -191
38 195
55 272
62 89
65 201
162 619
-68 -209
-15 -1613
6 552
31 684
-38 -753
40 -40
32 539
27 -537
56 -379
6 -588
16 63
-6 -174
143 707
-66 649
-30 -1614
83 1001
-40 1649
-10 -738
2 -1061
-30 -656
68 589
171 326
179 210
-15 -385
6 -1138
143 -12
-33 324
-12 31
27 431
57 -276
61 -657
-21 -1593
-116 1592
-21 1392
149 -1031
65 -428
1 -376
90 425
-19 -722
5 86
6 168
-54 -44
6 -423
150 -264
98 -323
25 275
-89 79
72 -637
-106 82
116 953
171 -557
96 -666
87 332
-46 58
43 201
220 -375
216 -451
-211 -576
-3 -516
-89 -216
110 78
-117 -521
3 -169
45 976
-16 397
78 -493
-20 -489
14 621
53 -111
32 660
-78 -616
43 -656
127 -237
81 142
-48 -243
-11 107
130 153
134 834
86 -281
-8 -1616
106 591
-73 1649
-40 -532
7 -197
95 314
-6 -490
298 -190
-25 173
-157 -102
-36 -261
36 385
-13 -419
126 -562
15 -513
135 474
25 -171
-81 -879
168 217
99 489
-33 1184
-15 364
62 -1613
-10 -86
-86 127
-28 -124
119 785
104 -601
63 -1552
-29 1168
-16 -497
93 -34
-32 -488
201 6
47 -351
156 799
-30 401
121 -982
-70 -635
-27 463
58 -366
95 458
-76 623
178 -1461
-46 -1008
-77 159
136 881
108 1066
56 -1608
-32 -570
4 512
67 545
-1 -761
-10 -1238
31 489
-14 680
-46 -745
-80 183
-63 -418
2 -574
20 1198
122 412
7 -678
206 -483
47 539
-23 370
67 -600
-19 -1613
38 228
23 81
-22 -17
104 -133
32 554
-115 730
67 -1616
79 429
26 1242
18 73
-8 -608
-59 -234
3 30
95 182
98 -506
61 360
109 -463
-13 -1177
115 -165
-41 1205
84 959
60 -1284
158 -177
71 -292
-5 42
82 158
41 -517
85 -13
112 244
-23 -179
59 -319
105 -437
-51 -321
22 -1301
121 1649
95 -593
30 -1364
30 -1104
11 127
16 422
-19 689
80 -1247
54 717
31 -127
8 -1195
25 -171
190 875
45 -372
63 -170
196 -549
114 -156
159 946
-212 -1136
2 -450
113 837
-42 -87
33 -385
9 -203
-7 -353
-61 -354
-136 -466
-21 202
122 -81
47 -276
7 -320
-13 -329
-11 -117
-155 -1614
113 -173
83 991
-99 -397
-10 188
40 -950
46 -63
-50 -1203
117 1275
13 552
105 -1612
-47 531
103 -150
14 -140
59 -160
-28 -329
-31 -64
43 247
92 -1612
64 715
71 -609
134 26
79 -365
126 -241
-49 366
35 -441
-25 437
118 -272
-36 -675
-18 -270
54 -37
82 168
42 -527
-76 -596
79 -141
90 -340
-22 277
-17 12
19 -443
-10 -794
123 -20
28 267
-59 300
-10 -1613
184 779
35 1619
50 -475
19 -443
20 -369
72 -300
-120 -21
-44 276
-19 -67
53 222
-115 -1543
57 -1614
-25 1157
-10 654
89 98
12 -584
60 -212
102 382
34 -464
-12 -32
54 -233
59 -530
-54 -376
25 -250
155 -518
-73 -154
6 -343
-6 325
-24 -1410
11 -797
34 369
42 626
14 -382
176 -527
-21 -169
76 -250
-64 -235
148 336
-57 202
-30 -1595
-32 -1300
-60 1486
-69 771
-20 -390
-16 -748
170 -195
-24 -266
-113 -37
-8 382
-38 -542
76 -1146
77 952
-73 -689
-18 35
-27 -888
82 133
-47 1056
186 -518
1 -237
-75 101
103 -181
17 -657
23 -119
-58 -367
264 -95
-22 -279
63 308
-97 -499
0 -194
-146 -428
-15 478
41 -882
-147 -44
13 -274
3 399
-40 -895
39 -568
8 400
-81 -80
23 -238
89 -268
-92 -152
-64 -92
114 -287
23 -579
7 152
143 90
169 236
43 -1602
-17 -1227
101 1316
-17 -189
-42 -28
5 150
93 -897
-100 0
-31 571
65 -617
28 -629
-4 568
57 -364
-21 -1176
-88 -81
215 243
-34 -395
-30 -28
49 224
-29 -202
-17 -61
-11 161
-89 -563
-58 -1601
22 798
-11 830
-7 -662
-31 -713
56 -295
26 52
-69 -272
-49 117
72 167
65 -1094
-51 -371
87 17
36 -82
-54 -347
12 -193
49 -493
4 29
37 -95
116 -79
-51 12
124 93
-32 -409
24 -998
7 -181
119 338
134 -16
-35 -645
-18 -387
61 393
80 -917
238 88
-34 233
-64 -281
-104 -841
29 -224
153 154
62 38
-26 -288
-57 397
58 152
42 -1614
125 -257
3 77
-18 -5
24 -250
-194 -57
82 -648
-15 -487
61 -182
198 -26
14 -138
150 265
-45 -218
21 -384
-93 -422
81 -441
186 -336
-123 -140
17 27
113 -340
-19 848
135 538
-36 -1614
56 134
173 1649
67 -497
18 -1323
-47 -207
35 -127
-72 -73
23 -94
112 -96
134 -178
165 -197
-116 -244
-20 -252
-198 -265
89 -173
53 -209
-35 -187
43 -202
58 -341
28 -462
140 -50
-145 -171
288 -83
-109 -342
-14 -33
-11 -236
-168 -376
147 576
12 346
-6 -1615
-99 -849
21 1275
16 600
108 -527
57 -1615
28 71
20 858
-49 -94
79 255
-75 -200
-101 -371
70 -406
35 -88
13 -218
47 -337
51 -660
22 -141
11 -20
-120 -258
181 -592
59 51
31 -334
71 -647
-38 -237
57 129
116 -22
19 -507
23 -370
86 -163
-50 -322
-22 -74
131 -331
7 -300
142 207
5 -563
52 -567
-3 -237
-20 -64
-32 -348
45 43
-6 -139
45 -743
-4 109
95 24
-3 57
-30 -426
129 -596
52 -320
45 -321
102 -266
21 900
56 -174
51 -1375
-48 -255
107 348
-142 -305
-128 96
7 -35
-11 -316
-94 -206
82 527
41 -1616
34 -1124
54 771
128 773
120 -632
-7 -877
-30 -1077
93 61
13 1564
-18 752
105 -516
112 -1615
37 -473
-27 716
-38 -111
116 -580
81 -361
19 -571
138 -476
-64 -163
-27 -496
54 -459
30 -195
173 -1106
27 -570
15 -416
-23 -413
-129 -526
109 -407
-117 -339
-33 -590
0 -335
23 -467
69 -195
55 -1110
-51 -511
4 -236
-31 21
-18 -87
-74 -501
72 304
45 -560
-8 -712
-8 -107
83 29
58 -292
33 -1615
-38 355
62 250
27 -296
44 -798
164 -102
-205 595
-100 -751
73 -499
107 58
23 -399
32 120
7 -201
27 -608
75 -124
38 -434
33 -410
37 375
77 -776
-60 -606
-59 -98
101 186
-26 -656
54 -162
-49 0
60 -177
52 -1000
129 -385
46 855
-24 234
-54 -704
15 -1615
60 -919
-20 504
-157 62
199 -278
131 -217
-132 -315
-165 -512
58 45
45 -391
-130 -664
-19 -81
61 750
-39 -302
99 -1475
8 -833
142 3
29 162
79 -161
120 -219
15 -358
-118 -520
182 -306
238 -406
3 -394
-141 -396
-15 592
-21 -546
84 -364
48 -124
-37 -981
-144 -95
7 242
0 -155
-110 -564
110 -166
66 -279
67 -55
73 -158
75 -309
-9 -620
27 -573
-100 -228
103 380
-83 -349
-37 -233
23 -1614
-27 339
114 314
91 -223
18 -315
45 -457
75 -442
42 -58
-25 75
0 -383
-22 -25
12 649
125 -1576
53 -1611
7 125
-24 732
-40 182
71 -585
4 -435
-4 -253
-18 -34
-1 -109
-90 -238
-29 -349
62 -302
-141 -439
129 -377
123 -366
45 -351
-32 -144
-4 -255
-53 -155
-238 -13
36 -82
79 -892
12 -848
-32 -162
-64 -183
-133 -112
-16 -212
14 -272
-14 -310
217 -175
166 -268
23 -243
-100 -173
-91 -200
124 -166
29 -135
51 -351
-11 -355
104 -478
9 -337
18 -346
-59 -336
-20 -301
30 -277
-65 -277
51 -131
49 -222
116 -374
100 -333
0 -366
-13 -282
5 -257
58 -209
60 -230
0 -264
11 -317
-6 124
17 -672
20 -1231
40 53
-69 30
-43 -172
89 -285
118 -356
-9 -364
-6 -248
-27 -141
89 -268
-48 -184
50 -248
65 -610
25 -204
-26 -165
91 -492
7 -463
-26 -184
-23 -66
39 -46
8 -194
12 -424
5 -429
-138 -334
72 -227
86 -184
-82 -298
-63 -360
-6 -379
-10 -207
20 -445
42 -558
85 -232
29 -509
-43 -270
2 -290
45 -248
121 -470
24 -421
-1 -370
69 -312
166 -265
-78 -275
-99 -269
19 -343
39 -371
54 -306
-3 -433
46 -353
-83 -380
57 -367
84 -319
-18 -207
55 -392
-14 -419
-54 -493
28 -440
63 -247
19 -259
-83 -460
53 -418
196 -297
-17 -261
-98 -343
41 -353
60 -555
105 -360
14 -464
-60 -138
62 -568
62 -336
-58 -195
-14 -512
-30 -414
134 -317
73 -149
-1 -137
69 -343
-87 -431
-32 -471
64 -765
73 -491
-5 21
127 -97
-67 -423
33 -621
-67 -328
-132 -299
-31 -129
133 -336
73 -302
43 -587
-60 130
-116 -641
57 -556
15 -345
-28 -36
91 -230
-97 -344
151 -535
-11 -287
-132 -443
-8 -611
-30 421
-61 -136
11 -629
-20 -805
12 -641
80 -24
17 87
-12 -505
27 -845
-45 -558
-47 -220
124 -678
17 -224
61 -78
73 -204
-60 40
-207 -30
-86 -677
128 -589
38 -591
-56 -106
-19 -304
-67 -1002
5 -403
-30 408
229 538
72 -390
-49 -1614
-71 -1611
38 1185
91 1118
-163 63
-53 -1614
2 -1616
-64 -1103
58 1138
-60 713
102 -50
259 -559
-165 -257
-76 21
-82 -190
58 136
-57 -462
114 -438
62 -945
140 -690
-151 -212
-54 -396
-191 -425
42 -222
397 136
-185 48
-348 -605
560 -374
90 -106
