-279 308
609 -1612
274 -439
-1613 869
-193 1220
367 -424
384 -1180
244 -169
1144 -122
-1136 551
-525 -498
-76 305
294 229
-20 218
-274 -647
-319 429
31 630
46 -535
-28 -921
407 -107
92 762
300 -209
315 -554
650 273
-575 -267
-1031 317
182 87
621 110
309 -728
-733 -448
-84 -936
341 925
-30 725
35 -186
39 -578
287 328
425 580
-483 609
-1001 -744
232 -755
-123 -237
-154 -290
12 344
137 309
144 397
883 -1123
-566 162
-1468 -71
375 624
947 801
-447 -632
-732 -1619
-236 212
61 349
529 146
-444 243
-309 -456
627 -512
333 561
-310 -82
-333 486
-281 -223
-57 -387
-87 -30
185 377
331 257
148 37
-411 -1614
-205 738
92 703
-137 -308
-130 -637
45 104
103 -394
-9 -128
-50 412
-44 723
383 -347
55 -1465
-204 31
-484 984
-405 107
245 -155
395 105
104 -185
-424 -64
-610 -82
376 223
677 -267
-323 141
-577 -78
121 -163
72 16
60 602
61 -232
693 -967
-497 756
-473 856
-51 -410
475 -1254
500 -567
166 342
-490 536
-1178 120
237 436
289 -483
466 -511
-118 756
-314 529
-195 -225
229 -621
258 -543
-48 -33
139 -10
112 -366
69 254
-468 -513
105 1344
323 -77
315 406
-917 -414
-599 -522
-144 -473
-415 393
272 594
265 299
51 -1606
-269 -342
64 612
395 883
248 -331
251 -333
236 -79
-637 756
-4 -115
-225 -494
-293 -67
67 -755
507 890
-2 -394
-422 -561
290 51
0 529
-264 -316
24 -214
187 -210
402 172
-302 775
-319 -532
-403 49
277 277
268 0
39 361
-39 -511
-187 -1377
-6 1018
3 -134
114 -892
-15 473
616 173
-772 -3
-350 -101
75 -332
211 -7
-129 16
-7 299
-546 -247
188 -571
206 716
95 19
233 -1013
-134 452
-97 728
263 -364
221 -481
228 -394
-577 -402
-49 150
407 132
-312 732
-122 -812
181 117
20 265
-184 -47
169 152
206 758
560 -1611
-169 133
-684 186
-206 628
203 -225
-35 -322
-244 -723
-269 -882
497 406
8 421
91 513
188 213
341 622
238 335
-463 123
-507 -432
-126 -114
-67 -202
138 151
204 625
161 25
42 -310
-209 -194
-105 -436
15 -16
-287 932
113 -161
-266 -986
-136 -954
-48 290
260 -31
63 317
-90 321
222 16
20 520
37 -554
270 -733
-411 1192
-440 385
-263 -977
264 -876
576 673
-273 273
-611 -286
226 -63
229 -189
-19 20
208 353
-113 80
-140 -521
172 43
-604 -73
-77 -401
118 -231
-13 -921
-26 496
-190 848
221 571
-87 -509
183 138
440 498
-70 -436
-851 -875
73 44
198 244
162 -313
-6 -147
368 329
-132 248
-292 -417
-398 321
103 1175
250 -880
328 -360
-369 303
-312 -268
-15 -95
54 -108
472 198
273 184
-447 -340
-206 -233
151 -1612
5 1260
-119 657
-238 -813
74 -171
274 315
59 405
273 670
-336 -240
-555 -690
75 22
72 -132
314 151
217 447
-97 -288
-417 -929
-759 -99
-13 376
460 1210
65 173
54 -310
-315 -229
-102 102
-51 -691
201 -35
174 757
138 493
201 -179
-231 -1050
-86 -767
182 431
-455 -116
-227 379
166 -84
38 -536
-2 575
-24 12
-53 -617
212 332
73 988
-134 -711
-112 395
-34 -79
290 -379
324 -1263
64 409
-417 1226
-477 641
-44 -359
102 -1399
231 5
411 565
227 997
-903 -551
-182 -430
-4 -53
141 97
269 -219
36 115
-375 -654
152 -249
421 431
147 217
-583 410
-167 290
456 -345
35 -1613
-59 -99
-34 875
444 783
71 -75
-590 -445
-164 -275
608 118
114 -235
-616 188
-196 883
153 355
-100 -401
-226 -1178
316 -67
123 324
-296 600
200 -95
-7 -439
-288 -200
-126 244
29 568
32 232
201 -451
121 -13
-383 -385
201 150
63 516
259 -88
-154 -237
13 -73
55 60
-561 571
28 -151
232 -341
37 -54
-63 294
12 411
374 29
-5 -145
-13 -810
-527 552
-159 553
217 -171
167 -227
-24 491
-45 63
202 -145
243 -436
-123 220
-278 692
356 -288
249 -664
-60 220
-169 219
351 256
-239 -466
-684 -344
192 693
188 -464
357 72
146 -278
-146 -210
5 621
-192 -397
-155 596
-60 -40
526 -396
165 607
-444 199
-180 -892
104 -20
-30 145
85 486
146 -893
310 -260
-13 252
-236 69
17 329
233 740
109 -34
25 -235
-228 -825
-103 259
257 837
146 -1417
69 -506
-15 396
-345 205
-90 490
-51 274
22 -380
166 714
-122 119
20 -331
4 3
87 -488
-39 112
-576 -105
-90 40
274 -45
447 -4
110 -411
-317 330
-588 615
-103 332
492 -690
358 -50
-87 300
-274 74
-120 163
-41 -217
152 -590
12 287
182 216
320 344
-77 -146
-352 -601
-203 370
501 636
-157 -681
-522 73
29 434
189 -407
250 83
-284 227
-6 566
253 -554
392 -856
-352 550
-187 772
173 438
257 535
127 100
-9 -805
-532 -685
5 357
118 647
329 274
62 -392
267 -633
-38 561
-501 200
-185 -323
113 -654
271 236
-220 5
1 431
113 362
-63 -717
45 -154
55 -551
415 -88
-194 590
-513 132
-72 -229
90 210
338 219
121 -71
-367 -492
-166 -905
178 1193
179 234
308 -633
216 -916
-791 1112
-98 463
347 -251
-135 -304
-191 -1071
151 136
-88 456
-41 271
268 -178
416 -151
241 -47
-938 135
-415 732
404 -417
129 -1098
185 426
116 576
-281 -80
-232 -26
124 -394
502 -398
89 46
-531 840
-56 589
-234 -877
-176 -80
165 142
199 -3
-63 -459
25 -138
-25 468
105 438
-174 374
7 -362
-426 373
-175 12
101 -386
-16 -890
372 -312
148 724
117 -248
50 237
-243 -208
237 -591
439 -339
-281 -62
-374 321
109 453
323 143
-53 106
-159 -886
-185 344
167 622
100 255
45 240
-132 -185
265 -597
235 -59
-466 -239
113 346
348 478
-100 -728
-265 -536
-225 -51
-12 -293
237 703
-113 103
-175 251
312 -379
340 -364
-253 175
-205 18
-165 -1019
255 -144
62 722
-193 458
-52 -341
160 -845
272 -102
-41 831
-184 338
76 254
292 354
-122 -200
17 -1614
61 167
-354 495
-110 170
169 20
255 -25
-467 -358
-161 -359
55 152
78 262
196 532
56 359
-45 -613
25 -6
38 361
19 201
122 20
42 -217
-85 664
63 -873
2 -491
-379 645
77 94
202 -274
33 -53
22 -254
551 290
-183 141
-1081 -692
56 414
159 1062
86 37
35 -1027
286 -503
-227 425
-447 648
154 -410
153 -66
7 1
-83 70
-18 -219
136 -58
-63 254
-197 188
284 109
5 -303
87 -279
101 262
238 627
-138 -340
-213 -877
-63 701
-62 214
183 -406
66 472
96 312
238 -823
-18 -548
-336 476
90 495
-120 -61
19 -407
-23 -138
-4 -22
-206 -158
5 241
447 -139
-1 535
-485 -96
-82 188
-44 -243
35 -17
114 218
93 114
310 16
-118 -192
-815 -602
8 -15
515 -104
160 91
212 17
-258 387
-350 -243
7 -235
-301 346
340 -533
382 240
-455 569
167 -484
61 138
-273 91
-409 -262
464 195
169 119
-103 78
-179 181
191 234
-30 -467
-422 -546
-33 183
116 281
256 -39
331 180
-282 -430
-245 67
125 -356
-88 -460
-168 -339
-7 -249
281 254
-259 614
-311 -306
-51 165
228 -369
311 578
-95 -268
-380 258
-79 -349
181 -423
99 222
97 193
-159 -194
268 -291
-86 97
-104 -91
-159 259
241 -56
918 136
-480 371
-984 51
-160 -195
380 -130
461 337
139 -281
-332 -704
-296 88
-172 457
374 81
324 131
249 -317
31 90
-85 43
-36 26
0 11
1 499
148 660
-35 -812
161 -1614
-86 36
-220 613
-143 569
-158 -96
64 -774
-90 -13
51 397
222 867
67 180
-6 -29
197 -424
530 -505
-1066 -55
-426 240
-187 493
263 136
248 -526
222 -844
-8 44
-351 579
132 -216
525 511
-33 547
-125 -143
6 -1169
-162 -386
-49 749
-126 322
-35 -34
116 47
166 -297
480 62
-46 -373
-50 413
262 562
-582 -79
-581 -129
-178 -196
109 147
306 -103
176 -2
-152 80
-154 -73
223 -134
169 -58
52 -831
-64 -4
-54 -72
28 450
-51 343
55 231
112 -635
216 -321
33 -350
-224 661
-150 431
98 256
319 -43
-143 -668
-35 150
207 321
-72 336
-216 205
-6 130
149 -475
-59 -1400
-81 -118
112 809
-134 504
-474 -623
334 573
209 -163
-166 -80
22 306
173 643
84 -109
-245 -255
27 -184
3 -47
43 -23
42 524
-43 76
-134 55
123 179
97 13
90 -437
116 -748
-266 -283
-25 789
245 424
-3 -90
98 -271
296 81
-64 401
-636 -329
346 199
60 572
33 364
-449 -1134
-431 -179
128 253
446 5
95 257
-175 205
132 -250
249 -437
123 142
7 -57
86 -345
-175 240
42 -22
323 19
-276 -286
-410 -1
52 540
102 300
27 -34
122 -1194
112 16
-83 180
-139 -2
-291 -74
151 445
312 -159
61 -459
-287 481
63 -257
-71 -76
-210 -392
124 -254
337 495
-386 155
-289 51
138 -329
179 174
55 156
-109 8
171 96
362 131
-482 -98
246 43
-44 -904
-160 306
-138 -289
181 205
186 361
-300 -391
15 -146
-54 31
2 320
279 91
79 -667
-57 -199
-385 -165
-370 30
-183 37
228 96
208 13
61 261
-12 176
-91 -449
149 240
176 366
-164 -364
7 -47
274 62
-30 159
-370 -327
-159 -159
-88 137
100 -301
37 -345
51 242
367 372
-332 -11
-248 32
209 356
62 7
44 -194
112 -352
-50 394
39 357
-90 -316
-862 -234
180 -169
254 -617
131 -41
131 638
-89 407
-294 259
72 -447
143 -794
39 -106
-357 773
107 400
264 34
-261 41
-90 -682
-11 -546
570 470
-566 630
-276 -57
155 -297
401 210
-125 9
-2 -230
173 342
-487 -15
-239 162
361 190
-45 -944
215 162
86 306
-193 265
159 343
14 74
0 -441
-266 -1029
135 226
75 841
12 32
176 -119
-242 -92
-495 119
71 -72
154 112
-10 356
-14 -96
44 -298
73 158
88 299
-38 17
-158 -458
174 73
355 71
-170 -448
0 189
-50 139
379 106
-107 -15
-1316 -367
-66 168
584 -87
312 2
302 210
38 252
-636 438
0 -443
239 -490
343 -34
401 -36
15 -56
-118 306
-183 268
58 86
334 -208
-251 -434
88 -232
265 128
-23 102
103 282
-94 -63
-320 -403
110 331
129 75
-263 -153
251 -62
50 393
-414 75
84 -96
85 -20
-184 -326
-37 -379
-212 605
83 155
151 -136
140 133
207 117
-199 109
-368 313
-259 221
-18 -563
535 -104
51 -107
17 -107
-82 532
20 -24
-143 -109
77 -15
434 -169
203 246
142 369
-627 278
-327 420
99 -14
310 -709
386 -278
-552 725
-232 47
357 -57
218 163
137 -358
-67 -487
-233 358
113 285
49 -100
26 -94
-12 201
-24 415
61 149
58 -273
-64 -45
13 -219
167 167
65 270
-391 139
-69 -585
177 320
85 -247
79 256
559 132
-941 -108
-565 329
531 278
317 247
0 -1078
-66 -733
-37 182
-150 610
89 488
86 41
314 -396
-85 -658
328 -119
-388 715
-245 789
198 4
170 -367
-39 -433
346 -136
84 392
-464 223
-349 -81
342 189
208 226
146 -176
-79 -560
-210 5
233 159
-291 87
116 93
203 -218
-378 -97
122 208
-255 479
33 -122
60 -126
118 -186
238 -19
221 -449
101 380
-40 986
6 -90
-107 -1293
176 -271
-50 542
-32 -236
231 120
138 -178
-77 -179
-42 38
-5 72
85 153
104 519
-211 422
200 -278
72 -506
-64 590
-58 198
233 -632
-143 -108
-174 -38
-90 276
55 -51
4 298
132 51
102 -24
580 -22
14 -176
-994 11
83 -65
145 -17
130 -96
-51 325
-191 166
-105 -301
376 -400
-130 -192
25 601
215 -24
202 40
8 -319
44 43
150 40
-372 243
-344 -100
201 223
279 176
277 -343
165 -447
-128 73
-142 172
-297 -113
72 -108
209 342
-44 5
109 75
214 244
-104 -252
276 -639
15 -292
-83 585
-563 651
-189 48
253 -401
211 -393
-212 -476
154 852
403 465
-440 -304
-139 -319
7 -113
317 358
181 -66
6 -394
-73 81
-26 596
-198 93
-20 -77
216 -117
424 -93
255 -37
-416 158
-321 318
89 177
168 -214
173 -534
51 183
99 198
125 71
101 147
-43 220
25 -449
107 84
-59 -132
-282 474
-198 129
189 -96
204 -154
-253 208
134 18
43 -115
0 -64
102 143
-143 276
-18 -2
272 -564
672 -291
-554 -38
-680 303
39 166
352 144
130 -293
-68 -148
-43 0
88 424
55 222
-4 70
490 -145
44 -114
-614 285
112 138
-111 -541
153 -98
-170 139
-6 434
164 -103
315 -510
-26 86
-179 227
99 15
20 66
-106 128
30 71
-83 -329
140 298
332 553
-494 68
-58 -604
226 154
-114 -87
0 123
153 -125
46 -369
-275 243
-62 24
36 115
-84 43
157 22
161 124
-72 -293
-239 -22
86 177
154 51
-28 13
-5 -65
188 -101
11 -104
19 322
-70 460
99 458
0 -743
144 -663
-186 559
-131 145
-96 39
30 59
135 -18
171 -138
-115 -1062
-283 181
154 -449
-27 8
-551 434
250 -70
278 -144
121 -692
-100 152
-94 331
184 110
-85 188
42 204
385 29
174 -29
-235 -437
-257 152
75 -137
-67 -158
-18 -26
-40 34
-105 178
273 -102
157 -69
3 75
13 -7
-74 306
82 3
278 -381
-170 160
26 281
-80 -126
-75 -262
-4 70
-113 335
65 -64
34 -76
-4 172
-11 -549
175 180
323 346
112 253
-356 -397
-218 -164
165 -44
-21 355
-160 -90
418 -154
369 291
-663 219
258 -27
163 -297
-347 34
39 -254
-35 277
-78 237
104 -297
152 -111
-103 110
158 277
117 -144
154 -248
33 82
176 -97
26 152
-81 354
-234 -243
-108 -89
108 37
17 77
-178 136
-125 -138
143 -144
147 142
207 264
117 -646
-27 57
-405 275
-71 302
237 -236
149 -150
-22 291
34 -19
-172 -46
-84 398
-61 -177
493 24
-37 96
-139 -249
30 141
-35 -163
300 347
-168 100
-379 -173
-17 -343
264 -2
-16 142
111 213
91 157
-309 47
28 -329
246 -324
106 68
-280 205
134 118
-32 133
-135 -56
22 -143
-53 20
2 94
-91 154
139 267
8 107
118 132
193 83
-198 -319
-72 -270
380 -106
-379 39
-188 88
166 284
39 31
-12 -121
103 134
269 296
315 77
-175 -753
-308 -279
-559 474
100 337
118 110
97 -297
-108 -192
-73 -54
-33 216
142 51
256 253
0 -170
95 -240
-21 -289
50 258
-172 70
188 -276
-197 66
-206 145
50 119
-109 116
190 -7
-153 -266
-445 -34
16 394
-67 136
141 309
-16 -197
-16 -323
1 -29
84 216
61 -381
109 -17
100 -15
-252 -87
0 -22
12 393
23 62
-8 -212
165 69
-138 219
141 144
-81 -89
-220 35
-82 -138
197 -527
51 238
148 -49
72 77
76 -270
-8 166
-41 229
-79 -140
-7 -144
-32 -114
-49 -7
40 26
-42 87
100 -33
-53 -56
-180 23
179 -24
36 252
102 155
67 -317
319 429
-95 93
-106 -357
-624 -98
-91 181
297 232
219 -117
-224 559
-218 -631
-25 -578
260 351
37 492
0 190
289 -349
-65 -153
-210 -97
-74 -2
-16 -119
36 487
-37 -90
36 0
23 -112
71 -38
60 -202
130 -88
5 113
-319 208
-107 16
-55 203
139 -420
329 383
-297 155
-347 -152
215 -101
-164 -53
-7 -103
-66 270
113 -63
83 -107
152 163
-115 69
295 245
21 -9
-286 11
-36 -125
-135 177
0 -104
17 -145
-20 -392
-12 65
-64 346
28 -126
50 321
-22 347
-16 -351
-75 -43
-54 94
110 379
84 285
79 125
149 87
-592 -321
-453 -539
116 -431
297 519
-20 -1
67 29
96 188
-120 48
42 -261
256 -155
152 260
-46 473
-17 -203
-164 -77
-80 -424
41 361
-105 239
172 -167
71 -198
114 23
49 194
-403 234
-238 -218
-19 -74
346 193
104 11
-162 -409
21 -38
246 306
81 214
-126 -459
-122 -78
39 -157
2 245
83 292
134 292
-180 -236
-154 56
293 -216
23 13
-82 567
41 14
-72 -107
-39 -276
-130 178
19 314
100 34
32 -70
97 -315
201 132
-174 285
-45 -155
97 -470
65 -284
1 202
15 166
-22 -111
309 -87
-19 -22
-735 418
62 0
190 -330
21 -231
102 -160
58 548
-40 -24
-351 -126
-391 -75
260 -97
260 -4
38 -119
-314 356
-101 151
155 43
-49 -97
-83 86
133 107
-36 -59
-52 310
-58 -33
-22 74
6 -319
25 -243
-100 248
3 159
-19 -111
-20 -110
16 335
222 9
28 -227
-554 219
27 7
187 -71
-157 343
156 -368
-46 -78
-356 339
-7 29
36 -4
68 62
230 61
-195 -150
-52 199
50 -214
-49 276
-48 -135
0 -335
-104 -3
-31 -175
-236 326
-134 318
198 85
-11 -339
76 -36
152 216
283 67
-910 138
-196 -66
31 -445
233 14
146 39
-104 133
-407 -29
86 256
-18 -349
301 -82
255 321
-129 37
-166 97
30 13
-22 -458
-111 87
-44 153
-71 -78
40 433
123 -175
94 137
-89 -318
-24 -152
210 125
-159 -17
-332 269
-60 -152
253 91
-109 -181
-144 -23
-153 141
-27 -164
36 228
72 46
-88 128
-86 1
292 -177
13 206
-233 -137
30 -461
-67 196
86 507
13 140
-255 -269
-200 -217
12 -98
117 44
171 0
23 -164
15 -97
32 121
-39 262
-131 -333
64 -126
544 -40
-220 245
-577 114
47 86
132 112
193 -1
-95 28
-109 -284
11 511
32 119
229 -84
115 -143
-161 44
-319 -51
-98 -164
58 295
-47 101
-53 -331
80 -300
-63 242
-192 118
-41 191
153 59
48 134
-56 17
32 -86
5 -312
71 -573
-135 218
-194 280
239 147
-260 -227
-358 162
148 270
155 -195
-65 -143
-60 264
110 -5
9 -65
73 27
-31 -172
153 18
-114 78
-313 102
160 -122
100 -430
-72 125
-20 513
-475 22
-82 -216
188 -349
69 -16
-48 15
-33 274
110 20
-151 3
-45 -119
68 -149
170 -135
87 -197
-187 -17
-64 528
-117 151
54 147
93 181
-88 -64
3 -103
61 159
51 97
466 182
-211 -202
-714 -274
124 -135
262 -46
93 166
59 -62
-67 -41
239 50
-109 378
-205 13
234 -1
-224 -94
48 42
27 160
-127 -3
3 20
-202 17
123 -190
173 -326
23 -154
111 161
-84 212
239 214
-146 109
-439 -154
287 -163
20 2
-300 190
33 -24
35 -404
-22 -388
84 202
117 154
142 -183
481 -131
52 238
262 231
74 33
-11 -785
8 222
82 579
-95 -84
43 -257
-25 -231
-39 -50
-42 185
-19 360
151 63
43 -177
166 -33
-206 -221
-45 47
-15 185
-231 17
192 113
11 -258
-285 -277
-53 -9
152 115
129 -17
15 -87
167 13
37 1
-36 -174
-90 -459
-151 137
71 197
58 231
14 80
51 -57
-35 55
-332 188
-147 -105
194 -67
-137 -123
-6 -285
128 79
0 -3
57 80
16 124
-321 -66
60 -233
198 395
112 331
-41 186
150 109
-28 -223
-381 -114
57 -23
110 237
195 -74
-48 -359
-76 29
9 41
-118 -81
70 271
37 74
160 -71
285 -350
-145 222
-417 239
48 30
141 107
96 -512
2 26
-51 8
-54 21
61 323
167 -87
28 -22
148 -185
126 138
-240 127
-211 -183
68 65
292 5
-11 7
-87 103
-193 -37
-41 -108
133 44
89 256
67 -44
141 13
-233 133
-52 20
114 148
31 -30
4 -349
62 -492
-121 218
23 319
-53 242
94 -186
72 -155
18 -142
-73 -214
-139 188
-140 303
-16 44
11 -37
-178 45
-36 -116
-131 3
-48 -36
47 142
41 67
41 -144
43 -45
170 -297
-18 277
-238 288
145 -284
64 -186
-108 77
-57 -388
13 252
185 131
-75 36
-340 -131
6 -171
211 172
-81 147
-9 348
-73 176
-147 -322
333 -397
-13 151
-465 251
-67 -34
153 16
180 -170
-157 52
-88 -14
60 -243
211 304
-2 38
100 26
143 183
73 52
-50 -8
-194 -74
-81 101
-31 165
-25 -269
152 -405
173 250
-337 175
28 -37
-15 -87
49 -130
64 -69
4 -158
-11 254
-3 106
16 -26
55 -199
-165 -36
203 58
31 -73
-153 -95
-89 65
137 170
22 -50
-100 70
-36 91
-109 -65
161 -275
112 -95
70 156
-6 127
-24 -117
9 -21
59 -89
-12 88
11 -1
32 81
44 30
34 19
-208 66
86 -48
167 -135
-16 -80
-215 289
-51 87
5 101
96 53
-16 -281
-30 -178
-177 91
0 63
49 -31
255 -128
-231 -64
81 -95
131 -112
-192 360
100 -19
103 -49
43 -123
-306 7
61 20
94 71
-57 89
-136 -251
-124 -20
153 59
230 100
16 39
3 -251
85 -104
3 229
27 216
107 6
22 103
-326 55
-126 -65
132 -76
139 175
-114 186
-17 286
-54 -278
111 -8
84 50
66 -127
48 0
73 4
128 -107
26 -8
-284 69
251 47
111 122
-343 25
-18 59
199 72
61 -75
-79 73
-120 113
168 62
235 -228
92 -415
43 52
-9 247
-305 147
49 98
177 -364
-104 -57
7 176
61 -204
55 -189
120 270
68 104
185 -74
231 -295
-174 -100
-350 142
177 223
176 4
36 126
-11 234
-21 56
37 145
-36 -15
93 -154
8 -52
204 55
-158 192
-169 -78
70 -156
50 -25
25 -166
-9 -35
-37 131
93 156
57 149
49 -81
20 -30
-51 -170
-13 -159
32 246
-40 37
56 -87
-16 17
242 -97
-72 -31
-320 218
129 102
238 -78
-4 33
-89 -98
-29 204
28 -210
85 -68
76 -341
67 -112
62 53
-34 131
200 68
209 181
-352 172
-10 119
16 -1
54 94
-97 281
114 -44
31 -36
-1 -241
-35 57
108 -10
34 -49
-28 200
-21 -70
123 88
-148 -114
21 -49
42 196
114 -63
161 -41
-73 92
124 148
84 -240
-10 197
84 126
-73 1
-20 -106
30 -304
18 -100
91 240
-56 252
34 8
-51 -603
-118 -95
-91 356
35 180
23 19
21 -136
25 82
70 53
-36 -1
26 -115
21 16
42 -205
34 160
-150 3
30 19
-112 -77
18 157
78 100
34 -119
-65 98
53 26
27 -52
26 24
0 -143
108 -12
78 -56
-185 206
-58 93
165 46
-56 -218
24 233
-79 93
-84 -107
132 6
154 -131
150 232
-245 82
-59 -102
7 46
7 196
80 -22
109 215
96 -419
52 -687
17 112
71 422
25 186
-29 14
65 -100
-125 141
-25 -148
89 -80
-339 168
-33 262
128 -90
92 85
240 -504
-92 -145
-119 -60
199 328
20 59
32 236
-29 119
15 -172
62 -338
-16 -123
-19 373
6 117
-18 -145
131 60
-9 77
-60 53
105 -11
130 -197
-61 71
-118 -120
-11 -4
103 -209
-55 168
168 -44
-15 134
-119 -55
-97 -319
-19 218
92 -85
30 -103
56 129
-76 -108
-129 -161
37 -435
210 183
108 360
-200 250
68 58
24 -119
95 -318
32 -49
18 251
46 -23
7 -122
-48 -31
13 53
-91 139
22 187
122 -66
43 61
-66 392
11 -242
-35 -204
67 96
5 12
12 -7
71 316
-20 -102
-65 146
30 -78
93 -249
71 29
96 137
26 230
24 77
14 -237
14 84
-22 -150
-4 21
7 291
102 235
5 -45
-230 -156
-61 -44
133 -16
77 -70
-46 300
11 -21
12 -24
20 1
138 17
33 -142
21 -111
-150 171
-80 321
-2 -68
24 -224
-21 -145
40 155
43 145
-89 11
26 15
68 51
79 -74
-49 -30
45 17
-76 29
-105 47
-7 -24
112 71
-24 225
-67 -128
21 27
95 -114
-25 240
-110 -156
74 -51
-220 -33
-247 233
-24 -306
47 -316
-46 119
43 313
119 73
-195 -14
32 -91
30 -17
15 -25
122 34
158 165
76 -64
24 -518
29 -585
-1 99
24 383
68 -257
21 35
-185 174
-166 -105
-132 -237
133 271
179 285
168 -143
186 -70
-199 -171
27 48
221 -124
111 -132
69 -256
1 -231
64 198
143 170
21 -139
-11 -187
-130 -7
26 208
-28 74
21 383
-8 -122
-37 -311
-143 -156
132 271
4 108
83 -390
-2 -342
15 0
-4 58
22 211
-11 53
53 -80
149 -30
56 -347
208 -160
-118 170
-24 84
51 -49
-173 42
-180 -127
53 161
-44 43
54 144
88 -208
-244 -110
-40 497
73 -145
153 -19
117 -333
-88 -79
-366 -138
-36 308
105 -179
54 -78
59 389
-13 156
36 -125
1 205
16 -45
84 80
199 211
17 -45
-324 -221
27 154
133 -113
43 143
-140 -120
-34 5
133 -15
14 334
38 130
37 -454
53 -266
118 131
313 203
-304 -204
-105 15
-149 -217
6 -41
111 378
98 -4
131 -157
71 194
-118 77
-357 299
-54 221
-2 33
67 -271
37 -102
-52 11
-15 -2
68 66
64 -440
7 44
5 284
-41 84
-106 192
-111 -301
-19 -245
69 -301
-58 90
6 367
11 17
26 -649
-23 -82
35 356
38 248
-15 -31
42 -43
98 81
69 135
24 19
-151 -294
-95 319
26 85
48 -202
2 -80
5 230
-14 20
140 4
-144 140
-83 70
92 175
49 -318
-210 -641
18 -160
101 300
-22 1
-107 180
0 141
45 -198
134 -258
-58 -25
73 23
4 -344
-118 223
-144 200
21 43
21 -315
-93 -42
-16 134
-98 398
42 182
-53 -327
-161 -265
-10 145
1 112
-41 -220
-23 -86
-49 118
-145 202
23 24
13 -106
-140 -163
-106 -239
67 46
153 279
-253 -21
-26 -764
87 -417
-91 486
-63 552
8 -23
-71 268
66 142
57 -305
-80 -108
12 -500
88 -505
7 159
50 287
-1 68
-8 -46
55 15
-59 149
-27 61
-18 240
-124 -270
65 28
-31 323
-175 -346
190 -447
-275 33
0 -49
123 96
30 15
129 252
9 326
55 -93
-15 -248
-24 -48
186 62
88 -240
-255 -118
-133 -29
152 119
64 182
-28 -84
-68 68
-46 -288
-4 -172
5 26
-104 141
-6 95
125 120
13 -187
-69 -201
-231 61
-170 226
103 170
125 -108
-130 -168
-85 88
78 -104
72 -81
45 -79
33 -54
73 289
-15 -1
-146 -120
9 -110
132 4
-54 12
-8 -67
-263 -150
-60 -54
145 158
4 99
-89 -134
-125 221
49 -91
-147 -17
-13 125
277 -240
42 6
-349 11
-142 45
83 -234
-147 163
-228 161
0 -4
92 21
-171 -153
-172 294
130 -538
136 274
51 -324
16 -223
-37 369
126 123
-10 -186
227 -431
176 -62
-935 114
-375 -437
88 211
73 185
214 -305
-339 146
22 81
18 82
166 -136
391 59
376 -127
-358 -112
-336 33
150 -1
117 112
-136 -225
-131 -35
-43 203
159 308
131 -359
16 -297
37 -156
-70 287
-175 91
48 -96
-189 -378
-265 -154
-93 -58
186 253
71 383
-167 -414
347 -666
87 903
-573 -251
-219 -355
103 176
33 -384
93 164
-191 141
191 -384
24 66
70 177
92 58
-105 154
-198 -438
192 121
253 -107
-268 -166
-388 455
-276 -220
304 -270
269 90
-4 184
-36 -95
5 -161
105 39
14 341
77 -59
-20 -8
-279 148
3 239
113 -550
-154 -78
-62 252
138 179
-192 -195
-107 -136
53 175
