-73 -69
-128 20
-7 -26
-60 -5
-18 -47
64 -86
-5 -121
-115 -46
-61 4
-8 95
-28 -9
15 -46
-25 -9
11 9
-16 -88
-23 35
3 -52
45 27
4 -59
93 -140
-19 -26
-95 52
36 47
-25 -37
-76 62
-29 3
-17 -75
42 1
-58 -57
16 -57
45 48
-6 70
-3 -43
-100 -121
-21 -10
6 -69
-51 -40
78 17
67 -59
2 -43
54 -29
-16 -53
-59 -19
-2 -53
-45 -17
24 -61
-31 -83
48 -59
-69 -8
-67 34
-38 -31
-20 -28
-53 -50
30 3
-26 -34
46 -107
44 -2
-59 -40
-21 -28
-122 -37
-56 -13
-13 36
-31 -67
-67 -59
20 -113
-79 -57
-33 -7
-40 -8
50 -80
-38 -15
-63 0
-4 -41
6 -68
1 -11
24 -30
-152 -82
-59 9
-35 -4
-11 33
-19 -21
52 -34
-4 -67
-40 23
-45 -16
-78 -10
50 -17
8 -70
13 -48
-107 -5
-47 -19
-45 -55
0 53
83 7
-10 -49
45 -53
22 -41
25 -41
53 32
7 -69
-48 -25
-16 48
-39 -73
19 -34
-88 1
-50 -73
72 -45
-50 107
-39 -79
-117 -38
-77 -22
-42 -25
-30 -44
24 -84
-30 11
-27 0
-75 -100
-66 24
31 -71
-16 -47
-97 -12
-134 -10
79 -19
-40 -29
-130 -1
3 -105
-34 62
-63 -29
-62 -19
124 -69
14 -89
-26 -25
5 -41
-109 -51
136 -47
5 -16
0 17
-51 -27
-14 0
39 -98
-29 76
25 91
-123 -3
36 3
-51 -9
-3 -29
-31 18
-25 -52
-44 8
20 -46
-32 -30
-47 -47
-43 -30
-134 51
-17 -155
36 -16
-42 -68
13 -10
-5 -60
19 -86
36 -22
26 -3
-62 -14
-112 34
-14 -65
-58 32
87 0
-27 9
-89 -28
53 -117
51 -23
-14 79
31 41
-42 -4
-1 -44
-61 -60
-94 -6
-40 -9
-60 -13
-57 -13
-52 -93
13 12
-18 -29
81 -66
21 -56
-40 -15
-21 -6
-30 -4
41 -66
-60 -49
-79 -130
9 -55
-128 -51
-16 -49
-84 6
6 -5
0 3
-55 -67
-117 -202
-19 -47
-4 -8
-57 -104
-25 -2
-104 -16
-1 -91
56 -59
47 15
3 -34
-50 30
-27 -43
-23 -106
-3 -16
47 -19
16 -59
-41 -110
-9 -72
-41 -57
-29 2
-77 -74
12 -29
-65 -11
-46 -130
-29 -70
-76 -51
-44 -34
-101 -77
-33 3
7 -30
13 -80
-41 19
-61 -143
17 -42
-2 -54
-74 -28
-29 -81
-12 -27
-13 -9
-68 9
-72 -52
-51 -22
-19 -51
37 -50
-180 -87
-27 -43
-124 28
-1 15
-37 -77
19 -4
57 -46
21 30
-26 -51
-48 -2
-23 -12
-97 -71
-115 -105
-20 -36
-18 12
-2 -101
-12 17
83 -46
-41 -92
-37 -76
-50 -10
0 -37
-2 -9
74 -27
-98 -56
-62 -28
101 -107
-64 3
0 -9
62 -17
83 -54
-23 -56
30 17
47 -30
8 -12
-150 0
-2 -38
-56 12
-63 -16
-19 -95
-52 -139
-21 -11
-60 -4
-19 -23
-102 42
25 -17
-67 -68
-53 -15
-8 -104
-32 40
-66 -30
-104 -95
52 -27
-180 -18
-10 25
26 25
-31 -105
-72 -70
203 36
-97 -60
-36 -66
46 20
-66 4
-37 -82
38 -50
44 8
-11 -15
12 -38
-26 -14
-11 -24
-6 -6
-104 -32
-82 -70
-41 23
-150 -47
-148 -48
-33 5
6 56
-103 -172
121 -46
-38 -39
-2 -46
28 -47
-73 -72
-2 -13
98 -38
-113 -7
58 -73
-5 27
30 -74
-22 -79
131 -36
-68 -46
3 33
-18 -121
-57 -18
-34 45
-113 -24
37 44
-91 31
-27 -43
-71 -36
128 -84
-93 -50
-22 -86
36 -49
-55 -60
-44 25
-33 35
-22 24
59 -13
-8 -26
116 -39
-58 35
-116 -18
79 -82
-86 -59
-58 6
-50 -21
-20 -82
-112 -26
-81 20
-69 -39
-117 -76
-49 -143
-6 0
16 106
-23 -45
28 -23
-16 -48
-85 -69
13 -34
-50 -33
7 -16
-128 -20
56 -212
-34 -88
-103 -3
-24 123
-74 -28
32 -133
-42 6
-74 -68
1 -52
-19 -68
-2 38
59 -3
-50 -56
-56 -36
39 13
-73 -23
25 -26
-77 23
-58 76
-48 -78
22 -46
101 14
-7 -13
-109 -32
-20 -130
11 -49
86 -78
98 -25
-35 -33
-62 -24
12 -20
-21 -15
-33 -37
48 -53
-41 -26
45 -50
58 -19
20 -130
-13 -115
-9 11
-71 45
43 -46
143 -3
29 21
-9 -34
109 6
66 23
-80 -41
-12 -43
-77 -33
56 -10
-177 3
14 -16
27 -12
-112 -40
-27 -132
-112 -63
89 -20
-3 -9
61 -125
75 -44
9 12
-37 -54
-20 -23
-12 -27
-20 -72
-52 -57
35 -57
-41 -5
-108 -35
-117 3
-120 39
-28 -84
36 -11
-139 15
-50 -51
7 -29
-133 -24
-15 -23
3 -7
-89 -13
-82 -30
-53 -31
66 -15
72 -25
-2 -86
-139 -53
-38 18
-26 -55
-29 -75
-55 -7
-59 -11
-170 -97
-4 -44
-82 -10
-77 -27
126 15
29 -51
-88 -85
129 -8
-12 -98
-184 30
-6 -62
-81 29
-137 21
-8 -30
-117 -49
-63 -37
-90 15
-58 40
11 -107
-4 -42
-58 21
16 -83
-70 -70
-47 -48
96 25
-26 -56
-56 3
-34 15
26 -8
-19 -87
-82 -32
126 -66
115 -24
98 -58
-28 -63
-66 -45
-14 14
9 -2
8 -28
98 -6
-13 -44
-115 -53
-14 -32
35 -5
17 -42
-100 -57
28 -93
-6 -5
-32 -40
-61 1
0 -3
0 -95
53 -48
148 -35
55 -38
-36 -29
-4 -69
-108 -68
77 15
168 -23
-7 -102
-31 36
78 -10
-24 9
-17 -35
16 -16
82 -2
14 46
100 -81
-2 55
98 57
-31 -65
-74 -141
121 88
16 -18
-151 -108
89 -52
111 -72
-18 -54
93 -33
0 8
124 -47
-13 67
-54 82
-21 -47
-146 -68
49 70
107 -16
3 17
-43 -5
66 27
-34 47
160 -13
-13 47
29 19
87 26
-133 -58
-81 -73
-4 -12
-81 -29
-44 -34
-106 54
49 34
-62 -8
-91 26
38 53
-34 -9
13 -55
-24 -34
-30 -116
33 -125
51 49
34 -41
-71 30
-7 0
-14 -18
-94 -38
-7 14
-27 13
-140 5
4 -80
5 -89
16 29
26 44
73 51
76 -110
-20 -66
19 -34
6 90
37 -14
-64 17
-19 18
-116 -12
81 39
-80 0
-126 77
-72 -74
32 -4
43 68
-16 -39
-41 -25
0 33
42 8
-46 -15
50 25
71 -69
-38 -23
-7 -28
113 -79
-33 -14
-78 0
-15 -3
74 -41
8 -18
-48 4
-3 -88
-31 -79
42 20
-3 -3
40 -54
1 29
23 -55
-123 0
-153 23
94 -4
16 33
11 12
-21 74
-2 -23
4 -62
-12 51
58 -32
-29 -5
-33 6
-4 -1
-16 -6
-113 -61
11 80
-80 -17
36 -16
-63 59
0 -4
84 32
37 -43
-28 17
-27 47
8 -47
-14 21
36 16
-17 29
-39 12
-31 9
19 -58
-41 -61
-16 -20
-19 67
-46 22
-50 -28
113 -38
38 -12
66 2
-94 -84
93 55
-24 12
-30 1
54 22
71 77
-17 -28
-31 -24
45 34
31 -18
-119 -50
76 -23
37 45
114 28
-64 17
98 -19
59 -30
-187 -47
-63 34
-71 60
3 -68
-40 15
-6 19
25 -18
-65 11
-59 43
-13 -40
65 47
66 5
-127 -51
8 -22
-99 -26
20 21
33 25
-63 -49
-73 -34
-97 -41
0 -35
25 1
-80 -4
41 -5
7 -4
-69 0
-15 -14
-13 -22
-42 17
46 81
-31 41
126 -63
101 -8
-19 68
34 -55
35 18
-21 63
34 -31
-10 34
-120 61
58 -13
-105 -18
-63 11
0 36
-20 -4
-82 105
142 3
-33 -38
-53 -60
-79 92
-32 -41
-169 -29
-81 40
-15 -67
-130 65
26 39
-14 -45
30 -4
31 71
86 -83
-62 -32
-69 -42
-18 53
-44 -29
-101 15
-45 -94
-50 17
-109 32
-119 -3
-47 11
-60 -70
72 -88
-45 -33
-7 -17
-44 4
-31 11
47 -42
-2 -16
19 18
31 19
83 -9
-52 65
70 -62
-3 -60
-27 -94
85 21
-67 18
40 -6
1 26
9 11
-12 -50
-40 -7
-33 -21
14 -60
114 100
28 -21
9 -48
5 37
-17 54
31 -37
-24 -77
-27 -32
13 -15
-43 46
-61 109
98 -68
-73 -49
-7 21
6 -8
35 -44
26 23
3 -16
-12 -65
-2 -29
-70 -26
-70 -1
-45 -102
-39 -52
-76 -10
-9 23
-63 25
-19 0
-31 16
17 -43
-8 46
58 71
-72 21
-51 -18
29 17
28 22
79 -107
89 -37
96 7
1 -40
-24 33
20 24
-20 -37
-52 -5
-45 18
17 -40
-11 -10
34 72
4 3
30 3
44 57
14 -10
2 19
-33 -23
0 -39
-78 0
34 48
8 -91
9 29
100 12
-165 25
37 -45
19 16
30 30
35 45
80 -16
59 16
-37 20
-10 15
-20 -29
-78 -20
-88 -20
-32 77
-58 -30
-3 5
-43 46
34 25
24 11
111 38
-109 -4
9 -22
-22 43
-44 -73
-22 31
114 -40
-6 19
-39 36
-118 53
-147 0
-22 -11
20 69
-29 40
41 -67
39 -15
-93 7
124 41
26 -161
90 11
-59 18
-51 26
46 61
-11 -39
-3 -3
44 65
59 28
-51 -45
-16 54
55 2
17 -33
-70 59
121 51
-8 -20
-15 0
2 -89
-7 25
66 24
111 24
-69 -6
-21 3
-31 27
15 16
200 8
-131 -48
-58 8
-37 -21
144 -53
-48 -17
75 35
-1 47
-21 36
24 -70
73 -36
188 -18
-46 -8
14 72
76 28
34 73
-81 48
-28 -66
79 4
46 -5
-16 -74
75 -12
-34 13
-169 40
16 43
46 -5
-24 -4
-1 16
8 -44
-15 48
-95 -37
-41 3
45 37
37 22
106 -40
-61 -12
61 -21
-18 -38
-39 -17
33 -42
-11 -58
20 7
-25 34
31 -48
-33 5
-40 -51
5 23
13 46
-42 77
-61 -6
13 97
-73 -44
77 -6
62 -39
110 -24
43 22
28 39
18 -48
-44 21
-57 -28
70 -35
18 -42
9 17
69 -45
104 20
15 -51
98 -4
-36 -64
-26 -31
-34 35
17 65
-24 98
-117 -26
16 4
82 47
31 144
-40 -19
-6 -29
-36 88
-14 -128
-42 29
36 -3
84 52
0 -22
-29 12
-24 48
15 -91
-49 4
21 6
40 -52
14 -4
8 -52
23 -38
7 31
97 -47
51 -38
38 -36
-4 -6
45 -4
18 -21
-60 17
-59 32
44 -60
30 9
139 35
-63 -13
61 -83
143 7
-13 46
0 3
115 37
13 -20
47 -83
36 -17
44 91
-25 44
129 -12
-3 -3
-10 -24
94 56
-13 8
119 64
87 -31
8 41
93 -6
77 45
127 -45
22 -4
-69 4
126 27
-92 0
65 28
-4 -33
-44 -93
-25 -17
-10 18
-67 -10
-40 13
-175 6
-22 -108
49 -5
-96 22
66 -35
72 -97
20 -28
12 -35
-41 -6
-86 0
57 2
15 -84
-26 27
107 -50
4 -40
-10 -41
141 45
37 3
-159 -82
73 38
6 -37
-138 21
112 -43
12 50
85 -47
-6 -87
88 0
56 -27
16 -12
64 0
34 -64
146 -33
-18 -108
46 -100
21 35
-29 1
-96 -47
118 -10
-62 -11
40 -88
52 -1
-63 -4
49 -68
112 19
30 -17
53 -52
40 13
-14 41
104 31
-104 47
-130 -9
61 45
0 28
107 -59
265 25
25 -65
43 80
107 -79
-10 -23
-5 2
81 20
-34 -3
-63 3
-66 -63
-105 -36
-4 -100
103 -6
-36 30
-56 16
-40 -23
16 0
19 -126
3 -130
-60 25
-48 27
-81 9
25 66
7 34
5 -60
50 -25
36 -47
-98 -9
-14 -25
44 -48
15 8
-42 -27
21 9
48 22
-35 -67
27 -31
143 -37
14 -17
26 11
-73 -59
29 -26
36 -26
-58 -13
6 -46
34 -53
34 -31
-10 39
-66 77
-42 -11
-3 -173
28 -106
-37 33
6 -84
11 -55
105 63
-99 -31
-19 -25
79 28
88 -1
4 -66
-35 -30
11 12
-20 -80
-10 -109
-25 -49
65 65
-10 -41
3 20
-43 -19
-132 15
48 -7
-112 -25
31 -49
-18 -18
21 5
72 -14
49 -50
-104 1
69 -38
63 -65
35 -47
37 -47
101 30
-89 20
-28 -73
-29 -115
-12 -41
7 32
15 -50
47 -26
-62 -95
20 -24
3 -16
-54 120
132 -41
26 -59
35 19
-33 -8
-55 12
-25 -60
25 -31
-9 -27
18 -102
-23 -30
184 -78
42 4
129 12
119 43
45 -11
2 -12
221 -51
161 70
-30 -109
43 -104
-35 -31
13 74
-39 8
-54 -51
48 -51
4 28
29 -52
36 4
-6 -15
39 133
-56 40
-55 -116
-4 -89
77 53
6 -7
-150 -16
49 24
-12 30
-22 -34
-3 27
8 -47
-34 -39
-64 -11
-40 -40
26 -8
15 -18
102 21
20 -22
-21 -25
51 -21
-28 16
28 28
0 -36
-47 -71
-30 -74
-78 43
-9 -55
-22 -14
90 9
14 -79
-24 24
-33 -74
-51 -17
41 59
-120 74
34 -11
-43 -113
18 -78
-106 -10
257 9
-15 -19
49 59
-88 -67
-81 -53
38 -11
20 -16
-89 17
30 38
-23 -53
17 21
54 -3
16 0
30 16
-4 46
-135 -64
44 -73
-83 -20
-27 -18
-29 42
-53 42
-50 -60
12 -81
-29 69
47 -4
-17 55
-15 41
-18 -11
145 -35
7 -10
137 -112
-114 -13
8 -98
24 -19
-18 -61
-21 3
49 -29
62 -4
-6 27
24 -77
15 -22
17 21
81 -41
110 -61
58 -18
17 -34
6 58
44 -121
77 -83
-84 37
21 26
57 -50
33 -48
0 -33
32 15
-34 -38
50 -81
56 -28
38 26
20 -51
39 -51
0 -18
-27 89
11 76
-55 6
22 25
41 -42
-7 -151
28 9
-28 31
-35 8
21 -71
-48 -12
27 48
5 52
51 2
39 34
-20 41
79 -33
71 3
-8 -51
-80 89
-24 -3
1 -14
29 -23
11 53
13 -32
-21 -37
-19 8
27 37
24 -9
-39 -108
11 -22
126 35
12 57
-8 -2
-6 -39
18 19
-103 -10
81 -2
72 2
25 -108
27 41
3 36
-38 -2
57 -32
-26 47
6 -5
5 -96
55 -56
-26 28
-55 19
32 0
-8 19
22 27
13 -53
-15 5
-78 -65
12 12
64 43
4 15
71 19
-7 -5
-35 -128
52 16
157 20
-20 -11
-1 14
44 -27
-19 -11
2 -24
-15 -37
-11 22
-25 -14
104 -79
70 -20
-134 32
-84 43
-55 -6
-23 34
3 -35
112 7
7 -74
127 -50
-80 -4
55 -24
-85 27
142 -10
7 29
6 11
12 -52
-1 39
-16 13
202 -11
30 -23
-50 53
-34 -55
12 0
-14 -110
35 66
54 2
-42 -31
-51 54
-86 68
19 -79
-1 -64
111 24
59 -18
5 -41
80 2
29 -52
-64 -96
-32 -38
70 -21
-30 30
-24 26
-40 37
-37 -30
36 -2
-41 -16
122 -82
-27 65
102 -38
48 -79
14 -23
139 -55
-44 102
-49 15
6 -69
2 30
77 38
-208 -56
-157 -21
66 8
79 -5
63 -32
94 87
26 55
-39 -67
-23 -15
-125 -43
30 75
6 2
-30 -41
-8 -2
-133 -43
-10 24
15 -65
4 -13
-15 92
-1 -19
-16 74
25 -5
-17 -51
36 27
-62 109
27 3
99 -57
43 -79
-66 21
73 74
-93 -34
-57 41
18 49
-77 -2
-8 -40
-23 -66
-6 5
-51 -89
59 -26
-22 -7
-83 27
-76 0
-30 -63
0 -4
3 27
-13 -40
-33 47
51 15
40 119
-36 0
70 -7
-22 -28
43 -98
-27 25
60 27
32 9
12 0
117 58
38 -93
14 13
-29 110
-28 -58
167 -106
5 -16
98 92
58 -66
-57 -63
-49 69
-21 27
28 14
54 33
18 24
-34 -90
12 46
-5 -59
-5 -2
33 15
105 72
37 -20
67 54
82 121
46 21
-55 75
-5 -9
23 8
72 19
20 -69
44 -88
113 11
6 45
54 -29
48 12
-100 20
-49 -48
150 -83
28 -46
39 58
164 5
42 0
-57 -2
130 -81
-49 59
33 -44
93 -42
-10 76
2 19
120 36
-73 -44
65 -54
36 -18
21 124
-10 58
230 88
-4 -52
-21 0
64 -53
-2 57
22 18
-8 -7
157 -71
40 68
-64 -5
-5 -26
-3 -29
-183 -43
-9 13
-23 -52
-131 0
152 53
3 23
112 -16
207 45
64 21
71 16
-45 -78
40 20
128 -40
108 -73
57 -56
147 29
56 16
-73 25
51 -63
-120 -83
-23 70
13 -15
62 0
137 -46
-51 40
18 -10
84 -34
96 -11
76 -55
38 28
125 22
57 15
-3 -7
95 -1
34 0
-11 -7
64 -79
-48 42
64 -1
8 -23
20 17
46 -16
60 13
37 48
82 46
4 15
18 -58
-11 27
130 16
13 -89
117 55
135 7
-80 -78
64 78
82 -34
122 -37
30 -2
-184 32
89 -5
81 115
-45 -9
-97 -51
106 -39
22 1
-138 -1
12 -4
99 -1
-136 -32
142 -22
-15 -3
-67 25
144 -18
-145 -89
-36 40
9 5
125 54
-3 23
-29 -19
-50 -19
-123 -10
-45 -10
-31 -17
14 -38
94 -144
6 94
-117 53
135 -13
-61 4
-32 -60
209 5
1 65
11 -35
-58 -34
-3 13
125 -18
153 -60
-36 9
60 -55
174 -59
-112 39
-54 29
-33 100
-15 59
-14 -26
79 -63
-88 67
-1 58
151 -2
-59 -7
-94 34
28 25
36 -66
-2 -11
-34 9
20 38
-78 27
-22 -108
111 77
68 24
29 -103
9 30
-117 -44
60 28
-2 13
-82 -36
29 80
-6 22
-7 -37
-58 -36
76 76
-27 -45
-16 17
-84 -15
60 32
90 5
31 -3
-24 -12
-21 -95
26 -97
-25 42
16 14
-14 21
-64 -31
-1 5
84 36
27 30
20 49
77 -56
1 -46
-20 36
66 48
37 -76
-39 46
8 8
-65 113
6 -119
0 -40
-4 64
-32 -61
22 67
71 56
35 -4
24 -75
12 26
-55 32
28 13
-66 6
42 18
22 -18
-7 22
-3 20
-68 35
-94 20
-92 -8
-76 -16
68 63
22 -10
42 -66
-69 26
-71 -93
28 -26
31 -12
-128 0
67 -31
33 -10
69 -9
-129 -9
95 20
51 -4
-4 63
4 -41
2 104
-81 57
32 -15
19 68
77 -17
11 -13
55 -58
60 -2
-78 42
67 26
-22 -62
-104 19
-43 -45
-60 18
35 30
41 34
-22 -59
-13 83
-133 -18
-132 47
-36 12
16 -112
-3 23
-12 9
46 15
40 -18
-10 18
-54 -39
-60 46
120 -70
155 -29
-81 45
85 -45
-30 84
-62 51
-59 46
-74 15
-46 -17
0 -20
8 -82
78 31
-75 6
44 49
8 -3
-38 -20
182 -21
0 42
35 57
43 38
-92 -35
-35 71
55 -14
-19 -45
91 11
39 -20
-6 -15
124 21
-131 -39
-46 -77
42 -20
9 58
8 -24
-13 -73
-7 48
21 27
-16 58
130 59
82 -74
-28 31
8 3
-84 35
114 95
-93 -27
4 -114
42 65
-43 0
-66 105
-118 28
99 -66
-161 58
151 -27
-30 23
-72 11
-83 -8
-110 33
-12 9
-101 -89
-21 129
20 122
70 -50
-50 -79
13 22
-105 38
26 9
-14 -68
56 -20
50 27
31 21
-27 80
49 3
-10 -16
-45 24
-61 5
-43 42
-131 23
101 -182
126 13
21 41
11 3
-71 73
-60 31
146 11
-21 7
16 -29
-7 2
-31 -7
-27 -51
95 25
-16 -96
65 77
-20 -23
-52 -49
-2 37
-63 74
14 37
-35 -6
-67 -55
79 -62
-29 -25
-13 6
14 63
81 40
-73 -2
188 17
-32 41
-29 -7
-22 69
-2 -38
29 -15
40 -88
21 3
-35 49
-1 39
-16 46
-22 22
79 0
25 31
17 19
155 -46
-1 -26
-6 24
-68 -39
17 -25
-2 4
-8 25
44 -58
-108 29
28 -79
33 -153
-19 25
49 48
8 83
41 8
-108 -44
-14 -14
-10 16
60 60
30 57
-126 25
-20 59
-88 -4
108 -51
-45 -20
50 -58
-101 83
130 -3
36 -9
41 -14
-175 -6
22 -6
-62 19
56 84
136 -51
1 -63
-16 7
-94 -19
167 17
-10 -49
194 117
100 47
-23 0
-52 -55
70 -40
-60 0
73 118
25 4
-18 39
36 -29
-4 66
19 -11
107 32
-41 -24
83 0
41 43
27 57
-98 -64
11 13
-2 9
126 47
-19 21
130 -22
-56 24
-72 -32
79 45
-68 8
12 -6
31 -11
-2 47
-50 -37
71 -5
67 -1
-6 28
119 3
-50 99
115 -19
18 25
-3 -31
17 -6
-37 -10
-106 -16
-47 1
28 30
16 -13
127 -12
-23 55
60 98
-2 -10
31 33
-27 81
-66 -19
31 -63
-73 5
-39 -12
-63 18
-80 19
32 -13
16 8
8 -9
40 0
28 -20
87 21
-35 17
14 59
2 26
-50 -2
-43 34
-37 52
42 41
-22 77
125 36
-74 -17
-64 12
43 -2
-21 -3
-48 9
-8 13
-64 -27
109 26
22 27
-8 4
34 20
-94 12
11 -58
-60 12
11 22
-91 6
119 44
13 -38
-9 38
55 12
-14 43
5 -12
25 -35
-11 0
38 47
30 12
59 59
-14 32
-40 -22
-85 116
20 66
-37 6
65 -50
100 60
2 81
74 38
9 -11
-32 -65
-8 62
-59 21
13 4
41 -3
79 37
33 -19
53 -54
5 -14
-28 34
-22 85
-49 -53
6 48
-34 17
-32 -74
-74 0
21 -7
28 103
-15 11
-22 -45
-42 -98
85 30
106 5
-34 -44
-65 40
99 32
29 42
20 -12
-64 -10
19 -9
18 -34
-81 -1
36 -62
-20 -45
-30 8
32 -79
60 14
20 51
-18 -33
-62 76
-37 5
24 -10
-29 0
28 -15
8 32
33 3
43 8
-19 12
