134 -675
116 70
-303 61
-45 -1616
62 1391
284 890
-36 -233
601 -6
-453 -624
214 527
489 534
-1613 466
-72 282
707 -1613
371 622
69 274
-362 188
-358 -292
882 -108
-247 -104
-45 512
468 265
456 334
-158 391
-306 -841
-161 -367
200 751
541 311
-884 -333
-83 -5
800 362
-264 358
-466 83
-2 231
-368 -786
-163 -21
1045 398
-123 214
-544 540
271 -676
-216 -938
-538 60
202 627
69 641
199 -390
227 175
215 851
475 -76
-162 -583
-371 -329
98 735
60 438
-154 -626
26 -544
-584 -30
-260 716
172 477
569 -12
261 561
28 -1369
-211 437
58 331
173 77
-38 -344
-589 -20
-487 -575
195 485
447 1030
900 -233
-609 -364
-690 81
-97 329
-736 36
562 -170
697 119
-193 -356
-760 -335
-97 150
463 341
199 255
592 274
40 201
-629 -1099
-180 696
319 59
-62 -277
-188 643
-4 617
750 -962
-328 -463
-1053 -706
385 724
402 1166
160 401
-207 -215
-286 -912
136 -478
47 1013
194 1592
-105 -789
717 -219
-395 -129
-641 -323
-564 717
84 -59
257 -1607
-44 1038
458 190
9 14
-606 6
-588 -227
409 33
572 542
270 355
-157 -457
-161 -443
-737 555
-581 207
407 111
1649 -371
-1613 466
-1613 140
-1612 -209
673 -692
139 -108
19 142
-479 683
-825 771
-101 18
211 -140
1272 -643
1649 416
867 -2
687 -264
248 517
-673 436
-1165 -350
-133 -261
429 -476
394 473
506 907
378 94
916 -83
664 -256
-1613 430
-370 450
399 -674
246 -949
331 165
-802 790
-3 185
946 169
-656 -136
-382 -69
-562 -351
226 227
180 423
84 -17
98 -23
-152 184
133 888
-184 594
-722 -1374
-89 -749
229 744
103 1482
338 180
-783 -1173
-487 -361
379 100
578 -89
593 -161
-571 1033
-703 502
-51 -432
96 -608
190 -93
126 701
-101 606
14 -541
-88 -512
-40 392
264 484
644 404
709 -298
-738 208
-1134 269
664 -172
77 -186
-1613 99
275 461
356 -81
-433 158
265 -75
383 157
405 701
-215 -621
452 -850
138 1012
-147 1030
-467 -967
74 -428
58 582
-139 280
183 -169
-23 -220
-68 654
331 21
228 195
-125 -399
-174 -346
-365 492
-237 297
131 199
-254 863
-234 -224
396 11
535 33
-443 -557
-395 -796
-179 786
210 281
88 287
520 -1130
426 -332
-1587 1016
573 902
-269 318
-436 61
214 -108
245 -341
-83 -363
-57 523
-85 -319
-48 856
845 288
-365 -552
-478 33
472 13
921 -475
-297 364
-1238 94
79 885
359 -355
510 -554
-68 -40
484 378
-224 775
-638 487
38 -1613
386 468
610 832
-512 491
-395 -1077
459 -178
308 813
8 -423
64 405
70 651
-232 -245
-79 381
316 -140
9 111
19 -32
-179 319
-523 189
-10 -200
157 -1141
52 584
115 547
147 19
-997 276
31 350
550 -547
-105 489
-414 178
-399 617
234 -182
198 -466
66 -50
-297 -580
20 55
201 582
-213 120
149 407
1361 -469
-1072 428
-1035 273
398 494
620 178
-139 -295
29 -660
-469 102
-391 -47
488 299
292 -103
93 306
-221 -150
-202 -374
306 1026
184 1003
-15 -66
274 -297
-594 -864
-202 273
196 711
366 711
-234 62
-76 24
72 -552
-5 -68
259 -125
354 1006
-155 -792
-37 501
-41 -72
-358 101
-23 408
-24 -932
-613 687
66 1394
232 613
19 -1151
207 -1189
427 162
65 156
-203 305
157 59
-556 -37
97 -101
-301 721
131 669
100 -740
-505 -129
321 1215
-7 -41
-147 166
68 -1176
234 -199
165 1275
86 840
-192 -1240
-22 -544
120 787
-78 663
200 -185
-44 -488
-60 -140
-52 467
177 418
-359 259
533 -1115
-793 660
-493 527
541 -87
338 -283
308 682
-373 104
-303 -413
551 -71
262 902
-148 -120
178 -167
-963 -439
110 225
322 198
144 25
-284 161
-33 368
208 -86
135 627
53 359
211 -558
-7 169
-176 331
378 -39
1215 159
-996 -446
-926 221
307 350
40 948
138 408
-218 -1614
-61 841
62 649
132 -5
185 -149
202 181
20 526
226 89
121 142
-135 -658
-32 -72
-550 335
-1 819
-29 575
142 -187
57 -123
80 653
154 191
582 -1043
-364 367
-646 875
147 600
796 -248
-763 -1093
-515 -991
143 1649
32 965
103 -481
23 377
666 230
75 -311
-560 250
-127 98
188 102
157 406
313 88
-1013 135
3 561
-51 543
235 658
316 141
141 -515
69 -227
-141 -55
-367 686
176 580
431 -558
-297 -418
-352 234
155 251
-162 754
274 194
360 -72
441 501
-1220 566
-389 -285
827 435
705 594
-993 -1011
-570 231
723 573
19 -225
98 -11
163 -1108
-510 -163
55 1075
444 867
-139 87
-42 9
240 653
-38 -512
-141 164
-20 462
148 828
402 -80
-21 85
-575 -450
-287 -91
141 705
380 113
55 611
-188 297
65 -106
-271 304
202 510
-108 683
-208 -94
289 -1001
24 95
228 469
-53 256
-125 -904
58 305
-26 741
562 1156
-133 375
81 107
-634 76
-288 13
495 -1615
296 1158
164 386
1062 315
-1149 -871
-1101 31
473 808
446 1111
331 794
-425 -623
-460 -372
301 62
426 737
-40 760
-113 208
211 83
237 -92
-60 -93
182 532
-33 331
-169 164
-412 27
200 17
-161 291
111 -536
122 492
-410 300
81 240
-302 671
51 -254
-237 316
11 92
362 437
-69 -482
-29 -153
6 449
-32 380
196 505
105 750
-282 -24
-396 330
-220 -345
81 -551
193 96
288 986
-159 381
-91 -769
-165 295
439 849
124 -407
-533 180
75 695
158 542
-196 330
281 67
28 -290
-17 636
31 69
-723 -136
-207 -986
394 732
37 870
-10 -494
-11 -506
-48 980
-170 188
231 485
346 42
80 -164
-22 527
-146 915
-76 469
249 -1126
-270 -745
-535 511
-295 235
374 162
421 603
-298 129
-357 189
-45 112
-184 -353
-26 779
408 808
-157 101
21 -573
93 -503
-10 696
-112 -291
106 379
-93 -327
192 547
-53 187
369 354
-21 126
-11 -34
-264 -258
-773 565
124 162
729 524
486 549
-863 -501
-522 -179
53 321
468 466
165 250
-74 33
575 635
-732 444
-653 -420
28 54
498 46
164 190
317 276
-247 -146
-102 26
-260 570
-128 89
219 -19
313 259
286 63
-110 478
-498 108
220 217
-210 -144
-255 83
128 659
216 360
34 -1017
-4 168
-204 1229
-60 640
-102 -361
-16 -281
107 354
692 -260
-687 391
-530 -30
154 -1143
285 658
176 576
-71 1025
-57 395
-22 -445
87 -92
-71 218
-138 390
-79 449
-8 -638
-31 -300
133 237
474 298
-416 239
-401 517
962 667
180 551
-1252 198
-547 -1096
565 592
162 663
254 -489
-57 283
-197 288
94 284
504 55
268 220
18 -1
221 41
-193 584
23 712
259 52
-311 -159
-329 -1615
135 233
246 758
-196 925
-200 741
50 -438
126 -586
-52 -166
-214 969
107 102
-147 262
-18 354
88 316
374 119
-181 55
-63 -673
-489 537
-176 476
109 -133
1079 82
-520 503
-1080 182
479 -342
234 -391
212 289
249 976
-173 30
-234 -138
189 302
-58 389
216 438
199 -254
-249 75
-604 258
-102 444
368 179
99 70
34 585
-44 -650
-471 497
146 304
180 401
5 -241
-238 34
-99 376
141 511
18 595
-178 -766
185 95
-5 246
-542 -51
-111 616
8 105
101 -157
-19 -440
174 93
-123 905
219 398
-98 -604
62 1189
265 130
470 -636
-592 -147
-671 899
472 89
-191 329
4 262
-340 34
-17 333
156 52
492 -707
272 -111
-466 313
-76 354
96 376
-187 30
147 208
101 108
29 216
204 740
-436 349
35 -257
170 114
246 544
-189 159
-339 -511
166 -311
63 697
-338 819
133 -8
-65 -202
-8 -393
91 916
-260 312
-26 -190
124 161
-317 406
-220 207
287 97
132 348
-130 1
-450 365
-18 503
275 -75
383 -1158
-520 507
-72 1646
-88 281
100 -301
281 -173
29 -208
-82 373
-114 235
256 356
-57 400
-419 410
-224 29
285 -275
414 465
-138 429
-124 -110
490 162
-1364 310
-196 132
381 -17
241 466
-82 230
-95 140
-163 345
272 327
149 -30
-153 -157
-201 236
164 327
160 193
-126 -331
-295 -56
68 691
96 640
128 73
-207 -770
104 81
-51 495
26 693
-177 -28
239 286
-49 -122
-641 115
-93 458
321 -225
320 313
90 -348
-160 479
-87 256
-126 -137
-61 228
13 201
990 223
-542 434
-969 634
41 -168
381 48
277 -119
-163 39
-210 249
254 -7
-159 169
137 349
206 240
-69 -232
-366 -49
253 986
-56 700
-446 -17
-137 -850
260 26
280 350
238 687
-407 312
-243 -138
168 -28
66 218
47 335
73 169
-107 -52
56 -154
329 937
-890 629
35 104
33 -1492
281 -205
33 1098
-176 174
299 89
173 215
-437 334
-243 625
61 133
250 526
-34 -173
-234 -257
81 632
-30 572
98 -170
173 -325
-215 363
99 347
126 108
51 -190
35 242
94 435
-206 646
-113 -147
-4 128
269 -110
201 -467
213 464
-42 327
-659 495
100 399
289 292
-83 -88
-850 -602
120 650
272 -105
-56 25
-103 79
-211 -103
59 210
37 499
196 479
20 519
-52 80
-247 -25
379 -281
-77 325
-565 353
-83 65
-69 -68
200 182
153 -70
124 837
-33 103
-6 65
-114 321
423 -452
-489 -6
329 171
67 534
-167 152
-50 -157
200 259
-536 399
-396 -281
-56 878
344 431
330 -180
-171 121
-377 228
0 464
233 152
202 -50
-272 -280
-63 133
18 590
120 507
0 24
17 -68
-27 -89
-4 200
82 370
270 481
-117 -430
-158 -194
-50 534
-48 375
61 -185
-58 87
307 468
110 -85
-609 175
21 645
358 701
111 -419
326 -190
-99 808
-682 613
-9 516
192 -227
233 -1137
4 598
-293 901
-320 206
63 -64
-76 -928
-83 40
-6 788
-65 306
42 80
-38 68
57 370
-151 348
-268 48
-490 -103
374 257
331 131
-477 413
-187 92
97 481
123 143
-166 120
-180 -569
201 393
193 434
245 -54
-145 -255
-267 -125
213 467
208 997
-322 -459
90 810
-111 116
-125 1
-32 315
66 -454
-60 24
-8 414
253 153
-39 -33
-200 502
224 420
224 56
109 -86
-325 127
-487 -165
-54 239
104 411
204 564
199 -3
-76 -300
-331 -295
-163 394
-37 252
15 777
528 270
-48 33
-668 -295
-399 -135
226 29
292 662
134 496
-192 7
-125 -81
-87 20
271 642
78 318
541 230
-321 -221
-612 276
289 -726
101 544
-308 591
63 -9
70 253
-140 -173
108 -121
-101 -384
-124 683
35 466
144 238
-44 -762
-20 620
-38 271
68 -559
-236 358
201 690
194 361
16 299
161 -355
-147 -83
108 285
-105 179
-51 431
187 -103
-125 140
135 193
-158 87
103 -258
-81 336
-232 439
128 554
79 155
-190 -132
-144 -382
114 74
-11 320
-66 714
93 460
19 -190
-287 -498
72 326
99 457
-1 356
147 119
97 -101
86 -19
55 643
-41 97
-3 94
-100 247
-64 70
143 568
62 200
6 -908
-79 -131
-81 389
83 238
293 706
-341 78
-222 -99
137 636
-6 109
28 355
-270 255
173 -794
-81 -154
-68 642
66 458
52 -195
87 -187
-451 460
-53 362
1 419
265 93
-346 338
-326 -197
-2 -187
21 103
316 106
408 154
-949 -142
-607 721
533 547
433 147
-159 -181
-636 -58
110 74
271 181
85 467
315 576
-75 -26
66 63
14 -144
4 321
-117 189
-101 586
50 -56
-72 312
-198 -57
127 31
75 -68
-7 662
-24 534
-64 150
74 -428
-200 158
-17 361
150 89
56 55
72 191
-25 155
189 279
-262 256
34 -446
140 112
264 667
-539 -72
-397 114
173 1
-53 168
-83 340
134 -751
37 509
237 919
68 55
-311 -109
-150 -9
-10 302
340 624
31 403
148 -212
-562 -184
-384 502
357 312
301 -552
-485 322
-398 -244
247 451
16 -183
-122 375
41 157
202 433
106 378
149 -261
-94 182
-135 462
-61 -56
38 70
78 160
-23 -62
-387 121
100 352
151 555
-787 337
82 -881
331 217
270 821
8 640
-467 -139
-336 -886
390 48
442 660
-192 529
272 25
91 -402
-111 31
-310 494
-224 612
246 -222
164 -139
126 156
-17 91
-515 205
-91 174
93 807
293 183
37 -194
-397 89
-220 373
364 527
115 416
-188 93
-184 -73
30 -329
173 137
-277 491
56 90
-15 -30
22 -386
-111 445
-20 194
281 297
-98 131
-180 490
-102 -46
215 -1
-53 -89
-17 -157
346 730
-47 346
-399 713
54 -25
354 -471
326 -269
-105 617
-57 616
79 248
-192 -479
-129 -160
141 496
188 483
65 185
14 -94
-301 -491
-73 542
324 560
73 -106
577 20
-871 415
-978 -63
319 -126
129 122
59 472
-81 -23
-101 424
-19 -20
-89 71
98 -190
255 415
85 739
-27 533
131 -405
11 -330
-592 356
-123 540
204 187
164 199
-96 112
-19 -581
162 -22
-366 481
-152 527
22 471
227 202
73 86
61 100
117 161
-40 45
-166 33
241 578
-107 293
-52 -477
1 -470
13 164
-23 619
11 466
234 105
-126 -701
-14 441
190 527
82 113
-157 405
-585 210
-415 -78
351 408
449 281
17 -352
-210 -34
-221 356
67 208
136 563
124 62
-50 -393
-300 238
-63 256
43 460
7 -357
61 36
102 652
150 902
-434 -365
-137 -237
91 -50
127 295
-28 -114
71 70
-172 508
-133 -161
-71 706
139 405
191 101
4 155
-472 -80
-235 181
223 493
8 -143
0 524
-71 -319
195 23
-79 87
-117 290
-46 333
104 137
-4 110
75 549
-43 9
-364 -150
303 -97
201 -149
-431 187
86 800
107 582
-622 335
74 -528
318 340
139 170
-86 462
-216 -704
-167 -366
294 465
-79 -48
275 289
-218 305
15 80
-149 -243
227 -355
32 946
28 952
218 408
-152 -234
15 -504
35 404
66 551
-118 -459
-103 -49
34 623
-36 325
428 21
-372 145
-253 -152
-74 -545
82 325
275 618
247 72
-573 233
-70 161
216 45
-13 123
-129 220
33 377
-48 530
-74 -64
65 -162
-49 487
-3 -448
111 391
122 310
-396 386
-133 301
161 -121
222 -257
-68 77
-146 285
-113 376
150 274
31 -309
-38 67
70 372
-54 371
-39 62
-70 519
566 826
-66 142
-818 -137
146 -406
-1 191
8 742
169 -340
-520 -1168
-147 -204
339 680
287 386
426 424
-142 570
-155 -78
22 52
119 312
44 -11
-242 238
0 619
283 212
156 -637
89 -776
-363 103
-102 514
210 149
59 354
272 181
-154 -148
-80 449
117 115
452 45
-223 77
-378 282
-64 203
142 380
-33 16
-55 -275
-68 264
-116 76
143 418
40 -137
209 -49
165 -44
106 259
-182 808
-28 243
-17 -265
5 -101
-265 -75
-20 403
279 209
234 415
239 287
-284 54
-574 -312
109 72
403 716
-190 313
-538 -186
161 -943
270 -48
138 1162
200 503
99 21
192 -50
51 -396
-44 392
-30 471
-219 110
-62 165
-34 -255
-13 -159
122 -162
-13 545
-175 286
127 165
68 374
7 287
-35 20
-49 -39
107 150
141 373
46 -33
-714 79
-8 -132
335 238
14 296
-562 152
-37 -364
125 167
158 393
-78 -8
191 408
248 438
-20 -407
-140 38
-71 622
-116 126
-149 -146
193 30
-110 540
-136 332
330 -46
84 -242
-96 -211
-247 704
-223 359
-204 54
-99 29
-101 -162
0 202
11 322
-102 165
-3 366
131 -91
16 316
-6 5
170 244
76 290
-283 116
-286 -27
-5 239
-122 -6
81 406
107 341
-76 -394
-238 -192
-47 372
212 613
14 494
-19 -102
-252 51
274 -284
-46 377
-307 268
-49 -133
258 21
25 117
-31 57
-174 379
55 518
75 146
122 404
65 108
-191 237
-31 -371
237 -184
126 463
-205 613
-149 -42
406 -96
-109 -143
-241 -206
110 639
187 461
242 -161
54 -308
-18 505
212 79
71 130
-201 337
-49 285
321 370
-73 109
-210 82
-13 54
-80 546
-107 -365
154 -137
51 131
-67 117
124 766
245 71
-561 -307
-319 -108
239 482
-93 343
-133 64
109 -41
-47 288
-90 34
7 -39
199 562
40 785
-217 -88
142 -213
-16 102
-155 -32
14 55
29 53
-18 336
5 475
-17 123
118 -200
155 118
-95 103
-189 -75
52 633
149 242
-10 -449
-97 348
132 676
52 257
-488 -531
6 106
401 332
395 405
-355 71
-353 -263
121 -253
73 323
22 100
20 225
-192 482
43 421
66 -227
250 -327
108 92
54 592
-118 284
-198 -63
46 204
162 -7
39 263
-34 183
213 -126
255 288
-705 423
-269 95
267 -97
254 -161
-112 -227
34 410
41 722
-9 160
55 141
79 0
90 77
77 195
113 61
-267 -265
-242 -30
80 134
-307 679
52 347
208 53
0 -214
-46 175
238 240
32 351
107 -7
33 282
-37 218
98 -45
345 -763
134 357
-220 886
-55 359
179 -743
214 -48
83 276
-527 281
-710 587
205 251
388 114
108 -143
97 137
-127 352
74 -277
107 278
136 334
87 135
-32 286
123 -76
-10 -25
-224 276
-178 225
109 -62
143 315
205 471
-159 -338
247 -585
20 756
-120 470
-88 788
-132 313
-45 -189
-46 37
-7 -92
-92 257
21 295
1 289
387 -53
-191 91
-457 218
-12 -257
6 -117
-18 329
9 437
-153 247
179 -88
48 92
-6 519
-66 234
-11 -288
54 187
-51 354
283 -52
63 124
-268 -131
14 -25
137 509
38 102
-112 -96
-8 337
13 192
128 88
-128 354
-95 133
199 -71
30 115
-28 365
-9 259
66 158
-190 160
171 173
19 -258
39 -51
124 150
-63 584
-162 -188
83 -37
49 328
101 350
184 173
-26 347
-342 303
209 -134
284 -337
-39 -115
-338 387
-270 410
73 169
53 88
-28 282
36 107
-114 161
14 155
-111 -9
2 -36
263 228
80 294
8 56
-65 6
-335 313
-25 -45
185 98
38 571
-203 162
-93 -220
-5 501
106 -122
-55 274
223 120
196 245
-320 312
-352 192
49 44
173 116
63 -39
-7 -52
-121 121
-50 263
165 252
36 203
-350 104
79 325
51 -55
-140 363
77 339
-197 195
146 240
-56 48
-65 116
124 -143
23 -94
-30 21
253 117
-353 252
-61 398
167 -4
140 -107
467 593
-202 530
-201 479
62 -44
47 -740
-150 193
-71 403
30 159
-33 -507
155 501
106 29
242 173
-12 126
54 610
244 474
-29 37
-329 216
21 -295
80 4
-54 67
61 355
-81 110
-69 190
92 -250
-48 -33
40 574
17 166
218 -137
244 46
-475 263
-225 406
71 410
25 166
89 136
49 -12
-69 -6
-38 167
16 558
63 308
-60 45
-26 -358
437 328
-323 344
-565 -18
87 -35
368 36
114 158
-324 174
56 -595
77 501
-14 317
46 437
30 92
105 309
-12 570
328 8
26 -58
-338 -181
18 -130
-207 322
-19 617
114 -220
72 -99
22 58
42 198
71 233
72 383
196 296
-254 243
-348 -200
268 -324
-30 56
-17 291
11 189
-164 -106
54 -194
259 453
117 424
-306 274
-73 315
86 17
124 248
-100 76
-7 79
-40 -94
143 300
29 148
-106 181
-46 21
40 68
-5 130
76 373
-27 -8
-55 363
517 32
75 172
-870 109
68 6
131 323
-70 101
110 174
-90 289
-11 211
254 254
44 529
-97 -16
84 -25
94 131
-152 -420
-122 -223
-175 309
-84 681
-217 -75
-6 -235
62 495
35 356
55 363
-16 26
106 28
-267 66
-138 278
51 308
196 216
-24 -118
-138 267
62 -173
4 217
45 467
0 93
79 -176
220 -509
-215 645
-338 490
43 236
43 96
-65 -258
-85 371
70 507
156 -19
47 259
-112 -25
124 -216
18 -102
-233 139
-146 286
101 204
-185 215
91 436
309 262
474 -683
-238 386
-165 11
58 -242
-40 587
-53 524
-8 269
41 238
132 -100
-331 -156
-57 158
-187 138
54 183
-211 117
222 238
-41 227
-110 62
95 -48
-13 209
11 1060
122 318
96 -210
254 -488
5 -201
-220 -140
-216 144
-78 4
31 63
215 130
105 -10
-163 346
-186 290
-32 -58
212 -2
9 -121
20 406
-118 427
-99 370
3 62
-26 272
144 102
271 -62
-69 571
-317 117
88 -58
150 272
-9 98
-36 -176
350 425
-68 56
-404 -70
-63 450
165 612
13 64
36 222
-97 -432
-43 -25
-38 -21
-50 510
101 220
57 -20
7 132
-49 117
-51 138
-172 250
-31 485
-66 127
171 -162
-27 56
-340 692
19 203
214 -480
64 -291
-349 115
-74 569
125 823
-97 -145
-63 -476
175 182
-45 423
-549 171
386 237
-13 101
-106 -165
-235 136
136 144
27 13
25 -313
0 538
-26 385
71 295
170 61
43 62
-2 214
42 154
-31 78
-103 74
-37 164
-5 18
261 278
-115 -414
-319 379
-60 67
121 433
136 152
-11 125
-254 -19
-63 444
136 232
-281 -23
8 319
69 561
-27 127
154 -100
83 152
-614 -184
-17 86
350 446
48 331
28 48
-55 -12
5 394
6 155
113 -26
70 117
-13 238
71 446
103 -562
-210 -130
-94 -494
-144 594
-158 190
-75 127
-84 234
79 362
40 240
-66 290
-173 360
17 -37
64 -12
-131 2
30 -103
60 432
12 499
239 220
-93 46
-888 -292
-26 332
362 136
235 324
-202 -87
-152 -30
224 169
205 352
-177 415
12 -179
54 -111
-38 366
-243 197
38 74
17 0
-41 229
27 238
-86 74
125 -476
-46 365
77 211
-40 430
-191 590
-331 193
86 -143
185 -881
-250 75
57 526
-255 398
-40 86
113 306
19 372
-46 19
53 -259
-30 16
-27 669
39 132
142 -362
123 356
-538 78
-91 -53
26 -40
53 321
-28 551
-146 99
0 206
151 197
88 -166
-93 128
1 312
122 302
-21 383
-276 -317
5 -168
137 387
-269 450
144 178
143 425
-253 -343
-68 47
107 175
118 189
21 103
11 80
92 347
168 176
-37 -120
-342 430
89 460
-2 -279
92 -473
48 -221
-50 705
-113 67
-126 321
196 94
51 25
-3 36
-72 218
-192 1032
35 430
65 -305
-136 -702
31 -186
36 824
-26 150
107 249
67 194
205 -179
-160 -77
-299 40
70 359
-121 425
-25 216
62 -221
-123 -221
-438 -276
42 356
98 382
99 333
185 353
-117 126
-42 -53
-21 -133
1 416
94 408
-2 -171
130 170
-62 280
-208 -393
-135 -79
282 543
22 368
-186 74
413 318
-147 423
-610 -221
213 501
156 203
-24 -208
38 387
-41 -212
168 -132
90 -22
-5 412
241 426
-16 469
-165 92
31 181
82 380
18 -40
-112 -107
-132 683
-167 71
116 -25
-82 105
-7 276
-13 186
93 -231
76 149
90 650
-368 389
-27 -320
98 -16
-123 64
58 115
47 63
-172 224
86 58
-163 78
157 -82
67 49
161 235
91 -89
-335 -202
-15 520
66 745
34 -128
-12 275
-43 -266
25 -147
-25 116
-14 480
-28 140
-78 -183
65 -47
-20 193
-44 179
-125 -80
54 263
184 416
7 272
40 -191
118 -69
-56 -144
-83 19
-127 474
122 -225
-288 537
-78 -199
94 -23
12 471
4 205
69 499
-18 131
110 -422
19 252
191 220
-456 103
-86 298
65 -363
145 -384
101 621
-128 372
-152 -118
73 174
105 216
117 -218
116 183
2 6
-136 461
16 310
13 335
205 -130
178 727
103 -126
-204 -69
-73 -593
1 346
-54 194
-38 481
27 -66
85 256
42 93
38 -331
72 -247
104 578
147 426
-41 341
52 -144
-24 -271
-513 492
40 559
225 415
-65 26
-93 -468
-95 228
1 506
228 -31
78 99
94 -243
97 -56
-60 29
-9 504
-15 355
52 124
-195 42
52 -31
3 120
62 48
-65 31
140 205
120 392
38 29
-291 252
-116 -35
49 -233
375 -1
-21 150
-468 -104
45 179
252 -343
-29 1205
158 473
45 -364
-174 -300
-1 -40
160 446
99 156
204 333
-77 -184
49 -61
-174 -64
60 11
24 67
99 320
-119 396
-25 381
21 -105
12 144
-56 -82
96 -6
363 520
-170 195
-82 470
137 -217
-295 157
222 756
284 -185
-221 -142
-17 -352
53 -57
-31 282
0 291
203 99
-31 -78
-12 25
-109 22
289 532
-24 464
-235 -215
228 -29
159 211
294 308
-193 -157
-452 -175
79 -100
335 387
-33 -14
-126 -2
-13 358
101 191
449 191
-337 178
-113 -79
217 -61
35 -186
-70 86
47 25
32 223
-97 477
178 135
32 -57
-32 -39
-70 363
208 405
-294 333
-405 -269
48 -147
149 -181
-96 520
65 -131
130 -145
-10 188
6 13
96 326
240 250
-80 569
-193 150
-23 -30
-9 79
98 -144
-154 139
88 430
101 336
55 -375
-130 -91
-12 293
-22 -38
200 -448
159 28
-700 112
294 -81
-130 145
110 -357
196 331
-141 184
-447 98
-80 252
259 292
100 184
105 34
120 294
22 26
-200 -47
56 282
63 109
15 -380
44 393
-105 187
-69 347
44 111
7 -315
-112 -270
-164 283
27 369
26 -242
71 -59
-85 604
-1 243
-54 -169
106 -63
-11 528
11 313
-9 574
-9 -650
3 -277
-57 612
-76 -44
69 40
-314 -26
-17 298
143 101
374 104
-654 -143
-202 426
154 2
57 291
277 79
64 -285
18 425
-32 305
112 250
128 -14
-165 -143
26 127
4 146
-168 15
-61 67
141 -142
111 398
-257 525
-43 313
171 -389
79 52
-95 404
35 221
132 -126
-276 -37
-106 130
143 102
139 99
-55 -136
35 2
-125 406
-1 265
90 -31
6 162
-35 130
-39 -326
61 334
91 275
196 36
-270 30
-196 227
233 82
22 -337
-119 532
39 195
71 -56
199 -56
102 149
-293 131
257 120
207 84
-270 21
22 123
289 350
-182 132
-2 -94
73 13
166 240
-229 168
13 55
138 552
7 -135
103 80
38 192
-190 -50
-41 237
79 240
207 58
2 26
104 63
106 44
-78 123
-23 187
186 207
300 -114
-669 -9
-197 293
269 -16
272 130
-191 150
-87 279
55 132
114 51
2 204
84 188
16 237
56 -239
-10 217
-206 -124
-170 377
-67 211
-52 -38
130 368
96 185
139 -98
-77 361
48 -10
9 108
184 118
302 14
-703 270
-133 4
240 223
129 -219
198 -11
-98 0
-150 123
146 45
248 145
-43 391
-351 309
209 -115
108 100
38 47
-15 163
207 287
-68 -835
-93 494
143 346
148 52
99 -72
60 143
-175 -108
-45 339
53 404
-66 -120
183 143
159 312
-108 -185
-386 32
-97 365
-169 195
79 -206
-131 14
12 407
82 290
264 -253
119 103
-362 -88
-277 446
-175 286
139 171
212 -443
97 -122
-74 353
-322 148
270 132
18 89
-83 255
65 -126
3 48
14 189
67 136
-45 314
158 -21
5 -140
-210 392
113 -149
61 24
68 246
-255 488
-21 33
-15 159
118 -37
110 0
26 302
-358 40
-270 20
168 118
206 -138
94 229
-161 112
-133 -178
-14 35
59 16
240 348
-40 108
90 199
-52 160
-9 148
-19 137
-61 93
5 19
202 392
86 51
-434 -594
-6 290
