70 -51
25 0
7 94
73 -36
41 -93
61 -55
106 -16
-27 24
-4 56
13 11
-16 76
-75 -20
-8 -79
-88 -21
108 -31
-18 -67
4 6
-18 4
-37 -40
-17 67
-111 -97
-46 15
-42 -7
-80 29
-61 7
-34 -13
-32 9
18 12
-20 30
48 -53
-39 -25
-79 -43
-2 -85
57 -43
-43 59
-47 -34
-12 -5
25 -77
-39 -55
-36 58
31 7
-85 -49
-3 5
17 57
-23 44
35 -50
7 -77
-17 -121
-31 -7
59 22
19 46
-37 78
13 -26
-42 -69
8 -118
-54 16
-10 15
-1 -5
18 -50
-23 16
-6 -31
20 -13
21 -26
-16 -32
30 48
11 0
-36 -25
-50 70
-9 24
-43 -60
-30 -31
-38 -105
14 -32
2 23
-65 64
50 7
-1 -69
-24 -12
-3 28
-26 -20
1 -40
6 -12
-22 -57
-78 -9
-49 71
-40 25
-37 7
54 56
-31 -71
-29 -84
-13 17
2 11
-42 -42
-9 -13
-9 0
-63 9
11 -30
-2 -91
26 49
-66 98
23 -32
4 5
51 91
128 85
3 -2
-40 -103
37 -27
9 4
-2 -66
21 35
-63 86
-2 42
24 0
7 -113
-1 0
-1 21
-7 -49
-13 -114
-70 52
31 7
-36 -31
-34 -33
27 31
2 134
-15 -27
-80 -147
-44 49
-23 36
-6 -27
-25 -64
-23 -38
48 -58
-35 -24
-29 -1
-5 -11
-14 1
-37 11
-38 6
8 -18
-45 -87
-16 -36
18 84
-8 28
-7 41
-12 -13
37 15
-35 49
-26 -25
-5 -58
6 -2
16 -52
-33 -7
14 -12
-12 77
29 -2
-21 0
7 -54
-29 30
-2 -70
-38 27
-7 34
7 70
-31 116
27 38
21 -36
-29 32
-32 -121
-57 -55
-34 104
-6 53
-23 -86
-10 -44
-24 -61
-30 30
-37 88
-5 -52
-31 -74
-12 -27
16 41
-37 -18
71 -139
-70 16
-16 45
-17 26
-10 -17
-15 -7
26 117
-58 45
7 13
-38 -65
-32 -48
-10 -29
15 -51
-58 61
3 -1
-11 -18
-58 100
2 13
-90 -23
-70 -115
-26 9
-11 -118
-29 -2
-17 58
-10 -26
-5 -11
-10 -25
-36 -22
-13 39
6 -55
-12 -24
-15 -79
13 36
-11 19
-17 87
-53 -48
-5 -50
-15 -12
1 -30
16 84
-18 -29
-37 -18
-80 82
-6 72
33 61
15 -34
20 -50
-30 -62
5 68
-21 18
-14 -42
25 -13
-14 58
18 38
4 1
-2 -5
-27 16
7 -8
-18 -32
4 -75
-17 101
-24 19
-5 48
-12 -16
-69 -48
-35 -26
-7 -13
20 -12
-27 19
-3 -72
-16 62
-16 -43
-21 -13
-10 -29
-29 20
34 -50
-37 11
9 6
-39 29
32 0
-48 -9
-21 5
-12 -36
12 -42
-14 11
-38 5
3 80
-5 -6
-27 -63
-11 -68
-49 27
-47 -16
-24 -66
-1 41
-24 44
16 -14
-14 -46
-36 -11
-10 -7
-54 -59
-11 21
-18 -9
-23 93
-18 61
-23 24
-56 2
-17 -74
-82 -6
30 3
3 -14
-40 8
21 22
-3 74
14 -65
22 -59
-3 -52
-15 -8
-4 14
6 42
-27 -57
-42 69
9 46
5 -52
33 28
-66 -51
-6 -80
8 -3
-18 -8
-10 21
-3 -200
-16 19
-4 -47
-22 8
-50 -102
-21 68
-14 49
7 15
13 -9
35 -55
-82 -54
15 -13
24 -15
-3 -56
-13 51
-4 -1
-10 172
21 16
-96 -49
-24 -66
-28 0
-16 5
-67 64
-15 -12
16 -13
-11 32
-57 -59
-9 -110
-5 -23
-35 -72
-29 3
-32 46
-22 20
-24 -7
-14 -12
20 -52
-38 0
0 39
-78 15
30 44
-23 0
-6 60
28 -13
-62 -3
-43 0
-33 125
28 -74
-9 32
-16 24
-19 54
17 21
24 68
17 -29
1 -88
-41 -49
-25 -35
-18 -76
15 -25
-6 27
-8 59
26 13
-71 -86
-19 -48
3 0
11 -59
36 95
-14 -72
3 11
2 15
7 -35
-15 -68
-25 -19
-15 -38
-1 -7
2 120
37 19
-11 13
0 -58
-25 -46
18 -44
-40 -11
-22 2
8 -63
-23 -42
-24 73
-44 88
-43 6
-2 -42
-9 -112
0 -57
-45 -7
-19 -5
-27 -13
25 0
-7 -8
-40 -61
-45 -26
3 9
-32 26
-28 -30
-11 28
28 16
-48 78
-22 -55
-21 -17
-11 -36
-11 -69
-10 8
-7 -85
5 -6
-13 0
13 -21
41 -17
-16 -68
-20 -25
2 24
-13 -55
-12 24
-18 -45
5 -8
-2 3
-36 35
-31 67
-2 -30
-27 -109
16 26
4 62
-44 128
16 -116
-35 -52
-10 -116
3 -2
-51 -109
79 -44
-7 18
-18 137
-9 69
18 -67
15 -96
12 8
5 -25
13 4
-34 -129
-20 37
1 51
12 33
22 116
0 -146
15 -102
13 48
15 65
18 54
-27 -6
15 -26
44 -61
-47 -23
-25 30
-8 9
8 -16
-15 89
-13 146
13 -2
-35 -134
5 -33
11 89
-4 51
29 -24
-4 -47
-41 41
-13 9
30 0
54 -115
-14 -91
1 -51
36 49
-19 -52
-5 78
6 28
-16 0
73 12
-11 -8
15 -70
5 -54
7 -26
7 -2
6 5
-5 34
-28 -96
30 -14
63 -6
-48 -6
-8 -55
-15 14
7 -11
-1 20
-22 16
-4 -52
34 -63
-13 3
-53 47
38 65
6 -37
24 18
-33 39
26 -29
8 -41
26 -68
3 45
9 -6
43 19
-20 51
53 71
-4 -11
73 -52
-19 -5
22 1
-11 22
-70 -28
2 88
9 20
-12 -50
-34 -7
19 72
4 32
-13 -9
-6 1
-19 13
1 -13
17 62
-6 -56
35 0
-35 56
-31 -46
33 -65
47 8
20 -16
15 49
4 -15
6 -2
63 -113
27 9
6 -7
29 -103
-15 -5
11 81
-21 39
65 -131
16 -35
-61 72
14 -54
-26 -47
62 -35
7 -12
-8 48
-24 -15
5 -86
13 5
1 -112
47 -9
-86 40
73 -11
-53 87
9 39
12 -10
-14 -52
-45 -11
12 -38
-18 -74
-7 17
-75 -18
17 23
0 46
31 -23
-2 -61
59 -61
-40 -35
-57 69
-7 50
-16 -7
-6 41
-3 46
16 -132
13 -19
-9 7
-11 -60
-58 -92
-18 1
-11 46
39 67
68 0
12 -44
-2 -47
-44 -1
35 -82
28 54
32 41
15 50
-12 -19
-11 -49
-44 -30
-41 -65
22 114
-12 -52
21 31
57 83
0 22
-28 13
-5 73
23 -14
42 -30
-9 -58
14 -23
-34 -21
-46 -62
44 61
18 21
11 49
-9 46
-69 -17
25 47
-31 -18
3 11
13 -45
8 3
9 22
-8 18
51 34
-37 -33
-1 -71
33 51
22 -52
-11 0
19 79
22 -35
1 -6
5 54
-24 -43
0 -72
-19 -51
-5 61
-25 4
4 -57
-17 11
4 0
29 -15
46 25
-3 -53
32 -58
-17 -1
-39 48
8 -20
30 63
35 -4
-9 -64
34 -54
38 -42
3 54
-12 -20
-12 -48
5 -18
21 -12
0 44
-13 16
0 -56
41 -66
3 8
38 72
2 45
2 -97
36 7
-8 -52
-24 -36
23 -10
6 -77
-23 94
13 67
43 40
45 -17
14 -8
18 -40
-16 -54
-4 56
20 29
3 51
2 1
5 -2
-8 -40
4 -10
-2 -6
23 111
-43 -39
-15 27
-18 56
15 -32
4 -6
-3 -19
19 22
5 -83
-37 36
-14 50
32 31
5 28
-30 0
58 -24
-29 -59
8 52
-57 -21
-33 -68
38 46
12 35
14 -3
-11 5
37 20
-60 9
-70 -13
75 -51
0 -41
0 -32
-50 8
21 -83
-64 -56
3 3
-21 -55
12 4
24 11
-58 29
22 43
-4 26
-7 36
-11 -50
31 -66
0 -15
-12 -44
-21 6
37 7
52 -59
12 -51
18 -73
-23 48
-2 -19
-3 -87
7 85
-7 59
13 4
21 -35
-46 -12
-3 15
-19 -80
5 -41
7 -31
22 48
29 -42
5 -13
13 -6
-31 -111
-13 -52
-21 -23
57 24
42 -113
-28 60
-32 55
-42 74
-16 -46
4 -70
-9 -17
-33 -14
24 112
16 21
-15 -8
-10 -13
4 34
-9 -43
-25 -105
-32 -29
13 -93
-1 106
-2 66
-20 65
-5 -44
35 -9
-14 -95
-14 -10
16 -1
36 -85
-2 -9
19 18
-10 48
-16 4
-2 -56
48 -53
0 22
4 -31
25 -7
-49 0
79 53
-18 -36
4 -65
-1 -72
-9 94
1 53
33 -19
-49 -5
-1 5
16 -7
2 46
4 -60
-8 -8
9 -20
4 -43
12 -34
-11 -19
-5 52
44 48
-15 -63
-8 -23
69 -6
-44 -12
8 -39
31 -26
-2 4
1 35
4 -31
18 -74
-1 -42
-36 -40
8 40
18 59
0 114
-14 11
-11 -53
-32 -60
-4 0
44 -20
44 -21
25 -29
5 16
-59 19
-6 -63
35 -44
141 -17
-71 35
9 25
40 1
68 36
69 100
-24 4
-18 -96
-1 -55
34 -62
9 22
-131 -34
27 -27
-16 -60
-46 -3
-42 4
64 -10
-21 -6
22 -24
4 119
-29 -81
49 4
-51 51
-12 0
34 -19
21 -15
8 -50
-23 -60
-13 52
6 -33
-37 -2
56 56
12 26
-67 65
7 -22
22 -73
-13 -53
-41 48
11 53
34 91
11 -48
0 -84
19 -4
-11 83
12 3
47 47
0 0
-6 20
5 -26
9 8
-14 -77
-11 -56
26 -49
-37 -18
14 -58
7 17
-28 52
-3 -38
1 2
-14 16
22 -22
27 -9
7 -57
36 -31
38 95
42 -3
-13 -42
-16 -41
27 11
21 22
-7 15
30 23
-12 1
20 -14
42 -45
32 -14
-15 27
-6 -74
-30 -75
-14 0
-16 82
19 11
-5 -8
20 -60
9 -53
20 -2
-33 85
-3 -14
26 -42
6 20
15 19
-8 -110
-6 3
-24 -16
-13 -33
-22 11
-14 31
9 20
-59 37
-19 27
-50 41
-8 -12
60 -82
-34 -28
32 19
-36 8
34 0
7 6
0 63
-7 -19
-33 -16
-5 -26
-3 -15
8 -54
-18 -21
-7 30
-6 27
-14 13
0 -4
-7 -19
-17 -29
0 16
-1 -16
12 -59
11 23
60 98
-45 82
0 21
-15 -33
19 28
14 -45
44 6
-3 27
8 4
-7 21
-23 77
-1 -29
-11 -106
-6 -53
-1 -20
18 -10
22 -28
-18 18
14 8
27 47
21 -82
8 37
-4 -3
25 51
12 -44
11 44
-29 23
-22 -56
3 -34
-1 -7
-11 0
-12 32
-10 -18
-20 -4
57 -21
3 -18
5 -3
23 -25
9 -12
-30 -2
-23 21
45 -5
31 63
2 29
-14 24
0 -70
2 -60
21 -70
-15 6
23 37
-5 66
-37 1
1 -52
25 -5
7 -120
-86 -54
-11 94
36 6
66 0
-4 65
-24 71
15 -7
16 -33
46 -50
23 44
22 -57
-7 9
-7 5
29 -14
16 -8
-13 38
-9 -106
29 -40
26 -22
-9 19
-2 -12
-13 -15
1 32
36 -138
-7 -22
-2 -38
23 -48
38 37
0 -14
-4 8
-32 -17
29 -27
23 -131
4 32
0 45
-43 -19
-60 0
4 -58
15 -10
-27 33
-26 21
-12 -17
14 -22
-23 33
-41 -38
-21 -44
9 43
-35 -38
-5 -94
33 -74
46 -41
-21 31
2 40
-1 21
38 0
1 6
33 -27
-30 -29
-16 -27
-39 46
13 -37
-3 -7
15 62
26 54
-8 -71
16 -1
-12 77
-26 -24
-11 -18
-46 -36
22 3
6 16
0 -15
-25 -51
20 -13
7 -38
-21 31
-18 5
-43 22
5 64
63 -61
-1 -38
-55 -23
53 -62
-55 -77
-33 42
-59 21
-36 -63
-23 11
35 -14
-42 53
7 27
15 4
-45 -77
-15 -24
-41 -18
-38 20
52 -30
38 -44
-15 -86
-13 -32
13 -12
-17 -36
-2 -57
76 50
-6 59
-59 143
-48 -83
-18 -24
5 -41
-31 -9
-17 28
-24 -18
20 58
7 8
-49 -97
-3 -64
2 -25
48 21
-56 30
-42 56
-87 55
15 -18
-9 -56
4 -22
-26 13
-18 -45
18 57
-29 1
-30 41
43 -34
-36 -5
-43 -41
-61 -73
-12 22
-52 -28
-29 30
-22 2
23 46
-26 18
-31 -27
2 -92
0 -24
5 -48
-50 0
-7 -20
18 36
0 -35
16 7
-6 -71
-10 -4
-19 111
-55 -9
4 -9
6 43
38 60
4 -60
-14 -39
3 -35
12 -54
-27 -32
-13 -7
-5 12
2 60
12 47
-9 -50
-30 -74
11 13
-2 -6
17 -90
-20 -60
-10 78
18 9
0 -59
-1 6
-116 -60
-33 82
-15 -20
-65 41
-4 -62
-48 89
38 13
-9 -29
27 -52
-71 -5
-30 -67
-19 -28
-26 80
-1 18
-45 -12
0 -52
26 -70
14 -12
7 -23
-28 0
-61 68
42 -8
-39 136
4 -68
1 -70
-33 -6
74 65
0 -16
-16 -35
-9 52
-39 67
-17 -6
4 4
-21 -22
-16 -71
-59 -76
-23 -129
-7 13
-57 26
-28 -69
-72 -10
9 -38
-62 28
18 -21
-2 -5
-30 67
-11 43
4 34
-23 103
-55 -50
-16 -77
7 -85
-16 -19
-45 4
-3 16
8 0
-9 -5
-30 -100
-17 -85
-23 -21
21 71
-37 -18
-31 -4
-15 -20
8 -10
-22 30
-55 59
-13 -13
-10 -100
3 18
83 -4
-22 29
-14 44
6 -11
-75 3
4 -71
0 -74
25 -39
-19 -29
32 67
18 36
9 -65
-37 -3
0 38
-21 -1
-46 -63
-24 -25
-32 -39
20 -11
12 16
28 43
-44 55
-24 -58
15 -58
-56 -8
-28 -1
19 68
-2 32
-58 -42
-20 -36
-23 23
23 51
0 -30
-14 -22
-52 -8
-64 -52
-27 47
27 -8
-13 24
-34 -20
11 0
29 31
-18 -92
36 -54
-1 -10
-28 40
11 2
17 -48
19 -73
13 -25
-20 33
-65 5
-40 14
-12 27
-30 38
-29 4
-21 -23
-38 -64
-26 -47
-15 -45
-13 85
-25 82
-51 81
-1 9
30 3
16 -92
-29 -33
-37 15
-31 45
-16 13
18 26
-21 -35
-21 -5
-9 -92
-11 -22
-17 -66
-6 0
-58 43
34 48
6 31
19 -14
14 -46
-30 -15
5 88
33 -242
-1 47
0 104
-2 7
-12 -152
-30 -37
-53 -53
-32 -38
13 -21
-10 -82
22 13
-10 118
-3 22
-15 -74
25 -97
-13 -10
2 29
-3 0
-6 -21
-17 51
-10 45
-48 67
2 -25
-64 -35
-10 3
-13 -79
-2 -43
-20 9
27 76
-17 29
-46 8
37 -81
23 -34
-35 44
-18 -96
-1 -23
19 21
-41 9
-33 -21
48 25
-13 37
3 54
-33 -6
-9 -36
13 -24
-35 37
12 99
14 12
16 -52
-34 -59
-6 21
-19 -20
39 -17
-46 56
-19 -9
-24 29
-18 -50
-1 -23
-2 5
11 40
-52 -63
-15 23
-43 30
-67 7
20 109
-26 4
13 -35
16 -31
-74 42
-50 -99
0 -3
6 59
-46 58
-34 -6
46 -78
-62 -56
-25 15
-18 -20
19 39
0 14
-104 85
43 80
-20 -59
-4 -84
-19 5
6 60
19 -115
12 52
-46 58
-13 2
-15 -69
2 -133
-15 121
-36 -58
40 -15
2 -2
16 76
6 -24
-37 -93
-2 -13
-24 -55
-30 27
32 -29
11 -44
-61 8
-88 0
-11 -2
51 -13
24 -65
-16 31
21 -82
54 19
-31 44
-72 61
18 13
21 -6
-20 -51
-25 32
4 -15
-55 0
-25 -36
13 -10
-25 13
-15 26
-2 -63
-63 -18
-26 -30
-27 -16
44 -1
-15 76
-6 89
-23 -10
21 -7
-34 -65
-7 -52
-76 -12
-23 -12
0 -47
-13 3
-7 33
-47 3
-21 -27
0 -57
-1 0
8 -41
-12 73
14 -3
-77 49
32 -43
-26 -72
-21 -50
-16 -77
-55 12
-9 20
-2 21
5 87
-44 -62
24 -16
-17 -43
-25 -38
0 -26
-16 -28
-21 20
-18 53
-23 71
-6 -62
16 -62
-5 -10
-13 -38
14 -32
19 -149
50 88
-12 82
-65 21
-15 -88
-40 -67
-31 -59
4 -22
37 -1
9 63
-19 46
-19 29
-47 7
5 12
-24 -69
-4 -46
-38 -10
24 29
0 13
-80 -21
-7 -17
6 33
13 -13
-1 45
-22 -58
15 0
-29 8
-58 5
-74 11
-10 8
0 58
-57 27
-18 -84
8 -64
7 -23
-10 -55
-9 11
0 62
19 50
-38 31
-85 -53
-16 -99
0 -32
9 4
4 -4
-3 8
-12 -61
14 95
13 -34
-16 -57
21 -62
9 -13
-13 31
-16 104
-20 -6
-19 7
-112 -79
-21 3
-2 23
-50 -22
-19 -69
-58 -50
-16 -17
44 -35
-20 -10
-56 -79
-3 -33
-21 32
-52 65
44 0
-11 4
-34 171
-52 51
-16 11
-44 -28
-31 -83
0 -74
-45 -39
1 -70
-16 81
-60 62
-19 4
-40 -75
62 -92
0 -30
31 102
-3 -64
6 8
23 72
-42 26
-23 -20
-8 -37
7 -165
-41 131
-40 -23
44 -38
5 1
8 15
7 -1
38 -33
-17 -46
-16 0
-6 -56
17 -16
-21 35
22 40
29 11
-29 -27
-48 -40
-11 -22
-47 -16
-21 67
16 -18
5 51
-25 -11
-26 68
-2 -51
-13 -35
-42 61
-20 -58
-19 -28
-24 6
41 115
-27 7
8 -129
14 53
39 43
-24 -1
-26 -62
49 82
-11 43
-1 -60
24 -68
34 -51
-19 -55
8 49
-33 -28
-40 -2
-2 49
-38 77
-17 -48
2 -96
-50 66
-22 -15
5 -45
8 -103
-6 21
-35 -7
21 -1
0 -122
-12 -39
-10 -22
-60 34
-117 -92
4 -72
8 138
16 16
27 -31
38 -87
-36 -36
-40 -54
-24 36
27 65
-28 -6
0 13
4 23
-13 -112
-15 -25
-60 1
-31 -135
-80 36
5 61
-1 48
-3 -110
25 16
12 13
-24 -4
-54 -84
-44 43
-12 -14
-4 31
-28 18
-51 -6
8 -23
83 54
-27 50
-54 -32
25 16
-62 -9
-25 22
-38 -101
-60 -7
-26 -121
-7 -88
-31 -37
-16 267
65 -60
-31 62
-57 18
-26 -91
-22 -55
9 45
-22 -57
-30 -82
12 24
50 -9
2 84
-59 71
-11 -102
-17 -38
2 -7
1 -42
8 19
-52 -45
-24 6
-25 41
-71 -43
31 -27
0 -10
-14 4
-18 23
12 -46
48 19
-11 -5
1 13
14 -20
-41 -72
-41 -31
-9 -30
-34 25
23 -41
-12 -2
-34 -11
6 6
-17 -44
4 9
-5 -53
-1 -59
33 84
2 72
-16 43
32 -30
2 -49
-52 -72
-67 50
47 -37
-27 35
-24 97
-16 40
-22 3
8 -34
12 -54
-58 0
5 41
35 -35
-16 20
-36 85
-33 33
0 -21
47 -102
-7 -68
0 31
-23 -50
-29 32
-14 -2
2 5
4 23
-34 -56
-8 -58
-35 56
-28 -40
3 -31
22 -9
-43 13
5 68
14 58
-82 -37
-26 -60
-6 -27
-7 0
-11 -68
-53 51
-72 0
-8 110
3 -24
-34 -115
-3 -101
-38 -31
-7 34
36 15
-27 49
-19 56
-45 -33
-16 -84
0 -32
-2 31
-16 15
-27 -21
-44 -3
-12 14
12 -5
-2 -38
-2 -35
-1 1
20 66
-50 -44
-30 55
-78 16
-21 -59
17 -82
-45 25
-10 28
-25 39
2 -113
3 -66
12 15
28 42
-8 0
-4 -23
-4 -36
-32 -41
28 -69
-13 -141
0 67
-13 81
-6 3
-16 -39
13 -11
-12 49
-8 32
36 -92
-2 18
6 83
-5 76
-19 -80
-41 -65
-36 42
-47 -53
-34 -72
-17 12
-49 21
-60 14
-14 17
27 -13
7 -65
-26 -28
9 -16
11 48
-15 -11
4 16
6 -23
-51 -33
44 -106
-32 125
43 -87
-83 -8
-15 -60
0 48
-21 42
0 -53
-19 9
-44 -61
4 -94
30 -9
-22 13
-17 -19
4 40
-1 61
62 -44
-24 -55
-8 0
-28 32
-6 26
-6 18
-22 -5
-3 27
-54 -61
-37 -113
13 56
11 33
23 -48
21 -14
-30 56
-38 58
-17 -1
-9 -6
-21 0
-1 -85
-50 57
0 28
-64 0
-6 -75
-28 31
-34 -18
2 -47
-21 -41
-40 -15
-67 17
-2 -7
24 54
-21 36
15 -104
-75 -12
-48 47
-62 -25
-3 -7
-14 3
13 -52
-4 35
0 43
-34 -14
-9 -89
-4 -74
-10 -28
3 38
13 -33
21 77
-13 -15
-4 -3
-25 -71
33 -13
-31 13
0 -13
19 17
-62 46
-30 0
-9 -5
0 21
44 -7
-8 -25
-7 -4
8 -13
-60 12
7 48
0 -87
-43 -16
7 -25
8 -53
0 18
-47 -52
19 34
12 55
8 17
-53 -38
3 -35
29 14
-30 82
9 -21
60 -38
17 22
-20 36
-50 62
13 -19
58 -50
-42 -70
-29 42
-68 -56
50 25
-31 -25
-14 46
-11 -90
-10 -111
0 -2
-26 45
-13 2
-1 14
-14 18
-7 63
-35 4
19 30
-10 -51
-49 -146
13 -74
-25 126
-23 5
-16 55
-15 -81
-9 -11
-20 -26
-38 -50
-27 -88
-63 42
-19 -20
-15 93
0 -64
22 22
-5 -103
22 17
-1 -50
-15 12
-25 -43
11 61
-63 -8
-43 -33
-4 22
-4 -107
18 46
39 62
-32 21
-27 -11
-26 21
-21 26
-13 -56
-66 -50
-64 -4
-16 16
-9 15
-57 29
30 93
-29 -3
-12 -65
-40 -16
3 9
-51 -40
-26 -23
6 -17
-45 77
-13 9
38 7
43 -10
-34 -105
-7 -171
-17 86
-57 0
85 -38
-42 25
-12 22
12 -83
-21 37
8 92
-56 28
-16 -101
-3 23
-14 29
-15 -7
16 -71
12 30
-17 14
-28 -36
-14 -49
8 25
-17 -4
0 83
-5 6
-41 -25
-13 -28
-10 -17
-4 -7
20 14
38 49
27 43
-23 40
-12 -1
3 -49
18 1
13 23
-37 -25
-15 -24
-39 29
-3 -9
7 -103
11 76
-12 26
-57 -51
-7 -61
0 -11
-16 24
6 -25
0 20
5 -16
11 -64
-13 8
-32 146
3 -110
13 -13
-2 8
3 19
-16 55
1 -70
-26 -122
-2 22
2 29
-23 2
17 -18
-30 61
-16 -32
-1 -22
16 -1
9 -41
-1 -69
0 23
-16 -4
-68 97
-48 -6
-3 -16
19 -33
-40 -32
32 41
5 -12
27 -7
-26 -63
13 50
-19 -15
-23 -122
18 11
5 -13
19 8
-19 -39
27 47
-37 33
-14 49
-32 -67
-21 -105
-9 -9
19 22
-9 30
-38 21
65 -24
-57 76
18 37
74 -40
79 29
18 -62
0 -54
36 -34
24 58
0 19
9 -52
8 -75
4 -35
14 -28
5 -58
31 18
-14 0
-12 18
11 47
-15 37
-18 20
-37 -49
17 -22
-18 -9
9 -31
9 26
-5 -78
6 -3
-3 72
-22 -37
-37 -9
78 17
48 -58
-2 -4
79 27
-38 -56
-37 79
-28 -7
-8 -137
35 14
-40 -53
-41 -51
23 -6
57 123
7 25
-5 -2
-30 -79
16 58
-5 -7
-30 -46
-52 51
17 48
9 3
-2 -18
40 6
-7 -9
-24 81
96 -22
-8 -99
-29 -69
21 -30
23 59
28 21
68 -69
15 -28
-9 -26
30 45
-6 11
-3 16
7 55
2 -55
32 13
-40 -51
-23 2
20 -70
-15 46
5 37
-3 171
44 -129
-3 -38
-18 -67
-30 -77
19 -71
4 23
13 34
16 32
40 29
27 -26
37 -9
11 -203
-19 148
4 -18
-32 -51
-2 -24
38 200
-32 -38
11 -83
13 -49
65 -7
-20 66
8 41
1 36
54 55
1 -3
11 -2
22 26
2 -14
48 -8
7 -6
34 -9
15 34
-39 89
-10 0
-29 -53
14 47
-9 -3
11 24
-32 -16
-3 17
-43 41
18 20
-11 -95
7 -6
9 6
39 24
8 20
13 -15
4 121
104 34
-4 -7
26 -100
-13 -15
6 61
-30 -50
23 13
-2 29
34 97
-45 38
12 -120
15 -18
-44 3
16 2
2 5
-8 63
-27 123
25 -22
-43 -121
32 -71
3 44
46 54
44 4
-31 -3
0 18
-32 -32
-10 49
6 -32
-10 31
-41 17
-34 35
-65 -8
14 4
74 79
16 39
-26 8
12 -104
12 -68
-27 -21
-33 31
-33 62
-61 36
-30 36
119 -37
82 21
-44 -16
78 -15
112 42
6 35
25 54
54 -45
-44 -71
-79 -29
18 -134
