-7 -26
-1 17
-2 -22
-18 -15
-51 -140
-33 -73
-17 -94
-4 25
-29 9
-16 58
-44 -15
29 -62
-39 -14
20 31
35 71
2 99
-18 -92
6 -52
1 15
-68 -13
-47 -39
-3 -26
16 -35
-18 17
-39 -54
-2 48
-46 106
-2 -66
-1 -12
3 66
-14 21
-25 -74
43 -18
9 24
-17 34
-25 -31
98 -95
-40 47
42 -41
54 -54
39 -21
-55 -5
9 15
13 20
11 3
-24 -26
15 12
-46 -66
-32 -5
64 -43
34 93
-2 83
-26 6
-36 15
8 -116
-6 -18
14 -61
11 0
26 -4
-81 65
0 76
-48 99
-14 -146
9 0
-1 -38
-27 -60
-5 -116
-29 51
-4 -26
-14 63
-4 -95
37 18
-10 -21
8 -55
17 19
2 121
-19 -65
-16 -37
-8 22
26 -23
-23 -57
43 -71
-13 -59
-51 -9
14 163
-1 61
-20 64
-27 -162
19 -18
43 -5
-43 7
5 -39
21 -71
107 -34
7 5
-6 -58
33 75
-13 141
27 64
-2 -130
32 8
21 4
22 17
15 -55
1 -73
3 -73
-25 -82
44 -30
-25 17
21 48
16 2
-33 76
0 -172
-49 -153
50 20
-17 -29
-22 -44
4 25
-31 31
-21 20
16 28
35 -37
-11 -29
11 -34
-50 -48
14 -132
12 -52
-18 35
25 22
-15 107
11 31
0 -83
32 -50
27 4
0 8
48 44
-35 49
8 -118
-32 -59
-84 -127
8 -5
27 44
20 123
51 0
20 32
-5 16
-27 -76
104 -64
13 27
26 -45
46 -70
-7 14
1 167
11 2
41 27
25 -109
-7 60
-69 -43
-4 31
-3 4
-2 -28
-9 -40
36 -8
31 -53
12 -54
16 -35
-8 -68
13 34
22 -114
16 -54
-2 -6
5 85
17 6
-22 -27
-5 130
38 -111
14 -97
-20 -52
19 -5
-22 155
53 160
19 -46
1 -68
36 -39
-96 41
55 -12
0 -4
-1 48
19 16
-21 -32
15 -104
-3 -112
-44 -84
29 -44
3 -37
45 91
-64 148
-53 96
-19 -81
-39 -119
-2 -62
58 81
-2 116
-17 2
43 -9
-36 -13
20 -48
9 -99
-1 62
-16 40
35 73
6 40
47 41
-36 -81
35 18
-1 -57
28 -15
-25 76
0 -72
12 16
1 -49
-13 8
52 21
-72 -55
29 -20
25 6
14 -71
-28 -115
7 3
70 97
14 140
-8 -24
-14 -50
55 -24
-34 14
8 -109
-3 -55
-17 -6
-2 68
26 -52
16 -34
-59 70
-75 -7
6 -63
-37 -32
-10 66
19 28
25 -171
-61 11
-18 12
3 112
-69 -35
-10 -138
1 36
27 51
-44 -66
18 29
-20 -97
-11 -73
-18 -30
-17 -26
0 29
1 -114
5 -79
8 24
19 34
8 16
1 -83
6 9
-12 132
-14 40
-27 -97
28 -123
-63 -54
21 18
-37 146
-31 -58
29 -183
5 -27
5 38
-7 -98
-11 -91
-13 154
33 119
46 -144
1 -59
0 37
-20 155
82 110
17 -45
11 -113
8 65
0 -112
97 -120
47 -114
0 -168
0 -15
1 74
-11 52
-10 -8
8 -151
-2 35
5 101
9 252
-7 -14
34 -123
-21 20
-4 -16
-15 -20
6 -13
32 -56
-9 -53
5 -89
40 -117
7 84
11 66
19 47
-16 0
-3 69
-17 -130
6 -60
34 8
34 127
43 114
-57 -86
6 -207
-5 -161
2 98
95 19
-46 -13
17 -65
-32 36
0 0
8 -48
-61 -183
0 -22
13 -13
15 -44
46 -1
-60 15
11 -27
34 -20
26 12
32 -3
40 -24
7 36
-53 -27
32 -12
-31 -15
-73 -171
20 -14
18 69
26 97
-22 -47
4 -91
-9 -6
-19 84
31 -45
39 -65
-21 59
35 20
4 -63
-11 -130
41 -110
-4 73
54 32
32 82
-39 -20
97 -60
-12 -169
16 -79
-17 -1
23 52
-12 75
-34 -108
8 -28
-33 -75
41 1
-10 -55
19 -55
66 15
-29 47
-9 -19
5 -58
-17 -66
-2 -101
-2 -21
0 118
-34 70
60 -50
-31 53
32 -1
5 72
-3 -118
2 -4
-25 62
-43 17
33 -25
0 -143
13 11
24 -35
22 -14
8 -80
54 -70
-41 -60
32 17
0 0
34 65
12 -227
-44 -20
-3 87
43 -74
28 -45
-19 -26
-50 24
-17 13
13 -6
-52 -34
-20 -31
-24 26
-1 -22
57 -10
-25 -28
-40 -47
-52 -118
-46 17
6 40
-19 231
6 -160
-5 -76
-41 18
2 119
-24 -43
-34 -38
13 -90
29 -32
-14 -29
20 127
-2 3
8 62
-3 42
40 -88
9 58
-3 -56
22 -9
-9 -134
0 1
-33 -89
21 13
19 40
-10 -128
-5 41
-5 -88
13 -207
-33 -75
0 39
31 113
31 125
11 -101
18 -87
8 -24
-11 23
59 -109
8 9
-8 -29
-30 1
-20 90
8 -106
-87 9
-19 -63
-16 11
14 -36
-14 46
46 109
25 -49
0 -186
-13 -61
-1 -129
-27 -52
3 -7
-2 -37
-4 -7
-1 -4
25 -42
19 -19
56 -27
-19 -98
25 -76
-1 -61
-19 3
-9 117
-25 -23
-11 38
1 -168
2 -143
-22 -23
117 22
-9 92
-12 54
-17 38
0 -35
-10 -4
-11 55
-8 -5
-6 104
0 -11
12 -3
-3 -82
55 -36
0 -46
13 -4
2 0
-29 38
99 -149
18 -2
33 74
30 -64
-12 -10
41 -36
27 -14
40 4
-47 -1
-45 -28
-5 -71
-25 -11
11 17
-9 183
14 104
-31 -20
-44 -132
-28 29
24 70
-24 26
-23 11
36 -167
-50 -108
-2 -102
14 -35
22 38
-3 43
32 113
-16 -9
-34 -2
-97 3
-28 -47
27 -31
46 -171
-10 14
-20 110
39 259
22 62
1 -92
-34 -97
17 -47
-18 45
-5 52
-1 13
30 59
5 -12
5 -123
32 -121
0 94
13 28
-87 60
50 107
20 14
-19 35
-10 -109
20 -99
50 -77
-30 -64
3 -138
40 -38
-33 142
32 183
-3 -9
7 -106
-18 -50
143 -58
-96 1
-4 19
-3 69
76 -60
-32 -104
-29 -114
4 -31
-39 3
0 -8
0 138
40 0
-5 -30
3 -28
0 -3
-48 -56
-8 38
0 -35
13 2
25 -93
-4 -7
14 -45
-3 101
12 11
26 -128
0 -60
8 -83
-8 -19
-6 146
-88 258
62 -27
-15 -121
-68 -66
3 3
-24 162
-8 17
5 -84
9 -79
11 -3
-24 -4
-18 -64
13 -92
15 -28
21 20
52 20
4 11
0 94
-14 55
7 4
-9 -117
-9 -86
32 56
20 -62
26 18
20 -55
-45 -56
12 -17
-10 -36
9 71
-31 1
36 -59
8 15
-31 59
6 197
-3 -16
0 -77
-13 -103
17 -1
8 -6
-6 -42
1 -20
0 27
39 -7
29 -33
-8 -82
0 -132
-89 32
20 129
-47 213
12 -126
11 -91
-8 -14
29 -76
-14 -67
0 -83
33 27
40 -73
46 -169
-24 -32
-1 56
8 166
15 236
0 -104
13 -85
0 12
44 42
-7 45
9 -14
0 -2
23 24
-31 -87
25 -53
-2 8
41 84
25 73
17 195
-12 53
-25 -92
-9 -65
-30 -111
13 35
-5 65
41 100
-5 -40
-8 -113
23 17
39 -17
1 -63
-37 87
-29 -46
11 -77
30 57
-6 70
-36 65
48 -68
-103 -53
-16 29
-2 160
-21 -38
7 -61
29 3
-4 -58
-17 -86
13 13
43 46
-8 56
11 -155
25 -47
23 8
-28 53
-27 125
34 -46
-6 -79
-40 -62
52 51
-10 48
31 -3
-6 -51
9 14
-35 -14
7 -22
-16 68
70 -105
-73 -71
-41 43
17 151
-3 61
54 -28
-30 -29
13 -106
-13 -155
1 -126
6 110
40 -11
-9 -145
0 -131
37 132
6 -60
-15 -20
0 -77
38 83
-30 -15
-15 -59
7 11
36 5
6 -50
35 33
13 33
-46 -85
-19 -35
72 -4
0 30
13 -66
44 35
19 65
-11 -96
-3 -60
-3 -36
-16 21
-31 22
-41 121
-37 25
22 51
41 -69
-9 36
-32 20
14 -118
100 9
-6 -11
19 -29
-18 -126
-11 -12
7 14
-9 77
2 -149
-52 -21
-4 38
30 18
13 57
-45 -50
21 -182
4 -31
0 112
-66 -91
-45 -78
-18 67
32 -149
-30 -105
0 -141
-1 7
28 -46
20 28
7 49
-5 -29
50 -142
18 181
12 109
23 0
-6 118
40 -151
-7 -101
-38 -67
30 -13
-5 -36
36 72
-26 107
11 37
23 -22
-20 18
-32 94
-71 -31
-16 -58
-14 -44
0 86
-23 -55
-15 24
12 -158
16 -76
11 139
45 -178
6 23
-11 221
2 16
39 22
19 -91
-29 31
15 -27
6 34
-3 -76
20 -11
3 161
15 60
18 -82
-21 -100
-32 -108
-18 -2
48 108
-20 -2
-26 17
40 -18
9 -49
55 39
14 79
26 -154
18 -23
22 -36
-15 -160
66 72
-20 -55
-22 3
-47 1
3 40
6 -129
-1 -61
-6 -15
-18 -38
17 -35
-53 84
21 -27
43 44
24 -124
-16 -59
-3 8
-9 44
24 -72
-7 5
5 -54
12 -127
-30 -106
-16 -124
50 -82
29 129
-27 234
0 105
-44 -90
-5 -66
70 -132
26 -39
-38 -8
-28 -25
49 -21
23 -27
15 -43
11 -82
111 -39
9 11
-11 -27
12 50
-52 99
22 34
-5 -59
-51 -106
-33 -55
0 -56
-35 -46
30 34
-29 -54
-5 20
0 17
44 131
-16 12
12 54
24 -229
21 52
148 54
-116 122
-36 48
-10 -82
3 -78
42 95
35 69
-2 -52
20 91
23 -79
18 -58
44 -141
-27 70
-40 206
38 12
-54 95
-49 -10
20 -106
-8 5
93 140
-39 -15
56 40
-42 -122
-11 18
12 153
-33 51
35 -99
1 34
-18 -11
-84 105
-24 -66
49 -133
79 31
-28 -71
5 13
-23 35
-33 28
44 -62
-1 -55
-22 -103
13 8
2 65
-2 55
-53 -63
16 37
39 60
60 3
-25 -53
-17 -166
40 0
0 91
-12 -34
-35 30
-15 14
-56 -26
-9 33
-5 -59
-13 -35
38 -52
-53 84
-4 103
-54 33
106 16
-27 -187
43 -170
-18 -38
4 190
30 151
108 25
15 -103
-74 20
-26 -108
-15 -40
-31 -52
58 -70
-20 -48
22 -65
0 56
-4 -17
-75 -33
-33 66
0 23
12 -13
48 33
44 35
-28 -11
-17 -81
17 -36
19 0
20 27
12 -69
26 -137
-52 68
1 37
4 0
87 19
13 -58
-21 1
30 37
15 -19
8 11
-3 13
-15 136
15 -34
-32 -85
-7 -19
0 -125
5 -53
9 -17
-24 172
40 132
9 48
0 11
39 96
-58 -15
22 -98
35 -57
-3 -101
-41 4
22 -30
-20 17
-3 -76
-12 -116
24 9
-56 2
7 6
-22 -104
19 -11
-9 30
27 42
16 -46
-36 -65
-60 -26
-8 -63
-22 42
24 95
22 0
4 73
14 -62
18 -96
25 -156
28 101
-8 104
-31 0
5 -142
30 60
44 2
-18 -27
26 -17
-35 -128
6 -66
-7 -64
-28 8
41 141
51 81
-22 -99
-61 -52
-10 7
29 69
1 -94
32 61
-15 27
-70 65
63 -216
7 8
11 74
-60 -107
-7 -43
8 -12
-9 -57
25 -194
-22 -10
-15 7
37 126
-15 37
14 -75
-6 -147
17 -47
-4 6
-12 110
-1 57
2 46
-20 -164
53 -62
43 -35
38 47
15 -20
19 -24
21 42
52 86
11 -102
9 -50
-30 121
-8 0
0 -30
32 11
4 82
11 50
0 -55
0 -80
4 -69
-33 -42
-17 8
56 1
44 -41
-19 -9
14 95
-84 30
6 101
-54 -98
-21 -43
13 -31
35 0
11 28
6 -44
-11 -70
-39 -121
-6 11
-16 -69
-8 -50
7 9
51 -19
1 89
-18 -94
34 -1
-4 108
-6 -10
-16 32
28 -67
-57 24
104 122
61 -56
-44 -93
-63 -119
8 -33
-13 14
66 80
-10 26
13 -35
1 -18
30 82
15 -38
-20 8
34 15
8 -32
-40 -50
-13 -1
5 56
24 -59
-46 -94
49 -73
-37 -16
27 -55
19 -77
28 30
-18 -19
-11 -2
1 15
24 92
6 -91
14 24
-36 -25
-27 -36
-19 73
16 26
6 -137
-10 0
0 3
70 -22
46 -62
-24 -1
-51 18
35 63
2 -65
-39 -122
9 -67
-4 -51
-45 -41
-46 -1
13 70
38 24
-6 20
-45 -68
5 -107
-32 14
26 27
20 166
45 113
2 -52
12 44
19 35
1 -20
-15 33
0 53
11 14
-29 -134
0 -9
-19 8
7 104
-12 26
11 -57
-10 -88
-37 63
-4 43
84 8
-6 -4
15 -21
-20 -26
0 8
-33 -14
27 -47
9 67
-34 95
-41 52
4 -65
-25 -51
-2 18
-20 88
-6 12
-1 -128
-21 -20
40 104
-8 20
34 -138
-58 -107
29 -67
-5 -13
-40 44
28 33
-5 0
31 31
-22 -49
-20 -115
18 21
-19 -36
13 27
38 -46
-90 -94
-1 -32
21 -11
-21 54
63 -25
22 -68
-13 -11
82 31
49 -61
39 37
-21 79
22 -49
6 -78
-6 -20
3 8
60 91
-13 0
-41 -73
16 -39
44 151
18 66
24 -71
14 -32
-39 -57
-27 15
-46 71
7 -22
15 60
-26 97
6 -22
43 -28
13 45
-13 21
0 -14
45 -8
-40 1
51 15
-27 47
19 50
37 -6
-17 -104
20 -106
0 -7
19 -65
3 29
72 7
49 59
0 25
-24 -62
-37 -76
16 -12
22 -3
-15 -24
-17 78
-59 164
30 133
-5 98
50 -80
-5 -101
14 -143
-41 -59
2 151
-24 174
9 148
23 -110
-22 -54
-32 -27
22 34
49 74
15 -8
101 -31
25 -20
-11 -46
-9 -11
28 -43
-19 26
31 -20
-4 -34
35 4
-3 -2
-15 124
-36 26
41 -46
61 13
7 57
-5 -4
14 -42
-4 -48
8 124
-21 -5
0 -66
-34 -101
-13 -91
17 42
38 129
-3 146
58 27
0 -70
33 29
-6 96
24 19
0 -81
-23 -24
7 -135
11 74
-9 93
-21 -20
0 -88
-64 -26
41 -7
-8 19
-5 -17
29 43
-33 87
8 92
29 -3
8 -101
50 -28
23 6
-37 7
-19 59
-88 55
25 25
23 -154
3 -130
-3 14
-4 158
18 161
9 -44
13 -63
68 121
8 -132
-11 42
5 0
49 -27
-23 -61
36 -16
-44 31
47 196
8 4
-45 5
-41 -55
-20 -18
14 45
39 31
6 108
-27 -107
-19 -32
2 -13
35 62
-14 186
48 -12
-3 -114
-1 15
15 -43
23 -13
24 27
-15 -47
7 25
22 -58
65 14
-34 -63
-21 46
-5 -9
-6 84
90 121
17 59
-9 -25
-31 -27
-19 -70
15 41
-11 19
-20 22
27 31
22 6
2 -84
-2 -59
-2 55
-36 -33
0 25
-33 -64
8 40
17 -5
18 -127
4 -141
-96 72
15 154
58 263
38 -102
-31 -145
26 -40
61 168
-1 144
-26 63
11 -95
38 -161
17 -118
5 12
-18 78
-7 42
8 46
6 -26
9 -107
113 -93
2 21
-27 14
-4 49
1 0
43 -11
34 0
-20 -34
-16 0
48 -60
34 -20
0 -2
27 68
-7 34
-10 -64
44 0
-21 -110
42 -128
-17 46
-3 89
21 68
-14 -5
39 98
18 -46
-4 39
61 -68
-28 -126
7 -38
5 122
14 -8
-21 -87
15 35
14 -88
36 -38
-4 -37
9 -21
33 49
-3 -35
-22 35
-9 -55
21 -11
5 -72
63 -106
1 -36
7 -14
-4 238
3 18
51 -102
-7 -106
23 29
21 -23
29 9
-17 24
0 -32
18 -65
-19 -27
-13 -7
53 -75
15 -20
44 67
33 100
-14 23
27 -79
-43 -14
0 -42
8 -41
17 83
36 -53
-28 48
-28 -5
-29 18
20 75
6 -13
-30 14
39 -73
41 -51
22 -45
-12 -39
15 83
-10 71
49 -11
-9 -213
-22 42
-4 111
4 -23
47 13
-13 32
8 29
-1 55
1 -104
11 -115
-48 -76
-22 -34
9 -43
12 -34
-21 15
-9 49
29 -14
7 -11
-97 4
44 -91
3 -16
-14 -2
22 5
16 15
13 -53
0 -43
-4 48
-17 -119
-13 -8
-2 -86
-3 -56
-25 62
59 101
11 -21
-12 4
42 -46
15 -78
-1 -65
48 -31
-2 -39
13 -22
-14 180
-2 137
6 -59
-32 -19
1 -53
11 -5
-11 -12
9 -36
16 18
-69 -21
79 -79
18 -57
-5 12
-11 80
-27 74
-26 30
-8 -27
-70 -53
-15 12
12 17
55 -36
12 64
5 -70
50 -96
5 -6
-24 53
16 49
20 47
-14 -65
-15 -14
30 -109
-19 1
-27 25
-11 98
23 134
-8 -29
-15 -105
4 -52
-29 78
38 -1
16 -183
-8 -39
82 97
39 -10
70 -99
-18 -26
41 -63
1 -18
60 153
70 70
-14 -34
12 -66
-6 -78
-30 -17
2 16
12 -69
-24 30
52 -11
17 -11
-49 -24
-35 -47
7 -28
-14 -14
3 63
22 -24
-12 -56
28 -52
-16 61
-43 -38
35 39
35 -9
54 172
35 -162
12 36
31 -37
-35 -64
0 -19
-2 23
-15 134
3 43
6 -18
-59 -124
-8 -83
-11 -29
-10 63
6 40
0 -88
20 -139
-17 -66
4 -37
8 45
37 50
4 81
-5 98
41 -9
-44 -70
7 -47
25 -52
30 -14
34 -7
9 49
8 -8
-9 -45
-22 -73
-23 39
9 128
28 -30
-24 -78
-26 27
0 16
30 -38
64 -167
-13 27
-59 88
32 109
-30 -30
27 -79
-2 -40
-24 30
34 111
2 19
4 -109
-55 -134
60 -65
-37 -21
-4 -11
-43 21
42 95
19 1
-59 -68
-40 -84
35 -3
-2 24
23 1
20 -37
23 -22
28 120
15 -19
-21 -90
0 -88
19 -2
28 -7
7 -2
-17 74
-11 -68
8 9
5 30
17 -48
1 16
-2 -148
36 -8
-34 2
-1 34
6 -41
4 -16
19 -19
1 -39
3 -106
-2 -6
-20 42
-7 110
32 75
4 92
54 26
-39 -56
-49 -19
0 71
-12 -8
16 41
-7 -18
5 -9
36 -26
8 -101
-8 -3
20 -22
42 103
-28 79
-27 76
-13 28
1 -103
-9 -68
-45 27
27 148
-1 120
1 38
21 64
13 -24
-4 -57
6 -23
-3 -36
1 6
-4 -40
5 5
-34 -51
9 -3
0 -1
20 -58
20 58
-32 48
43 -9
-35 -58
-1 -65
19 31
-14 150
19 114
34 -19
-22 -127
0 -55
-46 25
44 11
13 -16
-6 -11
14 -108
-15 40
-13 -54
-21 -3
92 37
22 -58
-11 -6
-47 12
32 60
1 51
35 -14
-15 -8
-19 7
7 -37
38 -58
-18 -74
-89 45
30 68
-14 44
0 143
-32 16
17 -31
-5 -21
19 23
81 17
-27 64
-31 3
-32 62
24 -42
17 52
-36 -74
24 -93
32 75
-24 30
38 59
-46 -94
8 -45
-20 -78
-4 26
11 13
-23 120
-23 5
-10 -6
-70 -99
-10 14
38 -9
26 -73
-13 -30
24 57
17 100
5 205
49 78
35 50
78 -128
-73 -109
20 -10
-10 -38
36 -69
4 41
0 44
-47 180
46 -20
-8 -6
-21 28
26 -19
-14 54
13 20
-36 67
-9 -74
44 1
-39 -21
47 -7
41 18
-54 -14
-63 85
14 7
54 194
-8 78
3 -160
-65 -68
-38 66
30 -9
23 -7
-25 41
-1 104
-12 7
-29 -140
5 -26
36 -5
39 38
-36 130
21 -32
11 -48
-28 35
45 23
-25 74
-23 -77
-10 0
-25 9
14 18
-27 96
38 17
14 23
-17 103
-42 5
-38 -19
-17 -29
-34 17
-11 53
49 108
-6 -32
13 -156
19 -74
20 26
19 136
-4 -34
26 -45
17 97
-37 65
11 67
-4 1
43 57
-20 4
45 -6
21 17
55 -69
-11 37
31 42
-80 39
13 44
7 41
3 38
16 -89
19 -124
-19 -1
52 137
-4 -25
-44 161
25 145
8 -14
22 -36
-12 -56
-21 8
19 -39
-7 -5
-69 51
27 64
0 6
35 -30
34 -11
-32 3
23 36
-6 -78
-30 64
50 76
-16 44
7 150
3 -6
9 -116
5 -116
49 -75
-20 55
34 179
-14 -17
-12 -125
4 -48
5 -6
29 135
3 85
4 54
-20 -9
-30 -11
0 19
-35 51
14 -54
42 -2
22 119
-2 -15
-14 -30
-25 44
-12 86
-2 -36
39 88
-6 -55
-56 -27
20 -78
-8 -10
-19 46
-13 241
24 150
38 -172
-47 -81
-61 65
-11 3
-23 -15
24 36
21 -47
12 -9
-59 54
34 0
21 -46
-7 -32
-11 -41
-25 -11
22 32
21 119
8 45
-30 -6
20 13
86 -65
-20 -77
-5 -68
-39 127
16 174
19 11
11 -25
-34 -99
21 -74
-13 41
-10 38
11 106
2 71
22 145
-3 67
7 47
-1 -58
11 -80
31 25
5 -20
37 -45
73 -17
-10 -50
-8 -10
-45 49
36 56
0 64
-16 -16
-2 109
26 71
7 46
-13 -90
-4 -51
-10 -6
-16 37
45 -119
-5 77
-29 19
-2 36
-37 25
44 -40
22 5
-13 13
-20 -89
16 -15
-45 -52
-10 11
-35 -5
7 31
30 34
-2 84
-6 -69
23 -52
-79 -22
24 19
36 29
-35 22
-15 -15
-4 -61
12 -30
3 -102
-25 108
41 22
-10 -24
33 4
16 77
-127 22
20 -26
49 -24
17 32
-41 -19
26 37
4 -15
18 -81
-11 -46
64 -34
-73 -68
-14 -50
-10 77
-2 110
31 -41
-24 -19
-4 -58
-15 -103
15 30
-19 139
-11 93
-10 -116
2 22
35 -19
3 32
6 -32
-28 -37
0 -8
21 35
-14 -62
0 17
38 11
0 64
21 133
43 24
94 -97
-3 -3
36 -118
-25 -98
14 61
19 14
-57 -130
-29 -36
24 117
4 130
-8 103
8 -160
40 42
22 120
-9 42
0 -36
-32 -83
-14 -82
0 -58
11 -23
-28 64
-4 40
-38 108
8 -29
40 -49
4 0
20 28
-20 -11
-26 -42
15 -27
-26 -25
-37 105
34 -40
2 -22
47 129
-32 -51
13 8
-18 -24
-24 84
60 85
16 -29
15 -44
-20 -43
42 37
-9 64
9 175
0 -19
52 -7
-4 -16
11 -76
23 -46
-9 -86
-8 22
-17 -87
3 12
32 95
-6 -4
3 17
14 -46
5 95
-62 -60
67 -32
-10 -43
-17 31
-40 38
-12 104
26 64
55 -38
7 -31
47 -45
3 -30
14 46
11 161
-15 32
-13 -144
24 49
5 40
-25 -48
-23 -71
54 36
-29 -10
-39 -69
50 100
64 74
-22 83
130 -14
-18 -14
-14 -14
-11 36
26 24
-21 66
-10 95
-18 -73
20 -22
-11 -55
11 -35
14 -8
42 19
-9 168
38 84
8 -54
3 -20
1 0
0 62
24 100
-2 1
25 7
-5 -26
-17 -17
14 -38
-28 15
14 18
-19 -45
50 -86
16 -10
33 28
-3 73
-8 27
-5 50
45 -37
-54 83
32 -94
35 1
-50 25
-1 12
57 11
48 -30
-14 -72
-4 263
19 -18
27 -91
37 -30
0 48
0 -46
-25 -10
-30 -9
-30 -55
-6 71
-33 123
-12 147
40 14
0 54
5 -43
27 -56
-1 -17
-5 -12
4 86
-13 24
-16 124
34 38
23 -23
-16 21
-12 -29
-3 -6
35 -13
31 -25
-3 33
-4 70
9 64
18 131
24 -25
4 36
4 60
-5 25
36 -22
41 -40
-44 37
5 -2
71 -63
-30 23
-8 95
51 91
12 -28
11 11
-52 61
-1 38
36 51
9 16
28 -16
29 -14
-16 -10
-10 -49
16 32
-4 126
1 5
34 17
30 -3
23 75
-88 37
-5 12
-3 78
-2 44
-2 27
-22 -74
6 -77
7 36
-17 6
-7 -46
6 106
36 66
-58 229
-30 -97
25 -115
-12 23
-21 -13
-38 -55
19 -4
14 63
5 237
69 41
-28 -49
1 -5
45 15
0 24
11 20
1 77
-2 -176
-83 27
-7 -12
-9 -27
16 27
16 52
49 -22
-33 5
-9 77
61 95
-4 26
-7 -6
-58 -105
11 -46
-17 73
-16 89
14 56
45 158
-12 41
-8 -52
-2 57
11 53
62 -36
18 25
2 -25
-54 89
22 7
21 50
30 15
0 -4
-6 84
2 -59
5 -89
-26 49
-25 81
33 91
-35 -4
7 -40
1 -56
-3 100
1 130
-16 84
-4 52
-21 94
-16 43
6 44
26 108
-3 -16
7 -36
27 -33
-13 -36
22 30
29 37
45 -30
-1 75
68 -32
31 26
46 -8
0 17
13 29
5 30
13 -24
45 -11
-36 -18
-25 -53
15 -87
-1 99
19 35
-9 -110
-27 -35
-31 206
34 93
-8 133
-8 -92
-48 64
24 18
25 33
-13 19
2 36
53 -102
-44 -70
4 -58
37 54
54 -2
0 -150
-27 70
36 62
13 108
-7 41
30 -93
24 -71
33 -6
-25 -12
7 29
43 31
-66 66
23 -5
0 81
15 19
68 60
-3 -3
-2 -92
9 -17
4 16
-7 95
8 23
-64 91
38 0
-13 -30
-21 -71
33 -16
3 -19
-8 14
0 76
-6 15
1 -33
3 17
-52 16
-25 53
25 -3
-7 25
27 7
12 114
-50 -61
16 -53
7 -44
35 -54
-36 -100
18 37
64 33
-3 30
-73 -14
-3 15
-24 23
16 44
2 34
-9 -52
-34 -23
-4 55
-27 -33
-30 50
-34 -4
-17 -45
-9 20
6 13
8 32
39 37
16 -1
21 -50
-12 -12
-21 86
16 67
45 21
23 -19
9 4
-13 22
28 43
-17 -49
-8 -70
4 62
30 55
4 -56
-31 -45
-59 82
-14 99
53 -4
41 -53
-14 46
-17 -48
-15 -12
16 -8
9 11
-7 45
6 33
3 -67
-40 -2
9 0
14 22
-32 -2
-3 -20
-8 37
2 -8
17 2
23 -2
-4 107
20 -35
39 -40
13 -38
-38 32
9 57
-35 67
-17 25
-15 6
-1 97
18 -21
-13 -68
-7 -43
29 108
11 97
23 44
48 -41
5 -82
-11 3
-34 71
9 12
22 54
-25 81
5 -47
-17 87
-2 49
15 -217
-31 33
-7 -9
-16 77
64 -45
27 -12
-1 20
34 -5
-29 -14
-6 -12
-2 -53
-6 -62
3 19
9 3
20 81
-5 246
26 -47
39 -131
57 -14
6 31
-7 60
36 -56
-9 0
20 152
11 4
-30 -3
0 -29
9 -33
40 30
17 37
12 4
-18 72
73 70
-55 0
31 -66
3 0
-16 -5
-12 -145
27 93
0 52
16 31
-35 29
35 -7
-41 -63
34 30
66 120
25 7
0 -18
40 68
51 34
-32 -150
-8 -76
7 -57
8 78
15 36
3 52
0 69
-67 59
-31 -25
65 -53
7 -12
-7 0
24 -79
3 58
-42 34
25 36
-18 36
8 -101
-10 -64
-20 13
13 7
31 47
17 48
50 14
45 13
-49 -3
5 -11
-32 -18
31 -58
24 -55
37 37
-9 -42
11 65
-14 -34
-1 -26
-16 -49
6 -60
-22 -2
37 17
