-2 -30
-25 -5
34 79
58 -1
-78 -106
-8 34
17 -32
25 -12
34 -55
-35 11
31 58
19 155
17 -73
-17 -85
1 -88
67 -22
44 3
-4 -9
-58 -55
33 71
1 -36
-2 -66
-7 -26
-24 8
25 9
6 -16
7 -135
17 -29
-100 23
101 125
-3 -42
77 20
-26 70
25 73
-27 -31
-96 -48
40 14
182 -45
-3 -105
-87 -144
37 -179
39 -39
2 44
-38 180
17 117
26 188
-1 -5
-27 -204
26 -91
-10 -23
20 47
57 136
-7 150
-4 23
-11 -119
39 -181
19 72
15 205
-14 0
-15 69
20 -142
1 9
33 -23
8 -19
76 -19
49 30
-72 108
-5 -129
-11 -52
-8 145
31 75
44 -21
2 -89
-3 44
-65 58
38 88
15 57
0 -167
12 -311
7 -56
2 -176
29 38
-1 256
6 200
36 -129
32 119
-4 136
35 238
-5 197
33 -93
22 66
76 -114
16 -350
49 -204
-1 -105
5 -66
-8 -158
29 81
19 -34
-10 39
40 214
-30 -73
-2 -107
-11 29
0 118
8 -121
35 -331
-53 -268
20 -5
33 240
-3 -20
4 55
-29 119
-28 385
125 50
43 107
24 -110
8 8
20 -50
-11 23
-9 -39
26 -229
40 -16
3 78
-2 60
33 -57
2 71
-7 37
-13 -99
13 -157
-18 -78
0 33
-7 175
24 -216
7 -176
-47 94
30 213
-3 137
4 -120
22 -87
-16 -62
15 -62
-39 76
-8 281
-92 -124
40 -291
33 -313
1 65
34 359
15 230
9 -182
25 -145
-28 -143
16 41
-14 101
0 62
15 132
9 -62
-37 -255
25 -96
23 93
5 205
-8 137
33 -153
56 27
-21 82
16 -196
9 -103
20 335
29 216
44 -148
-6 -386
-11 -131
31 379
35 27
15 -191
3 -76
-13 108
-13 68
-3 62
26 -119
15 -63
-28 -15
-6 203
15 61
19 -206
-35 -3
-21 39
-17 1
31 -105
6 -137
-5 272
62 116
-48 -165
-5 -132
8 -11
-24 118
42 108
24 -46
25 78
-23 -180
-19 -3
24 155
-3 1
-9 -83
34 -126
-2 -86
8 48
20 -2
-7 -79
-33 143
59 130
38 -111
-73 -154
-9 28
67 -20
-3 -75
19 -87
-37 -125
6 94
-1 179
-23 -107
-27 -119
44 53
-23 -99
34 115
16 44
57 -49
4 -47
-38 113
-47 -83
0 -69
50 96
32 124
0 26
9 -135
2 -87
-10 -4
-45 181
38 3
-18 -173
24 -41
-25 20
-12 5
32 45
26 -1
29 13
-43 -176
11 -161
36 26
-40 176
-6 39
18 14
35 159
-11 2
0 -1
0 7
17 44
-9 123
7 -30
-15 -48
37 83
16 139
-10 -106
30 -39
22 182
0 -47
50 -87
49 -25
-28 -44
59 49
-2 -59
7 52
-4 62
1 -2
9 -99
30 9
-25 -27
55 82
-21 98
33 -23
-5 96
17 -78
22 30
7 -156
30 248
-7 309
7 -132
2 -50
-6 -30
5 -2
-8 -10
5 118
16 -37
5 -100
32 114
18 15
-24 -1
-31 95
48 144
-10 54
-32 -206
5 -102
-5 248
-33 24
-36 -3
37 -108
-10 -111
23 164
7 84
77 31
18 72
45 -99
0 24
-41 81
9 141
9 -22
-8 7
9 -22
-10 -26
4 87
2 18
3 40
21 67
33 -69
57 -102
6 -167
-54 -5
-9 222
-10 114
27 -105
-4 12
9 -58
29 -24
-1 -88
-14 146
35 54
-3 191
-44 42
15 -73
-19 -191
33 351
-4 175
20 -212
23 -12
-20 136
-10 -42
-72 -32
2 90
3 164
-7 -33
-14 -118
-6 -22
29 33
15 12
11 70
-4 125
35 0
11 1
20 136
37 -103
-6 202
11 110
14 -115
1 -34
14 62
-21 9
12 -29
-19 -125
16 -14
28 62
16 173
-18 120
29 8
7 -147
22 -185
-17 85
5 129
12 -44
6 -14
7 -16
16 -107
7 -79
-8 -40
-9 -177
14 14
9 144
-9 1
42 -82
-17 106
36 22
15 207
0 -152
12 -2
15 -16
11 78
-32 275
-3 193
-14 -103
1 -78
37 38
1 125
20 7
-7 -7
-2 19
18 85
4 76
40 92
24 -58
25 -84
-5 -25
-29 -6
34 68
12 166
-4 -18
27 140
-10 -268
-12 -182
-14 149
16 168
53 104
43 -95
-8 -99
17 -87
34 200
-5 67
12 65
-5 -180
13 -74
19 206
-9 65
-51 -47
34 -28
41 121
-36 -44
-12 -3
16 -14
69 44
32 -37
5 -116
45 335
46 241
27 -207
12 -42
-5 -89
-56 -67
5 204
28 312
14 55
23 -81
39 -215
-8 37
50 17
18 116
22 47
4 90
8 53
19 -6
1 -39
-7 -84
12 -37
14 48
-1 18
35 -21
-24 246
69 131
45 -61
-1 -125
41 -111
-5 106
2 37
0 -52
44 -121
22 188
35 43
16 12
23 -37
-16 45
-3 13
6 5
-42 87
-15 -8
35 -11
-3 -92
22 -9
11 -107
-3 135
0 130
-18 6
-1 14
23 -13
-6 56
7 -152
2 26
-47 135
-106 -65
48 -41
19 169
28 96
-34 -77
16 -75
-3 130
25 1
16 -69
7 114
-1 -2
-3 32
-12 16
25 24
80 -68
30 -125
-24 108
-69 48
9 79
-16 -37
-26 66
74 188
40 -47
29 -21
-47 -68
-12 28
0 108
17 91
31 -10
-7 29
13 -22
42 32
-1 -44
-14 8
-23 -15
-36 67
35 113
58 33
-6 59
47 58
-17 -94
18 3
8 17
2 147
33 -24
-23 78
-14 -100
13 -9
43 106
24 -85
0 -34
8 63
17 8
2 4
33 66
-16 -1
2 26
22 -50
-17 32
-4 54
-11 48
43 89
-54 13
-30 -12
37 -95
72 -11
-37 52
-8 50
-13 194
19 -5
27 -17
-7 -91
-17 81
-15 87
25 59
79 -90
1 79
-55 37
-15 -39
14 68
16 25
36 -23
12 55
-25 -125
-5 26
31 -8
22 23
23 232
18 0
30 1
-30 11
-27 -1
20 -8
12 85
34 51
-34 -8
4 59
-3 -19
11 21
-10 16
36 -130
60 11
-3 141
-19 109
28 -45
1 -74
33 137
-13 99
15 -97
-19 -87
-5 1
45 152
20 98
-8 -112
5 -72
42 148
62 -24
-19 -73
0 -20
8 401
13 -19
8 -164
5 226
38 20
42 -155
-66 -79
-3 162
-19 168
-11 -35
34 -268
30 88
54 -31
-46 80
50 79
32 -90
26 35
-7 82
44 50
4 32
-18 -129
35 -61
8 -23
-6 167
-16 69
-13 -69
74 170
81 50
11 -50
7 2
-53 25
26 -123
48 -55
6 16
-38 -45
-11 244
-21 18
32 -83
42 -15
-44 117
12 14
46 -64
12 50
4 12
-16 38
60 -83
-8 64
-17 -14
-19 -76
-3 -19
27 -11
-23 126
-9 17
-33 -26
41 -16
-44 -30
31 32
36 41
9 40
9 -53
-1 -71
20 86
-58 4
0 -24
41 -53
58 -28
-29 -73
-47 -80
-14 138
-10 103
-10 -88
-23 -63
36 -101
20 46
-29 35
0 30
-50 -41
-26 32
13 173
26 -61
-6 -142
2 8
56 -14
-29 -19
8 -47
103 22
-19 214
-8 -34
-6 -155
-34 -36
3 77
21 -32
26 54
-17 -122
3 115
-45 85
37 26
-7 -104
5 -41
-23 134
-29 38
-33 29
6 5
15 7
-40 20
15 -129
-21 -232
20 -10
-3 162
24 -9
19 -34
8 49
54 6
-8 73
-55 58
82 20
18 -89
-17 -57
36 87
22 53
0 44
21 -47
-22 109
94 -112
2 37
45 -89
-27 42
18 133
24 24
87 -152
9 -68
5 236
-15 140
24 -8
84 -84
24 54
-8 161
1 -17
-2 -27
20 -122
-30 -68
50 -61
7 -36
-15 129
24 199
24 91
32 -141
33 -113
0 65
-7 46
39 -86
27 -61
0 41
-39 102
36 -20
67 -100
-20 34
-59 134
31 -42
13 -116
30 41
-2 301
-20 -27
5 -123
26 -151
-30 47
37 -6
26 -3
-33 -36
-9 31
15 79
58 -3
67 42
6 41
-16 -97
37 61
-77 19
-11 -54
-52 9
89 -4
90 -38
-29 -40
22 83
-41 -34
9 -66
21 206
4 101
30 30
-47 40
17 -133
-4 -115
51 95
8 126
6 27
18 33
5 2
-53 -64
8 66
24 -10
-8 -69
13 -84
-7 41
-7 -7
-4 122
52 -20
13 146
29 9
-35 -61
79 -40
4 -21
-10 39
24 69
87 -42
31 -21
41 -121
81 29
21 70
-18 -24
-54 53
-2 -12
62 -39
28 30
13 8
-13 134
39 -87
15 154
-24 -11
1 24
51 145
-35 46
-26 -21
14 -125
32 7
28 47
3 43
55 62
-17 151
-45 41
0 -35
26 -4
4 -60
20 -15
-17 9
-21 -10
-11 -54
25 49
43 88
-6 -71
0 -53
-6 0
9 -10
-75 162
-5 20
16 -58
26 89
-33 76
22 -2
31 -28
35 2
17 11
20 30
-25 58
22 -22
13 -130
17 127
11 -13
28 -45
47 6
3 57
-14 81
-10 135
12 -95
23 -8
23 -12
-3 -40
-8 -71
68 159
0 55
-3 -7
-17 -76
-16 -133
-9 -4
30 -12
18 0
33 -52
27 8
3 -13
6 113
-32 -84
26 20
17 26
1 -21
-37 -125
-29 130
50 37
13 20
-13 27
40 -12
57 29
-24 -55
7 -14
-7 -32
29 84
-13 35
34 71
31 -18
23 -133
-13 160
7 -46
40 -4
12 14
2 96
59 103
-15 -65
-6 -126
-6 -66
20 -33
43 -7
35 35
52 104
12 -8
-20 5
64 -15
-2 0
13 -21
-24 11
40 -39
-6 68
11 60
-15 -15
22 -24
25 -150
-53 -13
37 107
3 54
-5 4
-6 -20
-15 78
0 -24
-4 30
24 -41
57 -35
56 50
-9 -43
-28 19
-4 6
-22 29
0 51
30 -11
3 -93
44 47
25 -30
43 14
4 25
14 -9
-14 100
21 -88
28 47
87 -133
8 -66
-9 -37
-13 55
36 8
5 12
21 -6
13 -31
7 -78
42 2
24 127
0 -9
12 16
-6 -15
-22 -21
54 94
-17 -20
37 -11
24 -38
45 34
35 325
-9 42
13 -19
3 -140
19 106
29 16
-31 -29
39 55
-7 -4
79 -22
21 -43
-34 -1
-2 239
19 -33
28 -49
17 -4
-2 55
37 1
21 -62
3 114
-59 15
-21 -7
70 -101
31 35
-12 -7
-16 -38
5 96
-1 -3
-1 16
25 -86
6 -18
56 33
-11 92
37 -15
16 -60
-5 26
-8 -16
17 31
25 -122
47 -71
29 -70
-48 9
15 -29
-25 50
37 24
25 17
-4 -14
-11 2
-21 -121
85 -35
35 13
18 32
58 50
16 85
24 -65
12 -105
13 33
8 -4
23 -59
19 0
-21 -23
5 150
-59 42
-35 -130
-27 -36
19 60
-14 -17
-24 89
34 7
-29 -106
43 -122
4 51
-1 -40
-11 -50
-11 22
18 -24
7 86
0 6
7 54
-20 6
22 -129
11 -15
18 -18
14 62
6 -69
18 -90
7 -12
-9 126
21 -50
8 31
-22 15
46 -87
30 -20
1 64
-7 96
21 42
25 -93
-66 -61
31 -39
14 118
6 4
-2 -43
4 -9
38 13
-22 58
-54 -63
41 -19
41 -42
54 -32
33 51
-10 -38
-32 42
20 49
-36 -69
-9 -139
36 131
13 -12
-8 39
19 16
26 97
16 24
-11 -60
12 31
-27 -34
14 -89
-12 2
-1 39
-3 -54
-2 1
0 67
67 -94
21 -13
22 -63
-4 52
16 -60
-21 -19
0 61
13 2
9 -48
9 -15
17 30
-5 14
7 -94
22 37
23 116
13 14
0 -31
-20 -153
62 68
-40 15
3 -36
6 -65
25 -21
-28 75
28 56
6 -36
5 40
-11 -72
-17 41
4 -26
29 -45
17 33
68 77
35 -10
8 -116
17 -48
8 -166
17 2
-4 223
39 75
-11 -33
32 -72
-8 -131
18 3
27 90
23 -43
33 -22
28 51
-6 6
-17 -59
2 31
5 -25
36 27
-43 22
73 -27
72 -3
51 -50
63 55
43 34
101 -68
15 47
-37 -44
49 -48
-3 36
13 38
-15 -23
50 56
26 -15
52 -36
34 -9
-19 -34
5 -20
-68 37
-1 30
53 -52
9 -57
-5 -68
12 -54
38 -43
-31 -86
15 15
34 144
-14 59
15 -44
-33 -54
47 -110
22 -63
-4 239
22 50
23 -15
0 37
-7 -64
1 -2
7 74
19 -18
24 -226
2 -42
-11 -11
-22 213
-8 65
-13 -33
40 3
14 26
50 12
20 -51
-60 -73
38 43
26 125
4 75
7 -77
37 97
-13 14
-43 -8
45 -65
-25 67
-36 30
30 -15
-1 -125
-20 -48
-4 9
4 2
-15 19
20 27
46 25
29 100
74 129
-4 -66
19 -8
35 -129
-5 83
-35 -151
13 -20
9 17
70 -7
62 169
-31 -116
11 -41
46 -112
23 20
-22 162
11 -64
0 122
62 -49
8 73
-11 -30
16 -123
51 -120
25 -122
44 104
8 25
-7 53
-14 -90
17 -119
44 56
22 168
12 -166
-51 17
87 58
-3 113
13 -82
-22 -90
-16 -87
29 112
-15 29
23 -47
-1 2
21 56
1 112
20 -4
-9 -123
-15 -60
-7 -70
36 -16
45 -40
-37 74
-42 113
17 -90
44 -123
5 -46
-8 0
45 -27
30 64
65 4
11 50
-21 -24
-11 -149
41 -125
29 278
1 157
39 -45
4 -158
-18 37
-19 8
21 -72
-29 -71
-21 -51
5 23
-12 -85
2 -63
-52 -100
34 39
0 12
54 37
49 36
-6 -100
52 -105
-23 -25
26 100
-1 49
13 48
77 58
-65 -107
-28 -64
17 23
12 -6
81 105
24 -90
-3 -28
-41 47
19 -84
36 -31
13 -33
-49 69
-9 -39
54 -13
-86 4
-55 13
32 -54
35 156
-6 35
45 -12
5 -25
49 -95
-3 24
-28 6
8 88
15 99
12 -130
3 -160
0 -73
-19 -38
7 81
-31 64
1 44
32 17
26 -36
-2 -54
-12 -8
19 38
32 -14
31 91
11 -1
-8 -65
52 13
-16 -5
11 -30
18 54
-5 -46
81 -49
-16 127
-23 153
37 177
33 -131
18 -16
18 -36
16 -1
29 -55
-13 -32
-1 179
5 -3
28 -21
25 -87
-13 -47
16 8
7 -109
0 129
24 50
29 -40
-17 0
-15 -40
-48 -115
12 -11
-30 6
6 -3
-12 87
36 44
35 -42
-10 -247
0 28
-8 306
-7 -124
49 -119
9 -61
-2 32
71 14
12 -14
63 -69
17 -137
15 -45
-13 -76
-14 -48
15 -5
20 241
-21 -29
13 -268
5 -89
-22 54
21 -20
20 -8
47 -35
-2 -65
16 67
6 2
5 -13
26 -35
15 -47
-13 32
-3 112
-2 87
0 -144
45 -17
-17 -33
17 75
31 -17
1 -77
16 -121
-13 74
75 28
2 -26
5 69
-19 -45
-25 30
5 -76
11 -31
0 2
17 155
25 27
28 14
-42 -137
2 -82
5 59
-17 68
36 72
-29 -60
57 44
41 -28
-33 -74
-6 -24
23 -40
28 47
-36 -50
0 -29
16 8
33 -115
53 15
9 43
22 -7
43 -60
20 -107
-17 -39
3 41
32 54
30 133
2 -62
15 -76
2 -107
33 -35
26 -18
44 1
49 50
0 3
18 -110
-3 -23
-22 -142
-1 -37
-11 -173
21 105
61 215
6 44
25 -67
28 -54
-45 16
-48 19
13 -2
27 -25
8 -71
69 40
-34 18
35 -48
-16 -89
4 -61
30 -8
53 38
46 114
-34 0
21 -12
-18 70
-11 -152
-10 35
48 59
-18 -119
-37 -154
-12 61
42 264
-18 -71
93 16
-2 -82
-1 0
-29 -112
35 72
-25 -25
-82 -41
16 -3
135 63
-33 -87
20 30
-19 45
18 -19
19 -132
0 8
18 16
41 -29
0 -25
-25 -34
-1 -64
31 -89
28 86
20 164
50 143
-19 15
-8 -68
-5 -41
43 -39
13 -48
23 -35
-27 -95
100 -21
-13 42
-12 -75
-15 29
38 -50
-32 88
54 -116
32 67
-43 5
0 26
-7 13
29 -44
-30 -46
-85 223
1 -84
32 -28
-4 2
3 -9
-3 83
38 -48
31 -65
-7 -46
-27 -66
-6 41
-24 52
17 16
-38 -59
5 84
0 -31
-19 -107
-58 106
17 -36
-16 -113
96 83
-15 57
29 -61
-68 44
50 -70
36 132
-2 -105
37 -6
-21 41
-10 17
21 17
9 -33
15 59
31 -21
-70 -120
-23 74
22 -63
60 -48
4 -24
-29 -12
22 59
32 -13
26 -9
-9 24
24 -107
-19 48
-13 123
0 114
27 -15
-19 -196
-29 -140
0 26
31 -11
0 -84
12 7
-18 89
11 69
-17 -159
13 -38
28 51
5 -27
65 65
5 -12
-1 139
7 -11
-15 -1
-6 -107
38 3
-33 99
30 -7
-48 -46
-34 -31
0 22
-31 -40
32 -65
11 -14
-12 54
-12 -104
-49 92
30 11
-1 19
40 -171
49 -70
48 14
2 -22
-65 -43
21 -27
34 83
5 68
14 -35
0 -29
-16 50
50 -45
-17 -37
-12 -48
-4 27
5 -9
0 -75
4 65
-55 93
17 -129
31 -22
30 -57
3 62
-5 -50
18 8
15 16
14 -97
34 -61
21 29
7 -12
2 -65
-50 12
-15 109
-5 -20
16 -58
39 93
9 20
2 -95
41 -94
49 -46
27 109
54 89
18 -63
5 -76
12 -27
21 -52
-8 -98
25 -49
35 69
2 23
-9 80
31 87
33 -84
-15 -171
28 -62
-18 49
-8 65
25 -9
36 -23
16 -35
37 -87
-10 -34
-51 47
27 17
50 -42
-9 77
54 -20
17 -40
-15 -82
52 -67
25 98
52 -177
65 4
47 47
-30 35
-10 12
-36 -49
28 -53
31 -87
5 25
9 7
30 -10
-7 5
-13 122
-4 28
-16 -88
-20 -119
53 -81
32 -10
21 133
8 52
-31 -15
42 -53
50 -45
41 -82
-13 -110
-22 35
5 8
23 57
-13 100
62 44
-36 -50
3 -20
26 -76
16 -11
33 -130
24 -55
63 -5
-15 -72
25 2
0 134
0 9
20 -55
1 -22
52 100
-13 1
-7 -34
42 61
50 67
41 -62
-14 -134
-34 -53
-13 177
11 -106
43 -108
3 -23
-14 5
2 -1
-2 -55
4 -144
0 -80
-15 27
-24 68
68 28
-32 20
-8 -33
21 15
12 6
-3 84
-8 -41
-32 18
-24 -119
-5 -64
1 -14
13 57
8 -8
28 -97
15 -17
18 -100
-4 15
14 56
-51 86
-43 56
23 -89
67 -92
-1 23
30 7
-60 -41
-17 -57
53 -59
13 112
-10 55
16 -81
-30 -81
23 -44
25 -51
25 -23
-1 13
1 131
17 -49
0 26
-5 -54
-1 -52
-9 22
36 -13
23 -51
13 108
21 -72
37 116
0 -153
14 -72
21 25
-8 33
-8 28
70 65
-10 -44
-23 40
20 -87
-9 -19
41 -9
-8 9
-29 -28
44 26
22 -15
-5 5
-32 76
15 -69
48 -52
43 -44
24 -11
-15 -16
21 11
-11 17
-22 78
36 -110
5 -17
17 29
-30 -153
36 148
21 53
-1 29
4 -109
27 -36
14 -24
12 -60
-7 -14
2 78
50 89
36 63
0 -55
24 -46
18 -147
-4 0
-19 94
4 -112
40 19
33 36
27 130
-48 -87
4 -9
12 -16
34 37
92 -156
28 -93
33 30
-4 -5
23 24
45 -30
-14 24
-47 27
-18 40
48 -45
18 -57
9 31
-3 23
7 23
-4 -90
31 -87
57 -139
-37 -46
13 102
24 101
43 -73
45 -123
15 89
35 187
31 -100
32 -149
14 54
-22 51
66 83
53 -45
40 -20
12 -24
7 -130
4 -8
9 17
-20 -7
58 16
-6 31
23 87
62 -18
-40 -51
35 -13
30 39
26 56
-62 25
27 124
-10 -73
36 -15
-1 72
1 -145
17 54
-7 100
39 -78
33 -32
-5 65
47 -4
13 -52
43 -45
15 -37
-46 -116
29 -31
-41 60
13 -63
-6 -84
20 -66
-7 97
13 59
22 42
14 -3
-19 46
-12 70
85 49
15 -29
-26 -174
-10 -24
0 16
9 -82
-17 58
52 69
-37 100
75 -85
48 -145
32 -22
-10 67
11 -69
-12 -65
17 -77
-30 108
-38 -2
-5 -32
60 33
-31 -5
-9 53
0 31
22 -3
-15 46
-25 38
-12 -96
5 -124
16 -36
-12 105
-7 -46
-27 27
29 -16
24 7
49 43
6 -71
20 29
-36 -120
-7 65
1 37
-1 9
1 -38
20 -53
18 -45
-47 -85
26 -32
1 67
-7 -31
26 35
43 -4
-11 -45
-51 -22
14 164
65 21
21 -67
-5 -80
-27 -46
17 82
-7 103
56 -175
0 -202
-11 132
44 -54
32 -103
3 72
-19 -105
5 103
-7 -59
-10 -48
34 -23
45 -5
52 -19
-4 -39
-22 -10
50 31
19 -76
26 -22
40 11
21 -74
18 -69
27 28
18 -16
7 3
23 -7
-27 -11
-27 -1
16 -54
-27 -51
60 63
-41 94
-14 5
64 40
13 -86
9 54
-8 -110
61 -102
63 52
25 48
-7 -48
15 -86
-40 -14
-3 85
21 47
34 17
22 -25
-40 -97
0 -105
-21 7
51 105
30 103
-8 -34
-5 -66
47 -61
49 16
-17 -50
31 -5
-29 -20
26 21
33 -80
3 -44
-1 -30
-3 136
-7 11
-30 -93
20 -55
46 62
-23 24
-6 -23
-41 -71
47 -104
29 30
9 -70
-34 117
52 23
3 73
-46 53
-6 -42
6 -105
-15 -69
21 50
-10 34
34 35
35 94
-17 123
16 -74
25 69
12 38
2 89
43 -37
-9 2
23 8
-20 -8
-29 3
97 -156
17 -79
14 -65
29 55
14 64
-8 -11
-6 39
-10 -35
-3 4
25 -41
-26 -6
-31 -217
-23 31
37 62
18 53
-15 77
8 24
18 -114
-17 -25
17 17
83 59
18 16
18 44
40 3
-14 -49
-2 -53
8 -94
-11 -49
-18 201
27 125
-36 33
-9 65
37 -9
6 -86
13 0
-5 12
11 -22
44 -84
-68 171
33 -94
5 81
18 48
4 7
21 19
0 -35
18 26
3 17
-20 8
67 -25
-42 3
-5 -15
46 -47
23 -1
52 -36
51 67
-12 28
23 100
52 0
-11 139
5 -114
-13 -57
-10 2
-4 77
-5 7
-17 38
31 103
19 -91
-7 20
12 -71
5 23
21 57
52 -8
-15 -35
-23 71
24 -76
22 64
23 -34
41 72
27 30
5 2
24 90
22 -22
2 86
-6 75
-7 -100
13 -35
2 22
-10 23
0 48
30 43
12 97
16 -1
78 -51
-43 -97
-10 -4
6 -14
34 12
28 26
11 44
19 59
15 -199
3 -141
5 188
33 -23
-6 -9
39 53
-9 65
-6 160
23 -44
-19 29
50 -42
-3 100
35 -12
24 14
36 83
3 -50
9 -3
6 -25
-10 -49
12 110
-12 -85
-48 11
30 49
32 109
14 80
12 -39
36 -55
13 -55
-4 -106
27 -51
75 27
6 -114
31 14
19 -40
13 96
-51 146
12 -45
26 -150
-24 -94
53 -5
48 6
9 3
7 57
8 -13
21 -88
15 0
-35 55
0 112
-43 -154
26 101
81 68
-46 50
-59 23
-22 -25
-1 -6
41 -15
-9 102
-27 -65
-8 -24
-23 60
67 -38
32 32
28 -92
27 -12
-44 106
-34 14
35 -36
33 -25
9 84
-47 32
16 31
-12 -24
26 -127
-10 -45
35 88
38 1
-2 48
-44 -8
16 -105
-20 88
19 52
11 89
42 -60
19 -108
-21 29
9 26
-61 -25
24 42
-24 -142
-36 31
9 136
-4 22
-21 28
3 -80
-16 51
-8 56
0 -71
-26 -95
24 -115
6 51
23 71
32 -285
0 51
5 76
18 -86
-21 -35
-2 -46
34 24
16 121
-15 -154
-12 71
-8 -33
46 -71
3 -41
32 -93
15 57
6 -38
0 -55
18 33
19 177
-31 -3
-3 75
27 -65
25 -133
62 64
-4 67
-8 65
-34 -12
72 -62
16 -26
-3 49
11 -12
-14 14
23 85
13 7
-19 26
64 29
30 67
-5 89
15 -51
-21 -42
14 -4
20 69
-46 11
-18 -8
22 -27
-12 -57
0 -48
-30 -2
51 9
34 41
-14 43
-5 84
3 -86
-32 -3
-8 32
-10 67
19 -64
4 48
-12 27
32 103
8 38
5 -2
9 55
-15 -50
71 -35
14 -39
-41 150
17 44
-28 -88
5 -159
38 40
-5 60
16 70
44 18
24 0
-19 57
-14 2
30 0
-9 -57
20 -28
-3 -26
-9 -21
-11 -16
38 -24
17 69
7 4
-11 -32
51 -54
69 40
-47 -15
14 -46
22 -12
59 81
-27 166
63 29
46 -75
-20 -48
37 29
-29 73
41 1
19 4
24 125
-1 102
-10 -20
4 -57
11 140
-46 17
-39 18
53 -36
99 45
-67 52
-1 -74
-3 -55
64 -89
22 202
7 -46
-21 -87
-11 13
5 218
4 -16
56 -101
18 -40
13 44
86 -6
-33 -21
22 58
-33 225
-3 62
12 -39
23 -105
-8 -65
-29 115
1 49
21 -88
-22 -6
23 -56
5 -14
5 -37
-9 -38
33 -23
0 114
-14 83
32 -128
-2 19
-2 -25
54 -21
61 3
-32 -77
-19 86
-30 57
-42 -33
28 40
0 -16
83 9
15 -2
0 44
-7 -61
-22 3
43 19
-8 -35
17 28
13 -5
13 -109
8 82
-16 1
13 -43
63 -29
153 115
-34 52
-40 67
1 -72
12 2
61 -99
52 -5
3 67
-92 5
20 12
5 21
39 40
31 -87
14 -98
12 32
-21 117
61 149
0 79
36 -118
14 -180
25 -72
4 187
-22 182
12 -113
5 -109
-9 -45
-11 64
-29 68
-13 -28
25 57
43 -39
23 -18
-28 22
18 -56
-25 -7
18 29
-19 -41
11 7
-3 17
-5 -12
26 -20
12 -39
-35 -40
-36 56
20 76
46 76
7 7
-44 -44
30 61
13 22
41 88
-8 96
20 -13
13 -31
42 -13
-7 51
2 -84
17 -8
39 25
-53 142
-26 176
-55 -13
-26 -81
-80 -70
8 -20
4 14
40 40
7 63
40 71
23 -99
7 -1
9 14
23 11
8 -126
9 70
22 127
-9 130
26 -75
-53 -74
-33 9
43 117
-8 -34
-24 -75
-9 -121
-6 -17
-11 -54
18 135
28 -4
-9 54
34 79
34 15
0 -13
14 -6
0 88
2 -97
-6 -63
38 -150
51 -100
43 -27
6 -29
15 36
12 119
15 8
39 34
-10 -81
-4 -150
5 57
35 83
-46 62
24 -1
17 -18
0 -18
-7 -50
22 72
22 105
1 -9
-4 -77
-10 -13
19 25
-1 74
22 87
41 -33
12 -28
15 8
-82 -50
-24 -74
52 68
9 32
8 -22
47 5
-18 6
5 -4
-4 17
33 19
0 23
-13 33
-6 -1
22 -43
-6 -11
-16 -20
51 22
-32 -6
-3 53
43 112
22 -8
-1 -61
-19 37
-14 36
83 -102
41 -19
63 28
-12 83
54 73
-56 -121
-13 -54
-33 29
-8 74
30 -42
9 18
2 98
37 172
0 31
20 -63
-5 -105
-11 -85
44 72
42 -11
67 -51
-14 5
-46 40
36 84
4 -116
-6 -164
48 48
-26 16
-60 70
-5 96
-20 -29
-6 -18
8 -15
-3 -45
33 42
16 -21
7 38
50 53
37 89
29 9
2 -56
8 -66
11 -6
7 65
-15 9
-10 -41
-3 13
-22 73
-16 60
30 19
-22 -7
-19 -83
47 -60
-2 119
11 157
-19 33
-10 -15
0 -139
16 3
-8 -9
18 -41
0 0
8 2
44 61
29 86
-15 150
28 -35
-12 -127
4 -30
29 -28
69 0
16 74
8 63
12 81
-15 20
48 -28
11 -74
-5 -82
14 -6
27 -105
60 77
15 150
-34 49
-15 -62
20 -50
-2 11
86 36
45 8
14 44
20 87
-28 54
22 -83
-39 5
29 -66
23 3
24 -27
16 24
15 -35
13 56
24 71
46 19
5 -16
3 39
100 -25
-21 -59
-16 21
-37 82
12 95
-17 -23
-76 -69
20 20
-6 -60
-9 19
47 -12
-1 1
0 59
8 -32
-1 -68
-118 58
4 87
-12 64
2 -42
-1 -38
13 9
-7 52
-7 1
-38 -111
18 -114
-8 11
-14 4
14 94
-3 152
-44 85
25 -4
-10 -115
4 8
23 -82
85 -161
16 119
0 78
-14 325
-34 -74
-38 -268
32 -42
-12 73
37 33
16 0
-26 -58
19 -9
-3 29
19 -146
11 -55
-26 -10
-11 61
65 36
16 42
-13 35
23 19
-4 32
-21 6
51 22
29 4
-11 -43
3 34
-17 17
-5 155
3 -52
43 -77
-33 -2
17 -34
-30 22
16 58
32 -5
45 210
-15 9
25 -147
1 -93
14 50
47 23
-33 98
-17 -10
-34 -111
23 2
7 20
52 16
-26 -78
-15 -113
-8 95
30 147
-7 90
-42 -154
0 -105
-8 73
-11 201
4 103
-30 -238
-7 -120
-18 36
24 -49
4 63
-8 -31
16 -145
0 -6
3 -107
-52 -29
13 56
38 24
-13 46
0 -126
-17 -58
20 11
-23 43
3 4
44 -107
-36 -38
-17 100
-13 46
-5 -8
-13 -50
15 42
0 -88
-12 19
8 59
68 68
-71 33
-4 0
18 -125
-29 -173
-10 94
44 193
-44 211
-11 13
-17 -16
-10 -62
-16 22
-15 -2
-18 -12
-34 -85
-4 -64
9 -75
0 20
18 54
-35 33
16 62
3 11
30 38
-32 -7
-13 -75
5 9
2 -67
-4 -4
-30 -28
0 48
-14 84
-10 -84
32 -42
-22 82
-8 160
-27 72
5 -111
9 -148
-26 -59
34 53
5 -44
27 -98
-34 73
-98 118
11 117
9 45
-64 -113
2 -104
-6 38
-62 28
7 6
-3 -40
-33 -77
61 -145
-9 28
24 170
-14 -86
-16 -9
-25 54
-1 91
-7 -99
-44 -22
-37 -106
-18 -111
6 -21
25 -131
-10 128
1 290
21 39
-5 -114
-32 -94
44 -51
-34 23
-14 -161
-37 -24
6 12
1 -39
-31 9
20 32
-37 88
29 -41
-5 56
-9 -75
-24 0
-31 65
1 -30
15 -74
-51 -193
5 -42
24 7
-26 -99
-18 65
-29 110
66 96
4 -107
9 -48
44 36
-6 -53
-19 -110
-20 16
18 139
12 99
-47 -64
4 -134
13 -71
-11 0
0 65
-17 -83
-9 -39
-12 6
-5 19
6 112
2 20
5 -47
11 -198
-14 51
0 32
-18 44
44 -50
2 -73
34 -104
-46 14
60 -1
-12 -2
-6 56
21 37
-36 20
78 32
-10 -29
-42 -19
-32 -43
-39 -31
22 -22
-11 -13
-19 109
-12 80
-1 38
19 -53
-40 99
-12 -100
23 -154
14 -23
-5 22
-14 95
-5 -18
40 -122
-31 -9
-5 32
-41 36
29 0
26 21
32 129
24 41
30 165
59 -63
-19 35
28 -95
11 -118
15 -22
28 74
8 -55
-22 -9
6 -6
28 26
-9 14
0 3
54 -17
22 -46
-86 64
-1 12
26 -86
-27 -130
35 -64
7 -109
8 108
-51 -162
-42 -20
19 111
73 75
9 -9
20 -106
7 -27
-32 19
18 -55
63 -43
0 88
1 41
-7 -31
29 -85
20 -124
-3 79
-5 -95
4 -15
4 -23
6 213
49 104
56 37
-7 -1
-13 93
31 -120
-22 -102
24 37
7 4
-9 -3
15 -81
25 -52
46 -119
28 -121
-45 38
32 82
30 28
-14 38
12 -5
2 9
-4 14
7 27
