-23 29
-46 -52
-64 28
3 -18
-55 -52
17 -83
-23 5
-15 127
-8 30
-10 -122
28 -56
-50 -12
-10 -87
-30 12
-6 1
-9 12
28 36
27 -108
8 -74
-10 57
3 -40
-43 66
-31 47
11 17
17 -46
7 -47
-48 -65
-29 -23
6 -195
3 46
-65 -130
11 34
73 37
17 42
-33 8
-29 -34
34 51
-5 95
-23 -64
4 -20
-10 -22
0 27
-28 -67
-1 8
46 -140
-5 -37
13 19
17 -47
26 -10
-27 72
12 57
-4 -92
-27 -153
11 -15
13 11
-24 37
-28 -165
-4 18
1 22
-11 288
0 16
14 2
-7 -43
-18 32
7 31
-34 9
-48 49
19 17
19 56
22 -247
16 -12
-36 39
48 2
11 68
-6 56
1 130
-29 43
-17 16
39 -67
5 -38
3 -44
-5 -72
-52 6
-20 40
1 88
14 40
-8 -58
-15 5
18 4
-26 11
-21 -74
55 19
-23 98
-58 74
28 -77
32 -81
21 -17
15 30
46 84
22 45
-18 -6
8 2
12 71
18 -8
14 -49
42 -24
5 39
1 15
28 37
74 4
-32 -30
-20 -144
-1 25
11 41
31 -27
25 -12
-10 51
16 142
-6 -95
25 -2
7 -14
41 -71
24 -44
12 31
25 98
-26 63
43 40
61 26
32 -124
26 -19
46 0
28 -33
-29 31
0 21
-29 13
38 4
-17 -40
-14 -38
-1 27
0 46
22 -22
21 8
22 68
17 35
7 40
24 -31
-44 -59
43 -30
14 5
8 56
16 38
32 -1
42 34
-9 -30
-12 -22
69 22
0 -8
-3 129
19 52
30 -11
-37 -38
0 -77
0 33
25 66
48 -17
23 -73
1 84
-65 5
15 87
-7 -43
29 27
-8 7
29 -53
-2 -20
-32 -2
3 7
12 96
-9 19
39 -52
-7 105
9 -20
-18 6
8 -18
38 113
-24 -15
38 -23
-16 -1
51 -53
-30 -22
23 -48
8 -94
0 40
0 110
33 15
-15 -48
-20 -76
11 62
22 38
55 8
-2 55
16 91
-29 -160
2 40
-4 109
42 -54
8 9
12 1
0 17
-2 -52
28 -75
3 25
-20 55
45 -56
32 -109
16 35
0 -39
-41 -118
21 117
49 68
29 -154
72 117
-2 -76
-31 -11
-12 58
-21 -23
62 16
39 27
3 76
-25 -14
-34 -20
15 -32
19 54
-34 -31
90 99
-43 104
-86 60
41 35
-7 2
7 -40
16 -5
8 -44
-1 71
-28 76
23 68
-26 22
9 -12
0 -58
23 -50
-1 -105
14 198
-18 38
18 21
-8 0
25 -15
-20 -29
41 -121
49 -23
-19 68
-11 18
9 -33
15 28
-13 50
1 20
31 56
24 4
11 21
3 -45
-16 -36
12 40
-7 68
0 220
0 -48
9 -130
6 -19
49 -62
-31 66
33 94
3 96
-13 -28
-17 -57
-2 63
-29 14
-9 48
-7 -11
-12 136
27 35
19 -38
37 30
0 -107
28 91
12 48
1 30
50 -3
-23 -1
-12 22
21 44
23 -2
11 -17
8 78
11 -130
4 -26
29 75
-23 45
37 66
-18 32
24 -82
23 -21
-14 -42
7 68
17 76
20 26
-1 110
9 -24
11 3
-7 6
13 -5
11 -95
-15 60
17 36
39 26
45 -10
-58 -116
-37 90
-21 -38
24 24
-16 -47
22 113
51 40
24 30
15 -10
53 -11
-4 -58
41 38
8 109
-11 -111
-10 -15
18 62
-7 -51
-10 19
-18 3
0 117
42 -65
14 -105
1 28
2 68
23 71
-8 67
4 -78
12 -25
-7 15
-3 -35
34 -34
13 113
-12 92
17 -95
30 -41
28 98
-3 -117
2 54
-30 -19
-8 41
-42 100
9 94
45 -9
-27 -78
-5 -20
2 -80
1 69
23 -19
5 33
23 49
0 36
18 -8
38 -105
-9 -28
-26 16
33 -16
-57 -35
3 70
-13 164
11 28
33 -59
-33 -78
-7 85
4 16
4 -76
-11 31
-35 50
4 42
37 7
-35 -15
2 -14
7 -49
25 -73
30 23
50 39
-32 128
45 -79
40 58
23 -22
11 -25
36 28
-7 -8
26 80
41 -38
2 -43
9 -27
30 -26
6 0
8 31
29 31
-4 51
25 54
28 29
3 13
42 -57
21 20
-19 -11
0 0
-15 0
16 36
67 13
-30 61
17 2
13 -53
-11 35
-39 -67
-9 -36
-15 106
-23 120
11 20
19 -16
6 -45
-22 -148
16 37
50 115
44 75
-3 18
53 29
12 16
-68 -127
-3 -4
35 45
17 78
3 -71
20 -53
11 -40
-32 111
69 18
12 -51
60 -46
34 -75
-26 22
-20 44
37 90
6 50
4 -92
16 11
5 1
-58 -60
-23 -20
-17 -23
74 83
-16 105
-21 47
46 -62
12 -47
37 31
-21 47
17 25
12 52
4 44
-22 -140
-1 93
-5 8
5 -40
56 17
30 11
22 71
5 23
8 50
47 31
-54 -10
5 -75
36 -39
43 13
-16 31
46 71
24 48
25 -42
14 -59
63 1
3 -18
2 78
47 22
-8 53
53 51
-2 -30
29 -60
11 33
5 100
0 -39
20 -19
-12 -80
16 9
-28 41
1 25
6 105
22 37
6 21
3 -31
-7 35
18 -19
-1 16
-24 28
-6 100
104 -9
1 -111
-17 -14
7 -8
-13 20
-5 26
-13 23
2 16
41 -92
9 67
29 -104
3 0
-16 165
38 -107
34 58
-16 11
-29 35
67 -100
-6 -83
29 3
6 18
26 2
-41 -64
-8 106
0 101
12 -15
24 -101
46 29
-6 -56
-69 -69
2 86
1 -54
4 87
85 52
-21 26
0 -47
9 -75
4 11
22 -28
11 31
2 137
8 -57
49 27
59 -85
2 -3
15 -1
55 1
2 -34
-14 28
14 -12
-6 -1
19 -77
55 0
34 -48
17 -53
58 -28
-36 20
-52 85
0 11
-12 59
6 -41
-8 -71
21 -2
-9 -1
0 18
31 58
3 57
-14 -45
7 -55
26 -15
15 33
-16 98
26 45
-4 -2
-3 -6
-8 -11
2 -19
7 -20
20 -25
-26 7
52 79
-32 16
-32 57
-40 -70
-67 83
0 -122
28 -61
17 -31
1 55
-10 93
29 90
-21 33
-1 -35
34 -3
5 79
-2 3
-9 -50
-23 55
-11 54
39 14
-7 0
5 24
-1 -13
-17 -58
5 -10
-3 -10
-3 76
17 45
3 -83
31 52
-32 -53
34 18
40 28
39 -10
11 18
-47 66
4 24
34 7
49 0
33 13
17 -7
-9 -12
-26 -11
-18 44
-5 25
-8 111
15 56
-8 19
54 58
28 59
24 -22
16 -108
1 -11
-22 95
-45 0
14 -5
32 -43
-1 55
-14 -15
0 1
15 49
-9 34
11 77
41 -9
29 -46
18 -35
0 2
-48 -34
11 8
-28 64
9 49
53 38
72 11
21 -58
4 49
-6 -43
16 -48
-10 44
-10 39
-13 17
13 -13
16 32
0 -35
24 16
41 -85
16 7
38 58
-1 60
-28 -2
-3 -43
-23 -70
24 13
7 -1
-56 -14
23 18
24 49
-28 -8
-7 -11
41 -43
13 11
25 -41
17 6
9 78
-34 89
33 72
9 40
1 -22
1 -25
23 -46
0 -2
44 57
27 -30
-10 49
49 50
44 -11
29 7
47 -3
0 -74
39 6
9 15
15 48
-53 67
-87 64
33 36
39 -57
-16 -23
18 89
-26 -6
28 -6
-16 6
9 138
32 68
8 -36
13 -3
-9 -1
-18 6
0 20
31 37
0 21
11 82
-8 -25
-3 29
4 22
9 51
17 12
-17 49
50 9
8 115
-3 -8
-2 36
47 -25
-10 -9
-2 27
-67 -9
0 49
15 48
-8 31
23 2
16 -58
-7 -4
26 15
32 -34
-46 39
37 28
41 8
-9 -107
-29 -62
-39 58
11 66
-7 13
15 16
93 67
-6 70
-2 -36
27 51
17 -22
21 -1
3 -100
26 27
17 43
17 31
0 23
-2 -20
9 -50
14 88
13 -5
7 -61
-19 -14
7 -4
-25 34
-11 -17
1 66
16 -34
15 -20
5 -112
38 16
24 32
-5 96
20 -19
14 -58
-3 -76
3 54
32 -70
-23 -80
51 29
25 95
18 96
12 -50
-11 -26
24 -56
41 91
2 3
22 -11
28 62
1 28
-14 -53
-1 -44
0 -92
-2 -30
11 -55
26 12
19 111
-35 5
18 -57
91 53
18 -61
-14 9
-78 88
93 63
-17 -22
-27 11
-2 28
39 32
0 -67
-41 -30
-16 -77
37 22
11 51
14 9
3 93
-12 88
-3 -62
-9 -36
59 -66
100 0
-8 38
-7 29
0 0
38 95
46 -33
-1 -13
-18 8
-1 -60
26 21
38 16
33 39
-32 51
-22 5
57 -23
20 -62
20 -12
25 44
9 80
0 122
-39 -37
42 32
38 -40
22 3
17 21
8 16
-2 -24
5 23
-30 -12
-21 -13
5 66
12 -3
-2 4
26 83
49 -8
-13 -11
12 44
-36 32
-22 -23
-30 15
62 0
64 -17
8 55
-23 -38
32 -15
16 43
15 -63
-12 82
-3 -21
35 -85
62 -24
19 40
0 47
15 46
-21 26
-31 -12
-6 11
28 34
29 1
-10 -29
12 -35
54 86
47 -58
-31 53
0 -11
5 50
5 -44
-13 -9
17 -7
13 62
2 22
2 45
6 50
-11 -35
23 -48
24 31
-16 36
12 11
13 48
-32 39
-21 24
-52 21
-3 -17
2 -109
1 32
18 114
-31 -56
37 -46
70 103
5 36
-8 16
12 -61
26 4
-10 -37
-4 9
17 11
-1 39
-52 0
-10 74
9 5
32 -76
36 -37
-18 -16
-1 -112
3 -17
87 1
5 82
-6 0
-23 17
8 -4
-20 13
-3 -77
13 18
5 11
-56 91
-14 74
41 16
12 -66
0 -84
-6 -56
-9 -37
9 27
43 45
-5 107
4 -13
3 -20
2 -4
34 18
37 19
2 36
6 59
5 38
-6 -40
9 -25
8 8
52 -59
-7 7
0 -70
-5 -7
-13 29
35 98
51 94
-14 1
3 33
7 -60
60 4
0 -57
11 92
-1 45
29 51
-4 68
1 -64
47 13
27 -49
-16 -14
9 11
28 36
-46 70
29 17
3 94
-17 -143
12 -27
33 47
23 7
6 36
-15 56
57 7
16 33
22 -85
-51 -61
18 -11
33 30
22 90
42 60
1 72
16 29
-42 -40
-42 26
-27 -18
134 -42
-8 1
-36 77
-16 70
18 -4
33 -18
0 -74
27 66
-19 24
28 0
12 57
46 91
48 73
1 -109
-16 -1
16 13
-13 36
2 34
-15 1
34 17
-17 -65
-13 60
40 36
-29 59
1 99
-9 -89
-12 -11
15 42
16 -4
19 -16
11 -8
-29 37
37 72
49 12
8 20
-51 -17
21 -29
43 -32
38 6
41 41
-15 -48
-12 21
-23 -12
5 -31
2 -46
44 12
18 49
40 80
2 28
42 -107
22 -42
6 33
-28 -26
75 -24
39 -63
-12 38
6 62
-35 -47
18 -53
84 -27
50 19
4 6
-25 0
-11 36
47 0
-15 -2
53 62
34 -1
27 -41
20 -30
-24 -90
-2 26
-54 19
-20 1
-3 7
30 8
4 17
35 -19
-17 -53
1 -45
-10 37
46 56
6 32
-5 62
6 0
25 8
2 -35
16 -19
9 -11
19 19
-11 24
15 35
30 77
34 -12
18 -63
0 12
-17 63
35 6
19 67
85 86
-37 53
-35 -156
17 -42
16 12
13 33
9 1
32 -12
16 160
13 55
49 -69
29 -61
-11 34
25 12
14 -52
17 -23
-13 37
11 53
-3 -11
36 136
-1 107
-5 9
-22 -112
0 90
18 -30
24 153
38 -8
-3 73
-7 -77
-12 60
-14 -151
16 64
-7 73
-20 178
-15 211
19 -228
-2 -26
24 65
19 86
26 -126
11 128
-17 78
-6 68
25 -97
-17 -2
26 -39
-10 -35
-1 4
-18 26
-6 32
-88 126
20 -1
31 -18
25 -64
36 19
-12 160
5 41
-50 -15
20 -43
21 56
0 53
15 -72
-1 -46
11 35
0 -78
18 41
16 38
68 111
30 -65
7 -104
66 5
24 170
8 48
15 -61
65 12
14 5
-9 -43
32 32
-13 -69
0 -70
-5 -38
-17 71
-44 -13
-2 -5
-26 44
0 -78
47 43
-47 -77
11 -31
-19 -28
27 49
0 -1
-3 -20
4 13
1 -62
-2 27
34 -27
11 41
12 -13
-4 -80
-13 43
-8 67
-38 19
2 -54
-10 -10
15 -8
-29 47
-17 3
22 19
2 101
58 -49
14 6
48 -34
-22 -87
-71 -54
-11 -26
30 -19
-15 27
25 9
-1 59
7 -81
12 77
3 -12
-12 -7
17 12
-6 55
-9 66
-55 -84
14 -150
9 -10
-2 -5
-25 -25
2 -94
-13 74
-19 49
33 18
-28 53
-14 -57
12 25
40 -78
-13 -32
44 -7
-26 78
0 -16
-1 -28
0 -42
-13 -7
14 37
21 -24
5 -46
9 13
5 44
-3 -24
4 -76
0 -44
30 -7
-14 -20
-27 7
15 90
78 5
-1 -18
-10 -71
-7 41
-4 13
6 2
21 15
-7 -70
-5 -105
30 -22
-42 69
7 78
24 25
-13 -92
32 -41
2 -63
-2 17
-13 -65
-1 45
-36 70
19 -53
21 -19
22 -17
-13 -40
27 -114
-25 -21
-15 3
40 -9
0 45
-14 -26
-19 -45
-27 -29
16 -102
16 -56
21 72
-1 60
13 71
36 -21
48 -11
-32 -52
-1 75
1 -19
36 -69
48 9
8 58
-2 -9
30 -4
-15 0
5 -60
53 42
48 -64
17 -80
5 -17
21 58
16 27
4 -88
13 -81
11 50
35 24
-4 -62
19 66
-24 59
33 -12
12 29
23 13
-4 -18
-7 -82
-1 -93
14 43
7 -21
35 48
9 -69
11 8
-29 -43
57 -44
-2 -35
12 -37
27 61
53 29
-3 -26
-53 -109
35 43
30 -89
-52 5
-36 15
76 40
5 69
0 -73
0 7
23 7
25 -2
-9 -49
-8 -43
27 0
-19 36
8 74
27 59
20 -22
-1 -82
-16 -62
11 -69
-2 -114
-6 76
49 55
-1 68
-55 -14
6 -90
56 -29
25 -16
40 -18
18 41
51 89
-7 61
-11 -44
-23 -51
2 -22
3 -21
3 -159
9 68
0 31
-10 -22
16 61
0 -73
28 39
46 -109
18 -44
17 6
5 -42
15 -29
-11 83
20 19
22 8
11 4
-31 -79
17 20
15 -48
-25 -161
30 31
3 95
36 35
-18 -14
15 -13
-8 36
15 84
20 -82
-10 51
-31 75
-43 12
-18 55
38 -65
-4 -70
-26 -43
-2 -77
-8 8
1 135
-30 56
4 81
-76 -102
41 2
-32 -15
-5 -50
-10 -70
-19 14
56 72
12 -68
19 110
-30 -2
47 53
3 7
3 74
3 14
-17 -39
-17 30
-31 -77
-39 -34
-8 -48
11 -38
-12 38
-63 -64
26 63
23 26
-5 28
-27 -35
-10 94
-33 -66
-15 -176
-12 21
-2 42
-12 162
-4 -42
1 -22
-33 -103
-31 -78
-41 27
-11 50
7 -47
15 -37
-18 35
-48 17
-2 -135
15 76
-16 -53
20 85
-6 -88
-27 24
-5 127
-8 -106
-31 -57
42 -125
11 -33
26 -171
26 14
-83 83
-53 117
4 -23
3 -62
-5 0
28 75
4 -7
-49 -2
-13 -29
-41 36
25 41
27 47
-29 -78
0 -2
-15 -48
-24 -44
25 -15
-16 18
-10 49
1 -58
19 -11
12 -100
-43 -43
5 9
-15 40
-13 9
59 54
-15 12
-29 -52
5 -50
8 7
-48 -52
8 -11
-11 -31
39 51
6 104
-16 50
-32 -87
1 -54
18 -83
-13 -62
0 -47
0 -29
19 149
-14 -78
-15 -162
-17 -120
29 -124
2 125
8 18
0 -61
23 11
14 61
-38 23
-21 -44
25 -13
5 -19
-2 -25
-2 11
7 3
-22 57
2 -19
7 -59
29 -26
-20 -101
-9 16
15 1
28 -39
82 31
-48 -32
11 -61
7 -21
67 -64
9 -41
25 72
9 41
25 19
7 -31
-15 -3
-23 -21
34 -16
-23 -46
-8 -7
32 55
-14 27
-6 -4
-7 67
11 -55
-25 -68
-29 -2
-17 59
4 79
3 -25
-14 -53
-34 -92
0 51
8 -52
1 25
-12 -6
-58 25
-41 17
112 -39
-45 -37
-15 3
1 -43
26 -35
-21 -78
18 -36
-15 -24
-20 -67
-13 35
-3 50
-2 24
35 -20
77 -13
7 -114
-1 45
0 58
-3 9
0 46
8 15
7 -124
-37 -28
5 -18
-16 73
-62 103
4 31
-36 18
1 -8
2 -54
1 -132
-13 -6
22 16
25 -72
11 -34
7 62
-1 94
-12 2
-10 -38
8 -11
-7 -70
-2 -37
-31 48
7 42
-15 -25
19 -2
-21 -73
-38 4
4 -55
19 167
-18 69
14 64
17 92
-30 59
-15 -92
-40 -105
1 -38
-14 89
-21 20
16 4
-8 51
16 -110
-5 -11
9 2
-8 29
9 27
34 52
-8 -121
-10 8
-13 -46
30 53
-33 5
1 0
-11 -48
-21 -37
8 0
-11 -10
-22 59
-23 83
8 -5
3 -30
-27 -81
-22 -38
-45 -39
-66 -9
15 30
30 96
-27 36
19 88
58 -148
-30 24
8 9
-42 -164
-37 123
-15 15
39 -89
-24 -80
-65 -15
-3 -35
-27 -1
17 12
-46 -28
7 56
-10 95
15 -9
-34 -42
25 -31
-19 -41
-29 -23
-23 -44
3 -47
-23 -13
11 121
-4 -11
-12 -55
-4 -6
-16 -48
-23 3
15 -47
20 38
4 -32
-1 111
51 -68
-49 -53
-29 -12
-6 -8
20 0
24 -14
-5 76
26 -6
17 17
-32 0
8 -67
68 3
-1 -51
0 -15
2 42
-29 65
26 -13
-25 -44
-30 -52
-22 -20
13 -12
13 -3
-5 103
21 33
3 37
-24 -16
-4 -42
-23 18
2 -76
54 -15
19 -4
-8 35
-19 -1
-18 -17
9 -42
31 -58
-103 -5
-12 8
-13 -88
-22 -16
-22 -41
6 44
23 -22
0 -81
-18 -28
-16 -3
32 -12
0 -34
-13 20
19 90
-19 -18
-10 -33
-44 -26
24 1
3 19
-4 -27
-8 96
21 38
22 38
-5 -149
-31 -18
34 -10
-18 -9
-66 122
50 56
-8 9
-18 53
-50 5
35 -9
17 32
-36 9
-24 -148
11 -5
-18 70
-19 -24
28 13
-12 -30
4 -49
-23 -59
-29 47
-26 3
-16 -22
-19 12
-13 12
-48 25
7 -28
28 5
2 -24
20 60
36 -15
6 -61
9 32
-19 -33
1 -31
4 26
21 -3
11 -23
-38 20
-8 -69
-49 106
27 7
-22 -112
-24 -5
-2 -73
3 -19
39 -11
-8 52
-31 0
-59 -64
-6 -17
4 -79
-1 -30
14 -31
-26 -8
-31 -13
-32 18
-53 15
-1 -65
14 22
-20 -73
9 -121
23 -73
1 102
-11 36
-7 47
-36 17
-10 1
22 -48
-18 -28
-26 15
-31 44
12 40
15 -15
13 -159
-12 -5
-1 -45
-18 -32
2 -7
-2 -42
1 61
25 69
-11 69
7 -40
-24 -47
-24 -69
-35 -12
-50 78
1 -37
-32 -89
1 75
2 93
2 -48
-11 -33
-16 23
-22 -37
16 -24
13 56
-21 -43
-15 30
-1 -101
1 0
-5 -32
-72 83
4 -16
-30 99
-49 31
-17 -83
29 52
1 8
3 6
37 -144
-47 -71
-24 -43
-3 -107
18 -1
1 43
-2 48
-7 52
-18 16
3 13
-28 -115
-17 17
-26 20
9 -30
-4 -64
40 -125
-6 0
-28 64
-15 73
-1 -19
9 -83
-16 42
-14 14
-52 15
20 -78
4 -80
-3 -58
-34 -126
31 -174
-58 -22
-18 160
-27 187
-30 81
4 61
-29 27
0 -68
20 -87
16 -1
17 124
-19 -29
-6 45
-9 -57
-23 -135
6 48
0 -16
-27 81
-8 45
4 12
-18 -62
0 -120
-21 -61
-26 28
-6 -30
-17 -33
4 21
27 94
29 1
11 -100
27 -73
43 -88
-6 29
-36 -4
-5 4
24 190
-31 130
89 54
4 12
-10 -46
23 -44
0 -288
-16 3
-39 22
36 65
-19 16
25 -4
-20 -83
-34 -40
-2 -1
12 1
13 -16
-1 -43
-28 -74
-8 -60
14 -70
7 -108
-18 15
2 -26
18 -46
-15 82
-12 28
13 -26
6 -87
12 -51
-13 -25
-11 69
-27 16
3 -29
25 13
28 -7
-3 -76
-22 -73
-41 -63
-12 25
-15 -18
14 19
14 114
-18 52
-9 -32
-16 -186
61 -48
4 64
-3 84
-29 -27
-27 -24
15 -107
26 34
41 -2
-31 -7
19 -11
28 -62
-37 -79
-13 -15
-17 25
-10 9
-5 -56
4 14
-10 -71
1 49
-62 -149
38 -31
51 -26
-21 30
-34 15
22 25
-35 -143
-21 -27
-24 7
3 -54
-8 -25
-70 -71
1 2
-4 -38
-4 -28
-27 50
40 66
3 -127
6 -95
32 -19
1 4
20 -17
4 59
2 -39
0 -50
15 21
-8 -42
-44 -56
7 -97
3 -12
-24 39
-11 54
-8 -34
-23 -52
12 -60
-22 -33
58 38
-57 25
22 -2
7 -3
9 23
5 -110
25 -125
29 35
-50 18
13 66
-11 33
6 -36
-34 -67
-43 -30
12 -28
20 12
0 -45
17 -59
0 -5
2 -141
-34 -98
-5 110
0 16
2 -3
13 14
-3 -98
-16 -48
4 -6
-4 -46
6 115
-18 -192
5 -175
-83 34
-26 -167
3 16
-12 139
-39 128
-10 94
21 -189
-3 -121
-6 5
-80 36
-31 -54
22 68
27 4
11 -101
32 47
-7 -14
-9 -1
-36 199
-15 -131
24 11
11 -48
-30 -38
13 5
-13 25
-5 -103
28 53
-32 15
-34 -28
36 -1
-16 1
-16 32
-10 -25
-55 -36
5 63
-11 -12
24 -125
-27 -8
-56 22
-36 38
14 -32
-15 -37
-22 -63
-16 -92
-21 -104
-55 -80
2 -34
23 -33
-2 60
2 42
4 -151
-8 -56
0 -56
-37 -46
-10 61
24 112
-2 -72
-46 36
-24 33
20 26
-17 -88
20 -39
-6 64
-26 -7
-3 88
-27 15
4 40
-8 -7
14 -60
-4 -36
18 -39
17 -5
44 19
-9 86
9 44
-11 -17
-28 30
-25 22
16 -41
8 16
-16 -42
-15 21
6 11
-2 -6
-15 -54
-21 -2
14 -21
15 -99
-28 -21
28 67
-12 96
-3 58
55 -43
54 -17
-9 43
-32 -20
-5 0
1 39
-28 41
-5 17
-59 -33
1 -51
-8 -83
7 -56
20 26
16 49
7 21
-36 5
-25 -6
16 -38
-1 -72
15 3
-84 -33
-63 -85
-26 -51
12 74
27 -30
0 34
-20 -26
11 102
-54 -79
11 -58
-10 25
1 6
9 37
0 -59
-36 -74
-20 -67
0 48
-23 18
-14 11
-2 19
-30 28
14 3
4 -44
-5 -93
12 -10
2 -16
-12 1
32 5
11 -30
7 -37
-22 4
5 -25
7 -54
-24 6
8 -35
7 127
-16 -62
-4 -18
-23 22
3 -18
-13 -95
35 -109
18 -22
-11 66
-10 0
-38 84
-12 54
-6 -22
29 -99
-13 -43
25 -55
-16 -177
0 107
11 42
-2 104
-12 -9
-3 -37
-5 -50
-43 -38
-3 -48
-29 28
-15 -39
-43 32
21 41
-9 -74
-38 -53
-6 -7
-6 -48
3 25
16 37
-4 9
-3 7
0 -36
14 -71
-3 94
2 -23
-6 -127
-11 44
-38 36
-20 -67
15 37
-27 -30
-22 -85
-10 -103
2 -44
-6 102
13 25
-5 39
2 1
0 -28
-27 -71
20 -3
-17 -18
31 -141
-3 24
-42 119
4 -15
45 -5
-63 -74
30 2
-10 -145
12 63
-14 58
-1 -7
23 -19
7 22
-29 -35
-27 -71
8 -2
-23 16
14 -24
4 4
11 51
5 13
-12 49
30 -43
-12 -97
12 127
5 -10
-30 34
-37 -9
-18 -5
-17 23
-30 -50
-11 4
11 -30
-39 93
-29 -108
-26 -115
30 29
-28 59
9 -56
-12 -62
59 -62
-23 -21
-63 41
15 -54
-24 66
