31 -14
0 -35
-32 -55
-1 47
-35 111
24 85
0 48
41 19
-2 -20
-63 -95
73 -133
8 -78
-27 13
3 233
-14 222
-8 115
-28 -127
18 -90
-102 -48
-19 35
2 -83
0 -59
-77 35
-39 7
9 -95
47 -83
45 111
-12 18
-3 98
-67 150
37 91
-35 11
-12 -185
-58 -119
-2 -39
0 40
-53 220
-74 17
106 30
11 80
-53 36
-78 -128
5 -38
-63 7
-27 78
-21 203
62 48
61 14
-43 13
4 -96
21 -37
-29 -136
-64 -101
48 46
-23 34
72 82
0 39
9 15
22 4
-74 -53
16 103
-36 272
23 -23
-80 -66
-57 -180
-24 11
30 123
-5 14
31 195
0 113
-48 85
-44 -48
-20 -4
89 -31
-4 -43
46 47
-32 -73
-5 -45
-42 -79
50 -32
-56 -11
35 82
30 0
-31 6
2 23
58 60
13 -26
-132 -56
-52 0
39 98
64 176
-71 22
-5 -61
-10 -72
40 -69
-60 -50
-43 88
-36 66
-31 26
76 -89
19 -33
-1 40
-33 160
56 142
14 13
1 -5
-51 -27
-19 -54
-23 70
-34 -88
11 -81
28 -3
-16 66
-65 129
0 -171
-53 -87
-15 7
5 89
23 104
-10 -97
-34 15
-38 1
-49 64
37 193
-1 121
52 -138
-15 -108
43 -57
-17 -204
-29 -17
25 157
51 273
-74 244
45 -105
26 -253
-32 -143
-6 131
52 275
-15 32
67 -194
-9 -136
-60 -131
-2 -208
-12 -43
-8 93
1 -77
7 148
-18 141
-1 -46
-40 -114
-38 30
-76 156
34 60
-12 -36
-10 22
42 97
-37 -101
-85 -193
-40 91
3 -19
35 115
17 -49
6 236
17 -77
-58 1
-21 145
-23 63
-86 -119
-52 -177
-46 14
8 -61
19 -91
-43 269
-23 188
0 -154
-63 -114
20 87
123 71
-50 27
-66 19
6 -25
8 -102
53 1
-10 49
-70 20
73 -95
-72 41
-24 50
-19 -94
-73 -50
39 -45
-21 76
-117 160
-28 -201
0 -215
13 87
-70 30
-23 29
17 -60
-37 61
-34 87
-39 -34
16 -19
51 -4
64 79
22 119
-46 -104
1 -87
8 94
-25 -44
-21 -59
-38 101
12 117
-63 -72
53 -49
-10 186
47 -12
-16 -78
-29 -39
-61 88
-46 -81
-55 37
-65 -15
15 55
72 83
51 23
38 36
-11 -38
1 -64
61 -124
-15 -92
-41 176
-92 129
-89 -64
-82 70
0 45
-55 -165
-57 -96
19 -17
38 85
79 109
20 109
-95 -78
-63 -103
-21 -8
29 -39
12 3
-36 62
-112 12
45 34
71 -16
21 -150
-34 64
15 26
-49 58
9 -132
65 -1
-29 117
-39 136
-70 -121
-51 -14
-26 -13
12 -22
29 -8
18 33
13 72
-170 -41
-53 4
-40 -28
-77 50
3 85
105 -103
-57 -51
-84 31
-18 104
-13 38
-56 -70
32 9
-34 -36
116 -111
-52 143
-12 49
-18 -18
-32 -46
-2 93
-79 87
26 -6
66 -80
-63 -30
-86 -1
-41 85
9 150
6 -62
-40 -15
118 107
8 -31
-29 -51
-82 67
22 23
-2 26
3 36
-84 -10
59 -96
0 -18
34 -25
47 -144
15 6
-7 183
60 -34
14 -101
-125 87
31 30
45 -87
22 -63
-18 4
-53 43
19 68
20 25
-16 -134
-1 15
48 -9
-6 -37
-11 -38
-2 108
50 27
48 -109
-63 114
2 64
59 -95
40 -99
-58 7
11 40
0 -12
6 159
-39 -2
53 -140
-31 31
20 4
36 12
-41 67
20 29
-57 195
23 36
19 -88
63 15
17 -12
-39 -146
-54 -94
-75 38
18 217
19 88
-2 -19
-102 -157
-6 -62
22 227
-32 30
-41 0
29 71
-12 -31
-8 -116
-33 -64
-20 0
12 18
-52 -33
-80 47
0 57
-1 323
28 -130
29 41
113 -51
-34 61
76 -47
-16 -16
11 6
58 12
33 204
-20 -13
-27 -120
-6 -55
26 39
54 -24
-56 -79
28 -55
105 97
2 147
-35 31
65 -110
7 -127
-120 126
12 -11
-17 14
-82 52
1 40
-83 81
0 -51
114 -36
8 0
-37 2
-14 92
48 2
76 34
8 -40
54 -68
71 -262
-140 60
38 277
38 -79
60 -85
-49 35
-29 44
15 25
0 45
-9 113
42 -249
22 152
1 145
-3 146
14 -97
-70 -39
6 -4
-44 44
18 30
-18 -100
3 -199
40 6
16 320
-7 168
-45 -275
35 -102
-59 -32
3 80
74 150
-3 37
71 -27
-13 -18
-15 6
0 -55
-104 90
34 -187
24 -35
59 27
38 48
65 20
-64 119
-39 -29
86 -101
-46 -33
-38 -92
-3 -5
11 145
26 17
-24 -19
-53 -7
3 58
2 -81
8 75
-56 150
104 18
52 -99
-80 33
16 108
84 -67
-31 -113
-56 2
-22 3
-30 19
0 95
-4 18
-5 -51
-5 -72
22 -97
9 -15
-31 21
67 40
36 66
138 -33
-16 63
7 42
-60 39
0 -146
27 11
-58 45
64 16
-23 -81
-40 -11
-8 -15
1 -107
61 -31
23 -22
-55 41
54 -44
3 0
65 -34
-165 59
12 -76
53 7
52 103
-8 29
-10 -32
52 -35
-8 -30
4 76
-53 62
112 -7
38 37
-32 60
-7 89
-4 -76
-30 -22
71 82
11 182
-79 -75
55 -163
70 -69
71 22
-55 30
-116 99
36 -60
31 -149
16 9
-66 14
30 -111
21 -42
63 -58
-28 -40
-30 28
1 -24
52 38
38 -63
43 -97
37 0
41 67
-40 37
-36 66
188 53
-62 -37
-55 -34
-36 -71
-42 -41
-21 -17
-2 17
133 -39
-106 140
-50 288
21 -261
87 -59
56 50
37 -45
-30 -62
-79 41
-9 70
-30 17
57 -104
1 51
0 -15
30 93
75 -39
-42 -19
-55 16
59 165
3 -61
-44 -119
-58 29
-58 71
69 32
43 70
3 -33
-24 -8
11 -75
15 -13
-106 3
0 -72
-5 157
19 56
19 -25
-72 37
107 76
0 -20
-20 90
68 -1
80 5
-17 75
0 -77
-86 -18
-6 20
74 -16
-14 89
-35 8
38 20
12 -78
-4 -35
-26 -49
-2 81
6 25
62 15
-97 48
-9 40
3 43
-19 -34
47 -91
-3 162
-40 15
73 -28
-69 -38
-23 113
6 -107
-3 -157
-12 2
0 254
-30 61
13 -92
-15 31
-48 -41
-66 -44
61 3
-70 63
30 -39
-11 3
-25 -13
58 125
29 34
-23 65
7 53
27 12
-19 -40
73 0
87 -119
27 88
-109 96
-4 35
86 -89
29 -1
-8 -12
-20 89
15 -51
45 -8
-79 21
-1 75
57 -1
-6 -100
20 -22
-23 -51
26 -26
23 45
0 130
-14 125
-55 -43
-10 -113
13 35
-133 112
11 -35
8 55
9 38
-10 28
-24 -18
22 -35
1 -96
40 -126
-10 -4
35 -21
30 59
-37 109
69 41
11 -30
-96 -26
-4 51
-14 -36
-38 -37
38 20
2 147
86 -25
-77 -102
-18 -63
-38 19
-48 -14
-50 -26
-8 -15
60 22
-12 17
9 -119
31 41
-22 143
-32 -98
-1 -73
-45 35
7 35
1 53
150 -35
-61 38
-34 -26
-20 -59
45 60
-17 -57
60 39
-48 89
66 -23
-14 50
11 52
-105 -93
46 -19
0 27
-34 -9
-10 25
-112 -56
95 40
16 -81
-20 89
20 -113
-35 -20
23 -59
58 102
33 157
-4 49
-31 -61
31 24
23 -11
51 14
11 48
-35 -90
-157 59
-55 62
0 33
38 7
-18 -25
2 12
-3 -24
24 -27
25 -128
25 87
-36 -28
-18 -10
-49 42
54 -30
56 -60
42 -24
67 119
24 148
64 -114
-30 7
26 -9
-53 -40
68 13
41 -33
28 82
28 -55
-18 -40
61 59
50 50
45 -44
-53 33
0 -114
37 34
19 38
-44 53
-56 120
77 35
-32 -1
41 -4
71 31
-58 -67
-147 -9
75 7
18 -7
6 31
11 -29
-20 -70
3 65
-43 32
12 -20
15 38
50 -24
-24 35
-21 126
-60 3
45 -102
28 -5
16 -65
32 29
31 37
41 95
-2 -51
-38 -12
-52 36
0 60
-40 -55
69 -49
25 -73
2 -50
-47 38
14 209
-18 51
-18 -97
-51 -71
-73 16
-42 -48
-25 67
63 58
-36 47
48 -54
-9 -26
34 -17
-51 -35
36 -92
32 45
63 51
-10 92
-31 -25
31 1
-47 44
-16 -77
-25 -71
39 6
96 99
-11 -58
-16 67
110 43
7 17
-39 0
66 -10
57 -63
12 -6
6 16
23 25
5 18
-6 -107
11 -11
-33 35
112 132
28 -165
27 -37
-32 105
26 89
70 -62
54 -30
-5 -69
13 23
-24 -45
-42 -14
-24 34
11 41
53 52
-28 -19
46 -43
-56 -38
16 -15
41 128
-13 4
-13 -134
-23 11
-53 -5
45 61
15 -26
-18 14
38 -23
-76 16
14 74
13 -17
14 -151
43 2
-17 3
-13 0
-12 -76
5 67
31 66
4 19
14 165
-34 -58
-40 -15
-25 -105
29 22
44 69
24 -6
-2 -16
64 37
-41 121
-22 -19
-10 -87
17 -60
88 -68
106 -5
-62 118
-21 -1
37 -13
51 -2
36 -52
-5 -29
-37 85
74 59
-2 -40
-4 -12
-1 -12
75 -88
9 1
40 -10
-28 31
46 74
-57 45
51 -84
-45 156
-37 -4
36 -2
117 -215
-90 100
-8 2
78 -68
22 111
-92 86
19 99
-12 -170
47 15
-13 151
-25 -80
-3 44
-118 30
-33 36
29 47
-39 68
71 11
-11 -62
-28 2
19 39
-10 9
39 -29
8 162
53 74
-20 -4
-53 173
27 4
-35 -8
3 -60
71 15
1 169
-2 197
12 -80
-19 -35
19 -57
-2 2
-43 -6
19 -58
65 23
56 249
-32 -103
26 -7
24 -144
24 -24
9 62
19 13
37 7
-37 195
9 -21
51 -177
12 -71
-15 53
-37 134
3 -58
74 -59
34 9
53 -12
22 100
29 17
32 -33
5 -33
-29 6
49 38
-67 78
27 49
80 58
-46 -42
98 -50
-21 23
68 52
52 -52
64 -5
-47 4
-5 105
41 39
144 -256
-89 29
-17 -93
-12 85
12 130
116 -16
61 165
-23 -1
-84 -26
-111 -32
-31 26
27 -88
62 -62
-10 -104
-18 75
14 201
22 33
-7 -147
-22 -56
116 92
-14 9
-43 59
6 20
20 -44
56 -129
-59 19
38 -1
-4 -38
-8 -17
41 49
29 39
36 -85
41 -10
93 24
0 -37
-66 -90
0 13
17 55
9 -15
38 70
-70 27
67 -54
-17 -7
4 173
37 -13
38 -116
12 66
-42 229
-7 91
57 29
24 -92
-26 -109
6 226
85 169
63 -127
-28 -47
-29 85
33 -19
79 47
-49 -34
-23 -82
-23 1
8 33
-7 15
43 68
5 49
18 89
31 -46
35 2
-25 73
-81 -144
24 45
56 80
-35 -14
18 -39
22 19
36 96
2 -132
-10 31
-9 -121
25 134
-54 97
27 130
-38 29
-49 21
-34 67
26 49
26 19
25 -73
-6 -80
-11 183
-23 -71
9 -111
19 -113
-7 16
0 183
5 -18
4 9
11 -11
-35 -73
-10 -11
27 17
46 0
0 -52
-11 36
0 -33
35 -4
32 123
8 79
39 11
14 20
-44 -2
20 -76
-61 0
-14 129
22 -54
102 -7
23 51
-54 -17
69 -55
73 83
58 -19
-10 16
-1 -64
41 35
-10 64
6 -105
71 -18
109 153
253 -62
13 -45
-45 -11
8 185
52 128
25 -76
6 -140
22 46
97 12
41 -33
12 -2
-16 40
-13 -185
53 106
-8 -20
-62 -12
-76 3
-3 -57
23 22
-1 35
-42 108
-3 -39
35 51
82 -51
-56 35
17 60
-3 -44
16 113
-1 105
17 19
-14 -100
-72 -28
3 -40
32 -63
0 -68
0 62
5 85
39 117
16 -67
-102 24
16 -55
32 100
59 -1
37 -84
-33 52
-34 153
-64 51
-1 -105
23 33
-54 50
8 -30
26 60
-64 -23
24 -42
22 144
-12 51
-9 -51
13 -50
21 -45
12 97
47 295
-34 -36
62 -39
7 -56
40 5
28 21
-20 -12
-69 -5
49 -88
0 -16
24 146
-38 26
39 -29
8 -70
60 0
-6 -65
55 83
-57 1
21 73
-46 28
35 -9
0 -33
122 165
34 -66
3 -85
47 65
57 82
76 -14
-71 -35
73 -43
-76 14
-47 12
-7 20
-3 -45
1 16
-6 -8
-30 47
123 123
0 -12
-100 95
-18 -59
2 -52
-11 3
37 38
56 83
-10 107
-31 22
-29 117
-12 17
-15 -41
-61 38
77 37
2 -79
-16 -11
2 17
49 61
-77 -48
-39 36
-13 -19
50 12
-90 180
36 8
0 51
-11 52
42 -71
22 -7
5 117
32 30
8 83
-13 -41
-57 3
19 135
-22 -38
32 -1
95 -15
-16 4
101 8
-28 42
-28 104
28 75
9 -41
48 49
-26 34
68 67
14 143
34 -52
4 8
111 0
-12 58
112 5
-113 13
-71 -1
54 -53
25 43
-3 54
-55 27
25 66
57 41
-31 -47
-11 9
-39 -26
-11 132
2 -13
7 25
30 47
20 147
-31 52
-44 -105
-18 -94
-9 140
5 73
37 21
20 -52
35 63
-59 -68
-41 -32
-47 88
47 39
5 6
8 -31
0 31
-20 68
-25 14
-61 -48
-23 9
38 63
-8 28
11 -32
39 39
-46 95
-62 38
80 11
0 17
-54 -139
102 153
-5 -28
28 32
-11 156
-6 66
-29 -54
-64 -14
-36 25
-14 97
60 95
-6 98
54 14
-24 16
-1 -54
-36 41
-26 -41
-15 -20
46 -24
-17 12
-60 59
18 102
20 30
16 36
92 -9
-25 44
27 141
25 52
66 -16
23 11
-14 65
0 75
70 0
-23 5
-7 -25
-5 38
19 33
14 -72
1 -14
0 157
18 9
-19 0
29 46
-2 45
-58 50
45 25
37 40
-7 33
66 55
44 -54
33 21
-97 -41
83 0
33 5
-65 118
19 100
63 27
-5 -51
30 -28
-35 7
5 16
-33 53
-2 33
51 109
-5 23
15 35
22 -65
-58 39
-16 25
44 26
-13 65
-28 148
-67 -33
51 37
-9 -61
-36 -17
37 14
-3 46
25 35
-45 116
9 126
28 -129
50 44
-10 138
-120 1
-29 -27
-8 0
25 51
86 86
39 -12
-12 -24
-26 -110
19 -57
45 45
-9 81
40 97
-30 2
12 -9
-2 -67
13 56
-1 3
-42 50
94 -164
4 58
19 81
-84 39
20 -84
-32 -18
-39 43
-29 -161
33 155
21 -54
15 38
6 138
-14 -44
-23 -109
54 69
4 106
-68 -50
-90 7
58 76
-8 43
13 49
3 -4
-1 -48
-25 35
-50 42
-68 -70
70 -1
-12 37
8 60
-1 111
-73 19
-89 -49
156 -37
66 -10
73 78
31 23
11 -69
12 27
133 -97
-48 23
33 30
30 99
-46 34
59 -49
42 16
-79 -18
7 49
-24 -61
8 24
-28 21
73 -82
-36 -2
27 -10
0 127
79 66
13 -48
47 57
-47 16
-6 -69
3 36
-48 -22
-6 114
52 79
-17 109
24 -139
-5 -36
-28 -35
16 8
24 66
-9 -4
3 36
-163 -10
30 -50
9 -64
20 60
-9 -35
-80 93
92 40
30 83
-8 -80
-19 -54
35 -47
34 14
-4 100
-6 16
-26 -50
81 -8
28 -46
-80 -34
-49 100
71 23
-26 -11
-47 -17
66 28
-46 44
-7 42
-7 23
56 -32
-22 -13
-16 -46
-39 11
20 -47
-20 -23
-12 104
5 -37
-100 -28
39 -110
-10 30
-7 -37
77 11
-154 145
26 54
58 -12
-26 103
4 -27
-39 -51
18 36
-27 38
87 26
-18 -54
-11 130
71 -66
3 -34
21 5
12 -28
2 -21
-9 -51
4 37
-20 82
15 -25
87 -141
-77 50
-121 93
1 25
-36 23
50 82
-73 33
0 127
-13 -61
-20 28
52 -65
-60 120
20 -52
-27 -28
-20 53
45 33
50 -48
0 -1
13 -5
-64 100
14 14
-6 69
22 0
-13 154
66 -27
-61 28
5 -16
-11 -35
68 32
22 -5
44 -50
45 -13
-59 128
17 125
1 -17
-29 0
46 -5
22 -53
-15 -35
-20 137
-15 79
-46 24
-14 43
52 -6
22 -34
-19 76
-41 6
17 -109
34 131
-21 49
39 145
0 22
-19 -177
51 -97
16 -34
-74 -14
-37 150
19 8
31 166
15 -70
100 -10
-34 28
26 -21
-20 -19
-25 72
30 -23
78 59
35 28
-80 -22
-14 -8
0 -12
67 83
8 -65
6 -57
-37 72
12 183
53 -149
43 -27
48 3
-32 17
31 112
14 199
-16 -61
-80 21
-6 20
37 -9
-21 -133
42 -20
38 20
105 69
18 0
8 104
-11 -1
75 -56
-84 -52
-73 37
135 108
-71 57
-46 -160
-27 -54
54 148
-27 14
100 23
15 -91
-24 9
-21 -13
29 47
17 -52
62 13
-66 50
-21 -34
-26 -58
-41 13
12 6
-21 44
7 -51
60 17
-22 111
17 80
-22 -59
-12 -22
-50 36
67 4
80 -31
35 80
81 3
-56 5
-35 -37
9 -3
5 12
-20 -7
-23 -51
-43 -12
-38 143
93 94
60 -15
62 40
2 42
14 -59
0 -95
-44 91
-29 212
48 82
-60 -127
-5 4
-61 17
-48 -51
-32 60
-12 24
-19 -14
-16 79
15 -13
-20 -61
13 56
26 53
43 -1
0 4
-16 -1
-91 68
56 52
-20 33
-22 -39
36 30
1 -125
-9 238
37 109
-49 15
-50 -22
-43 93
15 53
-78 -21
-34 -45
60 77
16 -233
-13 99
-26 77
90 30
7 144
-38 -24
0 -23
58 28
20 -37
-35 17
-40 -125
-22 79
-8 2
-5 7
2 27
27 -57
-44 112
4 -20
-65 -64
13 24
24 218
-19 -63
19 -32
-24 -23
105 -142
-49 4
-15 214
49 -41
72 -22
-96 28
1 169
29 -10
-18 12
15 -84
52 -23
24 -15
-23 59
-65 32
6 93
1 21
18 63
-15 -50
54 -26
27 -8
-192 -31
-1 -123
116 64
-10 77
9 -47
-22 19
25 4
-9 2
48 -36
-15 -38
6 55
-48 65
31 -5
-30 -82
20 -46
21 14
21 -20
47 19
150 22
-9 23
-41 0
-49 31
34 81
-45 33
-16 -162
-27 -50
-3 48
-7 112
-16 41
-28 -9
21 -36
-25 -80
29 -37
-7 -42
75 14
-50 45
-29 169
0 -48
-41 -26
-32 -10
-33 32
-8 80
20 -99
-37 -25
20 75
-31 59
-39 2
22 -19
97 -69
19 58
61 -64
-20 43
-7 -35
-39 47
67 73
-25 -91
23 116
0 -13
35 -1
28 -4
37 -22
11 -38
-99 63
-57 -135
9 -81
-30 -43
39 -37
6 39
-44 57
52 89
78 35
-13 -21
100 -26
-25 3
23 129
12 83
-94 -48
38 -22
73 78
-13 -4
17 33
5 -25
-128 -56
-23 -33
43 -119
56 29
74 148
-26 35
-11 23
-9 -120
-2 20
76 29
-25 22
86 28
-17 70
-2 -2
-21 -29
-18 57
27 43
4 5
-8 -18
-27 -57
48 27
59 113
-3 7
21 -51
45 -27
7 -24
-21 -70
-1 154
39 39
-28 116
-20 24
60 -82
-28 -4
30 -4
31 21
-9 -54
64 48
-14 -55
31 4
42 -37
-24 -15
-30 -33
-10 77
30 -17
20 87
-19 27
6 8
-28 73
94 -18
-5 46
-108 -76
-19 -29
15 -5
0 -22
-35 50
19 38
-2 50
40 -82
28 -24
5 17
42 112
-71 -84
-73 124
32 48
6 -53
-90 15
-38 -52
4 -37
50 -118
-7 30
-17 20
-29 77
-82 33
-11 -7
-29 -67
-13 101
-22 -103
-1 -10
-44 18
-7 -16
6 156
-18 12
-8 -165
-24 -42
-47 -25
-14 20
-54 65
-50 15
50 9
9 18
19 -83
23 2
-44 -5
-135 -76
-56 13
-30 72
76 63
-25 -13
-63 -63
-27 -116
-28 116
-9 45
19 -53
-25 40
-5 45
-33 43
-94 -101
4 -4
22 -132
-2 70
-32 67
-48 23
4 -52
17 -53
-30 -15
-20 -34
12 37
-58 39
-2 -76
-35 -130
-69 18
-31 92
-5 79
4 -27
-23 -45
0 45
-37 24
-52 -23
-72 -6
1 109
67 53
25 -18
-11 -79
19 -1
-55 17
12 45
-37 -113
68 -44
138 157
-41 165
-62 1
-38 -158
-6 -66
-72 65
-32 12
-9 -10
-24 -75
-11 1
-62 -27
-10 0
-89 61
11 2
-31 -8
-58 -132
103 3
-31 109
34 -1
-28 -52
-26 -22
1 -72
-8 -34
-37 -36
6 -29
0 19
-13 32
20 41
-28 -26
-31 -72
11 108
-123 112
39 -18
-22 -43
25 15
-17 18
-1 52
-36 -12
-11 -21
-61 -29
15 -51
-2 48
24 17
-18 41
-58 30
-5 -21
-62 0
28 -120
-18 -16
38 -63
35 -7
-57 72
-91 27
-81 -64
-13 50
-28 -46
-10 86
56 -110
-20 12
-83 -48
-64 99
17 -75
-65 -88
-5 -86
-22 119
15 -29
-76 -23
-41 -18
-28 18
-3 28
-33 -33
37 -72
-9 -83
0 61
-104 -54
8 -10
-29 -16
-21 56
54 98
9 -30
-50 -44
9 -68
-56 -84
6 -34
-56 44
-20 148
38 -15
-50 -83
37 6
-25 -16
52 -109
-56 -13
-11 -26
-6 107
-148 8
-37 -8
-31 -11
-9 -34
-40 -37
-6 -9
-26 -58
-25 133
-40 18
-71 21
63 -18
20 67
18 -13
14 -34
-53 -35
-48 -23
-36 100
-48 -4
-14 -163
25 -41
-23 44
-52 -64
-21 -10
-1 -6
-35 70
90 26
68 12
0 -37
-30 -104
-14 68
-3 93
39 -55
-23 -69
-10 106
-57 53
0 -62
0 -42
-32 -1
-39 -30
-69 0
43 -15
61 100
-58 21
-34 0
-39 -84
-7 -21
-41 -44
11 5
-40 -64
-60 -32
-3 63
-45 -2
46 -40
-35 -29
2 -39
26 -45
-16 -62
-19 91
58 52
29 -10
-18 -199
-11 -24
-32 14
-49 -76
11 65
-12 190
-29 117
12 -23
12 -88
2 -9
-42 -67
18 40
21 -15
-21 -26
14 -60
14 42
20 177
-21 45
-29 11
29 -30
11 -32
-3 -28
-2 37
-37 -51
-102 -97
14 -25
-24 54
-21 -2
8 -42
-8 18
34 26
-102 87
-81 -87
28 -65
-3 9
-27 6
17 -17
-36 -141
-2 11
6 41
-29 3
0 49
3 -33
49 -66
-14 -17
-17 -32
31 19
72 16
-59 31
4 88
36 -95
18 -101
14 -119
43 -9
11 -47
140 51
-43 65
-37 0
21 -97
-16 -43
48 7
20 24
-69 -26
-10 -40
-65 -7
22 98
5 -67
1 -28
21 -81
-34 -23
-19 -23
-10 9
6 39
-2 6
27 60
94 -32
111 -74
1 -18
67 -79
20 0
19 -36
-8 57
15 31
-7 -133
-28 -100
12 -58
135 26
-51 82
-23 -19
29 -73
45 -24
20 23
51 24
30 -16
-18 -69
-35 -70
41 -67
13 -8
5 171
-34 -78
24 76
59 38
8 21
22 -40
39 -8
24 -5
-38 3
-9 37
32 -40
49 -64
-35 22
66 -36
43 -114
13 -117
63 49
-49 220
-127 98
70 -83
15 0
-15 -27
-90 -25
84 14
-17 46
-65 57
-27 25
-6 -232
63 -24
25 0
51 8
-80 123
-49 -8
60 128
-36 1
17 -46
21 1
-80 -10
-87 -67
9 33
-45 2
-38 48
-19 -52
9 -88
59 14
6 -30
6 17
-30 -90
-13 -34
-9 -7
-11 -76
-44 -36
-29 19
-15 -25
-9 18
56 -5
-3 -143
8 -45
61 42
13 46
-8 -5
-20 -26
18 -10
-2 -104
30 -19
14 152
45 -49
58 45
40 -79
-44 88
18 -73
8 -87
13 2
-42 -138
-14 -7
-20 47
3 14
-40 17
-17 54
16 -52
-61 -76
2 87
20 -9
4 24
0 19
-85 -20
71 -98
33 -6
43 4
18 -27
-29 -20
20 96
0 55
-16 -41
6 -129
29 -15
3 -2
-9 19
-7 51
29 36
22 61
-22 36
15 21
12 26
30 -61
83 -19
-35 -6
11 -38
8 -46
57 84
-19 -80
12 -20
32 -91
-29 -13
-59 -152
-37 84
-49 72
-82 -4
-40 16
16 -55
-66 -36
40 107
-11 39
3 -118
29 -119
-51 75
-56 48
-16 -30
2 -60
47 -41
-59 35
-6 -13
30 -43
-12 28
8 68
-66 8
59 -10
-7 -34
-98 -8
7 5
-31 -117
18 -34
-55 -31
53 -3
-2 11
-7 -73
-24 -66
33 -44
-64 -80
42 48
-40 42
37 86
53 79
-16 -119
-19 -86
-1 -41
8 24
-77 80
-9 -34
-23 38
-30 22
0 -15
-13 -136
7 -11
-28 25
-31 46
-57 -24
-16 31
26 35
64 -188
-42 -27
-48 197
-19 9
5 3
76 -108
42 -69
-62 96
-24 100
37 36
25 -36
29 23
-5 -128
-26 -26
-24 67
-10 114
-99 -76
-15 -85
-18 -111
-10 128
-25 -70
-33 -94
2 -85
-7 -60
-67 41
-12 -25
28 -34
-53 35
-26 150
18 -75
-57 -130
9 51
21 37
-7 -46
-29 -83
-36 -44
20 171
-12 -203
-71 -58
-45 62
-37 114
32 70
-8 -88
15 -34
-42 -7
6 -83
-182 -125
18 -21
16 -12
-17 -39
-35 -34
-72 -4
22 -74
19 -2
-2 -16
-84 -27
-43 59
38 19
122 -37
-20 -69
6 -123
-2 9
-77 65
58 71
8 48
4 -19
45 -71
-23 -49
-28 6
-24 -11
-2 -95
16 -98
8 23
-1 25
-134 42
71 -29
30 6
-8 -12
7 -34
-83 -219
74 -42
-25 195
-27 193
63 245
20 4
-58 -163
51 -130
-25 54
22 122
0 125
18 42
36 -59
-16 -60
17 37
57 29
-11 -57
-104 -31
-9 -55
-2 -11
43 -25
-50 -12
-13 103
42 81
35 -28
-39 -78
-61 -82
-88 -92
11 -22
-82 44
-68 58
-8 -4
33 19
-9 6
-28 -111
-40 -23
31 7
0 -114
5 34
-23 151
0 14
-9 56
-21 -104
-26 -2
-7 -15
-19 6
-14 50
-19 -32
37 -21
-3 -63
-25 -68
-20 -22
-5 -60
-41 -27
-11 -43
-23 -3
-34 82
13 104
-9 -60
-62 -11
39 -133
-53 -15
0 0
-9 -46
35 -57
20 6
-32 29
-59 47
-49 -34
-29 -55
-4 -87
7 -58
0 91
13 47
51 38
65 -136
24 -144
-1 -318
55 34
-25 -14
-96 27
-51 88
-10 69
-15 -4
18 -115
24 -28
9 -72
-7 36
-33 40
-12 -17
24 5
-75 -37
20 -64
-37 -67
43 32
6 -1
-79 -46
-31 26
-2 149
-21 -70
-16 -48
20 -58
-1 -17
52 -75
-1 -25
-44 -19
25 58
-12 48
-48 20
14 -133
-54 -54
-23 51
30 -73
-45 18
-66 -12
27 26
20 -111
-51 49
67 -84
-75 -82
-12 -27
7 -82
-18 -141
49 55
52 185
49 185
-125 -19
-11 -84
70 -78
4 -1
-24 0
36 -16
-9 -25
-23 -63
4 -79
-5 -84
40 -54
-49 -87
47 -10
-41 64
-4 163
-18 42
-53 -164
9 -213
13 -67
63 -37
-19 31
