73 -57
-5 -31
85 51
-38 -20
-7 16
18 -18
-51 22
-29 -19
-34 -31
43 19
-33 -87
9 -42
-8 -87
19 -7
-61 2
-7 39
2 41
-6 -5
1 -54
41 -67
223 -47
0 -58
43 14
-51 133
61 13
92 6
-35 5
-104 35
-11 -73
-19 0
58 -3
-7 46
-68 -22
13 70
-125 77
46 18
132 7
75 33
-55 -47
-10 -33
-57 0
49 41
-16 0
-56 58
25 -4
123 -70
84 34
-72 66
26 -16
5 20
50 57
1 -16
-139 61
-6 -80
74 -9
98 7
-64 -45
-10 0
31 14
27 20
17 53
13 -67
-82 55
-13 -109
87 5
52 -59
-44 8
-93 -32
44 -62
117 91
35 -64
139 3
13 -21
-10 -18
-44 17
-85 72
7 20
-81 101
-135 -56
130 78
29 -3
-145 -46
-70 -39
94 77
108 30
20 46
1 -1
-12 9
-25 -17
65 -77
29 50
-138 -18
44 103
223 43
216 -17
0 22
-272 -95
-136 0
95 -1
133 -40
-79 -86
-40 16
115 167
174 -6
244 -45
114 -101
69 -19
122 66
-43 48
-112 -6
-6 73
-9 -57
-50 -52
-108 24
5 -36
-23 -116
1 -59
-35 -8
117 48
24 -25
-51 74
38 -69
-61 37
-14 -100
46 -31
198 30
116 -4
-116 12
12 75
-134 64
0 -58
178 26
25 -23
93 37
121 29
-162 -23
-87 53
243 47
184 25
0 39
-153 -57
-50 -99
-74 45
-12 86
26 -1
123 53
154 63
25 -16
-97 14
-73 -51
149 -12
159 -51
-64 -24
-66 70
73 -49
3 -2
134 34
42 -68
-88 -10
103 63
-10 -12
-31 -41
-45 -16
-160 89
-5 -38
-72 6
161 -25
201 -84
-78 -87
-101 30
-14 80
127 73
41 11
189 -54
50 -5
-126 13
-33 -78
37 -21
22 51
68 1
239 0
1 67
-59 -71
22 94
-14 67
-58 79
64 -45
143 48
-19 24
-52 -83
-42 -48
68 61
99 83
116 97
-22 -25
-71 -169
4 -13
26 -40
49 55
88 55
90 43
-45 -17
139 110
29 40
-5 50
11 -33
17 41
3 -45
43 -35
8 81
15 98
32 2
-17 -40
87 -11
-55 19
99 56
159 2
-17 -23
-23 54
-154 13
1 -92
29 39
15 70
-11 33
12 25
-26 14
93 84
-15 163
11 -122
87 -59
96 -37
32 -3
1 -4
9 -11
-29 54
-4 94
-10 46
85 4
42 -27
-40 -4
27 2
48 14
58 58
0 71
-5 -34
36 -36
-49 24
65 29
-71 -17
42 46
74 46
-5 -4
-23 50
18 63
17 51
40 41
7 3
-75 -22
180 -32
22 12
-67 58
74 61
130 139
19 46
-72 0
-53 1
24 -45
-23 45
12 -6
29 39
18 74
57 53
-16 20
-103 -27
-6 0
58 70
27 -51
-20 31
-51 22
81 137
68 5
-54 -69
52 -108
0 2
67 158
3 90
50 8
31 31
87 102
-32 11
24 -78
42 21
110 -66
17 140
-39 5
-22 71
151 48
70 13
-17 13
-5 36
-20 -175
23 22
30 125
35 43
49 -55
-91 -16
22 -128
14 87
-38 202
-97 5
35 -28
2 74
-14 -10
70 18
15 -173
-84 8
1 12
52 -11
117 -25
67 -36
43 -30
-13 22
-30 82
-12 117
-36 97
-1 3
30 45
5 -24
-1 6
44 -24
-43 -21
39 88
-21 -42
42 -26
48 46
-15 17
35 71
6 -24
21 25
3 0
-2 107
29 103
-12 56
57 -23
83 -114
-17 53
-60 46
117 120
150 -108
62 63
-47 -24
-20 158
28 -25
3 45
55 29
-19 148
7 87
-16 -11
-36 -68
23 25
-123 -15
0 12
4 -23
27 31
11 37
26 86
6 22
-16 -13
26 43
32 -10
36 -39
46 -43
-60 133
28 67
-8 -180
-18 43
24 168
152 -53
-12 77
6 -9
0 71
45 94
89 -81
42 8
-84 101
-5 -61
88 6
15 -23
-35 84
-12 98
131 123
-16 -41
-45 26
-18 -27
3 17
55 59
47 17
25 117
59 -40
36 63
-20 8
27 -5
-36 132
68 -12
42 28
-13 45
20 149
170 -53
-53 96
-22 -27
69 -8
31 -37
-11 29
0 33
-28 80
25 -34
-22 29
-39 -38
164 41
55 0
-17 -87
-86 31
29 66
28 -15
-98 116
-27 -55
111 -33
32 57
-42 -97
25 8
8 151
84 45
109 -14
23 -6
-60 -66
-55 5
-17 -21
117 50
70 30
-18 -19
-44 33
-10 91
139 70
-36 -35
-8 16
43 36
4 13
107 5
-15 -66
79 49
28 -5
0 -45
13 -35
20 -6
-43 29
51 -86
43 70
-5 180
82 65
77 -12
36 -25
11 -46
53 48
43 -31
7 -15
11 41
91 56
-45 15
-42 31
68 -56
-9 42
22 -1
-14 58
-56 14
30 64
17 -9
15 75
27 -30
-4 -16
-18 62
40 21
15 -24
32 62
30 102
-5 38
40 -54
-5 -17
59 69
82 -16
6 47
-12 37
18 28
146 -13
28 36
-14 56
6 38
69 -8
-5 31
127 0
-40 106
-69 98
51 90
70 -139
-68 -32
144 -12
46 -22
-4 55
14 78
21 145
6 28
-35 -71
-38 9
-35 76
66 38
6 56
44 50
12 29
-31 -31
-78 -65
183 -21
52 84
-32 -15
-106 17
67 82
27 31
54 113
80 6
23 2
-17 -29
22 28
61 -4
28 75
-5 26
35 -57
127 -3
22 0
8 34
87 55
40 -47
53 22
0 -67
44 -19
-61 -20
22 33
-25 35
25 -19
0 12
95 -47
187 19
-24 39
19 3
36 100
47 -6
-64 5
-37 -86
55 -59
7 55
109 -98
-38 30
19 61
-16 -114
21 102
31 23
92 -9
43 68
-72 -43
-40 13
43 110
25 -15
45 -39
-8 9
-74 -40
31 -54
33 42
-91 42
35 -5
36 41
-93 62
-19 -160
133 -107
29 41
-36 91
-31 -36
46 36
23 104
-36 -3
57 189
21 -170
-25 -4
32 4
93 -43
-5 -42
-29 -8
-8 57
-24 -2
11 6
23 -20
-52 13
72 -5
-18 -15
25 8
51 72
18 9
0 78
8 -69
0 -43
-9 66
-2 59
12 35
-55 61
80 -85
-42 16
16 5
37 -1
-9 -14
70 74
17 -16
-19 -2
46 91
-13 33
-18 40
91 -43
-4 -15
-33 6
59 35
-48 20
-9 62
5 112
-32 31
-5 -37
-46 4
20 -46
-51 -35
-31 103
68 181
76 0
87 4
9 45
-79 -6
51 34
29 16
91 -12
45 -42
-59 2
-7 44
-42 1
-52 -37
52 20
-44 -50
-22 2
-1 48
-71 98
-55 -3
31 20
36 -62
3 12
-1 40
-1 -54
59 -58
-13 -14
-21 57
25 5
-8 65
-38 -27
40 -39
26 -41
23 22
-130 16
97 117
12 91
74 -72
9 -42
-80 -101
-45 14
-15 82
48 -24
112 20
37 1
-51 46
-4 -116
26 -2
-38 36
84 -75
-20 -64
48 91
34 -10
-124 65
-105 -14
107 -32
-25 -3
69 49
12 33
4 -26
-118 38
64 84
178 -23
-55 -30
18 48
-6 -53
78 -61
-11 -44
39 30
-8 130
-21 55
57 -39
0 25
98 -21
25 2
18 -21
-34 37
13 122
-58 59
-2 11
88 -98
-53 52
57 -3
18 -8
-53 -26
24 69
54 -44
21 -13
-27 -66
11 33
8 -16
-10 -52
69 24
73 86
-25 82
34 -165
-2 -12
-37 -23
-10 22
12 39
-62 -33
-2 -10
-13 68
18 -24
-37 -62
-31 -132
70 32
57 -29
21 -60
-11 -18
-25 46
6 137
24 41
-42 41
1 4
48 -17
-48 -44
-19 -8
49 97
0 -43
-39 -3
47 11
15 -14
-54 74
9 -72
74 -171
-34 100
-90 202
74 -62
-71 -14
25 -9
8 4
-53 -17
9 64
40 47
45 71
36 71
-56 62
31 -69
111 88
-36 -99
30 18
65 -81
-42 58
-8 70
-9 -24
53 -7
13 -13
-52 -10
25 -32
36 -11
-42 18
73 -38
-42 85
18 53
-64 -55
78 -48
45 -3
-34 -116
-55 24
-28 60
39 28
-29 12
-27 -68
32 28
-35 -32
-1 -81
47 18
37 56
33 107
-3 13
-28 24
-26 -100
62 -38
-35 36
5 -43
12 50
0 -13
-31 -5
-7 1
43 -60
63 32
-20 -26
-29 59
1 8
-18 -17
35 22
35 -37
21 -22
58 -8
-30 37
42 -72
-18 -4
-42 18
2 82
-2 44
-23 -56
35 -72
32 -65
-52 53
-2 -5
-48 -46
101 162
20 -82
-67 114
-111 -99
91 -36
82 15
6 -5
52 63
4 -70
-16 50
29 29
59 40
-66 -23
5 3
-31 -4
-25 -18
-23 34
-7 58
7 21
-29 -1
24 -11
-53 -8
-2 -81
-25 -82
-60 57
65 4
11 59
94 28
-71 -59
-33 -65
17 -4
0 -9
11 -2
-136 -24
41 16
61 74
32 -107
2 -41
-10 -15
8 12
56 -54
45 23
-70 61
14 123
-27 -8
9 -123
70 1
-30 -62
-24 -3
12 5
-23 -3
39 6
51 107
78 -40
47 -138
1 8
31 -86
32 11
21 0
20 50
-32 38
-17 66
78 41
12 28
-100 -49
-54 -6
39 9
63 -69
36 29
-74 0
-43 -95
-8 -6
-28 29
-4 -20
76 6
-28 49
-54 -18
-29 77
8 -77
36 27
-20 -25
-23 34
-47 -37
-3 85
-12 -52
0 48
23 71
19 128
-40 -105
8 -88
-16 -24
36 26
-60 -14
19 -62
22 17
20 5
-21 -38
-12 -11
3 -5
41 -15
-13 -43
29 2
45 109
-30 33
24 63
-4 -36
-44 19
0 -4
44 16
49 -31
-66 -29
-8 101
14 -1
11 -27
25 -3
9 -100
-21 1
-10 11
46 112
-19 78
72 14
16 -36
34 -37
120 40
17 -47
14 -78
-25 -29
-5 -16
24 93
-1 90
-64 -58
-28 30
80 27
-64 15
49 67
2 65
99 -13
-40 31
-18 -5
-49 -38
-38 -9
-1 -17
-15 -7
-11 -3
0 18
-72 21
-45 6
18 74
-8 -18
-5 -92
-80 22
27 -43
3 -42
5 37
50 66
-43 12
7 -2
27 -20
11 -51
61 69
0 -39
-1 -16
15 -26
-20 79
0 -14
33 -12
-50 -83
-43 -220
29 102
-58 6
130 37
-24 -8
38 -39
6 -3
62 50
22 128
7 -8
25 -148
67 57
38 -9
-35 95
-31 -57
-34 -1
12 13
-10 62
61 81
53 -15
-38 -100
19 131
17 64
124 2
-36 -78
32 -79
3 12
-38 -39
-14 40
39 82
-37 18
-2 -1
-27 2
14 16
-14 -54
32 -60
-54 28
-19 72
-32 85
107 1
20 99
1 -43
49 -47
39 19
17 -83
-88 57
53 -3
28 13
-1 -12
-67 18
-31 -58
-36 46
32 -98
-20 35
68 -30
40 114
15 -87
-10 4
0 38
107 157
-43 53
88 -91
-47 -5
-45 134
72 -18
-22 62
-19 -43
-8 -29
9 -10
42 -100
17 -11
-26 -20
21 235
20 -102
34 -41
-35 6
-53 102
-2 -62
-47 103
11 61
50 48
45 20
-59 -18
50 -2
53 14
31 55
15 64
-12 14
-21 -17
0 135
18 54
-8 -75
-2 11
-54 -75
-17 -97
20 75
7 -23
-6 83
-57 17
27 -144
49 -30
28 56
4 -14
-8 45
-1 -34
13 8
1 53
-29 -39
59 7
16 104
-12 -17
-36 -37
11 -8
66 11
20 29
-20 -32
4 -36
23 -26
-5 28
75 62
46 43
22 -15
35 79
24 -121
-12 85
20 -5
-26 13
-84 -53
37 -21
-5 -47
-22 57
-5 78
31 -50
21 103
7 11
-27 -48
18 -73
-33 23
-38 7
7 -47
42 -102
-5 69
39 99
-115 56
23 -12
45 -12
99 34
-61 31
-49 61
20 11
-18 18
2 -28
78 -59
35 56
-7 110
-145 -65
32 -69
99 69
-98 55
-18 38
93 -30
-108 -53
115 -35
16 -62
-40 -66
25 -9
-83 18
26 89
-27 2
68 -27
77 15
-4 -20
-16 -10
-8 -35
5 -53
11 29
-63 -44
-1 -43
63 -34
2 -11
-49 -34
21 17
-113 -9
21 -23
2 59
17 -26
-31 -102
-57 0
61 -55
-69 16
29 30
84 -3
-29 34
23 0
76 -72
3 -51
-28 36
-33 7
97 -17
-62 102
29 52
-19 77
4 18
-30 -71
37 -34
-55 9
58 -24
64 -171
29 46
5 109
3 -143
43 -20
67 22
-5 112
79 -150
55 -8
-68 52
-63 58
26 -43
74 -41
-17 -85
-11 -27
9 25
0 -27
46 6
34 74
27 33
32 -8
31 7
14 -74
25 7
33 -4
-8 -72
-25 68
43 37
-5 -46
-10 -46
-96 -76
-12 32
0 57
70 -50
-53 -42
60 66
20 -4
-43 -27
27 83
92 -106
-34 -27
-11 -8
-30 -31
-25 -23
20 62
13 8
-7 150
-51 -34
2 15
-12 -24
-60 -42
-53 -4
37 -20
29 56
17 -3
-8 57
-4 -36
12 -17
-53 -42
37 -23
2 -7
97 55
22 -1
-21 -74
-26 86
47 -114
-50 -71
31 -18
-10 49
35 26
51 -27
-17 15
71 13
1 70
27 -46
15 -82
87 -4
-9 22
2 -55
-70 20
-13 -11
53 150
-52 -54
34 -61
-15 0
12 -17
0 3
13 -19
9 35
16 -9
-17 -26
75 -17
-4 -22
-78 -68
5 31
48 -20
9 74
28 62
26 -84
66 -61
-154 -72
-12 15
38 -45
-23 -62
-37 19
3 -74
-56 38
-17 -92
75 -31
37 37
-45 -36
135 -16
26 -47
-25 35
-9 -62
-36 -42
26 -16
-146 -34
3 -1
89 -113
49 16
-37 61
-18 67
-27 -1
30 -63
-34 -11
53 26
-7 27
-7 -97
31 30
-53 23
-66 9
-1 45
77 8
5 -15
-71 45
-94 -30
16 -126
0 65
54 23
-24 -60
-8 -10
34 -19
34 4
1 -55
-90 -58
0 -8
-73 61
-5 33
12 -25
-39 -137
-45 -86
-119 -7
23 2
46 -49
-82 -1
42 35
9 82
-99 -1
9 -128
1 9
-4 -39
-33 34
-55 -14
-36 -14
-92 22
-41 14
-18 -100
-41 -2
-3 9
-61 -22
38 -52
43 12
3 102
-44 46
-81 39
-10 -48
-33 -22
-120 -69
9 -12
47 -35
-37 -29
14 18
-5 -71
-85 -48
3 -63
14 5
25 -36
-35 -36
-71 44
-26 158
-7 -41
-19 -24
11 -42
-37 23
112 -42
18 -51
5 0
-72 67
37 32
73 44
-16 -64
-83 -11
-23 3
-23 -80
36 2
-4 62
51 46
-10 -8
-46 45
-6 -6
-2 -53
0 -17
35 -53
-34 50
-3 54
-36 34
58 -98
-40 -76
58 4
-17 18
-41 -70
-33 68
8 -60
0 22
39 68
-76 -23
79 -91
-89 -32
4 -82
6 29
1 9
51 70
-68 -8
-2 -80
25 -97
0 -55
-31 16
1 15
-33 14
-16 0
-1 20
36 115
-58 -50
-33 -89
11 39
5 -28
-35 -28
-40 -11
56 32
118 -50
-30 0
3 -68
-2 -23
-35 56
34 -7
-38 22
14 -115
-45 74
-15 74
106 -86
98 31
0 -18
4 16
18 54
-44 -22
-34 24
20 -36
-112 -102
-51 -85
-73 -96
-52 59
13 25
-3 29
-52 -48
-14 123
-88 -77
49 -64
34 -49
-8 -7
26 -42
-13 38
-17 39
-49 -121
71 -8
-56 20
39 -38
-13 -27
-11 -84
-22 -47
-37 -21
116 77
4 -48
-30 -50
-10 -15
39 64
69 -32
-31 18
-11 -58
40 17
16 51
-25 -31
-10 -49
-48 31
-1 5
37 -59
27 76
-65 27
155 77
-12 -45
-25 -105
30 -43
6 -24
-43 -15
22 -9
38 -4
-2 51
-52 17
16 -96
3 28
1 -9
37 -14
-50 -70
150 31
-13 73
-137 -25
-14 -74
34 -60
9 8
-21 -17
13 -59
-25 -1
-36 154
35 12
18 -6
4 -56
76 -80
34 21
-67 -27
0 -43
-43 103
21 -2
-38 -11
-69 -26
-49 -53
-29 -19
-17 -238
24 99
-10 44
-28 24
-39 -31
-16 14
36 -38
26 -20
19 54
4 -54
-79 9
-60 62
57 61
-147 -26
-22 -63
143 31
63 145
-83 -51
-28 -108
71 9
-29 14
-57 38
13 -28
36 -83
71 -41
-17 -68
16 53
24 24
25 112
-14 11
-28 -45
18 -137
-7 -28
16 -16
-71 -1
-39 -33
-15 44
55 96
-24 -5
14 -37
130 -19
-107 -24
41 -46
-14 -19
109 105
-5 34
-17 11
-21 -76
14 -22
5 -2
-43 -12
8 -5
-27 -35
19 -17
28 56
2 7
27 -15
-10 -96
-27 5
18 26
-1 -44
58 -75
-54 -71
1 33
-68 121
-12 -68
-33 -26
-13 -1
86 -62
40 -36
-32 37
-47 50
33 67
-51 -118
-41 -137
0 -33
-78 -31
-17 -66
5 32
61 -66
-3 97
46 28
-24 -49
-22 -10
-60 24
-50 -21
-60 -131
-55 7
-73 130
-47 65
-50 5
9 42
-62 90
69 87
47 -52
-31 7
-3 39
13 97
0 -6
26 32
6 -57
0 -39
-60 62
98 -48
-37 -49
-11 37
45 89
-86 20
3 -98
-17 -17
16 101
-18 -28
20 -55
45 -74
-23 38
31 58
2 -47
-21 -77
-21 9
19 -17
-43 37
0 -83
3 49
2 -6
-58 20
-39 2
74 -54
45 39
24 25
-32 -68
-11 40
-34 93
-57 26
-32 18
43 5
25 -15
51 -36
-46 -42
8 -23
-35 77
-33 19
93 35
-25 -14
-20 -10
-22 27
-59 -33
-26 -43
22 -31
67 100
-28 20
-98 13
-61 -59
-8 11
8 131
7 -16
0 -50
-26 5
12 104
-51 -256
-50 49
-8 -56
-1 5
59 -5
-33 -28
-43 79
-5 103
125 -127
-72 -79
-54 5
-64 11
62 147
-23 -132
-1 18
21 70
-50 78
59 39
11 30
19 -22
3 19
-25 58
-15 48
-57 -55
54 61
-27 125
57 -32
-29 -6
-15 -38
81 -72
-16 22
-60 114
-27 85
-11 63
-65 -81
30 -33
-42 58
-47 0
9 27
-42 15
-71 73
23 55
49 3
18 -49
-3 -29
-14 -106
-15 34
-2 -5
64 58
-22 84
-64 21
-66 0
-47 -35
8 6
45 35
-35 68
-48 74
-5 8
-45 -6
40 68
-20 -75
88 41
-20 64
-17 -38
-52 24
-38 65
-18 49
36 -4
-14 -119
-5 120
-24 59
47 -12
18 -49
-31 50
-25 65
45 -3
7 -75
-54 9
-57 32
13 -65
4 -35
-4 41
-40 73
-6 75
-4 28
20 -99
53 24
37 37
-53 -134
-74 21
-2 102
114 31
-22 -16
-59 1
25 -19
69 28
137 -21
-76 -53
-72 31
-49 48
-20 38
-29 7
51 -32
38 5
13 -19
-76 -4
-18 -17
95 -2
23 -1
-35 -55
-5 14
0 -13
3 -51
-89 20
-23 -5
68 59
-30 40
-57 12
87 5
118 -40
-28 -40
-31 0
35 17
-54 18
-51 85
-39 31
4 35
14 -49
-9 -17
2 80
82 -57
7 -36
17 37
-30 54
45 1
-10 -30
68 -8
42 -22
-43 43
-18 -31
103 94
-39 56
-25 -3
-63 -57
-29 -69
24 65
-74 -67
-44 -16
60 20
-48 25
-13 -10
27 23
-27 7
-11 -89
26 61
-34 -77
-33 -24
32 56
-5 13
-13 81
-18 -61
147 -15
21 -44
-71 -19
-46 145
72 -84
-3 12
5 -65
-14 96
13 100
-36 -24
56 -88
2 -150
27 -15
-94 45
