29 -16
-14 -82
-43 -26
35 -20
158 -23
-32 43
-131 55
-45 39
-117 -21
-87 -42
36 38
126 -27
-14 -57
-21 -7
-62 -4
-105 13
-65 1
21 -43
20 -53
-26 -23
0 -16
-20 0
-84 -3
-45 -15
-18 0
-15 -54
55 -37
42 -13
-34 -32
-59 -102
-68 94
17 70
-1 39
-21 -11
28 0
55 -32
-51 -66
-24 -45
30 15
49 27
3 44
19 -24
7 -39
-129 -79
-5 12
1 -69
-70 -55
-11 -1
44 104
25 -51
18 -5
-10 -30
38 -52
-60 -13
-20 16
19 90
-27 -9
-52 -16
-38 12
88 -7
-3 -45
-9 -18
18 -29
6 -19
-2 -7
11 70
45 19
-37 -6
14 -94
-47 -13
-82 4
26 32
-22 -38
-4 46
26 12
-9 0
-16 -7
9 -4
-58 -7
76 6
-42 24
12 1
63 88
-3 59
-30 -65
-82 -11
252 51
-99 -5
-52 20
-73 25
-32 101
112 24
25 5
-23 -26
-5 54
-5 -69
-7 -15
25 -17
38 24
-37 15
38 84
-14 -16
-29 -78
49 49
-17 55
43 -27
-4 -23
-7 97
66 117
32 40
-32 22
-16 -40
64 -17
-76 16
6 47
0 49
-30 14
23 47
23 -25
24 -55
0 -15
-65 -26
117 -4
-45 102
-44 -10
-72 71
32 26
49 -21
67 -27
56 9
6 46
-21 -13
-22 32
27 14
5 35
-24 5
4 -64
-7 -18
42 -23
11 -39
-22 45
-16 75
46 63
21 -9
25 -12
4 23
-15 -28
8 11
-16 -26
44 62
-10 60
14 14
-10 46
16 -4
15 -10
-11 7
11 14
61 -7
0 56
37 24
39 -21
-35 -34
-29 -11
16 -27
-109 -28
69 74
49 -23
12 48
24 36
25 -71
6 -11
-5 29
-3 -12
-62 -95
-14 36
54 53
-29 -2
34 -39
17 -3
-1 -1
-4 -13
16 -52
36 30
-31 70
-1 22
1 -22
-10 -34
8 -27
0 34
6 -13
12 -42
-31 33
29 44
19 -42
-18 13
-2 -22
13 -30
-4 -40
6 -20
20 17
-13 90
0 21
0 -35
-13 -35
-9 1
-24 -31
64 -17
-27 -1
-21 -21
42 7
13 12
0 93
41 -25
-23 -5
49 12
-12 50
26 -6
-5 27
-5 89
0 -32
-18 -44
6 -68
11 12
15 -28
19 58
-9 -4
-6 33
28 6
-1 21
8 24
-23 16
-3 -40
-39 -24
-6 0
-1 -8
-13 84
-6 75
-17 -57
23 -80
-46 0
-2 -21
-15 -14
26 4
-8 43
2 20
-5 -24
0 -24
23 -53
-3 -66
0 32
37 -1
15 75
33 62
78 13
-15 -41
14 46
-22 22
0 -5
52 -30
-22 3
24 56
20 46
-18 -25
20 -54
18 46
22 -87
44 2
45 25
88 29
72 79
19 -30
-49 -35
3 49
29 20
11 -30
-7 14
24 -18
-40 12
52 8
12 46
-5 20
-29 -70
14 1
34 5
-13 -23
-8 -1
60 51
4 43
-27 -39
94 -12
78 -24
14 -9
-80 -9
4 -10
5 54
-36 71
55 18
34 -14
15 -55
19 -32
-26 8
19 -31
-29 46
16 37
8 0
19 -21
5 -13
-13 -19
-1 -27
37 29
-23 17
4 12
48 -2
-23 29
1 -22
20 29
-78 -22
34 -43
-9 -123
-18 129
-28 98
57 33
6 -25
22 -57
5 27
-76 0
9 -86
-39 21
47 48
7 31
16 -42
21 -26
-14 45
28 -17
6 -34
-5 -35
30 23
20 54
-24 29
7 -55
0 -32
29 -15
-4 -4
14 -14
-5 18
1 47
11 22
-1 -48
17 62
-28 -54
3 26
25 -34
-29 45
17 53
15 1
0 38
-52 -4
0 25
-15 -13
29 -3
0 54
-25 -12
35 64
-43 -64
12 -1
-23 -52
-32 -9
30 -31
78 -81
23 3
44 47
-19 51
-13 -46
75 -72
35 -3
13 34
13 -12
-42 52
-5 66
-12 82
27 18
9 -54
48 54
15 3
-10 -32
-3 52
25 33
-7 41
8 35
-54 42
21 -14
51 -71
-34 27
-24 -27
30 -59
-22 1
-3 99
49 19
-14 -48
50 -5
26 -28
24 -24
8 1
-22 17
8 49
-55 45
18 2
-29 -51
68 -39
-3 -60
-3 13
-33 30
44 31
30 14
-10 -15
37 -14
-37 -7
14 8
93 16
81 2
11 65
-3 8
54 9
-9 -30
16 -22
29 -5
16 19
0 -13
53 -5
0 60
27 30
6 25
-60 -17
31 -18
86 -8
47 -23
-2 -7
0 -4
21 145
36 80
4 39
-30 -62
-52 -59
-20 5
-9 -34
88 44
7 30
13 70
33 41
9 -64
38 -70
-1 -22
-46 15
36 -24
-15 11
-9 8
26 1
-7 -29
-24 36
-9 20
32 40
18 -48
-21 32
-23 -10
4 46
30 16
42 43
43 -24
-3 -9
-10 -45
30 -48
47 -104
-8 14
-49 33
24 59
7 12
29 -52
-17 -70
-56 -23
1 45
-32 -18
-7 26
-21 8
-5 23
-32 -33
24 33
12 20
17 -10
3 45
-14 26
-29 54
-28 34
-55 9
-28 64
-39 -37
-3 -14
33 33
-24 36
23 -12
2 29
19 41
-53 -17
-36 -16
-9 42
115 -49
-29 -92
11 48
-11 43
-14 202
16 -152
-12 -61
42 -3
41 -2
-15 -30
-31 -23
11 26
-57 26
22 40
27 -41
-8 -96
-14 -33
-33 47
-8 70
-23 -4
36 92
0 -50
-1 -27
16 24
3 -8
-15 -18
31 38
0 -74
7 55
-29 -24
1 43
25 7
26 14
27 -19
2 -13
51 2
-5 6
-26 -17
50 -4
-2 11
-9 56
24 1
15 -43
-3 -61
33 21
49 11
18 -57
7 61
11 53
68 46
11 19
16 -94
16 -25
-27 13
40 113
27 19
52 91
22 60
11 2
17 -12
23 -43
28 7
-19 -4
-36 -40
11 56
0 27
-7 30
24 -54
56 -31
37 0
9 -46
-12 -11
47 53
-14 79
2 -34
39 -48
8 11
48 -21
-4 -16
-43 28
62 -22
-18 50
17 22
71 17
17 0
-45 -51
15 16
0 23
5 7
42 27
22 73
22 -14
66 3
13 21
21 -5
-10 -3
59 44
35 29
24 75
-8 0
22 0
3 -14
80 -24
7 38
64 -25
57 60
-36 4
40 59
58 -1
55 -10
30 42
3 18
1 -75
12 103
57 57
-11 69
42 -36
-12 -17
3 -1
32 -14
66 -74
-19 40
89 39
30 144
63 -46
40 32
3 -53
-21 4
-14 -43
22 -36
45 -2
79 68
12 78
45 3
2 -18
48 -53
11 -33
-23 77
1 -22
-8 -20
36 4
-95 31
19 -81
44 -7
6 -6
-12 -99
31 81
18 45
42 23
46 22
41 -10
43 -72
79 66
39 28
37 12
25 -69
23 62
6 44
-30 -2
18 -26
2 -26
25 -78
-23 -29
45 -17
-30 34
27 36
35 11
0 9
-14 3
-30 -11
13 -31
71 15
69 11
8 62
34 41
25 -36
26 -53
-2 1
33 27
6 29
50 8
17 49
-7 46
29 -70
-44 -25
30 -43
11 15
0 -92
41 18
59 134
-16 80
20 23
11 12
-12 24
21 19
-11 24
6 37
3 -15
23 82
62 -8
1 -23
92 -50
-1 15
52 -21
-9 -14
48 20
35 -34
1 63
31 -15
30 -25
55 -3
-34 15
68 120
-3 -49
26 25
23 39
65 93
11 15
-6 -57
57 -21
42 -12
23 -25
12 62
-37 105
43 34
19 1
3 -46
89 16
68 14
20 -81
64 52
27 33
25 30
42 24
45 -36
43 -25
0 -17
-20 11
48 -17
-1 -40
26 54
56 20
57 -5
-13 -61
22 17
41 -34
24 -46
28 20
15 27
51 58
7 -19
5 -3
32 -34
2 23
33 5
22 16
52 36
17 40
-33 -11
-19 -44
32 -2
-11 38
0 -51
42 41
-30 19
53 71
25 -1
18 -65
18 -47
23 -8
52 -5
47 27
-35 23
63 4
71 34
25 51
33 -24
40 -44
22 -7
20 -7
37 33
34 51
35 58
17 -33
20 -1
4 -25
68 15
65 -22
-42 9
-78 46
29 82
30 27
-62 -14
-4 -20
57 45
-33 -30
0 -10
49 -29
13 50
67 13
26 25
0 -54
-13 -26
8 63
-2 13
22 -38
3 36
42 61
8 72
-13 12
38 -20
6 -39
60 13
24 -31
14 47
18 55
91 67
58 -27
11 -32
75 -38
-31 -29
12 24
35 21
50 15
112 21
-33 -20
-5 -3
12 -26
43 -40
14 -91
-28 -39
79 36
24 50
46 15
68 -65
-66 -91
11 -8
-1 0
29 -25
-29 31
36 85
75 -3
-25 -15
-22 -5
30 -1
13 -10
-50 -217
16 57
-31 80
-34 46
4 13
-12 -62
-36 -5
-36 -23
11 -87
18 -19
15 0
-11 84
9 -14
-1 -37
27 -4
14 -19
-25 -9
-30 -33
3 8
-43 29
24 -22
3 -16
-48 -84
-35 -35
13 -12
35 -112
-29 -7
-49 31
-69 28
39 83
30 -30
33 28
12 -28
-2 -51
-13 -25
0 11
29 16
34 7
5 52
-34 -91
0 -36
6 -7
6 35
-57 -67
-28 31
-52 46
23 6
0 -20
60 -58
-32 7
-9 -24
14 -80
-50 2
15 8
39 40
-2 -1
-6 -17
70 29
-13 -44
6 -39
74 52
28 61
-23 -16
35 -32
5 24
29 25
7 -3
-6 -50
28 0
3 39
0 26
55 12
52 16
-15 -19
-8 -22
-22 -32
18 34
7 43
16 8
-17 14
65 -27
30 -25
14 -37
-18 -10
6 -61
21 58
-6 -24
35 14
91 61
15 56
35 39
-47 -86
47 9
-39 -25
62 3
8 -6
-31 20
-30 22
29 25
-17 0
1 -31
24 -12
33 -57
-7 -33
22 45
8 14
-18 17
17 -20
-7 5
-13 -39
0 -139
50 -13
-92 -16
-15 105
3 54
27 -40
22 -61
-10 -5
39 -43
-71 -53
-14 -11
23 36
86 34
-8 -62
-70 -5
70 -44
23 -1
12 8
-6 17
2 33
18 51
-119 36
9 -29
40 -46
0 16
30 -26
-46 -34
30 33
-34 15
3 118
-14 -39
-32 -44
36 -24
-21 -23
-11 21
30 0
48 20
-18 1
17 6
37 -59
-7 14
-23 5
39 -90
-20 8
-2 15
-1 83
-20 23
21 -43
-6 -47
-13 15
28 -35
36 0
31 -3
-8 73
-75 -43
-10 -35
-50 -43
47 1
-22 -8
-63 -3
11 -25
9 43
29 57
17 -56
17 47
30 18
1 -19
16 -36
40 -7
57 35
36 38
26 4
16 2
-14 -31
-7 -22
31 -93
12 34
17 58
12 39
-3 21
-18 -42
59 28
85 14
7 12
53 -66
-3 45
-1 22
-6 54
14 33
27 -15
-41 -13
20 34
19 57
-13 -28
23 -19
-9 68
3 62
6 -58
-34 -18
-5 -10
8 23
26 -33
0 35
42 85
-19 -1
-48 -21
-39 -3
-16 58
-24 15
1 34
11 82
49 40
-1 40
-22 3
3 23
8 -4
4 26
4 -94
11 -2
-20 -69
17 31
-9 39
36 66
-11 -48
-28 -82
4 -8
-39 -3
23 34
0 -10
-59 29
81 -29
7 48
45 -38
27 -8
7 52
5 -18
-7 20
28 -26
3 40
35 30
8 80
19 53
2 -64
20 16
3 -26
1 -65
-3 -16
-73 87
33 97
38 19
40 -15
-49 -1
16 -12
1 26
-17 -51
-4 1
8 103
-4 46
11 50
-27 -41
-22 -36
-53 -14
-11 -39
8 -39
9 85
-3 42
68 -31
-21 14
-35 14
38 -39
-14 -5
48 0
21 21
61 48
0 59
26 2
-20 3
38 49
-33 1
15 -27
5 34
-54 35
46 -22
-1 76
-7 2
-6 -55
31 -29
-5 -33
13 -13
-49 -35
9 5
33 31
41 2
0 -16
26 7
17 -7
34 -25
-32 -9
17 -26
-57 20
-20 49
20 -35
4 -54
-1 8
3 -4
12 -21
32 15
26 20
-22 70
20 0
7 1
30 -10
18 45
-3 37
-31 -40
-1 33
5 42
3 105
-25 -33
2 -43
-8 -34
-19 -47
11 -29
16 2
50 -16
1 68
44 4
45 -83
0 -32
18 -11
-10 -60
2 35
-35 86
-26 107
-1 25
-20 -35
-29 65
-42 -7
8 -102
-12 43
-34 3
-4 99
33 18
21 25
5 15
42 -3
-1 20
14 11
-9 15
-27 42
0 23
22 15
56 0
8 -24
4 43
-7 15
-1 1
-1 12
71 14
59 -30
-38 55
4 -80
7 -7
-45 26
-39 -5
16 22
-29 20
22 66
-9 5
0 -69
24 24
-18 26
14 -30
-4 20
20 16
-34 46
-6 44
20 -25
-6 -13
15 -22
6 99
49 -78
15 35
0 27
34 8
-41 65
52 13
-4 4
-6 -56
19 28
17 29
62 95
-7 83
2 13
-36 32
17 -61
2 -57
12 -7
2 37
-13 38
17 27
-32 69
18 41
-43 -20
13 -17
98 -37
20 32
-63 40
-25 -23
72 4
24 -6
-32 8
17 -71
47 4
42 1
0 -24
2 29
56 -17
39 89
41 -40
-31 -5
-49 -14
-38 -23
-104 86
-3 -33
-10 6
-50 22
-1 33
-30 50
-9 -16
-1 -17
31 40
-25 17
-8 48
-14 41
-4 42
-23 17
0 44
-44 29
-18 -57
-3 80
29 39
4 -4
20 -21
1 68
0 52
-20 77
0 -17
8 -19
24 20
-2 -10
15 0
-9 38
-45 40
-30 24
46 -7
33 15
5 45
-4 -27
9 16
8 71
-14 26
-31 20
28 51
44 -42
9 92
-31 98
-32 -21
-21 -32
38 -17
32 66
-46 42
4 -37
6 -9
-31 0
16 45
-52 -70
65 38
-40 87
56 82
-63 37
-24 -98
12 -11
-58 -55
20 27
-29 16
-7 0
5 37
45 14
55 -3
38 84
8 -4
7 -33
-3 18
-5 32
-26 94
19 84
48 -14
-27 -9
-31 -33
6 16
25 135
13 -76
29 -2
-44 109
-8 36
-116 -36
-2 -12
15 0
-14 70
-19 18
8 31
33 64
-79 4
-3 7
-22 -9
20 -32
-1 -15
-14 35
-55 -17
-29 -94
-46 14
-30 60
-37 107
17 43
-9 -9
-22 -7
-60 28
55 -25
-16 -33
-37 42
8 109
17 69
3 -1
5 -62
6 54
12 1
-40 -30
-5 15
-49 21
-39 1
-49 94
-96 -36
-8 0
20 -69
-16 49
-6 31
5 13
-41 53
13 22
41 56
25 -42
-25 28
-50 -14
3 12
-60 -35
-33 87
-11 7
-17 -16
12 39
36 15
-64 23
-57 9
-29 33
-3 5
-15 47
-1 21
-1 31
12 4
-51 -29
-1 34
0 46
-6 38
30 100
-24 25
-21 -51
-40 -70
-32 21
-5 64
-44 39
33 71
-17 27
4 -9
-66 -14
1 -54
30 27
-21 98
-5 6
-5 24
5 35
-69 20
-67 23
-21 14
-15 16
-26 59
22 9
-15 34
-50 20
-28 38
14 77
-41 -12
16 11
46 32
29 87
29 -27
-20 27
1 53
4 73
-67 0
-16 -48
65 -25
-74 -6
16 -13
5 30
30 72
25 23
0 34
53 -28
17 -24
-10 -35
-6 4
4 26
15 86
-3 101
-13 -3
92 1
-18 -6
-5 -57
-9 5
29 -2
21 9
7 9
-20 45
34 23
-6 -18
30 15
22 -44
20 -10
7 -8
1 -20
-20 22
0 20
-12 -15
-19 7
-6 20
41 11
-56 20
22 -7
6 14
-6 66
39 15
46 -14
44 0
-11 -21
32 37
5 14
31 71
30 -41
16 64
36 -57
-1 -126
33 25
67 -65
0 19
4 -17
47 34
51 -35
-6 -92
65 -27
9 -44
-11 45
41 0
22 43
-4 -16
-53 29
-29 43
-19 -39
18 -37
33 100
6 -59
23 -85
-33 38
40 27
-16 9
28 14
13 -83
-3 7
17 18
-16 -20
12 45
17 22
4 -69
31 -34
0 44
-22 -54
31 -16
26 -43
-1 30
-2 88
19 -35
73 76
30 3
14 37
29 55
45 -34
12 -25
24 -22
2 18
-33 6
69 -23
-11 -12
-51 -22
14 42
1 -20
-2 78
13 80
-53 17
-17 -21
36 -15
0 45
7 78
23 -28
25 48
0 46
-2 34
-22 26
-7 -9
15 -32
-6 -139
23 35
-28 35
19 35
-8 118
40 -10
50 -5
13 -27
51 -51
17 23
-21 -6
25 -22
-29 79
-15 -17
-39 20
-17 -18
-48 0
-53 -6
39 -32
25 9
-7 39
65 98
32 35
-8 -9
0 20
24 105
58 -49
-27 -81
-65 11
28 50
-5 18
-1 -8
20 38
31 22
17 33
8 -18
22 15
6 57
-44 36
-11 43
-32 16
-7 -26
21 0
-54 83
-1 15
4 81
2 12
-4 33
5 -29
-10 14
29 -1
-47 -17
23 34
-42 34
30 86
31 80
-28 -12
4 -7
-63 -43
6 11
-2 -13
12 59
-19 112
-50 33
20 20
-18 -57
15 0
-31 -47
8 -16
43 -48
14 33
17 6
-79 -87
11 -8
0 36
2 23
0 -59
18 -62
-12 9
19 41
0 -32
8 36
-2 -46
-15 43
-28 -62
-9 4
-8 37
39 7
-9 58
-22 14
-18 -11
-8 9
26 -8
-58 -10
-71 37
6 0
30 107
2 32
-16 40
4 -47
-47 -39
58 -3
3 24
-20 20
9 75
39 57
17 -34
-4 34
-8 -9
49 1
37 -10
20 14
2 34
43 18
-80 2
35 19
52 -43
62 -27
-40 -14
6 17
56 42
-55 22
-19 37
62 -51
20 -26
14 4
-71 31
38 25
-26 -2
-44 8
-26 11
6 0
-31 -37
19 0
0 -3
-19 -87
47 19
6 25
-2 6
11 18
-32 29
14 1
27 18
38 0
6 24
86 -83
14 15
23 14
0 38
-15 -13
-6 -21
9 6
57 95
-93 -71
-13 -108
-21 -49
96 42
-14 -2
-19 -17
9 -78
20 -54
-43 5
20 70
-42 3
-3 84
-3 22
-43 57
-10 -12
20 30
16 33
-47 78
0 -27
4 -52
-12 -32
-22 71
4 64
0 51
1 3
-1 -15
78 52
-9 -42
9 0
28 50
3 7
-12 37
-30 75
28 16
0 -27
-11 -2
0 5
-3 18
32 18
33 68
-30 69
5 62
-2 3
-35 28
41 -4
-27 -50
54 26
-11 8
-95 62
9 28
14 -30
-19 70
-18 -17
-7 45
-23 20
-30 25
-33 89
0 32
-10 4
-1 -21
23 -107
19 28
-42 48
19 90
11 41
-56 55
-19 3
-69 8
11 -27
102 12
21 -40
41 14
-2 30
-3 -23
13 24
12 -22
-15 -48
7 40
29 30
-19 47
-74 -12
48 57
-12 33
-2 31
11 -72
43 -19
4 -38
-34 19
-2 19
-5 41
27 52
37 60
22 -17
12 36
-28 -30
-12 -39
29 25
0 23
40 24
-27 26
0 17
13 4
14 27
46 3
27 -16
37 23
27 78
60 21
-30 13
-16 -44
-22 -11
-1 50
-40 53
3 5
-38 19
-47 86
-11 57
-24 -24
15 31
14 43
-16 2
42 23
-26 6
45 64
110 19
0 -9
-16 -16
139 64
26 -18
-41 9
-1 96
14 105
50 81
-2 40
0 -5
36 41
42 -64
5 26
-8 44
15 77
33 89
1 72
16 41
-34 39
58 -46
7 15
30 71
61 63
23 2
-9 24
-12 -53
46 -41
-7 20
73 3
3 4
-23 64
-23 51
2 53
-24 -4
30 -35
11 31
20 3
-1 -19
25 34
-16 26
-24 90
-6 2
29 -44
2 19
5 30
12 21
-26 -23
24 37
0 71
-15 92
-7 39
21 -21
-1 40
-101 -14
42 38
9 27
23 51
-48 112
-88 -13
50 -17
-25 -1
-15 11
37 -11
-69 41
-16 23
-19 55
15 74
3 -7
-18 32
4 27
-30 35
25 6
-25 -24
34 86
-22 53
16 43
7 -24
-11 -4
-27 -6
13 -39
-20 86
59 44
-21 67
51 -112
19 79
-17 76
-27 -81
-7 137
-27 20
13 2
23 63
2 6
-9 13
7 59
-1 -37
-59 37
-28 3
19 3
3 59
59 115
-2 11
-5 -2
-24 32
1 15
-8 -26
9 37
-73 36
54 93
25 56
-8 -14
24 -32
19 15
13 59
-17 -3
-37 -12
-1 133
35 81
44 -41
1 -47
60 50
-24 -5
55 17
-14 -8
-12 32
-7 75
-16 -33
-24 -45
-12 62
5 29
23 -2
99 30
49 14
14 40
-34 55
28 42
-3 17
114 28
-97 -63
43 48
14 64
35 99
16 87
-18 -20
19 -4
-2 34
-26 -22
25 -20
6 -27
2 7
-29 77
-16 18
0 -13
-50 -38
7 34
-35 -54
36 15
-47 81
7 105
-28 187
56 115
-4 -2
-5 19
4 -152
27 13
28 -15
23 28
28 190
26 -62
72 -112
2 -14
-14 -12
66 51
-59 95
2 -141
-53 -202
-39 -55
-4 31
61 203
17 193
12 -12
6 0
45 97
50 132
9 -3
-28 -58
60 -44
21 -153
28 -89
44 -64
16 49
-13 154
8 246
-7 95
14 -135
-33 -101
1 -12
-7 64
9 140
22 137
7 81
-1 7
35 -77
60 -57
-15 -40
4 49
22 -45
-19 -121
27 118
5 161
-21 73
64 92
41 7
-20 18
12 145
44 -24
-10 -64
-23 69
-10 -16
53 -115
-8 -28
-7 -29
20 0
52 87
5 28
-18 -23
15 -1
1 23
-11 137
68 -79
15 26
-11 -32
86 84
-2 278
0 63
78 -14
-17 -141
-19 -69
-19 -19
-65 40
-19 32
-11 38
73 -6
-12 -5
75 -58
-27 -57
42 0
0 2
56 43
55 142
-52 63
8 8
13 37
-28 81
13 121
7 52
16 -29
