-11 -27
-9 -7
-8 16
-14 16
-8 38
-19 52
-13 26
-6 3
5 -22
-14 -48
-29 3
-7 3
0 35
-15 28
-17 8
-5 21
-12 9
-5 -11
-10 -11
11 8
-22 13
-12 13
-14 11
-37 -4
-13 22
0 -4
-8 12
-5 12
-16 39
-6 24
-10 22
-26 -27
-10 5
-2 14
-10 -3
-9 -18
-8 7
-14 21
-9 35
-9 30
-16 9
-7 14
-11 3
-15 0
-3 5
-15 30
-12 16
-22 5
-19 4
-10 0
-10 -17
-20 0
-10 3
-24 22
-14 11
-8 30
-28 20
-12 27
-9 5
-15 11
-7 2
-8 -8
-10 -1
-15 9
-14 48
-18 -31
-15 -6
-7 44
-8 -12
-18 -8
-7 -9
1 25
-8 51
-16 -9
-18 5
-22 21
-20 22
-13 0
-9 13
-10 7
-8 6
-14 21
-12 6
-2 1
-11 5
-14 -3
-16 -7
1 -5
-3 4
-8 18
-9 25
-12 5
-13 13
-2 -4
-20 26
-8 -1
-11 -4
-14 16
-19 17
-11 8
-12 9
-14 -4
-10 27
0 27
3 -9
-11 15
2 41
-19 1
0 8
-12 14
-21 28
-5 -9
-14 1
-7 -15
-40 31
-2 20
-17 17
-9 -4
-7 9
-7 -8
-12 -30
-8 5
-17 22
-10 5
-12 16
-11 16
-14 -10
-14 33
-10 -8
-12 14
-10 12
-19 13
-7 20
-11 -4
-8 18
-7 11
-12 6
-15 3
-6 -2
-7 3
-14 37
-11 -14
-17 14
-8 12
-14 23
-3 19
-13 2
-8 0
-3 13
-6 15
-9 20
-15 14
-5 -1
-15 -2
-20 0
-19 19
-13 18
-14 7
-10 8
-15 14
-7 4
-12 -21
-6 0
-7 22
-19 8
-17 15
-15 8
-7 36
-10 9
-15 6
-10 0
-6 6
-16 -13
-13 9
-7 24
-10 9
-10 19
-13 7
-6 33
-16 11
-20 -28
-16 -25
-26 9
-9 28
-24 26
-18 -3
-20 13
-10 5
-20 -1
-13 6
-9 14
-1 32
-10 13
-9 14
-8 14
-12 16
-4 -3
-12 -13
-15 -6
-10 14
-13 14
-15 5
-10 11
-3 38
-4 -11
-17 -1
-17 1
-14 -15
-22 14
-5 20
-9 46
-2 33
-21 -8
-15 25
-16 8
-6 0
-10 11
-2 21
-16 19
-21 0
-8 33
-11 -4
-27 -8
-16 -7
-11 16
-3 12
-14 19
-9 2
-20 2
-5 33
-8 42
-22 -40
-9 -18
-17 34
14 -30
-16 33
-13 30
-10 20
-8 43
-14 0
-16 17
-3 -6
-22 33
-10 31
-16 9
-6 1
-18 -4
-10 5
-1 -15
-22 24
3 30
-10 20
7 14
-18 7
-6 25
-9 14
-13 -12
-16 -2
2 6
-6 6
-3 30
-10 -23
-9 18
-10 3
-11 12
-6 -5
-7 1
-16 13
-12 -1
-13 -4
-11 -4
-13 8
-16 11
-18 9
-14 -6
-14 24
-10 2
-20 13
-22 -5
-3 6
-10 11
-15 16
-11 -14
-14 3
-3 -1
-10 6
-4 5
-7 40
-10 2
-10 3
-18 5
-10 17
-14 16
-20 -35
-11 15
-13 25
-18 0
-9 12
-9 5
-13 17
-19 16
-25 -19
-9 15
-10 -11
-4 17
-20 40
-18 -12
-19 -17
-6 -3
-14 58
-11 -20
-10 2
-11 25
-14 30
-7 15
-20 36
-14 15
0 -4
1 -1
-9 18
-15 11
-10 26
-12 -12
-6 -12
-17 8
-3 4
-13 -1
-19 -3
-7 30
-7 -6
-17 13
-19 0
-10 4
-9 17
-7 -14
-4 0
0 12
-18 20
-12 13
-13 3
-12 30
-15 8
-9 12
-19 8
-16 5
-19 0
-15 11
-11 12
-8 -4
-11 19
-15 12
-12 9
-22 5
-9 -6
-5 -15
-23 20
-12 16
-13 7
-9 6
-11 -10
-12 30
-13 2
-13 15
-19 2
-14 17
-8 23
-7 16
-14 9
-12 13
-1 7
-20 0
-13 13
-9 5
-18 9
-15 23
-8 6
-11 23
-7 -2
-20 4
-12 19
-7 17
-12 12
-12 13
-3 9
-2 -7
-14 -3
-11 5
-17 36
-6 28
-10 19
-17 2
-9 16
-9 5
-6 -6
-11 31
-8 0
-17 3
-9 2
-11 3
-16 38
-11 4
-12 -15
-14 8
-11 17
-15 29
-8 17
-2 9
-3 11
-9 15
-23 16
-20 30
-9 17
-15 20
-1 -3
-7 23
-8 -25
-17 9
-12 63
-10 5
-10 -6
-14 -4
-3 19
-16 4
-14 14
-21 15
-3 -2
-11 -11
0 33
-10 -6
-1 -9
-12 -16
-13 8
-3 11
-10 30
-20 16
0 22
-12 0
-6 -6
-17 -14
-12 -3
-12 20
-14 53
-3 -6
-16 5
-23 30
-12 -2
-7 0
-5 0
-13 15
0 27
-19 15
-5 53
-12 -2
-9 17
-9 11
-1 28
-17 -7
-21 -2
-3 -16
-6 14
-16 13
-10 12
-18 1
-14 16
-25 -16
-13 -1
-1 -8
-10 5
-14 13
-20 -10
-10 17
-18 15
-8 1
-15 13
-11 19
-11 -1
-7 3
-31 29
-10 -3
-25 29
-5 -3
-17 -8
-12 9
-8 2
-16 31
-17 4
-5 6
-9 -3
-16 21
-20 18
-13 1
-8 0
-2 -6
-10 9
-13 14
-17 -5
3 -12
-1 19
-25 4
-30 9
-8 -2
-7 20
3 24
-11 11
-7 9
-8 34
-5 -1
-2 -25
-12 0
-9 26
-8 23
0 26
-5 7
-9 -15
-18 17
-12 11
-19 4
-16 4
-13 22
0 25
-21 6
-1 -15
-4 -9
-16 16
-16 30
-12 27
-12 14
-11 -3
-5 -3
-15 -17
-24 1
-12 1
-13 4
-9 13
1 18
-5 18
-3 5
-18 1
-10 5
-17 11
-6 14
-9 18
0 26
-17 15
-23 -7
-6 14
-19 -21
-4 0
-14 -23
-16 -14
-18 16
-15 30
-11 28
0 4
-13 -7
-17 -5
-18 -1
-15 2
-17 22
-12 -4
-8 -2
-18 14
-19 20
-12 27
-7 -4
-14 -12
-15 -5
-8 27
-20 47
0 -20
-13 18
-2 9
-3 16
-7 48
-12 -65
-4 -23
-12 3
-5 -9
-9 31
-10 -5
-11 5
-29 4
8 -12
2 -27
-8 -3
-20 -12
-10 -4
-12 -5
-8 1
7 -15
-27 -5
-16 -23
-9 -15
-15 -3
-12 -10
-12 -1
-12 -6
0 20
-17 21
-12 -17
-16 -9
-16 -25
-16 0
-8 2
-21 3
-15 19
-1 16
-8 -6
-7 -9
-8 0
-11 -13
-13 -14
-10 -4
-22 -2
-19 -7
-4 -8
-7 -1
8 -13
-26 -17
-5 8
-3 2
-14 -7
-13 -3
4 -6
-21 -2
-16 -22
-10 -9
-5 -56
-8 31
-8 9
-5 -12
-19 -24
-12 -17
-8 0
-17 -7
-8 -10
-17 -3
-4 16
-13 -16
-6 7
-18 -8
-9 -26
-19 -11
-15 -17
-8 0
-12 13
-10 -26
-10 0
-7 18
-24 -19
-24 -1
-15 -21
-2 -16
-23 -8
-3 -16
-17 11
1 0
-5 3
-10 -25
-8 -23
-14 -8
-15 -15
-25 -2
-6 1
-7 -23
-6 3
-20 -16
-18 20
-11 -11
-7 -41
-6 8
-10 13
-14 4
-3 1
-31 -18
-12 0
-11 -11
-10 -37
-11 1
-14 14
-18 -9
-9 8
-13 -11
-17 9
-10 -6
-3 15
-23 -34
-8 -19
-12 6
-21 2
-10 -8
-9 3
-18 -14
-17 -31
-8 2
-7 -26
-13 8
-10 -17
0 -7
-11 -4
-16 3
-10 -14
-14 -18
1 2
-13 -30
-7 22
-10 9
-16 2
-9 -1
-23 -6
-13 -6
-4 -19
-12 -13
-19 -2
-6 6
-3 4
-24 -6
-4 3
-5 -22
-4 -11
-16 -12
-18 6
-2 0
-6 -30
-9 0
-9 4
-13 0
-15 -26
-2 -16
-16 4
-5 8
-11 -2
-24 0
-12 39
7 7
-12 -25
-4 -12
-7 -11
-8 -6
-5 7
-4 -5
-9 8
-12 -29
-15 7
-5 -12
-22 -12
-12 1
-10 17
-11 8
-18 0
-10 -3
-5 -1
-9 -14
-15 -17
-13 -4
-8 5
-8 0
-12 -9
-18 -7
-12 19
-13 -15
-12 -9
-9 -32
-15 -1
-16 8
-4 13
-11 14
-13 -10
-13 -11
-16 -17
-17 -13
-8 -9
-14 -5
-8 -4
-13 -6
-7 0
-18 -15
-18 9
-17 -5
-10 -4
-11 -6
-17 8
-10 7
-16 2
-10 -9
-10 -5
-17 -25
-15 -19
-23 7
-11 -20
-20 -15
-7 -10
-10 -20
3 -21
-10 14
-8 -18
-4 -1
-15 2
-6 -3
-11 4
-13 3
-14 -12
-18 -14
-5 -29
-15 -33
-10 -13
-16 5
-13 2
-20 -7
-6 -9
-9 1
-8 0
-20 -7
-13 -7
-9 8
-5 -5
-8 16
-17 18
-15 -1
-15 1
-12 0
-12 -14
-8 -13
-14 7
1 1
-16 6
-15 7
-13 -1
-6 0
-13 26
-1 -23
-5 -20
-13 -11
-6 18
0 -2
-21 7
0 -2
-12 -57
-9 2
-18 2
-15 -4
-9 -13
-19 -3
5 -11
-4 -2
-7 4
-6 -18
-12 -10
-1 -13
-25 9
-15 19
-18 -14
-13 -14
-12 -12
-6 7
-7 24
-7 -21
3 -13
-12 5
-11 8
-3 -17
-10 -40
-2 4
-11 7
-16 -2
-8 -5
-18 -13
4 -19
-12 -3
-23 -4
-13 -7
-23 1
-14 2
-12 -14
-2 4
-15 -6
-14 -14
-21 8
-9 6
-12 3
-11 6
-10 7
-1 -2
-20 2
-11 -30
-5 -8
-13 0
-20 5
-8 1
-15 7
-19 -4
-19 -13
-15 -15
-5 -20
-15 0
-17 6
-10 18
-8 -4
-13 5
-1 -17
-8 -19
-12 -10
-10 8
-12 -10
-7 -8
-11 -23
-14 34
-18 12
-9 -11
-8 -20
-12 -15
-13 -7
-15 9
-11 1
-10 -3
-8 -2
-10 -4
-15 -6
-7 -12
-19 -22
0 -11
-15 12
-4 9
-7 -13
-15 -8
-4 -15
12 -24
-24 -6
-13 -13
-17 27
-7 -21
-11 -2
-18 -8
-9 -29
-18 -4
-4 -36
-15 12
-11 -7
-3 0
0 -27
-9 41
-14 -15
-9 -35
-20 0
-21 -4
-19 -5
-16 -7
-10 -29
-19 4
-3 3
-10 -3
-10 -15
-4 1
-13 -3
-16 -27
-4 -16
-14 -12
-9 0
-13 2
-9 -11
-4 -4
-15 -4
-11 -8
-11 -12
-12 -16
-3 14
-3 3
-14 -5
-18 5
-14 -2
-11 -6
-15 -18
-5 -23
-12 -17
-7 -6
-17 -9
-6 5
-13 12
-7 -4
-10 -43
0 -7
-12 1
-19 15
-15 -23
-8 -12
-11 8
-14 -12
-14 -2
-12 -14
-7 -23
-8 -28
-12 -2
-6 28
-8 3
-15 4
-6 -3
-13 -39
-17 -22
-20 -10
-19 -11
-12 -5
-11 0
-15 25
-12 -5
-8 18
-16 -8
-10 -2
-9 -9
-14 1
-13 -2
-21 -15
-10 -18
-15 -6
-14 -11
-8 -6
-8 -16
-13 19
-12 1
-13 5
-17 -8
-11 1
-10 0
-7 -14
-7 -8
-27 -19
-10 -11
-8 -10
-7 6
-17 -3
-8 -12
-23 -11
-12 -18
-15 -17
-16 0
-2 -13
-11 4
-24 8
-10 25
-12 -30
-17 -7
-12 -19
-13 2
-18 -11
-5 -3
-6 0
-22 0
-6 -1
-6 -11
-3 9
-15 -3
-18 9
-3 1
-16 -11
-5 -9
-12 -4
-19 4
-5 -16
-20 0
-9 -7
-22 -8
-12 22
-6 2
-7 1
-4 -11
-24 -21
-5 -3
-13 -14
-10 16
-9 17
-13 -8
-22 -12
-14 5
-18 -19
-8 -16
-5 -1
3 -14
-4 -12
-10 7
-16 1
-16 1
-10 -11
-3 -12
-13 -21
-12 -9
-13 41
-22 -16
-16 -5
-11 -4
-11 -6
5 -30
-6 2
-6 -10
-21 -17
-8 0
-13 -14
-14 -10
-5 4
-5 -9
-8 -38
-3 -12
-6 4
-17 0
-14 5
-13 -15
-11 -10
-10 -7
-2 -62
-15 5
-9 -3
-6 11
-16 -3
-9 0
-15 2
-16 -6
-3 -10
-10 -26
-13 3
-9 -5
-11 13
-16 -4
-21 -5
-12 3
-14 -26
-16 -14
-5 -18
-4 6
-9 -2
-9 7
-12 -2
-9 -13
-7 6
-12 7
-17 -17
-9 -11
-8 5
-11 -21
-10 40
-19 -15
-13 -30
-8 -22
-5 -19
-13 14
-23 1
-11 14
-19 -5
-22 -7
-24 1
-15 -18
-10 -3
-19 -26
-8 -15
-8 -31
-4 -8
-17 4
-13 0
-1 -10
-3 0
-13 -24
-5 13
-13 -10
-10 -11
-17 -1
-13 -4
-15 2
-7 19
-10 -11
-15 -20
-11 4
-9 -4
-12 -31
-16 13
-12 11
-9 0
-6 9
-19 11
-10 0
-31 -15
-4 -18
-12 0
-12 -4
-22 5
-13 2
-16 -1
-15 -16
-8 -8
-18 -17
-18 9
-8 -10
-6 -9
-13 -2
-7 5
-14 -14
-17 -17
-9 -3
-13 -10
-3 4
-2 -5
-17 -6
2 -1
-13 2
-10 0
-7 -21
-10 -13
-11 9
-12 3
-7 -17
-9 -1
-13 -3
-10 0
-4 -3
-8 -18
-13 22
-17 1
-16 22
-18 -15
-16 22
-17 12
-14 -10
-16 -16
-8 -17
-16 3
-17 -8
-11 7
-10 -1
-3 2
-10 9
-32 -22
-6 -8
-14 -10
-8 2
-7 19
-17 -7
-6 -10
-14 -11
-5 -17
-9 2
-6 12
3 -2
-15 -14
-22 -4
-14 28
-12 13
-16 -12
-2 -5
-4 -6
-13 -5
-13 -5
-9 16
-8 -37
-24 22
-22 3
4 -25
-12 11
-16 14
-15 -5
-26 0
-20 -10
-7 18
-14 -33
-15 7
-10 -2
2 0
-14 -18
-13 13
-7 5
-27 1
-19 -15
-7 0
-6 1
-10 -6
-10 -29
-18 -9
-12 -26
-10 -21
-6 -3
-13 -3
-14 -21
-9 -4
-12 -10
-7 -3
-13 -25
-22 -1
-10 23
-13 0
-11 -4
-8 0
-15 -5
-7 -18
-4 -19
-12 -13
-1 -9
-8 4
-9 6
4 5
-10 0
-16 -9
-19 -19
-11 -6
-11 -11
-14 -8
-7 -8
-13 0
-2 -13
-19 -8
-29 -34
-13 -18
-4 -3
-9 5
-10 0
-11 1
-21 1
-5 1
-22 4
-21 -12
1 5
0 -3
-5 19
-17 -9
-15 6
-11 -15
-4 -4
-13 -20
-3 -18
-17 -1
-10 2
-6 -5
-19 20
-9 0
-14 -5
-10 -5
-11 -17
-13 -7
-7 -14
-2 8
-12 20
-11 -13
-7 -8
-21 -14
-7 -15
-9 -25
-7 -10
-8 4
-13 6
-7 5
-3 -15
-25 -9
-14 11
-18 -10
-20 -25
-9 -23
-11 -4
-13 11
-16 26
-8 -21
-14 -15
-16 -3
-8 5
3 1
-16 1
-9 4
1 -2
-16 -1
-17 0
-15 0
-6 1
-3 -7
-9 -7
-21 -22
-17 -10
-6 -2
-16 -1
-5 -5
-11 -3
-13 -8
-1 15
-8 -45
-21 -22
-6 -3
-11 3
-5 -9
-10 -17
-16 -13
-14 3
-6 -7
-17 -5
2 0
-17 -7
-9 4
-17 5
-17 -1
-9 -19
-6 -8
-7 1
5 9
-24 -19
-13 2
-11 26
-11 -27
-12 -20
-6 5
-17 -57
-19 16
-15 33
-2 -4
-14 -3
-8 6
-10 -19
-13 14
-7 -41
-14 24
-15 22
-12 -12
-13 -35
4 7
-12 19
-6 5
-20 -23
-20 -18
-8 -26
-19 12
-7 2
-10 0
-17 -5
-3 -8
-11 -4
-21 -14
-3 -13
-13 -1
-9 -9
-5 3
-4 -22
-17 -2
-16 3
-5 -6
-17 -18
-15 -5
-10 -3
-13 14
-16 9
-16 -1
-12 0
-3 12
-13 -32
-18 -8
-10 -7
-8 -1
-2 -23
-4 6
-4 5
-5 13
-16 -9
-10 -30
0 17
-11 -6
-11 32
-7 19
-17 -32
-2 34
-15 47
-13 6
15 -42
-9 -5
-11 3
-20 0
-14 9
-13 -4
-30 -29
11 -46
0 -9
-1 30
7 11
-23 -3
-29 13
-6 -2
-10 1
-8 -19
-12 -24
-17 -20
-3 8
-5 -14
-16 11
-5 12
-6 12
-14 0
-10 -20
-12 -23
-5 7
-6 -3
-11 1
-8 7
0 -2
-12 -13
-11 -7
-11 -15
-5 -5
-13 7
-19 -1
-15 -1
-19 -5
-12 -10
-18 -1
-12 -15
-9 -9
-10 7
-16 21
-8 -11
-9 8
-11 0
-5 -29
-1 -15
-9 -24
-7 3
-12 0
-13 -5
-19 -16
-4 -5
-10 -13
-20 -23
-8 3
9 1
-7 -6
-9 8
-15 2
4 -9
-7 11
-5 -1
-27 -31
-10 -5
-16 -10
-12 -5
-16 1
-10 -13
-2 -1
-7 -14
-10 -38
2 -2
-4 -2
-8 -13
-17 14
-19 -17
-5 -19
-14 -1
-13 0
-7 -1
-3 -19
-19 11
-20 5
-14 -9
-23 -28
-16 -17
-10 -3
-13 -8
-9 -18
-12 -6
-12 17
-5 1
-18 -19
-22 14
-1 14
-7 -15
-17 -18
-6 -5
-22 0
-9 -14
-8 -3
-16 -4
-11 -7
-12 -11
-10 -14
-5 -12
-7 2
-15 -5
-4 9
-16 -6
-11 11
-10 16
-11 -21
-9 -28
-10 -13
-8 4
-10 -3
-10 -13
-12 4
-17 -1
-9 -11
-10 14
-13 18
0 -16
-20 40
-14 7
-15 1
-9 -13
-17 28
-8 -7
-9 -65
-13 28
-7 9
-19 -4
-15 35
-14 -21
12 23
-6 -23
-16 -13
-14 -8
-12 -4
-18 -21
-9 -5
-13 5
-9 7
-13 -12
-11 -15
-1 -9
0 -28
-29 -13
2 -2
-21 12
7 -10
-19 6
-6 0
-25 2
-8 -10
-15 -8
-9 -11
-13 -19
-18 3
-10 2
-20 -21
-14 12
-11 -9
-14 9
-13 -15
-17 -9
-7 26
0 -10
-20 -8
-10 -11
-8 0
-17 -12
-17 -6
-11 26
-15 -11
-4 16
-9 6
-7 17
-11 -13
0 -16
1 0
-14 -22
-8 -27
-8 -7
-12 9
-7 -1
-5 -6
-14 -1
-12 -16
-18 -30
2 5
-9 17
-8 -12
-11 -33
-6 -15
-13 -12
-3 -10
-13 -18
-11 0
-6 -1
-15 11
-2 -36
-9 -23
-7 2
-12 6
-22 6
-11 -6
-11 -30
-12 -1
-11 -21
-10 -5
-11 4
-8 0
0 -14
-14 -23
-12 0
-17 43
-15 43
-4 -4
-10 -20
-8 -27
-1 -9
-9 2
-25 1
-8 -8
-11 18
-5 -36
-13 -30
-13 -5
-6 -9
-11 3
-33 -13
-4 -1
-19 -7
-7 -2
9 -5
-6 -25
-26 -21
-11 11
-17 -9
-13 -2
-13 11
-5 -5
-14 -14
-17 -16
-22 3
-7 1
-13 -17
-1 2
-14 -7
-8 2
-22 -47
-16 -13
-22 -11
-4 17
0 -2
-9 11
-6 -15
-20 0
-6 6
-11 -24
-14 -13
-13 -14
-10 2
-18 -14
-22 2
-15 -7
-3 3
4 -11
-10 -8
-10 -17
-12 -2
-17 0
-16 -2
-12 -8
-18 8
-20 3
0 -5
-10 0
-12 -20
-26 7
-9 0
-17 -7
-26 4
-13 -17
-14 -7
-21 -14
-11 13
-17 -24
-8 -3
-21 7
-28 -9
-1 -18
-15 -1
-10 9
-17 -10
7 -2
-17 -5
-28 9
-5 8
-13 -8
-5 -20
-5 -6
-18 -14
-12 6
-15 45
-14 27
-15 -15
-10 28
-7 -20
-2 -26
-11 -18
0 -15
-11 -4
-5 14
-12 2
-15 -1
-24 0
-13 -3
-11 -28
-12 -15
-15 13
-8 -5
-10 11
-15 18
-8 -13
0 -26
-6 -20
-22 -15
-12 -7
-14 -1
-15 0
-19 -5
-12 -14
-5 -26
-16 -8
-16 -4
-10 -17
-7 -16
-12 2
-18 16
-6 6
-11 4
-16 -10
-6 8
-3 -11
-8 -25
-11 -13
-7 7
-13 -7
-10 6
-4 9
-14 -10
-17 -39
-16 21
-5 -14
-9 2
-19 5
-14 7
-19 14
-5 6
6 0
-15 1
-20 -2
-15 -15
-4 -13
-9 -17
-6 0
-7 -3
-14 -7
-8 -9
-11 9
-11 -43
-14 1
-19 4
-9 1
-15 17
-7 -11
-16 -15
-10 -7
-7 -1
-15 -5
-9 -5
-11 -16
-8 0
-9 0
-5 -16
-24 -2
1 3
-3 1
-5 -18
4 21
-17 34
-10 8
-9 -10
-9 -4
-15 2
-13 -14
-17 -13
-16 5
-18 0
-3 2
-15 -1
-12 13
-2 3
3 -21
-17 -8
-10 -15
-14 0
-10 26
-3 -5
-7 0
-23 -1
-10 -12
-15 0
-9 -18
-15 -6
-8 -10
-2 4
-29 -17
-3 6
-3 -6
-4 -14
-9 -16
-11 -1
-17 8
-11 2
-2 6
0 7
-16 7
-20 -20
-7 0
2 -15
-11 -4
-7 11
-9 4
-16 -5
-3 -11
-10 -3
-15 -11
-18 -12
-12 12
-7 19
-7 -12
-5 2
-28 -15
-7 -12
-6 -8
-17 -19
-16 0
-12 -4
-14 5
-16 -10
-17 -5
-10 -2
-7 -15
-15 -23
-4 -8
-22 1
-13 0
0 20
-19 -12
-13 3
0 17
-10 -18
-9 -25
-20 4
-10 3
3 7
-13 -12
-15 -10
-11 -10
-1 2
-2 -13
-10 -19
-18 32
-2 -5
-8 -13
-3 -3
-12 2
-11 -9
-19 -15
-8 -6
-16 -15
-12 -10
-13 -1
-4 -1
-8 13
-14 0
-18 -16
-11 -23
-9 11
-7 18
-20 8
-20 -21
-13 11
-16 -4
-24 -11
-3 -18
-14 -13
-23 18
-16 -21
-3 -27
-13 -17
-15 28
-6 -9
-8 -23
-16 -14
-8 6
-13 2
-4 4
-19 0
-16 -5
-7 13
-9 1
-10 -16
-16 -10
-25 -3
-10 1
-10 14
-12 0
0 2
-4 22
-12 -23
-15 -26
-14 -1
-1 0
-13 -20
-13 -29
-8 0
-7 -25
-17 34
-10 -21
-17 -4
-9 0
-9 2
-6 -11
-15 -13
-11 -3
-8 0
-16 -18
-7 0
-12 -18
-19 7
-8 -22
-24 -1
-17 -13
-6 -20
-13 -5
-14 -15
-11 -20
-11 -15
-25 -11
-12 -25
-15 -2
-13 3
-16 -4
-21 -2
-7 0
-12 -47
-15 -13
-10 13
-11 43
-7 -12
-2 3
-10 -7
-12 2
-4 -11
-4 -18
-13 3
-8 16
-13 -7
-12 -8
-6 -11
-17 -8
-11 -3
-7 -10
-8 -2
-7 29
-15 5
-19 -21
-13 -17
-13 9
-7 -6
-8 -9
-6 -6
-8 -10
-10 -25
-10 23
-7 -6
-12 -13
-6 -4
-5 -3
-14 -15
-13 -2
-14 4
-12 1
-5 -13
0 -16
-13 1
-11 -16
-23 -21
-7 -2
-12 0
-13 3
-5 28
-7 -16
-16 -12
-24 2
-7 -12
0 -10
-7 1
-4 -5
-4 -42
-7 16
-22 9
-14 0
-9 -18
-1 -12
-5 -6
-8 -8
-6 20
-21 -9
-24 -1
-16 -6
-12 -17
-4 -23
-12 5
-13 0
-9 -8
-18 -2
-21 0
-19 -6
-12 -8
-11 -13
-7 -8
-16 -14
-21 5
-16 -13
-7 7
-16 -1
-15 32
2 -2
-17 -8
-15 -14
-20 5
-7 18
-11 -14
-9 22
-14 -12
-14 -12
-3 -14
-10 -3
-10 -1
-9 -25
-13 -6
-18 20
-23 -10
-19 -9
-25 15
-13 -14
-11 -13
-2 -16
-15 12
-11 3
-15 4
-16 -13
-15 -24
-7 -3
-12 -12
-17 29
-13 -11
-17 -3
-20 -1
-9 -1
-12 0
-4 4
-8 33
-13 -27
-10 -22
-9 1
-5 -37
-20 -8
-19 -7
-20 5
-9 12
2 -12
-10 -1
-15 -18
-5 -46
-19 14
-9 37
-23 0
-10 -28
-29 -4
-6 -15
0 5
-9 0
0 0
-7 -12
-14 0
-3 -37
-5 4
-16 -10
-21 4
-18 23
-6 -30
-19 8
-16 0
-11 12
-12 -24
-16 -1
-13 -7
3 -19
-22 11
-12 0
-14 -5
-14 -20
-21 1
-8 -6
-11 -15
-11 -21
-20 2
-14 4
-22 -9
-6 -17
-22 -10
-7 -16
-13 -4
-7 -2
-2 -10
-8 6
-27 16
-11 -1
-11 5
-11 0
-2 9
-11 -14
-21 -23
-9 -7
-14 11
-17 -1
-9 -3
2 -16
-14 0
-13 -13
-21 -18
-17 -7
-16 -33
-18 -4
-15 39
-14 12
-2 0
-8 -11
-10 -25
-9 -6
-18 1
-14 2
-13 0
-21 -2
-9 -13
-8 -6
-14 -7
-19 -8
-8 -3
-6 -8
-20 8
-15 26
-21 -15
0 0
-20 9
-6 -12
-10 -31
-3 -6
-20 4
-20 -19
-11 -40
-7 -15
-18 9
-12 25
-5 -12
-14 -18
0 -15
-11 -4
-19 -9
-15 -3
-8 -9
-10 -19
1 -11
-6 -31
-4 -17
-22 -14
-8 36
-15 -1
-4 6
-14 0
-15 26
-23 -16
-2 -3
2 -13
-6 0
-10 8
-3 1
-10 -3
-10 -5
-16 -3
-8 -14
-18 -1
-11 13
-9 -20
-16 -10
-15 -10
-16 -9
-16 -2
-23 -1
-8 -19
-5 -6
-7 -2
-14 5
0 4
-8 -6
3 -13
-16 -8
-10 -3
-7 -2
-18 14
-15 3
-1 -28
-11 -7
-13 -13
-11 -8
-8 -5
-15 19
-11 -18
-13 5
-8 -16
-5 5
-17 1
-3 -7
-5 -9
6 -19
4 -15
0 9
-3 4
-1 28
-15 1
-4 -14
-7 -24
12 -10
14 -6
11 30
-4 34
0 2
1 -6
11 -17
1 -23
4 12
0 -5
0 -7
17 -15
-3 -30
4 -18
4 14
0 1
0 -12
-4 0
-7 0
-1 11
8 4
0 19
-3 -11
0 0
-1 3
4 -10
8 -15
2 0
1 1
0 6
6 6
-5 -14
-1 19
-4 -7
2 -14
3 -19
4 0
4 25
-1 21
11 -16
-2 -18
-1 17
0 -1
8 36
-3 -12
3 -4
-7 -24
-3 -19
1 -4
3 0
17 2
2 -16
-6 -7
5 -18
1 -20
1 20
1 11
-6 -22
5 9
1 -3
1 -24
1 -24
4 6
0 -2
-2 35
0 1
1 -3
2 4
1 -21
0 -30
1 27
8 2
8 0
5 6
23 -3
-9 -6
0 0
-5 -11
0 -22
2 0
0 1
-1 11
6 -21
1 -31
1 7
3 31
-1 -20
5 -30
5 3
