60 -72
2 0
-34 96
-19 82
5 40
28 73
7 -38
-5 -72
-18 -86
-46 -58
-15 35
-22 95
13 67
98 36
57 -50
13 -55
-25 -37
-181 41
-65 22
231 0
142 -48
-110 -66
-105 -76
40 -18
-33 5
-188 19
188 41
251 35
-10 15
-142 26
-55 19
2 -15
27 -17
-93 -13
-68 21
134 30
63 29
68 32
92 9
-42 0
-48 0
4 -10
-29 33
-137 -19
-173 -5
124 7
-29 0
-58 99
-112 -6
-168 -82
60 -84
222 21
171 41
-46 16
-33 18
-11 3
-1 -7
-55 18
-50 41
-58 2
119 -39
90 -1
-51 21
-47 -14
60 -3
80 7
-27 -28
32 -18
74 -5
-117 26
0 33
-9 15
9 42
-8 -10
57 6
-8 13
56 -42
18 -51
-53 4
-8 -19
-3 8
-63 43
27 3
60 -19
36 5
-20 26
-189 -2
186 88
3 4
28 -50
14 -46
-5 -42
-8 11
44 47
-34 18
-48 -2
63 8
80 24
-55 34
-10 23
-59 -52
30 20
-7 9
17 -24
52 -5
20 -28
-22 -10
-165 -2
-39 59
139 9
-34 -11
-11 13
42 43
51 -5
-41 1
-22 -4
34 -38
-132 -17
48 11
4 12
-10 14
-32 -1
54 64
-16 86
152 -74
-15 -98
-52 -46
-73 32
-14 52
57 8
20 -24
-67 -16
5 24
8 27
34 49
30 48
98 21
37 -27
-69 -22
26 -6
-39 1
-1 -2
6 35
33 -6
47 2
-4 18
-75 -1
-27 7
9 25
57 -17
29 -7
68 -35
-27 -5
-168 18
-65 19
71 13
34 -30
42 7
23 12
5 0
-27 16
38 0
20 13
-32 18
-64 15
38 -11
8 -13
30 -9
-27 -7
30 -2
44 -10
-6 -4
-61 14
-9 24
-8 2
23 -11
-31 -6
57 17
15 -1
-39 17
-18 4
-14 16
26 14
-36 -87
3 0
5 -9
0 -6
0 45
9 34
50 -36
-5 -48
22 9
39 21
-42 24
-85 -14
-18 4
-66 2
43 3
100 -9
-31 -2
41 -5
-123 13
-76 21
34 -24
25 -12
26 -17
-2 2
-23 13
27 9
25 68
30 8
9 -105
-24 -74
3 61
60 65
-116 30
-20 -14
8 -20
-79 0
-12 0
52 30
43 31
5 17
13 -2
-10 -6
38 -5
1 3
0 -4
-36 -14
-19 -21
23 34
0 14
6 -1
-84 14
60 4
26 -15
-7 -34
36 24
0 -13
-18 -14
-36 -9
20 13
8 -16
33 -6
-30 -12
0 43
7 -19
-35 -52
36 -28
21 5
-58 40
-3 33
5 61
-5 12
7 -8
16 -29
16 -16
-5 15
64 11
-19 13
-52 -1
14 -9
17 1
-55 22
2 -26
41 13
-33 65
-17 -8
62 -52
-15 -12
41 8
-76 27
19 -55
49 -45
-8 -4
-49 37
-32 39
52 22
-14 15
-58 24
92 38
19 3
-80 -18
-20 -33
22 1
30 57
12 -60
-21 -71
-5 -2
-39 21
30 22
17 -3
-44 -16
105 2
4 11
-95 23
-89 35
62 23
29 -19
57 6
5 -37
5 -29
-24 -16
95 9
-6 14
-182 30
81 -10
29 -12
-24 6
-73 -10
35 -24
16 0
23 7
-8 -36
54 0
14 -8
-54 25
5 22
0 8
0 -11
29 16
-16 34
37 62
-16 -57
53 -67
-36 -32
20 2
-7 11
-9 50
-5 3
-2 -27
91 0
-37 1
-114 -1
3 13
63 -7
-1 -38
14 -25
3 8
8 38
-45 -4
1 4
50 43
-26 -8
-7 -32
54 -32
-7 1
14 22
-6 34
-18 36
0 14
80 -10
-93 16
-14 2
41 -24
3 -19
-5 8
42 0
-28 19
-9 -10
85 -38
-81 -21
-34 24
-66 72
6 1
18 -30
-7 -25
40 21
-21 3
-5 -51
48 -36
26 28
7 67
-73 39
8 13
31 1
46 8
-38 -21
-76 -13
79 -24
17 5
29 12
28 13
-15 1
2 8
-19 -7
-58 28
71 7
-5 0
-9 -5
15 15
19 28
2 -41
13 -39
-33 -12
15 33
-14 78
-42 11
50 -58
-32 -57
-33 -8
22 60
24 40
12 17
-64 16
19 2
23 0
12 0
38 56
-7 -1
-50 -29
34 -39
-71 -33
27 -6
36 -15
17 8
7 8
-20 13
38 12
-51 -7
-26 -7
49 2
33 33
7 0
-54 7
30 24
-16 -11
37 -12
-34 0
4 14
-31 1
41 57
62 -32
-20 -55
-70 -30
-3 44
-1 65
18 -25
41 -37
2 -6
0 -2
-33 4
18 16
-5 50
27 3
16 2
-34 13
-21 1
3 1
9 3
8 -6
18 -1
-16 -12
-24 -11
7 -5
30 -22
28 0
-90 39
9 12
29 30
-16 24
39 -56
12 -42
-36 3
1 53
-50 56
34 33
38 -55
8 -53
0 -47
-3 23
13 33
-11 17
-8 5
20 -17
43 3
-7 1
-30 16
1 19
25 5
16 35
-33 6
8 -16
34 -23
-12 -23
-8 9
50 -30
4 -14
-7 2
26 16
-5 61
26 33
-35 -10
-10 -20
44 4
-52 50
-63 45
-9 -48
32 -90
33 -36
8 -3
-9 18
13 30
-2 0
11 1
2 15
-24 17
5 21
2 24
3 0
13 17
4 -9
-3 -13
-34 -15
15 18
0 22
20 3
6 -8
-11 0
3 -14
5 -20
-41 -11
8 -18
-18 3
-2 25
42 131
20 -26
28 -103
-58 -62
17 -4
-24 48
37 43
5 17
16 -18
-1 -27
6 -9
-6 38
-3 47
12 0
25 -46
-46 -22
-2 -10
-9 11
16 -3
32 29
38 44
-58 -7
-13 -12
48 -20
5 3
6 5
6 -37
-9 -23
11 -10
-12 -20
-18 0
22 50
11 38
24 -6
32 5
-41 -14
-16 -15
0 34
30 -36
37 -47
-39 -23
-28 -23
6 24
22 19
25 87
-3 30
-53 -59
17 -48
7 1
31 30
-52 60
33 5
-4 0
-1 -13
8 -17
9 -16
-2 -9
6 5
16 19
2 38
-22 47
6 24
6 -2
17 1
-7 35
-25 4
6 -52
7 -53
7 23
5 29
17 5
-5 19
0 -2
6 -34
21 -17
18 45
-7 23
-3 22
22 85
-10 -51
2 -79
-21 -49
14 31
-1 54
3 37
0 25
7 -22
3 1
-12 2
14 12
-14 -3
-31 -48
-2 -19
-6 17
20 15
7 0
-5 7
-13 -7
2 4
2 0
-8 23
-16 43
3 8
28 8
-58 -16
3 -47
30 -17
20 -12
21 0
-35 16
12 48
19 21
11 45
14 -10
5 -55
8 -36
-46 -18
23 8
0 62
-62 58
22 -35
18 -44
-2 -7
2 11
14 0
-51 -3
19 0
17 -18
-6 13
2 15
17 14
-4 14
19 4
-24 -12
18 -1
-11 -3
-8 26
30 -3
0 -1
6 -14
6 -11
-15 -21
22 -3
-17 22
-1 11
2 -9
-4 -7
-1 16
-12 17
8 17
3 22
-9 -4
-30 12
11 -10
-2 15
3 25
-12 -20
27 -38
18 -12
-11 -7
-14 58
-15 27
17 -27
-8 -34
11 4
17 29
-10 -7
-18 -37
12 -6
-2 27
22 21
11 25
-5 0
6 5
-4 2
-6 1
-10 -10
-2 -1
0 9
17 -29
12 -6
20 -7
-3 -23
-24 -7
-15 27
16 -3
6 -79
17 -101
1 27
20 46
-17 42
-25 0
2 3
38 -16
-44 -7
-13 37
0 29
1 23
54 6
5 3
-13 20
-74 8
34 -19
7 -34
3 6
-2 35
13 26
5 27
0 -25
-1 -36
32 -37
36 19
-10 24
-6 11
26 -24
-21 -18
-50 11
14 12
48 48
0 6
-3 7
-42 1
-21 -11
35 4
30 -3
25 5
-19 26
-7 3
-35 -23
50 -12
-6 -4
-5 7
-10 -12
-45 9
22 -4
23 -18
-1 3
32 -8
-23 1
-41 37
-10 11
44 -13
4 -17
-20 18
2 8
8 0
-6 -9
14 -8
9 1
11 30
13 -2
-7 -3
8 11
-19 7
-3 7
1 6
3 -11
67 11
-57 -21
15 3
-6 -3
6 30
17 8
-59 -14
26 -15
8 -45
11 -2
-9 35
-16 29
6 14
11 23
35 -9
-39 -53
-27 -25
12 12
21 29
0 8
-13 -14
-24 -19
2 -51
29 -24
27 9
-18 25
1 21
2 -9
-4 -11
0 -19
12 0
-35 -3
12 -37
5 -10
5 -13
0 -4
-9 -50
22 -5
4 -34
-19 -23
29 -8
-25 1
26 31
26 -6
-21 -9
-16 23
-26 -6
30 1
5 17
-21 -59
-15 -61
12 -11
18 6
7 0
-9 20
22 1
-11 -38
-29 -30
9 -17
-3 11
-35 3
8 3
7 -8
4 -21
4 -7
24 -24
19 -26
-35 -4
-10 -1
-19 4
12 7
25 -49
-21 -52
13 1
28 12
-24 -18
-40 -15
-13 8
0 -5
26 -2
7 -15
6 -5
-1 -12
2 2
0 -20
-15 -1
-2 -10
-23 -29
0 -15
61 -16
-41 -23
-11 -29
26 -17
-1 26
22 -10
1 -15
-17 -14
-2 7
-3 16
1 -64
22 -61
-14 -16
1 23
-28 26
0 13
-1 14
-7 -28
24 -39
16 -25
-3 16
-7 20
7 -32
-10 -48
11 -32
5 -10
-7 46
26 4
-10 -7
4 3
24 -22
-4 -18
-7 -52
3 9
-33 -23
6 -13
-3 -4
9 -36
22 -29
-1 -15
-30 11
26 -15
35 -20
5 -12
-18 5
28 -28
-5 -42
-6 -79
1 -19
18 17
-1 -4
-11 -18
6 -18
0 -12
5 1
6 33
5 12
0 -25
18 -55
-4 -29
3 -12
34 -7
-2 -4
-5 4
-9 -2
20 -23
-12 -3
6 16
-9 29
15 -2
-10 -75
15 -67
4 -20
-31 -23
-13 14
5 20
3 15
29 -3
-38 -8
19 4
3 -21
13 -37
-2 -17
-6 -25
6 -12
11 -22
17 -22
3 5
-10 8
-24 -5
0 -5
0 -22
16 4
3 -28
13 -23
-1 -44
-9 -40
23 -11
19 9
-14 29
-6 30
3 0
6 37
-3 -10
7 -120
27 -95
-4 -11
0 15
4 8
-6 -16
19 -20
6 -36
-28 -21
-11 -6
22 -5
18 -3
-8 8
-6 6
9 -24
2 -33
-10 2
11 -11
-16 -4
-2 7
30 42
3 33
29 13
-34 -19
-11 -27
13 -14
3 26
8 58
-3 -8
4 -22
-1 -13
-9 21
9 8
-6 -3
-21 3
4 -16
25 -21
-10 -26
-3 -1
2 27
5 6
6 2
7 8
11 -5
3 13
-23 -5
-3 -6
0 33
16 15
-18 -37
0 -50
-19 -6
6 22
5 14
-8 0
17 -10
6 35
-5 17
-4 -1
25 -4
12 -6
7 -4
-9 -2
-33 -9
23 -7
-2 -13
7 3
0 -1
-5 -13
24 -30
-15 -9
-1 13
-10 14
-1 2
-15 -47
-5 -32
9 -5
22 8
14 67
3 15
-11 8
-7 22
12 26
14 11
-17 -26
-3 -29
-3 -8
-46 6
15 -16
23 -18
-9 8
11 0
23 8
-12 13
-8 9
-7 20
31 25
27 0
-2 -9
-16 -8
-13 47
-2 16
9 -61
26 -33
17 18
-25 22
-29 31
-11 0
16 1
17 23
-6 0
13 18
-10 17
-2 -9
-21 -19
19 -32
-6 -29
1 4
9 21
2 22
-6 8
-10 -22
-8 -7
-1 22
15 15
-21 -11
-7 -10
-17 28
1 -5
19 0
4 3
11 -3
14 9
-26 8
-8 8
22 -6
-7 -7
-4 1
0 2
6 -20
20 -12
-11 53
-15 11
26 54
9 -46
-7 -82
-1 -33
7 17
2 26
-9 32
-20 27
-21 -18
29 9
28 -12
32 34
-42 47
-35 -3
26 3
15 -11
-10 -13
12 -2
-3 15
-19 6
-19 0
0 -10
5 -7
15 14
29 7
0 -7
-12 17
-18 -6
-32 -1
51 21
14 -24
2 13
-11 15
-3 31
16 33
-28 17
-8 -9
-4 -30
-10 -22
15 0
7 12
0 1
7 0
-9 -12
27 -16
-17 -26
32 11
-18 16
3 0
0 18
6 1
0 9
-1 9
19 0
-10 0
8 -13
4 -2
13 -22
-4 46
13 34
24 -31
-5 -32
-7 -17
16 0
-10 4
6 36
-7 16
23 8
-3 0
-20 -8
-3 -9
16 -10
24 -6
-18 8
7 0
18 0
-9 -5
9 17
-14 18
-11 -22
1 -12
33 0
-15 1
-28 -8
4 13
22 22
4 33
-12 23
-3 16
1 0
3 -33
34 -1
-5 5
0 -6
2 -22
-21 -11
15 16
-1 13
6 -21
5 -14
3 52
16 46
-4 34
-9 12
-5 -17
13 -23
-1 -6
-9 2
18 9
-8 4
1 5
-8 14
-8 -9
6 0
-7 -10
-6 13
16 32
9 23
-2 -31
7 -12
18 -18
-5 7
14 -13
14 -3
12 -6
0 -7
13 2
-12 6
22 -5
13 16
21 0
-31 4
-23 30
13 -3
0 -17
-7 -3
9 11
-4 23
12 9
1 4
1 -2
-12 17
20 -2
8 -10
-4 -36
9 -4
0 17
6 13
12 2
22 -18
-8 -10
-19 3
2 8
-13 13
4 7
8 8
4 3
-15 5
3 -3
-5 -22
2 -35
20 27
15 6
-2 18
-1 33
-30 3
16 3
6 -5
-6 22
-7 -11
3 -31
0 -16
29 -13
5 -10
-34 4
-2 12
-15 5
28 5
0 -2
6 3
8 7
-3 9
-25 13
32 0
28 -3
-6 7
9 -10
3 -16
-14 11
3 12
-24 0
-4 -11
8 -27
-8 -7
6 13
-6 -3
6 14
-22 9
2 -4
13 -15
5 1
-1 20
20 -7
5 -4
-14 -5
-10 -22
-9 -7
0 -4
2 12
16 16
-14 3
7 0
8 -13
6 -6
20 -7
3 6
-32 5
5 0
27 11
-6 18
-21 -12
-7 -11
2 -27
2 -4
11 18
18 29
-13 24
21 25
20 19
-26 -20
-8 -32
9 -29
21 60
-16 36
0 -35
-6 -30
0 0
-9 -3
-9 -15
3 -4
0 28
13 14
-2 24
-3 -8
-10 -15
15 0
13 12
-10 -7
6 -1
-4 -1
-7 -5
-1 8
8 9
-16 0
-13 12
0 -12
25 -22
26 -13
-33 -2
15 4
4 23
22 3
-10 -4
-11 14
1 -6
3 0
17 0
-17 -7
18 2
-30 -14
-2 4
13 12
9 0
3 16
12 22
-8 32
-9 -1
-3 16
-19 3
-1 -16
-20 -34
11 0
0 2
1 0
-8 2
14 5
-3 4
-12 -3
29 14
5 39
-40 21
-3 9
25 -16
-1 -11
5 -22
1 1
1 16
-4 -10
-11 1
18 4
2 0
-2 22
15 0
12 15
-12 23
5 2
-18 0
0 16
33 -28
-13 9
-22 2
2 -8
16 -14
0 5
-10 -7
-1 -2
14 0
11 -6
6 1
8 7
11 28
-24 1
36 -11
14 48
-26 13
-9 -43
-24 -55
12 0
3 58
12 40
-4 -7
0 -18
-3 0
4 18
16 29
-3 15
3 -7
-1 -15
-3 25
-1 12
0 1
9 16
0 0
3 -4
-18 -1
-6 -13
11 -4
27 -7
-44 11
5 14
13 -19
3 1
8 2
13 -12
0 -1
-12 9
4 2
13 9
4 -2
-11 6
-3 19
-1 -5
7 -17
15 -14
-26 0
6 -16
9 16
-10 19
33 -11
-15 -25
-26 13
-1 19
-1 4
6 -16
7 -5
-2 33
-12 0
-7 6
-8 -4
15 2
6 -24
-6 -7
11 -2
12 4
2 9
1 0
-2 -21
-5 -3
-1 20
7 27
-1 -2
-2 -6
21 -13
8 -4
2 -32
-9 8
-23 16
-9 14
26 -46
0 -17
0 33
1 24
4 -8
-9 13
8 21
-11 -14
0 -12
1 7
9 11
5 3
1 15
-9 4
-4 -12
0 -3
16 -22
39 -14
-4 11
-26 1
0 -21
-14 2
21 -8
0 24
11 22
-4 6
6 -18
-1 -14
3 -7
9 8
3 36
17 -42
-29 -26
0 -38
7 13
-12 40
-7 57
4 16
-6 -13
12 0
2 -2
1 -21
17 4
9 9
7 5
-23 9
-3 12
20 2
-6 -26
-10 -11
30 -10
-13 13
-14 28
11 6
13 -5
24 -5
-7 -12
23 40
-32 7
16 -40
23 -2
-13 -18
0 4
1 15
1 17
6 7
-2 -1
-13 7
14 3
6 -2
2 -16
-1 -4
1 -7
-11 13
-10 -6
0 29
8 16
-8 13
0 -11
2 -1
17 -14
9 0
22 0
-18 11
-20 15
-11 4
0 18
16 -2
-7 -5
-2 -13
-21 0
4 9
0 34
7 0
21 1
4 -1
0 -14
0 -7
-14 4
-21 -11
19 -16
-2 -2
-5 13
5 20
0 26
17 -4
39 1
-18 3
-10 27
6 0
4 3
-4 -20
34 -35
-18 -2
-19 -2
5 -9
2 -11
-1 1
3 22
20 0
-27 -2
-16 -4
2 -7
20 -16
0 12
3 13
4 -8
6 -4
12 7
-5 4
0 14
0 1
-11 9
0 18
-9 4
3 4
-7 -15
9 1
19 5
-22 -7
3 -11
-2 -5
31 -1
-3 11
18 -2
-26 -7
1 6
11 -19
16 -4
-13 0
0 26
4 9
18 -1
6 27
-23 0
-24 -26
56 -8
-46 -1
-45 8
28 35
28 -6
7 -1
-16 -3
-30 23
28 13
20 3
17 26
-39 -7
15 2
4 -13
13 -16
-27 1
19 -1
0 0
-20 16
14 15
-3 -4
-10 -3
0 -12
3 7
-16 9
0 0
-9 17
2 2
6 -22
-18 -21
-36 0
16 9
26 15
13 1
3 0
0 -22
0 -14
-1 -11
11 6
25 12
0 1
-41 -15
-12 -8
7 0
-17 6
14 12
9 56
-6 3
15 -20
14 -1
3 21
-19 33
14 7
-2 -37
6 -3
0 4
1 -5
2 -18
-18 17
14 38
-4 -11
18 17
15 7
-52 -3
-14 -12
19 -10
5 -11
11 -20
1 13
8 28
-20 19
14 -9
28 9
5 -24
3 -6
-31 5
5 19
17 34
16 -5
23 -7
-16 -20
-1 -13
5 22
-12 -2
5 -8
31 -10
-5 -7
-32 35
-3 1
-3 -40
-3 -9
30 -3
-7 -5
9 27
-3 33
6 31
7 11
-12 6
-16 9
23 -7
-3 5
3 -10
-17 -1
5 -19
7 -24
-8 3
-7 18
17 11
0 15
-7 -8
-13 -23
-15 -16
12 -3
16 7
-2 22
-11 19
19 -1
4 2
-20 1
-15 19
46 -1
-2 3
-20 1
15 -12
-31 -41
4 -2
19 -21
47 32
-10 19
-24 19
3 7
9 0
7 -3
-2 -4
1 -8
-13 8
4 -9
31 7
-1 14
-7 23
1 8
-11 -4
-6 -18
6 -20
0 0
-11 6
17 14
-2 3
-12 -5
5 -7
20 -3
16 -10
3 -5
24 2
-24 -2
1 21
13 22
-37 28
17 1
6 -8
-11 -11
-20 40
20 44
1 -40
-6 -69
4 -48
-5 -14
8 -15
-17 30
-17 63
9 54
15 31
-3 13
-9 -10
4 -37
-1 16
4 -34
0 -21
2 12
2 -36
1 -34
-9 8
-20 48
2 75
9 -9
-8 -107
18 -32
3 35
-23 23
6 4
