-11 33
-18 7
17 37
21 1
-9 1
5 11
-19 -32
33 -16
-36 18
3 11
15 -66
-7 4
-5 39
-12 87
-8 61
32 -24
3 -9
14 -74
-4 -47
-19 -46
20 -29
-3 -33
8 43
13 52
-12 -2
17 -34
-7 90
-14 52
-12 42
23 6
-28 17
6 -51
-2 -89
20 17
-4 20
-7 -41
2 -78
-2 28
20 21
-5 28
17 36
14 37
-20 34
-8 2
-10 -58
-1 -10
9 46
8 -3
-2 -18
-17 -7
22 22
14 56
-45 -8
-5 -43
5 15
24 26
0 9
-35 -22
17 -7
22 -20
-25 6
-23 -40
0 -13
-12 33
-5 88
21 -27
14 -73
1 15
17 26
-21 86
-6 -29
6 -16
-18 0
13 20
-23 -61
-1 27
2 35
11 -15
-40 45
32 7
9 -29
2 -10
-10 21
-3 37
-6 18
5 44
-2 -1
-18 -40
18 -19
11 -5
-28 18
-3 48
1 -22
1 -30
-4 25
3 34
-1 3
11 -24
-33 -3
40 13
12 -21
-5 67
16 22
5 -8
-36 -104
-7 7
33 39
11 51
0 0
-1 -13
-4 -9
3 -23
15 15
0 13
29 -78
19 13
-34 5
-18 33
-11 -29
52 -13
-29 47
-17 -35
0 22
0 -55
14 2
11 -24
5 -40
-17 29
-11 -22
24 -8
-12 9
0 58
-11 -13
3 -36
4 62
-2 -5
17 -98
-17 5
0 43
12 108
33 -68
-22 -46
-14 -14
-9 33
-13 45
30 147
1 29
-32 -79
4 -193
-1 -25
6 66
-25 65
24 -76
18 0
-16 33
16 33
-33 73
47 91
-10 -56
-14 -46
3 38
6 -12
5 -34
6 -71
0 -61
4 29
11 66
-13 27
21 -55
9 3
-7 41
-2 37
3 53
-19 -6
11 -65
5 -12
23 6
12 -8
-22 5
3 -27
-20 59
16 -23
0 45
-26 51
9 27
12 -3
8 -69
2 31
-15 21
15 12
23 -55
12 36
-13 -27
-11 -10
7 19
24 18
-10 -11
-8 -42
-5 1
19 16
4 6
12 -5
-5 -9
-4 0
-6 69
-11 18
7 -67
9 -38
13 30
4 28
8 -44
16 32
-5 34
4 -12
-11 -20
-16 9
-7 -20
9 41
1 47
-2 -30
15 7
-1 55
-6 -82
8 3
-6 46
2 -7
23 -9
-17 -16
-27 -27
-24 -42
27 17
38 -6
11 15
-13 20
1 32
-3 -13
18 -116
12 2
0 36
16 17
1 25
-15 44
-20 -54
1 -11
21 29
15 -1
4 -3
-3 27
30 79
6 -44
-2 -87
-10 -48
6 29
35 19
18 73
-12 11
-32 -40
-2 5
3 46
0 -16
11 52
14 -26
16 -82
-16 -37
-27 35
-17 34
-3 19
31 -29
13 39
-14 11
-17 18
3 20
5 -9
14 -55
2 -20
-2 30
9 4
-12 -34
5 45
17 -37
-1 12
-14 43
-3 -7
13 -5
-4 -24
8 -7
-5 26
-4 -1
-1 0
3 -29
9 -12
12 13
6 -53
-16 15
-5 26
-5 -1
3 8
14 -14
-10 51
-12 58
27 43
0 23
7 -31
16 2
-9 31
-14 -17
8 -59
-3 -12
1 1
12 60
18 37
-4 -15
-42 -20
6 -3
53 15
5 27
-31 -2
-15 -8
11 7
14 46
-2 -40
-12 -9
-23 17
32 -16
24 -46
-3 6
-29 6
-18 33
14 72
16 -29
-1 31
-17 54
-12 -19
13 18
4 40
-16 15
2 -94
-6 -47
15 -12
-10 -6
16 15
27 32
-12 49
-14 13
-6 -9
-4 -41
19 -37
8 29
28 -1
8 11
-58 42
7 -11
-12 11
9 -25
4 -22
16 65
31 -18
0 -43
-21 6
2 12
-18 18
24 6
20 -1
-21 -9
-17 49
32 -3
41 -89
5 -7
-51 26
-27 11
7 9
38 -1
3 -9
-8 9
-22 24
-22 27
50 -15
14 -45
19 -34
14 34
-6 5
-31 0
0 -29
22 2
6 58
-20 -3
-1 20
-5 5
32 35
22 39
21 -86
-11 -52
-31 32
-2 21
-2 -19
-2 -2
-2 -46
31 4
14 9
-11 11
-57 17
23 37
51 43
-26 9
23 -60
18 -50
-10 -7
-16 -4
12 14
80 4
-1 -5
-35 49
-17 51
0 -14
1 -16
15 11
-57 -5
7 15
-6 -31
17 -4
34 8
4 -11
27 -3
7 49
-16 52
-16 9
23 -7
7 31
23 -27
-13 -42
-7 -29
-23 -4
23 -15
31 22
-3 27
-8 -33
-11 -17
6 73
-21 -11
30 -58
5 -19
-23 70
-16 48
-2 -38
2 19
27 -50
13 4
-31 37
18 21
-2 11
-20 -22
46 13
23 1
0 -1
-16 -33
-16 -5
-18 25
20 27
29 0
-42 2
-9 19
35 -4
-5 -32
9 -21
-43 0
4 15
50 19
-8 27
-7 29
-2 -55
-22 17
34 29
1 -6
23 -20
-21 -35
-26 1
30 -16
-9 1
-2 49
-2 3
12 14
30 2
2 -9
-5 -16
-13 12
25 0
-5 -57
-20 25
-5 0
3 -21
8 4
21 21
-3 45
14 21
-2 -12
2 -32
6 -4
-19 -41
-3 26
24 4
-3 16
-17 21
22 4
11 4
-17 8
-6 19
8 -6
5 -17
-8 43
11 -9
21 -16
-6 60
-21 26
14 -22
20 -11
-10 -8
-2 11
17 63
24 -4
-22 -52
-10 -29
-12 16
-13 -31
13 -6
-4 68
-31 -26
-1 -3
28 28
9 -31
-22 13
24 37
16 53
-14 -23
-10 -1
8 -6
17 0
-3 -5
7 -49
-20 -29
5 5
4 14
1 44
44 0
-8 -8
-19 51
-5 5
-5 -55
6 -33
-5 -19
-11 -6
22 28
-10 17
-1 -43
0 -10
8 37
7 70
2 -43
37 -19
-23 -12
-56 28
35 14
29 0
-12 15
-8 -5
-14 1
0 -5
-4 48
20 15
-11 -22
-6 -28
16 1
3 -1
12 -3
-1 6
-1 -9
6 -7
0 37
0 54
0 -13
-5 -44
4 -29
-4 2
17 9
8 -43
-1 15
2 23
-18 42
6 -3
14 -11
-3 37
6 19
-1 19
25 -26
8 -14
-17 -22
-18 27
19 4
0 -37
8 -63
-2 -17
0 54
5 43
30 14
-14 18
-9 -11
24 -21
-8 -17
1 0
-3 8
-17 14
-29 27
26 0
21 -12
1 -18
-8 0
-4 15
19 43
-9 30
-4 17
17 -28
22 -9
0 15
-13 -5
-11 8
5 -22
9 21
3 33
1 -9
4 -4
-1 -4
0 -57
19 6
-1 11
-17 6
-2 -2
43 37
4 13
-19 -53
-17 -75
-5 -1
9 34
-18 46
17 8
22 14
-9 9
-17 -47
3 -66
1 0
-21 9
2 24
-4 -5
-13 -6
5 -62
-11 -38
8 -28
22 21
-35 37
-17 46
17 9
-3 18
-4 0
8 -7
-4 -39
-14 26
-7 17
11 1
-7 -24
0 -16
15 23
-4 -4
8 9
7 -11
-2 14
-17 -29
22 -14
13 23
-5 -18
0 -11
9 30
1 -65
-23 7
8 15
26 12
6 -1
-35 -39
-17 -10
18 -10
18 0
-4 -24
-4 0
-5 -37
4 -19
19 27
9 29
20 -58
1 -49
1 -42
-1 45
-20 54
-5 -31
9 -95
16 -58
6 7
-18 12
2 43
5 18
-9 -42
17 -7
11 -16
-1 0
-10 14
20 -17
15 -3
-9 -36
9 -46
-4 -7
-4 -38
3 -37
-2 22
4 -17
-9 -24
15 19
-4 -8
-10 -7
2 -13
9 -4
3 11
9 -11
-9 -62
-9 -57
13 -12
3 -26
4 -137
-6 -81
8 -5
20 -8
-2 0
-14 -4
6 24
-10 13
0 -16
12 -2
29 22
15 22
-22 -21
-20 -67
-17 -81
2 -12
17 7
-1 -7
14 -18
0 -24
-11 40
-17 23
12 -54
-1 13
1 -12
0 -46
-2 -22
17 12
-19 44
2 -13
9 -75
13 -13
22 -32
-11 3
-3 40
14 50
-11 35
4 -79
18 -132
16 -17
0 32
-25 27
11 2
-6 -10
5 -25
-7 -31
-11 -14
5 22
5 21
23 -22
13 -67
6 -18
0 -37
0 -69
13 -36
9 -36
-5 20
4 47
-18 37
-4 1
14 3
20 -124
1 4
-5 2
0 -21
-5 20
0 -22
20 -42
-1 -55
-7 17
-6 -5
5 -21
20 40
-8 20
-1 -16
-7 -28
0 -18
-11 -22
-6 -25
-3 1
-1 -9
35 28
15 -1
19 -58
-3 -37
8 49
18 20
-14 1
-2 -32
-3 0
1 -35
26 -1
25 0
-10 16
6 -17
4 -28
9 13
3 -21
-11 -50
15 20
0 -3
-16 -30
19 -10
2 -43
3 -17
4 26
-1 45
26 -19
5 -3
-32 -21
16 -22
9 2
6 -34
35 -2
-13 -20
-14 -89
-2 -13
19 11
12 20
-3 46
-8 13
-6 -130
8 -64
22 -11
2 6
8 36
9 3
0 1
-15 -20
-8 -14
0 -3
-7 -27
9 -47
19 -13
4 -33
-7 -15
1 21
13 12
-30 2
22 -25
-7 -46
-13 51
21 53
21 12
14 -75
-7 -95
-2 -34
-7 28
8 42
0 30
16 5
14 -38
11 -58
-4 3
-5 -12
-13 -23
-2 -15
12 35
12 -11
-12 -46
-13 -27
25 25
0 2
-15 -13
0 -35
24 49
12 -13
-25 -127
-4 -75
9 -5
-2 40
-12 23
1 -24
43 -29
36 -22
-8 22
-18 -12
-17 19
-5 66
-9 -60
14 -70
5 -12
-17 -21
8 38
-5 18
4 -1
8 -13
15 18
5 0
-4 -70
-16 -35
-17 12
0 3
9 -16
1 -3
7 12
9 -23
-8 -41
-3 50
7 -3
5 -92
-9 -32
6 -14
16 -17
-15 -1
8 5
-6 -27
-5 -48
3 -119
-15 32
1 70
26 41
-1 -30
-16 -40
-24 -34
-3 -17
22 16
2 0
-12 8
14 -5
-12 -14
-3 -11
16 4
9 12
-11 -51
-1 -41
-7 42
6 -13
28 -59
5 -39
-1 23
-9 -19
-22 18
12 20
24 13
-17 -40
-8 -35
5 -38
5 -32
6 33
13 -4
-10 -3
-22 15
12 7
12 -19
-5 -42
8 -14
12 0
4 -30
21 -18
-16 -15
-4 31
0 31
-1 -79
8 -78
7 18
16 -12
12 58
-9 24
-1 3
2 -78
0 -38
12 16
4 4
0 12
-2 -23
4 -30
1 -28
-8 -85
-8 -23
13 3
0 14
-5 -1
0 -1
8 -11
-1 -45
7 -5
-2 -1
7 2
2 -11
13 -41
8 4
5 -12
-8 -28
-13 0
-18 2
6 -36
4 -40
3 -33
-11 -31
12 19
12 48
11 30
-2 -20
9 -46
7 -9
27 22
12 6
-12 -98
-25 -23
4 -1
15 -20
22 -38
-3 3
18 -33
0 -5
-12 -2
6 17
16 2
-7 -7
-11 6
22 -6
19 -29
-5 -22
-20 -3
14 0
-3 9
-8 -47
27 -21
0 -32
-3 -39
-7 -32
-7 -10
0 -37
44 39
3 -20
-10 18
-5 -15
-5 -2
-4 -55
19 -4
13 14
-10 9
0 17
0 -66
-5 -71
-3 -44
-10 14
3 58
5 -19
-1 -1
2 14
-24 -7
-27 -33
23 -12
25 -24
-14 34
0 -28
2 -85
-6 -36
-8 21
-8 -28
1 40
3 38
3 11
7 -56
-6 -12
-22 -16
16 -67
16 -42
37 7
24 -11
-16 -40
-13 -35
4 5
1 15
-1 25
-1 36
9 -23
8 -61
-14 -70
16 -11
8 27
-19 -14
19 -4
8 23
-12 1
-8 -8
-5 6
5 -26
20 2
-5 -47
-34 -63
27 0
9 -20
-8 -8
-24 0
-13 26
21 6
27 -73
-14 13
-23 0
-5 -17
11 -31
12 6
-18 0
9 36
-7 -15
5 -31
13 -84
19 6
18 41
-13 20
6 0
1 -61
13 -28
-2 5
9 27
13 -1
-11 1
-23 -19
9 -55
5 -78
-2 32
-1 26
-7 -72
-7 -47
-6 -17
28 2
29 3
6 3
-38 -29
3 11
6 -21
5 -24
-11 -38
-5 -16
-26 -10
5 19
11 0
5 -6
-2 -17
21 3
41 -57
-12 0
-18 32
19 11
-23 -16
9 -29
16 13
6 -22
26 -53
-27 -23
-2 28
14 -4
-2 -34
-7 -9
23 -82
15 18
2 45
-30 34
-18 -37
0 -24
19 7
-10 7
7 -35
11 -21
12 -3
-3 -25
3 -23
-6 -37
12 -5
5 39
4 13
-5 -112
-11 -94
1 -9
7 35
14 19
-15 16
-6 -6
43 -33
8 13
0 34
-9 -51
-1 -34
8 -35
3 -1
0 -4
3 -26
-7 -9
5 -42
11 -1
-4 32
-1 64
5 -68
-2 -11
13 7
-5 -66
6 -29
-3 -31
-1 -21
3 48
6 18
0 -16
11 26
3 -6
4 -50
2 -1
0 -13
-15 -83
4 -25
13 18
16 -22
5 3
2 7
-26 -69
4 -8
20 22
1 8
-11 12
-2 -57
1 -25
2 -38
6 12
23 -21
8 -40
0 -2
0 51
3 19
-15 -55
4 -42
4 -2
6 -16
14 -8
-9 7
-24 36
-17 -15
-12 -30
24 -16
9 2
-14 -35
-4 33
21 -1
42 -38
28 -75
-1 -117
-30 33
-10 50
-13 0
-11 1
2 -24
16 -22
0 -39
-10 15
4 40
1 35
28 -51
16 -34
0 -24
-10 -2
12 17
1 19
-6 -35
7 -36
17 -83
7 -52
-13 -3
-19 3
5 16
-21 24
-13 5
30 6
-4 1
3 -6
13 -6
0 8
-19 22
-7 -41
31 -176
14 -54
-11 32
-2 42
0 13
5 11
5 -3
7 0
7 -16
20 12
-20 7
-13 -9
14 -24
9 -56
0 -59
-19 -20
-21 -1
7 -16
15 0
15 23
-32 4
-21 8
0 -38
13 -32
7 -16
-5 2
4 33
0 -26
-18 -61
0 -51
12 -23
0 30
1 23
11 15
15 -38
19 -6
-11 -20
-9 -40
13 -5
8 -26
-27 -18
7 -23
6 -9
1 3
0 20
-2 11
-2 -35
0 12
1 4
0 6
-3 -11
12 -46
5 -27
0 -15
-7 5
-4 -19
26 -3
30 -19
2 -17
-18 -3
1 20
3 -27
-3 -32
-24 -8
13 3
28 3
-11 -35
-22 -25
5 -8
6 14
-18 11
23 -51
35 -3
0 -21
-8 -50
15 -3
4 1
12 -1
-5 11
0 -24
-6 -21
0 0
-1 11
27 -38
-4 -41
-28 -2
7 -5
13 -15
0 -1
-10 0
37 5
12 -42
-37 -60
-26 -5
31 20
19 20
12 -24
-8 -50
-14 -35
3 45
11 58
9 20
-7 -100
-3 -117
0 -25
-1 44
-8 18
-1 -35
-12 -14
11 -26
0 0
6 -13
5 28
15 -2
-9 -26
-9 -32
24 -27
12 -46
-17 9
-20 6
5 -29
25 -15
22 12
-5 -1
-8 -10
18 -2
-4 -13
-29 -51
22 -3
11 28
-17 -24
-24 43
13 35
17 -6
1 -44
-22 -85
17 31
25 39
-1 -52
-1 -24
1 38
28 44
-8 -87
2 -45
53 24
15 -5
-41 -14
-17 1
17 -33
-6 -46
12 26
16 -48
-2 -51
6 30
-10 -11
-9 -23
12 -43
-25 5
6 -52
48 -58
5 43
-15 47
-10 16
7 -64
-4 -10
-7 25
6 38
28 67
-10 -45
-22 -74
-1 -61
0 -42
15 -22
18 22
-6 -19
-1 -18
-4 42
0 -39
4 19
-17 6
0 2
21 -8
-5 -2
-6 -33
-22 -120
12 -52
4 58
18 34
8 -84
-21 -59
4 15
5 22
-4 -17
6 -19
4 -40
-3 6
1 52
24 41
-1 4
-2 -45
2 -5
3 41
3 -19
-6 -45
-5 -11
-4 -20
9 -45
-1 -7
27 -68
0 21
-18 -16
-6 -18
0 16
-4 37
-8 7
-3 -80
6 -12
18 7
1 9
-8 8
7 -46
17 -92
9 22
-4 -8
-22 -4
-24 -6
-7 -27
16 14
23 2
-4 -16
2 -28
-15 -18
-4 -22
23 14
-5 32
-9 -59
5 -70
16 57
0 24
2 -12
3 -19
6 -12
28 37
-7 0
-13 -142
23 -5
-4 -21
9 -56
20 -26
1 37
-20 -139
0 -33
23 -25
-15 -56
1 -28
-16 14
8 13
-3 -21
-7 -12
17 -11
-2 22
-9 -32
5 -13
-5 -39
9 -34
14 19
6 23
-12 0
-19 -14
0 -17
12 32
-9 -24
23 -15
7 12
-28 5
-3 -28
-19 -8
0 25
37 -18
43 -74
-21 15
3 20
-4 4
-18 -31
11 -19
21 -4
20 -49
-1 -40
-32 -18
-11 17
23 -18
17 5
-24 9
0 4
37 -13
3 -87
-12 -33
8 45
26 5
-24 -34
-3 -21
-13 -30
2 -13
15 -44
31 17
-4 27
-17 18
-17 -11
2 -2
22 -30
21 -54
6 0
-8 4
-20 -20
24 -18
-8 16
-9 0
0 -29
-9 -6
-6 -44
27 9
18 30
-2 0
4 -95
24 -1
15 13
20 -18
-7 0
-15 -14
12 0
6 -9
0 -27
-3 -29
-2 -21
-3 -13
47 -10
19 -27
-9 0
-19 21
9 -64
15 -17
5 39
-3 1
-20 -37
-6 -15
-2 -40
1 -12
-3 20
18 -5
12 -6
-1 -5
0 -24
2 1
9 -19
23 -61
-18 0
-33 84
6 -41
22 -87
-36 -61
-18 25
13 -7
12 4
31 17
-1 23
-5 14
-13 0
-5 -35
0 -25
-3 -7
9 12
14 -2
7 -25
7 -32
0 12
1 -56
-20 -93
-9 39
-10 2
-8 2
8 -14
-5 -35
5 -8
2 -17
-2 3
14 -25
-6 53
8 -33
-6 -27
-17 -29
-12 -5
12 9
-3 -4
21 -13
4 -15
5 -16
-5 -60
-11 -21
-4 12
9 20
-14 3
-1 -15
22 -33
22 2
4 -34
0 -83
5 -35
8 37
6 18
-30 -8
16 -47
-3 -48
-15 18
0 25
-11 18
-10 -12
29 -41
15 -8
-1 -17
-2 -20
-8 -8
-5 -24
-11 32
12 24
28 -21
5 -56
-1 -23
13 14
31 -2
-21 -47
8 -19
0 -55
-8 9
7 15
-15 19
-19 -16
21 -11
36 20
-2 -43
-32 -10
17 5
11 -18
-8 -15
-1 -26
0 -36
7 -21
-16 -41
-3 9
-9 19
3 -43
7 -44
18 -63
8 -13
-7 -6
-10 2
0 3
2 2
13 13
3 -19
11 -27
2 -45
4 -11
-5 4
-5 14
11 -33
-18 -24
-12 -11
3 -32
-3 -2
1 -9
-1 -8
-11 -5
21 0
22 -35
2 -14
-37 35
-3 -30
11 -104
-16 13
-18 51
4 14
5 -36
-20 -28
-20 -47
16 -27
22 37
0 58
-4 16
-1 3
8 -43
-18 -29
-4 -5
9 6
24 15
3 -24
-16 -35
-25 -23
28 -38
14 6
-22 17
-12 -16
0 -42
-5 -18
-5 14
1 -1
-8 38
-3 4
-9 -101
35 -76
-20 41
2 71
15 49
30 -2
1 -19
-8 -29
-5 45
-9 28
-7 -48
-7 4
19 -7
2 5
-25 17
-1 -8
14 -22
4 -8
1 9
3 19
18 16
4 2
13 5
-15 -31
-27 -46
-14 -2
11 15
31 17
-7 30
0 25
0 -9
-12 32
-5 -48
-7 -114
18 -11
9 43
-11 30
-19 -8
2 -32
3 42
5 16
0 5
-3 6
24 13
15 25
0 5
0 -2
-29 -66
11 -29
12 -15
-15 17
-22 12
-9 27
20 -65
17 51
-3 58
-20 -44
1 -30
1 18
7 -1
-1 0
4 15
8 36
-16 -2
1 17
0 9
1 46
8 -6
5 -87
6 -62
-16 -17
-9 25
-5 53
15 -3
14 11
16 31
-8 19
3 0
-11 0
-10 5
26 5
19 -10
-16 -52
5 -26
-2 -4
5 -2
14 47
11 74
-5 18
5 -32
8 30
24 41
-11 -73
-19 -55
18 7
6 14
0 -2
5 -24
-4 -9
-12 27
-4 38
-9 -68
-3 30
3 -25
-3 40
21 22
-15 -15
-9 -16
16 -78
8 -1
-22 26
29 29
-3 25
8 0
0 -41
-5 -21
11 11
0 32
-4 34
7 22
19 30
-5 12
-4 -42
5 -40
14 9
6 3
7 13
16 32
0 -22
27 -63
9 14
14 42
-22 45
15 24
-17 -39
0 5
6 -15
16 18
-15 24
1 -33
5 13
27 7
-9 4
0 -22
13 6
12 21
0 -26
-26 -22
-2 5
5 13
1 15
0 4
5 -24
24 5
-21 56
-13 -1
-22 -32
-12 -13
-5 32
-3 4
6 -30
-8 -18
-5 16
31 7
35 -14
-3 -16
3 6
0 25
1 69
15 19
-17 -30
1 -2
3 -46
-1 -13
13 29
2 -13
-8 -26
-25 1
-2 24
14 9
29 25
6 -62
-16 -34
7 18
0 32
24 38
-12 4
-12 17
-24 38
2 0
18 -39
-13 -47
-22 13
-3 48
5 41
26 -12
7 -18
-13 -39
-4 1
9 24
9 25
-2 0
-6 16
-11 -26
-19 5
26 -72
12 -36
-17 26
-4 17
29 16
-3 17
2 37
-9 11
2 -24
-11 15
0 1
-20 9
2 34
2 19
9 15
43 -25
2 -31
-29 -23
-37 15
0 6
-2 0
2 -6
-7 44
-11 -3
-2 -9
30 -11
45 -1
3 -13
0 -4
15 54
-7 48
-12 12
-20 1
-11 -9
20 -10
20 0
17 19
6 2
-4 13
3 5
0 -17
8 19
-31 -7
-13 -38
12 -16
0 -12
11 2
-15 28
3 -20
1 -13
-1 25
-6 -18
-27 -11
-12 2
24 4
22 18
-8 6
-8 0
2 9
35 1
2 6
12 41
-15 14
-14 -43
-1 -78
-1 -71
13 48
12 70
-3 2
-9 36
9 -20
30 -5
-12 -7
-25 35
-12 41
20 2
-3 -1
13 -31
11 0
11 -80
6 -36
-3 69
3 21
-17 0
-4 15
2 29
0 0
-5 -26
11 -8
11 9
23 3
3 25
-6 -10
12 3
-2 -5
-11 8
23 -50
17 14
-32 37
-6 30
16 -9
1 -20
-10 49
-10 1
12 1
6 -101
-13 13
-27 -24
-15 18
19 -20
35 -9
-6 24
-5 20
-5 4
0 0
13 11
4 1
3 2
9 -16
15 -66
-20 0
-10 -5
-21 -5
21 -42
17 21
-18 22
-29 -6
0 -23
20 32
-23 29
17 -14
0 -38
-24 -21
30 -17
22 8
-9 19
-3 20
11 29
0 26
-8 -25
-10 -6
-4 9
0 11
13 -23
4 9
-25 -9
-4 -1
15 34
-2 6
-1 -40
-5 -15
38 -12
-7 11
-22 28
9 19
-8 1
-18 -32
-15 3
8 62
1 -20
3 -5
-10 -17
13 -17
7 17
-1 27
9 -19
5 6
8 9
-3 -31
-8 -10
2 33
-8 30
0 5
20 -40
-11 -59
-10 -1
12 13
29 -2
-3 50
-9 50
-13 11
11 -35
1 -72
-3 -42
19 23
-3 32
-12 44
-12 -14
35 -7
3 4
-22 26
-5 -25
14 -23
11 22
-24 14
7 -11
9 -11
5 -10
-23 16
24 -61
0 -12
-2 43
-6 69
3 -28
9 -2
4 14
2 1
5 -38
-4 -27
0 46
-5 -2
-3 -28
30 16
16 28
-28 -15
-21 0
5 0
1 25
27 22
-28 24
-31 -3
-4 -9
8 0
17 -30
8 34
6 -11
11 0
1 3
18 4
-3 31
13 18
-13 -57
-3 -40
-8 5
6 27
19 54
-16 -1
2 -9
-18 21
2 11
0 -12
-14 -53
3 47
28 33
2 -25
1 3
12 11
-15 -15
11 17
2 -13
-7 -8
19 6
7 7
-1 14
-3 15
8 3
8 -17
-19 -51
12 -18
11 -21
-23 23
-2 46
7 49
2 -70
39 -29
-2 20
-44 -12
-14 6
12 11
9 -12
22 -35
11 -17
5 51
-29 42
-16 49
18 38
15 4
9 -13
-6 -19
-9 9
-1 23
14 -36
8 -5
8 31
2 -18
4 -12
6 -4
-28 7
-39 -3
7 4
-8 7
8 16
6 -18
15 -19
-10 -4
28 -6
4 7
0 3
23 15
-10 -16
-30 4
13 2
32 -10
-1 -15
-35 1
-1 2
20 0
3 20
-13 5
-14 3
36 5
12 -9
-20 0
5 0
16 -6
-15 -14
7 -2
0 2
-16 -20
-12 -11
12 -8
11 25
-4 -1
-21 -9
1 -4
2 38
11 11
-7 -16
2 3
27 11
-8 0
-1 6
4 -22
-11 -4
-21 -1
14 0
-2 -22
-11 -6
8 11
9 16
-7 4
6 -8
5 8
-34 -10
31 -44
22 1
9 25
-2 -17
-14 -3
-8 -5
16 22
18 18
13 32
-13 -4
-16 -4
-3 6
12 8
1 -5
-4 -21
0 -9
-4 -2
13 -23
11 -3
-6 11
3 8
-2 23
15 19
-8 0
