-10 -44
-20 -21
0 4
0 27
14 67
2 92
11 31
-14 81
-5 30
7 -139
4 -128
2 -80
0 56
-3 77
35 -17
1 -89
-22 -26
-14 -17
20 33
13 58
-7 52
-23 58
-4 -109
-1 -67
13 -61
-3 51
-2 81
1 2
16 -73
0 -27
-2 76
-18 63
19 -32
4 -57
-9 -63
5 -40
-24 20
-2 -37
9 43
6 65
2 8
-5 -37
8 -19
-19 1
-27 -24
-12 0
29 -50
-5 -31
-8 30
-14 35
-11 -12
13 -41
0 -38
-8 -12
6 19
0 97
5 -12
0 -137
-12 -1
7 78
13 18
-10 -5
-24 -6
21 -74
0 -27
1 -8
-12 7
-2 -4
12 47
-1 -14
14 -33
-2 -17
-4 18
24 -34
24 -58
-63 -18
-7 -2
14 -2
5 -17
-10 3
-15 6
25 -73
13 98
15 40
9 -42
7 0
-9 -42
6 -40
12 20
-6 -71
8 21
8 8
-1 -34
16 -7
3 22
3 7
-2 -18
-2 38
3 -22
-1 44
-8 -22
-21 -30
2 37
29 20
11 36
-8 1
-3 -182
13 -57
17 30
0 14
-1 -7
2 13
8 41
-28 -83
9 22
0 30
15 -32
-13 3
-1 -34
8 -43
-5 14
-8 -25
15 -18
3 41
3 -9
6 4
-1 -19
5 3
5 -7
-5 17
17 -6
2 6
-14 -72
19 0
-15 -30
-21 -1
27 -41
35 29
2 31
-1 -83
-5 -8
-19 11
-7 15
26 39
5 9
11 -5
-31 13
-8 -82
11 -17
9 -41
-1 32
11 7
-10 -37
8 -22
4 77
41 45
-8 -18
-44 -55
19 31
5 31
8 -75
0 -43
3 -26
12 -2
0 -18
6 44
6 56
-15 17
13 -31
-29 13
-2 29
2 -52
23 20
-17 42
-6 -74
7 -90
-19 -12
5 39
-2 -10
4 2
8 4
8 22
-7 -18
16 -79
-5 -13
13 2
8 -46
-1 -5
-8 30
3 8
11 -7
6 -15
15 -18
-24 -32
-11 -19
12 46
-3 46
9 44
4 -97
-5 -35
-6 -124
-11 5
34 52
-20 1
2 74
19 -77
15 -51
6 2
-9 67
-30 0
-11 -4
4 -12
9 -21
13 -26
-20 -52
3 -30
13 24
13 -6
8 21
21 -8
3 20
-8 -48
-8 -56
0 59
-3 -2
-9 -44
12 -17
8 -27
3 27
-8 19
-4 -39
12 -28
-12 21
-10 19
-6 -76
12 0
6 6
-6 73
16 28
-15 -97
20 -115
24 -32
-4 20
-18 71
-3 51
-18 24
-6 -108
-19 -40
-14 15
3 48
2 3
12 -6
-2 26
9 -130
-15 -41
0 0
1 21
18 33
18 -7
-30 -6
-13 -43
-14 -1
12 12
18 4
-11 -32
11 -74
-9 18
-9 5
24 11
3 -3
11 11
9 -3
-14 -2
-14 -5
11 -113
-5 19
1 52
0 6
6 37
0 -6
8 -38
-33 -49
17 29
5 -31
-1 -52
12 6
3 -6
-5 7
-5 6
-7 16
16 -13
5 13
-5 45
13 -19
4 -61
19 -79
-27 8
-3 9
6 3
19 7
5 2
-4 -22
-4 34
5 76
3 -48
-5 0
-4 -32
7 -9
16 -35
13 -36
-7 28
-6 50
4 -44
-24 -32
23 -23
-1 -70
0 -22
17 50
-31 -4
15 6
-7 30
13 -70
-23 45
12 43
24 -4
-24 -39
9 -14
24 48
-8 -72
11 -50
24 35
12 44
-19 6
-46 -11
0 3
1 -16
11 17
-6 -27
-5 -36
0 27
2 22
11 -33
1 -37
-7 -59
4 54
1 56
-5 -17
-5 -28
-5 -15
-9 -1
3 8
0 -34
-8 19
-6 9
25 -66
11 2
6 38
17 16
1 -49
-20 -27
-12 -15
0 -26
16 13
-3 6
-20 0
-5 12
16 8
7 4
-20 15
8 14
3 -56
13 -22
6 20
-3 27
-20 -30
-16 -97
-21 -13
-12 -17
16 37
-19 -13
24 34
1 -3
-6 -46
-9 -7
-1 -36
19 47
25 47
-15 -16
-31 -84
-10 -13
-16 44
7 11
27 -8
4 -29
6 -15
-9 0
-2 31
18 22
4 -18
0 -22
15 24
-27 -13
-25 -42
27 -64
33 -29
28 35
14 2
7 12
-34 18
-13 -65
13 9
1 26
0 -9
-10 -6
-2 5
-14 15
-7 -14
5 -80
11 0
5 33
2 12
0 -11
-9 4
4 -23
12 4
-10 41
-4 -7
0 -29
18 -72
15 23
3 18
-7 16
-19 0
-3 -135
5 4
4 18
-2 -5
1 7
-6 3
15 -14
-10 4
-11 6
-3 -13
7 3
6 -20
-13 7
-1 -4
3 -13
8 -28
-11 4
4 13
7 -21
19 3
14 1
-2 1
-1 -35
1 -26
-4 18
1 24
20 -1
9 41
-11 -104
13 -56
-41 -33
-24 23
52 1
23 -52
-18 8
-11 30
-19 -9
-1 -45
20 12
3 26
11 -16
-7 -30
-22 8
18 26
19 -75
-8 -32
-5 27
32 32
1 43
0 21
13 -45
-22 -16
14 -29
26 43
-4 -48
-49 -43
15 12
53 -5
12 4
-35 -24
-6 -20
-20 12
-17 -4
47 -17
2 32
-8 34
45 -103
-13 9
-8 54
3 42
15 -21
-14 19
2 -7
22 -96
-50 14
-16 0
3 29
0 33
31 -16
2 1
3 -64
-3 -11
-12 28
26 24
-20 -9
1 4
41 16
4 -115
-9 8
-22 6
-1 -6
12 9
-12 -7
-1 3
17 -9
18 13
-25 -15
-41 -80
3 30
44 11
-13 -30
-9 9
11 6
15 6
6 -27
-3 -35
-28 -5
-17 50
-38 -6
25 -101
37 -17
-5 23
34 9
12 -32
-29 -41
23 38
-16 -5
-28 13
-8 -5
-1 -6
2 -36
-27 -52
3 18
20 -36
1 -58
16 22
22 0
18 -16
-12 8
-15 -18
-8 3
24 19
7 23
-28 -3
5 -24
19 -57
35 34
-22 22
-33 29
-13 -51
15 -41
-29 -15
-3 37
31 -11
2 25
-22 -18
36 -23
-7 -33
18 -12
-5 -5
16 0
-6 17
-10 16
-3 -5
2 -8
22 24
6 -4
-1 5
39 -9
30 -5
-45 14
-19 -47
18 20
-7 -66
11 -22
59 20
-6 27
-27 14
-25 41
11 -11
-2 -81
8 -1
-9 17
2 4
-2 9
-9 -19
14 -11
13 1
34 -18
-8 5
-26 33
-15 -24
-1 -1
42 5
11 1
0 -40
-17 -32
0 41
0 -17
-15 -43
8 -12
-1 -85
13 -44
-16 50
3 -4
1 -20
-4 -29
4 22
59 -2
-24 6
-29 18
-17 6
49 -9
6 -48
-40 0
-13 18
0 -19
14 -29
7 9
-10 52
-7 -22
30 21
-24 20
-8 -26
11 -38
3 -23
3 -32
-1 9
-24 14
-23 -31
24 35
32 -40
11 -25
-23 -16
-6 -25
4 -9
5 7
12 -1
-4 -12
-17 -9
-8 34
22 3
14 -13
3 -72
0 -56
-10 11
-15 35
20 -9
18 30
-5 -14
-63 -39
0 13
22 -41
17 3
-5 16
5 6
31 14
-8 4
-16 -65
4 -43
3 -8
-2 36
20 41
36 -12
-14 -40
-14 12
-20 -4
29 -43
42 -17
-29 -18
-30 60
5 -33
-3 22
18 -43
-9 -32
23 -26
-6 14
23 -2
7 -47
-2 5
5 -60
14 6
-7 -14
-30 -19
-15 22
-50 13
15 -26
19 -2
-12 -60
12 15
19 43
-5 -41
-5 -9
6 32
27 5
23 -117
16 -38
-20 29
-19 42
-2 19
3 -22
4 -56
12 -22
8 13
2 17
-6 5
30 -1
-20 11
-30 -32
19 -34
12 -23
13 23
-3 14
-15 -52
11 -37
11 53
-7 -29
2 -17
20 7
-7 32
-11 20
2 16
9 -69
27 -35
1 -36
-16 -4
-19 22
2 -3
18 -57
4 0
-32 18
0 0
29 23
-33 8
-5 16
17 6
-10 -46
41 -14
13 29
-53 0
-27 15
25 34
-4 4
3 -13
13 8
24 14
-36 36
-13 0
6 -33
23 36
8 9
-7 -37
-8 -16
-6 12
7 -9
1 39
11 32
0 -18
22 32
-16 15
-18 -26
2 -3
-16 7
-2 36
52 -2
17 -64
-24 -20
22 37
-31 28
-25 -18
12 55
43 6
9 28
16 24
13 23
-7 -39
4 -11
-22 -19
-58 23
71 -39
27 -16
-36 37
-39 42
-9 -50
24 -47
22 15
16 6
-2 15
-29 13
11 42
28 1
11 13
0 30
-2 12
13 51
31 -52
17 -64
-20 4
-3 9
-1 41
-17 9
-24 27
16 8
25 17
3 37
-3 32
0 -16
28 -44
50 23
-5 20
-20 -25
-18 -11
18 -12
5 24
-9 75
-9 36
6 -73
17 0
26 60
-6 25
3 13
19 -19
-19 5
0 7
14 36
-13 28
-23 -49
-2 -39
32 25
19 14
15 13
11 -13
0 4
-25 -20
12 60
5 78
2 8
-8 -23
28 -43
1 32
-29 -37
9 2
4 -9
13 9
1 13
4 27
-7 -32
-7 -5
41 -8
-15 6
-14 -3
-9 0
7 15
5 0
-8 19
-11 -9
-8 6
30 44
5 14
-23 -32
8 11
5 -6
0 -4
23 18
-4 -6
-17 11
17 -40
41 -7
-9 40
-14 56
-9 1
12 -32
9 -9
-18 6
-7 26
-23 12
3 18
13 27
4 -2
21 0
7 -110
3 -19
-3 50
-13 21
-38 28
3 -13
5 12
-4 8
3 -23
22 6
17 17
-12 17
3 5
0 4
8 28
-7 -3
-3 -19
-22 -38
15 -7
15 49
19 46
-9 -3
-8 17
27 11
-23 -22
3 4
0 50
19 -4
0 -8
-18 -39
-31 -1
5 4
4 -15
63 8
-5 -7
-33 5
4 30
1 26
-28 39
-2 -22
9 -46
-2 -8
-7 29
5 30
1 0
-6 26
1 9
22 -2
-13 2
18 -10
23 13
31 20
-26 19
-29 -6
3 50
11 2
35 12
0 3
2 19
-17 -21
-3 -32
7 26
21 29
5 6
20 11
0 52
-19 19
0 -13
-1 -41
6 -19
1 16
12 33
-8 -19
7 1
-3 6
-6 35
6 35
19 3
6 2
-28 -2
16 5
11 -15
4 18
-15 6
3 15
-8 -6
-5 37
0 -7
-13 -39
-3 34
0 40
0 -9
-4 9
-6 -23
2 -2
-5 28
46 -22
-23 -26
-1 17
6 -1
1 15
4 18
-3 8
-20 -65
-8 39
8 0
8 -13
7 3
-4 37
-5 1
-17 -37
11 35
37 -17
4 3
11 18
-18 -25
-22 -16
20 59
14 53
6 -115
8 -2
3 40
-31 13
-21 28
15 22
27 -8
9 43
-15 -16
6 -28
-4 -25
25 31
11 -21
17 -9
18 21
-13 -1
-14 23
1 23
-20 -46
-3 -21
24 51
0 20
12 -25
-9 -65
-7 38
-1 31
-4 37
22 -23
-1 0
22 14
21 18
-49 -6
-39 30
20 -81
5 9
22 4
-2 -13
0 34
2 37
1 21
8 -1
3 -18
8 -27
-7 -14
22 51
1 -29
-11 -9
-5 -21
12 -12
11 -13
9 45
-7 -6
37 -27
-10 -39
-9 37
5 55
12 -17
-18 -11
9 35
4 41
4 -31
-5 -46
-11 -55
12 32
15 24
2 24
3 13
6 -30
6 0
-11 -18
-2 33
18 7
-16 55
19 14
-26 -102
4 30
-21 40
6 19
-7 8
-3 -8
5 0
9 -4
1 -19
-12 -13
-3 59
2 -6
-3 5
15 -24
14 -10
18 34
-18 37
-4 -9
7 -38
-3 27
-16 45
-19 -19
18 -29
-5 -13
-13 -2
11 2
20 81
-4 -22
-10 -26
0 -5
-11 16
-5 42
36 -52
26 35
-2 0
-23 50
0 30
0 -64
15 -10
-2 -5
0 16
-17 37
-5 -29
17 -26
5 4
0 9
-30 8
-16 19
-3 19
8 -71
16 24
7 -20
-13 2
-10 46
1 24
16 -14
-5 -27
-2 3
0 7
-10 -6
1 11
16 5
-9 72
-10 -43
15 -24
2 22
23 12
0 18
0 49
6 -14
-9 17
-4 54
1 31
-5 -26
-21 -54
-9 -11
27 13
0 -3
9 0
14 6
-9 14
-21 -1
-41 15
2 -9
31 16
12 27
-10 66
-3 24
-10 -98
21 -2
-5 8
24 1
46 3
-40 20
-53 30
6 29
22 0
2 18
11 15
15 31
-31 -16
-36 -101
12 -46
24 36
-4 51
-9 25
-6 33
-4 -5
14 -6
7 -12
7 9
-10 28
6 -7
25 0
-16 -5
0 -67
-3 -11
-21 2
-24 5
24 58
37 17
-4 -39
-9 -31
-6 33
1 23
-16 5
-4 7
12 25
16 -51
5 -1
8 15
0 0
-49 49
-3 -45
31 -57
12 19
8 72
-29 -21
-23 -55
2 -11
-10 17
26 25
31 -5
3 -20
12 -3
-38 8
-23 18
15 25
21 -7
2 0
7 -6
-9 -41
-3 53
-1 -51
4 -11
-6 9
21 24
19 9
11 -10
-7 -1
-9 -58
1 24
-7 32
9 4
-8 17
0 7
-21 -8
18 0
13 -14
-11 25
9 11
16 33
3 20
-3 -30
8 -50
0 -40
-5 22
-24 44
-2 -19
6 -14
29 35
-31 0
-8 13
8 26
4 -10
-2 -5
17 27
-8 4
-7 21
2 -110
-2 0
-12 62
-5 6
11 0
16 -24
-7 19
-6 23
9 25
-1 30
-1 -50
-12 -75
4 63
-10 21
-11 -1
15 19
7 -14
-29 26
17 38
-29 1
9 0
19 -25
-2 34
1 29
-1 0
-3 -104
11 -34
-2 93
12 18
-5 -11
8 30
-2 23
0 11
3 -6
2 66
-4 -35
7 -41
0 34
-1 -35
19 -88
-4 19
7 31
-13 -46
-9 87
15 -18
11 46
-10 22
-9 15
0 12
9 0
22 -46
-9 29
8 16
5 -25
-2 -14
38 -4
-4 36
-40 18
1 -3
5 20
17 13
11 -8
-28 -17
1 37
25 9
-1 -68
-35 12
0 36
-3 24
43 -51
1 -25
-9 35
16 48
6 2
-32 19
-6 27
29 13
1 -4
-9 -27
-5 -5
12 -5
17 -1
11 -9
-11 -12
6 31
7 14
-1 -38
-24 -45
0 18
0 31
13 -4
9 -27
19 13
-18 0
-1 20
6 8
-10 34
14 -30
3 -21
0 46
9 21
8 -35
-8 -23
-9 4
11 23
11 15
-17 5
-23 1
11 -9
13 13
-20 59
-8 -38
16 -85
17 0
0 23
0 24
3 22
-6 20
25 4
26 -10
5 8
-28 -16
-8 23
7 -5
7 -7
6 4
-21 12
-6 20
19 4
-1 -25
17 4
9 40
-10 28
-9 -5
-6 44
16 -4
6 -59
-16 -45
-10 -4
3 3
-2 26
-6 13
3 0
5 17
7 -9
-1 -15
-22 33
-3 45
29 -3
-1 -13
8 3
-17 0
-7 -20
14 3
3 17
9 4
-11 -8
-23 41
1 14
8 -3
0 -32
13 13
17 8
3 -1
-21 25
-27 1
9 33
6 -22
16 1
22 -1
4 2
-29 6
-8 16
3 17
20 -27
-3 -28
0 16
0 24
-7 1
-17 0
8 -13
22 0
8 28
6 -1
-16 40
14 33
-2 4
11 -10
1 -12
-17 1
38 0
-17 27
7 17
22 17
6 9
6 -15
1 -33
-3 13
-8 4
4 -3
1 0
3 44
2 8
2 5
9 34
23 -29
-6 -7
-9 25
-2 -9
4 2
-9 -12
-6 18
42 6
0 -52
-7 5
-3 22
-12 16
29 8
-27 15
-5 -11
6 -3
-18 48
-13 -64
-10 -16
6 48
21 20
4 9
-12 -6
-13 -31
3 -19
13 20
0 1
19 1
11 2
7 13
0 1
0 7
-9 -45
4 -21
11 20
3 44
-5 9
-21 15
24 22
-4 35
-2 8
28 -53
-9 4
7 -31
8 19
0 14
-3 16
5 -36
3 9
-3 26
-18 8
-9 16
7 -14
6 31
-10 16
9 7
7 -29
1 -22
-19 23
32 -42
11 20
-14 19
-12 27
-3 14
-7 -19
13 -6
12 8
1 31
2 39
-7 -1
7 -3
5 0
-14 17
-4 -10
-11 -40
1 -39
0 -2
-1 17
5 55
-8 3
2 -17
-7 -15
-4 20
11 12
-3 -24
11 -56
-26 6
14 28
23 29
-12 8
0 -29
-9 -20
-1 12
-4 3
9 34
-5 26
-31 -2
-3 39
74 3
8 -51
-36 -29
14 18
0 36
-2 -14
-3 -9
14 1
-15 5
-2 13
9 -5
-2 29
3 -13
-4 -46
13 51
26 1
7 18
-14 17
-24 -24
-9 -39
16 31
-10 16
-3 13
-3 2
-2 13
0 37
0 44
24 -138
13 -20
0 61
-2 -36
1 -36
-17 32
12 -1
20 32
-7 33
-12 -108
-5 24
-1 37
17 7
4 -27
-15 9
2 -17
11 -15
5 47
-22 -33
0 -36
16 26
0 20
-11 9
2 8
18 33
4 -14
-8 -16
-17 44
4 -21
22 -16
-1 5
-34 -3
19 -13
19 16
23 26
0 0
-1 -4
0 -11
-4 4
23 -31
2 23
3 49
-4 -9
4 -16
11 34
7 13
-2 18
-3 3
-13 9
-12 -28
5 38
0 20
11 -11
9 0
-15 -23
-3 0
24 -5
8 9
-2 3
-7 8
18 -4
4 -8
0 25
0 30
1 -14
-5 44
-11 35
7 -49
-13 -14
4 1
22 -9
-1 -43
-10 8
5 0
18 47
-6 26
-8 35
24 13
3 12
2 -3
-7 -44
7 -6
-1 -16
0 32
8 39
-1 23
-5 11
0 18
2 -10
-15 13
-2 36
-7 -15
0 -35
13 15
6 -3
24 37
-5 -4
-22 -23
-2 -7
28 20
7 38
25 -2
-7 18
5 -22
-1 -23
-4 2
-8 22
-7 37
22 -7
22 18
-3 -40
-13 -5
12 17
-7 -12
-29 3
0 -4
37 -1
-12 11
8 48
2 -42
0 30
2 -12
11 -14
16 16
-7 17
-4 44
-13 -11
1 28
11 12
-1 16
-2 -25
18 34
0 -4
8 -49
4 32
-21 -1
-17 5
17 11
23 -12
-9 4
-13 -35
6 16
1 18
5 20
-7 24
-22 -18
14 -37
26 39
1 12
-4 -9
2 23
11 34
-3 19
-17 -38
22 -45
-6 6
-2 13
11 38
30 7
-7 -41
-35 -10
0 51
7 -27
28 9
4 27
-13 13
-2 12
4 7
4 14
2 50
6 -84
2 -68
-2 67
-15 40
-1 -53
-1 4
-16 55
-15 -30
27 25
17 22
-13 -8
8 -8
0 -28
13 17
4 8
-5 5
-17 -12
-17 34
-4 -18
15 -16
-2 -16
18 16
23 -2
-21 61
-4 -58
4 -66
11 29
7 -7
-27 29
-1 23
0 -48
4 1
-6 9
0 5
5 38
12 29
-17 -11
-13 -43
13 -61
9 35
3 54
-5 12
-7 -24
-5 -11
13 23
-4 23
6 33
11 0
-3 -66
0 -5
26 34
13 20
-26 20
-7 -29
8 -10
7 -11
-8 -1
-5 20
2 3
-4 38
11 -24
-2 -12
14 -44
-14 13
-11 28
0 -31
8 12
1 30
0 -14
-3 -41
0 17
6 34
8 -26
-14 -18
-20 11
22 35
39 40
-18 -63
-31 -8
5 6
18 14
4 16
3 22
7 5
3 -1
-11 36
7 29
0 -6
4 -13
5 15
-7 50
13 -76
19 -39
7 49
-11 0
-5 0
-4 13
9 -8
3 13
-6 -5
3 40
22 38
2 2
-3 -47
-12 30
0 -18
8 -11
5 0
-9 9
19 -3
-6 42
-19 -26
-9 -8
9 -9
-14 -7
-9 39
31 16
22 8
-1 28
-35 12
-10 0
15 28
-12 -8
2 0
3 11
-10 22
-16 31
-2 -3
17 12
16 -52
9 -51
5 58
-26 57
-1 -3
22 -39
4 -19
-8 -32
-7 4
-3 40
1 1
15 17
9 5
-4 -4
17 -12
0 8
-3 30
0 31
9 18
2 -15
-6 13
-9 -53
2 -71
0 29
1 44
11 31
-9 33
17 7
-10 19
5 -27
-5 -7
6 18
-1 29
6 -4
9 -7
7 -9
-8 50
0 -94
11 7
15 54
4 57
-7 -11
-14 16
2 22
-2 -33
-9 -31
23 36
-1 -43
-5 0
-12 39
-10 37
16 15
-11 -8
-4 -10
-2 14
5 -13
5 -45
1 17
-20 18
11 -47
0 -10
12 -16
-20 -1
-13 63
27 -9
9 1
-11 22
-6 16
-3 19
14 0
5 0
-25 -1
16 12
5 -5
-15 -9
6 64
14 72
7 -58
-4 -73
-1 -102
-1 5
-9 47
13 42
7 27
13 21
-14 18
-6 42
-4 -9
-7 -54
17 -49
8 -12
-9 33
-7 -16
0 -18
13 22
28 35
-40 64
-16 71
37 16
1 -27
-7 -26
-11 -23
13 -6
1 -53
-2 -1
-3 21
9 -36
19 35
-34 15
31 41
23 49
-1 -28
-15 -66
19 -53
-2 30
-16 -3
-18 11
7 29
6 50
-4 -3
15 -64
11 -48
-10 46
-2 68
-9 5
0 -31
1 -121
-10 -12
15 49
22 58
-8 45
-3 -14
14 -11
5 -23
-26 26
11 31
24 31
5 0
-23 -39
-8 21
1 -6
3 -55
6 -14
3 -7
2 -19
3 20
-18 26
27 21
20 1
-21 5
-8 79
9 59
-2 -112
-11 -60
-10 45
6 12
-1 -18
-13 -19
7 -7
1 22
-1 -42
-4 -11
4 17
-3 27
-10 -12
-27 -68
31 -26
13 0
3 82
16 6
-24 46
-9 0
17 -20
5 27
9 58
-3 -119
-22 -37
1 67
16 53
22 1
-2 -26
-7 -10
-9 37
14 52
16 4
-7 5
-10 5
13 32
-5 -125
-11 -91
15 20
21 69
25 57
0 -1
9 20
7 0
5 -11
9 31
-6 -47
-16 -15
18 19
7 14
-6 15
17 26
20 -4
-9 11
-8 0
3 13
11 -5
3 -1
-20 6
-13 28
15 -23
18 34
-16 7
-16 21
5 11
7 -41
12 -5
1 14
0 52
-11 49
-1 0
22 -124
-9 -52
-14 55
12 123
3 -46
5 -30
9 33
-5 13
-4 3
0 3
-3 2
1 4
0 -12
-6 23
-2 6
12 -22
-12 -47
21 4
0 19
-21 6
-12 38
36 24
6 0
-6 15
2 5
22 23
-4 -14
-8 -10
-7 -4
6 -33
-2 23
2 34
0 15
0 -32
-16 -57
25 50
6 46
8 9
-20 4
-23 2
6 44
2 -21
3 15
-13 -1
-21 4
4 9
25 5
6 4
9 -8
15 54
-13 33
0 -13
-10 -103
-19 9
2 39
2 26
18 20
-5 0
-1 -19
-11 35
-4 13
20 -43
24 -3
0 41
-10 21
21 49
5 -58
-11 -91
4 17
2 38
-1 21
15 -4
-12 -26
0 3
-2 12
-1 5
8 -30
30 0
5 2
-14 23
-3 25
-3 -4
-2 13
17 46
17 -24
9 -78
-18 31
-6 24
2 7
23 -14
6 -11
-10 0
28 -24
-15 47
-18 20
-11 54
1 41
7 -24
-11 7
18 -2
30 -30
-7 -17
-12 56
1 -9
15 -75
-3 51
-5 -20
22 -31
7 55
-37 91
3 -19
31 -62
12 -53
-2 50
-10 118
0 -47
20 -91
5 0
-45 48
4 34
9 -17
-9 7
43 2
-6 13
-7 0
-7 7
17 -39
3 13
-4 28
3 -3
-18 16
4 -9
-13 1
7 18
5 1
-20 35
-13 -21
12 -23
5 -7
13 6
-28 -5
-11 2
19 45
-4 0
-12 -36
7 -11
19 39
18 2
2 -12
-8 0
-7 2
22 3
0 -17
6 34
1 31
15 33
9 -11
-4 28
-3 20
25 1
-18 -34
-26 6
-17 24
-3 -15
16 -8
23 32
19 -8
-9 22
-14 9
20 -2
-9 -3
0 16
-7 18
-1 -17
-15 -37
-60 0
-21 38
26 0
19 -12
15 13
17 5
-7 -6
-10 8
8 18
16 27
2 15
-34 -12
4 -10
13 -15
7 -11
-4 3
1 29
-8 9
-18 23
21 9
8 -9
-2 25
-9 23
-5 32
-8 15
-3 9
65 -58
24 -44
-3 5
-16 13
-4 14
2 -4
-22 23
0 5
-1 14
11 32
15 6
-6 -20
-3 24
16 -21
-9 -28
-16 8
-4 30
3 -18
0 -3
5 3
-1 18
8 24
7 -14
-20 47
-20 24
51 -2
12 -9
-21 -13
13 -47
-16 -13
-16 44
26 -10
2 17
9 34
7 12
-18 18
-17 -16
19 30
16 64
12 -47
20 53
-13 167
-3 -14
-26 -144
14 -104
6 -57
-10 35
0 42
29 80
-4 46
-4 -20
11 68
-8 50
12 16
24 -24
-2 0
-26 -9
0 -98
-7 -70
-8 -32
-3 33
13 52
17 37
-4 18
-15 -9
5 29
31 6
-1 -71
7 57
-1 31
-16 0
-3 155
-2 15
3 -112
11 -45
-34 89
-2 110
26 46
-3 -50
-16 -37
28 -50
15 -7
-2 48
-5 -32
-9 26
5 -5
-20 -74
-8 -44
9 97
27 18
16 -64
-19 -52
-3 -29
0 -22
14 76
5 74
-5 64
-10 104
22 16
12 -27
-7 -143
-13 -84
-13 51
21 111
26 34
15 -7
-20 -3
-24 21
-10 26
5 119
-5 59
17 -61
-6 -58
-14 -86
-9 -96
1 -52
5 -1
-13 65
-9 134
8 17
25 8
11 -22
12 38
4 -6
-12 -48
-13 -69
15 -45
-6 -20
-19 42
8 98
24 112
12 5
-6 -58
-1 -36
2 135
4 57
0 -40
0 -108
-3 -60
4 28
-18 44
-5 32
0 85
9 18
8 -6
4 -17
4 -11
-6 -17
-10 16
18 -36
-7 13
-4 12
9 11
-8 -6
16 -11
9 55
0 74
17 -5
0 -29
1 -33
-13 0
-9 152
1 7
-7 -142
-8 -99
5 -11
11 125
3 5
-3 -31
-18 -6
9 51
6 159
21 29
-6 -18
-19 -47
