0 33
-14 34
-13 4
14 11
-6 21
62 1
7 -10
-26 -15
-45 -20
28 13
52 37
20 29
15 -11
-22 17
-55 6
-27 57
-22 50
108 67
14 -8
-2 -112
-37 -118
-23 -79
-65 -24
77 41
52 82
-47 7
-77 -33
2 -24
15 46
24 51
22 18
-3 -8
-32 -32
-45 -22
31 -16
55 32
47 -26
-1 -29
-6 -15
-11 -24
-9 -14
-13 -42
-17 70
21 104
2 19
-1 -9
8 21
-7 14
-8 32
48 -7
21 -13
-24 21
-59 13
67 2
32 -24
-11 -52
-40 -30
-37 24
0 47
8 15
11 -12
51 -19
-2 -7
-36 30
6 -6
0 26
-3 -10
21 2
15 -29
-17 9
-22 -12
-2 17
-26 30
-3 -26
74 -8
-24 -31
27 -6
22 20
2 64
-5 74
-3 9
-34 -36
0 0
-18 -15
-18 17
-36 -1
-5 -51
-5 -7
22 4
4 26
24 80
-41 44
-11 13
-46 -5
44 -33
76 -49
-47 -28
-40 -17
38 13
12 13
34 -65
9 -18
-38 90
1 69
14 55
-44 32
-7 25
-17 -9
1 -20
60 -15
18 -12
-25 29
-11 62
-8 42
0 -52
-30 -52
34 -33
3 56
-25 80
-13 -36
46 -51
36 53
-17 73
-30 -28
-2 -72
7 -29
-12 19
14 -55
-17 -51
20 1
-8 77
-20 66
-29 15
62 14
-5 16
-3 3
-15 -17
-10 -33
53 -49
4 -23
-56 8
-35 3
9 0
24 2
40 22
-12 55
-35 40
-18 20
26 -25
51 -11
-17 -5
-9 -7
9 2
-56 52
0 58
26 7
-16 -37
2 -78
15 -68
28 1
26 45
3 3
-67 35
-3 42
18 -19
45 20
43 48
-15 55
-43 -9
-34 1
14 -1
2 9
39 -6
48 -31
-27 -13
-33 33
-5 24
16 8
7 -25
35 33
-10 45
-1 8
-17 -2
-18 -17
16 9
9 34
4 -4
28 -57
14 -82
12 -49
-18 6
-8 30
11 16
-35 57
-11 67
32 45
-12 15
25 -17
-14 -3
-57 68
-7 50
-34 6
75 -25
-2 0
8 -7
-1 3
-17 9
-34 73
-20 73
55 -54
166 -80
-28 -63
-58 -4
-32 15
-1 7
29 -13
27 -13
-15 36
-47 18
14 38
-5 25
-53 7
-5 39
42 36
27 -1
4 -9
-1 -14
23 28
-18 13
-20 43
28 35
-35 23
24 -13
4 -74
2 -7
-16 43
14 11
22 4
-10 -6
-33 50
4 37
24 -10
32 31
-24 37
-22 -5
4 -69
40 -54
38 -14
-29 -17
-20 46
-2 32
18 4
-8 -5
-4 -51
-6 -56
-9 87
-31 75
-22 -16
50 1
-17 17
12 19
43 50
-39 68
18 32
38 -11
-13 -79
-8 -24
2 32
-4 25
-7 32
-1 36
-9 56
-1 32
1 -3
-7 1
5 39
25 37
23 37
-3 -16
-22 -13
-12 11
17 24
1 28
-23 48
0 37
4 22
1 12
27 -21
0 27
39 -1
-32 14
-30 8
32 24
53 22
11 -10
-64 -8
-44 76
32 91
23 32
-1 -64
-1 -91
-3 14
5 14
-1 -15
-44 6
-21 39
28 88
-11 57
-30 5
25 -7
14 39
-8 70
7 105
6 -4
-4 -51
24 -16
14 12
-12 39
-20 6
-5 -9
-43 20
-18 46
77 -1
58 -22
-10 -2
23 30
-14 61
-14 88
-3 19
23 -1
-52 9
-14 37
74 58
21 73
-19 63
-32 30
37 -30
-2 -66
9 -20
-11 -12
-39 2
-5 66
-6 42
-31 7
9 8
21 -9
8 -5
-4 23
-12 63
20 40
14 29
-30 -17
-33 -59
62 -22
16 6
-2 62
-23 76
-10 35
19 -3
15 -27
-12 -15
22 12
-30 38
-19 66
29 16
4 24
-29 20
5 61
61 56
3 33
-54 -11
20 -72
9 33
7 9
-28 -9
-22 -16
22 -38
27 23
-5 50
-38 56
-2 64
4 24
24 45
37 47
28 -7
-17 -31
-22 11
-27 12
-6 22
1 -13
3 -58
-2 -25
2 46
16 36
-5 59
-16 61
-10 18
9 31
6 63
2 22
-15 52
4 21
7 6
-3 -2
3 -47
38 -5
11 23
-24 35
-61 86
11 50
7 56
105 16
-13 -8
-71 -32
-34 -38
60 -19
51 14
-30 39
-36 -2
-7 12
-8 34
62 63
-5 68
0 38
19 17
-14 56
-14 29
5 -12
5 -64
0 -55
-18 -1
-11 41
-4 38
-19 43
16 17
36 31
30 -15
-28 32
14 52
0 44
-2 43
7 -1
-6 -4
4 2
17 -28
-4 -34
4 20
-6 49
-15 79
-25 25
8 34
79 58
17 -8
-27 -36
-13 -5
30 17
-22 13
-60 13
71 -14
81 -3
-31 60
-102 23
32 36
44 79
45 23
-43 5
28 -15
13 17
4 3
-36 -39
-8 -33
-1 14
-7 78
-7 60
16 32
-10 9
-12 28
16 26
-1 24
22 27
14 7
-24 1
-11 9
-7 14
-8 22
-25 48
-4 7
37 -20
23 -15
8 30
-18 2
46 3
52 27
-7 49
-32 24
-24 11
19 0
37 51
31 43
17 40
-72 -6
13 -8
30 -32
16 5
-24 28
33 78
-13 35
-6 -11
-9 18
37 16
9 22
2 44
-11 68
-30 69
22 14
28 -9
-3 -27
-3 -15
2 32
28 59
19 24
-19 -16
-33 -42
-20 -31
41 -4
22 47
85 67
2 84
-47 41
-26 23
6 34
0 0
25 -68
61 -21
-49 -25
-26 8
-29 22
-4 36
22 -8
41 32
15 19
-11 64
-14 85
-10 29
-11 9
9 15
11 -8
-10 -20
-3 -29
8 -5
34 -8
-9 22
-16 64
6 31
1 -28
7 -51
-7 -35
-5 14
-17 4
5 36
-20 41
19 15
93 -19
25 -2
-66 59
-32 -5
8 -25
7 1
17 1
-13 0
5 -22
0 0
-14 18
7 -16
-9 -12
-18 -19
-11 39
50 48
33 79
-20 18
-19 -25
26 -4
9 -10
4 29
23 0
-3 -40
-11 -66
-18 -21
-28 25
8 37
8 13
18 38
24 32
7 -7
6 -13
-11 4
-2 18
-22 -4
-38 -23
43 -51
53 -32
-12 9
-7 20
17 38
18 42
-12 40
-88 4
20 -26
88 -51
31 2
-32 22
-40 11
0 -13
13 -32
47 -8
20 17
-45 6
-18 32
-19 26
-32 19
17 12
42 -36
24 -12
-19 5
-22 15
30 35
16 43
4 -7
-9 -47
-1 -51
-2 -3
-15 32
-3 41
38 12
7 -15
-22 0
-19 5
-19 21
-2 21
12 -21
27 15
26 4
-22 30
-1 -18
32 -51
1 50
-20 42
1 34
-5 1
-9 -45
-29 -12
19 5
12 6
-51 -4
46 -17
48 8
-1 -1
-2 33
-20 48
-11 7
14 -2
16 -3
6 -24
-13 3
-24 13
-1 24
37 51
0 17
-28 16
40 -46
4 -95
6 -82
8 -13
1 64
-18 65
-12 23
19 -12
28 -1
-13 46
12 43
19 29
-23 22
9 -18
24 -22
-4 -59
13 -51
-49 -12
13 -22
41 6
-7 44
-17 42
-16 13
12 8
-11 13
-8 20
-2 33
-10 -10
9 -53
4 -29
26 9
-10 41
-3 30
-4 -32
4 -67
18 -60
1 33
-40 61
16 21
26 -11
30 -17
-16 -7
-10 -9
-33 11
-8 26
39 43
15 16
-13 -21
54 -23
37 -19
-7 33
-24 0
3 -10
-16 -41
-36 -35
-1 2
29 19
-6 46
0 9
-25 8
-5 20
13 17
28 13
13 4
-4 -11
-20 8
-22 -5
-11 -10
23 3
21 12
4 28
17 46
26 -22
-16 -5
-29 2
-10 -35
12 -53
19 -39
7 -17
-13 -11
-44 2
4 53
41 84
-14 37
-37 -14
19 -12
93 -47
4 -68
-20 -64
22 3
-9 -19
-59 -6
1 -19
42 -4
0 37
-21 85
-15 84
-8 6
0 -80
-8 -77
33 -74
30 -41
-4 -21
-4 -21
11 32
0 43
-7 18
-37 14
1 40
39 54
29 -6
-13 -74
-31 -74
9 -37
36 18
-3 -1
-40 6
1 -48
46 0
11 14
-6 9
-3 11
-14 30
-17 -2
16 -51
16 -43
-1 -91
-25 -32
1 -5
6 -2
-26 3
32 25
25 25
14 42
-2 0
-17 -26
-25 -47
0 5
22 31
0 12
-24 -27
-25 -47
26 -68
17 -34
-33 20
13 14
-6 35
8 25
-33 -38
-7 -1
16 -12
-17 -45
11 -15
6 -1
-6 9
-7 -4
-14 -19
-10 -14
12 -12
-13 -4
9 5
9 28
16 37
-6 12
-13 -42
-14 -50
-24 -16
-4 7
39 9
16 -22
27 -13
22 -1
-2 2
1 0
-13 -19
12 -13
28 -19
-18 -17
-1 -23
1 16
-14 2
-19 0
-8 1
-2 47
0 4
19 -27
-10 -57
-24 -82
8 7
1 18
-21 36
1 -26
12 -39
5 -4
21 13
12 36
-1 47
-7 22
-2 -19
-35 -81
8 -46
33 -27
17 -20
41 32
1 -6
-1 -6
-39 9
17 -7
20 -11
-77 19
-5 23
83 26
54 -6
-40 -20
-26 -52
27 -28
9 -16
-10 -6
-36 29
-27 -7
32 -3
27 3
-19 14
-28 18
0 9
-3 20
32 -3
46 -37
-12 -41
-27 -55
-15 -15
-20 20
46 -10
0 -35
-28 -36
18 14
20 58
-68 25
-21 -25
65 -52
36 -20
-18 34
-6 2
12 -25
23 -56
3 -64
-26 -9
-17 58
-15 -34
-3 -25
6 0
3 -8
-22 -10
27 0
23 29
17 31
14 18
16 20
-25 -3
37 -27
26 -61
3 -54
-12 -43
-6 -24
9 -31
-10 22
-14 13
14 7
26 -5
-13 9
38 17
6 -4
4 -5
-14 14
12 -14
13 -33
-7 -60
-13 -12
-31 12
-4 -2
24 -20
60 -19
-28 0
8 2
63 16
17 17
-18 5
-13 -10
-14 1
-34 18
20 19
-13 -10
-7 -25
41 -38
63 13
-20 41
-39 18
-43 -26
47 -65
62 -29
16 6
-14 5
-35 6
-47 -12
23 -15
-8 -46
-1 -68
20 -16
22 -12
-13 9
-25 5
-10 -25
2 -30
15 21
-2 50
-21 20
5 13
20 -4
-30 -13
-2 25
9 0
19 -16
-31 -38
-26 -11
67 1
35 2
-34 5
-22 5
85 -29
-5 -23
-22 -5
-20 8
16 26
37 28
-3 36
-22 42
-42 -12
-4 -88
6 -78
7 -80
53 14
22 -7
-26 -37
-34 14
35 20
23 0
2 -4
-70 32
-13 15
30 -7
27 31
-23 -34
29 -10
-23 -46
-28 -6
-26 -47
66 -25
48 -17
-6 -27
-5 12
-37 60
2 34
11 34
30 2
-6 -48
-7 -42
-13 -63
-12 -59
-18 -13
-11 30
13 13
5 -48
15 -32
11 12
-14 25
-3 34
-4 52
-22 -1
3 -38
43 -63
-8 -29
-13 14
-13 24
19 11
0 -12
11 -20
-16 -8
24 -9
-3 -6
-41 -11
-35 -40
75 -18
33 -16
-43 13
-28 49
11 46
-9 -16
12 -31
-9 -88
-24 -65
23 -15
8 -17
28 -7
6 -6
0 -5
1 2
1 -4
7 27
8 32
-17 48
0 57
-13 -20
1 -79
-3 -97
-3 -78
-1 -23
-10 15
29 28
-5 -6
39 22
-11 32
15 -19
-20 -12
1 -9
9 -20
8 6
12 -33
-12 -36
12 -43
-19 -4
-8 15
-2 21
11 2
12 -12
-1 -1
-37 -17
12 -6
87 -21
8 -36
-5 -34
-9 -1
2 21
0 44
7 20
-7 3
-11 17
-9 -6
-7 -15
-15 3
-22 48
26 8
6 -43
11 -45
42 -65
8 -45
-32 -17
-8 23
-6 28
-3 37
32 -54
1 -46
2 33
-7 62
-14 37
13 -46
4 31
0 41
-3 41
0 11
-17 -2
-13 -48
-3 -36
32 -6
37 -6
-9 9
6 -28
-30 -19
-5 -3
0 8
41 14
-6 34
-27 15
19 3
-15 -19
8 -3
22 -4
16 -8
3 2
-10 -52
-21 -59
11 -35
-5 13
4 32
20 -5
18 -1
4 -1
-2 -6
3 26
-6 -1
1 -7
12 -10
-17 -8
-10 0
6 6
63 -33
49 15
-37 -8
-35 4
14 21
9 -5
0 -14
-15 -32
-13 2
-29 12
-16 -7
1 -27
20 -5
1 28
-24 33
19 -14
14 -48
-16 -66
-20 -44
20 7
45 -13
14 -17
-12 2
-2 0
-9 3
30 17
-14 26
6 18
1 7
-32 -30
-28 -22
-9 -51
6 -24
16 -15
22 -39
16 -8
-15 29
-8 13
4 -3
-15 2
0 12
25 15
0 -14
-18 -29
2 -8
9 0
-2 0
14 -27
30 -39
-25 0
-24 24
8 72
24 24
43 -8
0 -61
-18 -50
-5 -11
-11 -23
11 0
5 8
0 46
20 13
1 -23
-31 -37
1 -39
13 26
3 -19
3 -33
-17 -5
-22 21
-2 18
8 -26
18 -35
-18 -10
-3 20
28 -3
27 -5
-11 8
-18 -11
1 -20
-2 20
-3 7
4 -27
14 -2
-4 -31
-23 -21
7 21
-12 2
28 1
-4 -9
-6 -21
-5 -26
-13 -10
-10 0
20 0
9 -19
5 -18
-6 -23
-4 3
-14 19
23 25
45 41
2 18
-18 -29
-21 -66
9 -47
8 -24
8 -1
-11 37
2 20
-12 26
8 55
-3 16
3 -33
-15 -100
0 -103
7 -46
4 -17
0 7
-9 14
-14 16
-6 8
46 19
-11 4
-9 53
-10 0
31 -27
14 -40
-17 -38
-21 -37
6 -16
19 -15
7 28
-4 18
-27 -10
-21 -32
21 -26
19 -6
27 -14
14 -29
24 -12
-31 19
-22 -13
24 -36
6 28
-11 14
-36 1
26 9
-12 -11
3 -41
26 -34
18 -55
-10 -2
7 -7
2 -23
1 -5
-17 1
-27 -8
-27 1
-33 33
54 59
91 68
9 30
-29 -62
-46 -112
18 -49
34 18
5 5
2 -32
-21 -7
-13 0
-29 24
-1 36
46 14
8 54
-10 -2
18 -45
28 -83
-13 -85
-5 -12
0 2
-52 9
-74 4
45 -44
79 -8
0 29
-20 31
31 27
4 17
8 0
-3 0
-27 -20
-21 -27
30 -9
-13 -5
-10 20
-3 0
0 -32
-12 -4
3 13
47 28
24 -18
-16 -47
-20 -29
-17 5
6 -1
-15 -13
16 -66
11 -97
-1 -38
26 11
9 49
-5 33
-12 30
2 9
-12 3
-16 9
16 5
28 -4
6 0
-23 -5
4 21
15 -23
8 -49
7 -16
11 -23
8 12
-16 -7
-25 19
2 -37
12 0
-6 7
16 -30
-8 -16
2 -3
15 17
-24 -4
11 -10
36 -22
-14 -11
-25 30
0 7
0 28
0 9
-13 -53
20 -86
19 -83
5 -32
-37 48
-13 24
14 -29
54 -56
-13 -54
-7 -48
-9 3
-9 34
3 2
-10 -20
-11 3
-2 1
0 8
7 7
-1 -6
22 -27
28 3
26 -13
-44 -1
15 -11
-1 -31
37 -17
-25 -24
-27 -32
41 -45
27 -16
-6 -18
-31 15
-17 1
-1 14
-39 13
-18 11
32 8
45 -26
19 -16
-37 -9
-19 -6
4 9
19 -27
19 -36
-14 -57
-13 -25
-9 29
2 37
-8 7
18 23
15 37
16 29
3 -13
-9 -78
-17 -67
-12 -78
-8 -33
34 3
23 6
17 0
-5 -3
-18 9
-9 32
-18 63
32 48
30 -7
-5 -34
-16 -34
-7 -36
4 -30
12 -25
-12 -17
-20 25
-3 26
15 8
14 -8
-19 -3
-15 -18
18 -6
12 0
3 0
-12 -2
-7 50
-8 -7
-7 -22
-24 -22
11 -26
3 -35
7 -25
2 -39
-8 -15
-4 -4
9 -22
39 1
34 -15
-9 35
-31 19
8 -27
7 -51
-6 -38
-15 5
18 29
18 39
-4 -13
-13 -28
-5 -26
5 -12
-2 11
-12 25
4 -20
-28 -16
-9 -19
33 -6
32 -27
-4 7
-14 22
-26 24
6 14
32 -40
32 -65
-8 -28
-18 -2
-24 14
-27 -3
36 -3
20 15
-9 8
-11 -2
-9 19
29 -14
20 -15
-9 -24
-6 -34
-9 -28
0 -22
3 2
-4 -3
-11 11
27 3
19 -25
-34 -53
-35 -63
47 -66
14 -15
-3 -17
16 9
6 38
-26 -4
-23 -24
27 -25
7 13
8 51
-5 38
-31 20
-12 -42
39 -41
36 -48
0 2
-34 28
-16 4
-2 11
-16 21
-16 -11
35 -25
33 -20
-9 -42
0 -31
-9 -26
-10 15
0 25
20 19
18 -14
-16 -30
-5 -43
24 22
9 18
-11 0
-17 -21
28 -18
5 -24
-5 8
-20 23
27 5
36 -31
1 -32
-4 0
-1 -3
2 -32
0 -34
-5 -50
-2 -41
-5 -5
24 64
-19 52
0 18
-8 -38
12 -40
14 -35
1 -20
-4 32
15 -19
5 -16
-29 29
-8 0
30 -1
5 -10
0 -37
-3 -44
7 4
-17 12
17 8
43 -8
-16 -18
-37 -19
-20 -8
16 7
3 -7
0 11
24 38
-11 -16
-21 -11
11 14
13 -23
-12 -5
-5 -62
-2 -104
-8 -27
5 0
-7 9
-25 31
-6 -22
17 -30
53 -25
-1 32
-12 38
-11 44
0 7
13 -34
19 -37
-3 -33
-2 -24
-7 -34
19 6
-15 1
2 18
13 5
3 4
6 -12
8 -30
6 4
-11 22
-15 16
-40 -8
24 -28
80 -46
4 -30
-38 3
-6 -13
3 -11
5 8
-11 -17
1 -19
16 -9
-4 12
-8 48
0 26
0 -49
20 -52
-4 -34
1 -36
20 12
25 -8
-2 16
-18 -5
-11 0
0 1
-4 4
-39 -8
67 1
35 3
0 -5
8 -17
-29 -31
-10 -35
16 -15
15 -11
-17 3
28 -19
23 -33
-21 -7
-32 21
0 -20
0 -31
7 -64
18 -37
25 -18
-9 22
-13 9
-5 34
-4 11
1 -35
4 -31
28 -5
8 15
0 20
-16 25
-36 3
-14 -34
0 -27
22 -10
38 -24
20 20
-13 -25
-13 -20
-3 6
-21 26
-21 -7
32 -19
26 -10
-29 -2
-37 14
48 13
24 -6
-15 16
14 -35
0 -46
-6 -17
-14 45
14 59
8 0
-4 -3
-3 -47
2 -66
1 -18
-13 -22
-9 -10
-5 0
39 5
52 2
-1 17
-32 4
-3 -9
-3 18
37 9
40 -11
-4 -23
1 8
-33 -24
-14 -19
5 1
27 -9
7 -24
8 -24
-43 -24
-2 -4
16 -7
18 -5
0 2
-13 -9
-11 -10
-1 4
-7 -46
-27 -60
-17 -35
30 -9
-5 3
-6 23
15 19
0 40
6 29
-22 71
6 74
44 16
2 -71
-22 -108
-17 -86
16 -36
-1 3
7 -29
2 3
0 13
-11 17
25 -2
0 19
-10 24
6 -13
2 -19
7 -15
0 -14
-17 -7
-3 -16
-11 -29
23 -28
-9 0
3 -4
-11 -20
1 -18
-3 5
33 13
50 -12
-31 6
-28 12
3 12
18 6
-8 -42
14 -32
-24 -21
2 -12
29 -41
3 -9
-24 11
6 16
18 -16
17 -18
1 -17
-30 2
-29 -26
12 -14
-2 -6
-14 -25
-3 -19
38 4
40 24
-22 9
-18 3
11 -3
-1 9
-31 53
-7 0
45 -3
21 -42
1 -28
-14 -36
-5 -20
-19 -13
6 -4
12 15
-16 20
0 -10
-17 -46
5 -65
30 4
-1 30
8 6
17 -11
-9 -26
-4 -61
-7 -49
8 -45
-1 -9
-7 12
1 18
-7 12
0 -12
16 13
14 -2
-10 1
5 -51
-48 -21
2 -7
20 3
51 -8
53 -40
-40 -54
-25 -30
44 3
28 20
-5 21
-3 14
-41 -18
-15 -28
13 -4
-16 7
-18 12
3 -8
36 11
13 9
-5 0
5 -26
-4 -28
-5 -53
0 -28
15 9
-9 -1
-33 5
18 8
21 -2
-13 6
14 -2
21 15
0 16
1 29
6 9
-8 -12
-7 -23
-5 -72
-20 -77
17 -34
44 19
15 4
-50 -29
-22 -18
18 19
7 18
-18 0
46 -22
27 13
-35 19
-31 -4
-13 -2
55 -11
41 -34
-12 -33
-23 -18
-3 -12
23 16
0 -31
-13 -12
1 -10
-8 6
-19 6
-10 30
-2 2
79 -17
44 9
-15 -15
-14 -9
-19 4
0 -40
17 -27
2 -1
0 17
-8 50
-11 31
11 -29
1 -13
3 -26
0 -65
14 -35
0 -25
7 30
0 45
-10 24
-22 -14
4 -46
2 2
7 -1
3 20
33 50
-7 -20
-20 -42
27 -26
15 -18
-28 13
-31 63
18 66
30 4
-1 -53
-46 -96
-38 -68
-4 -19
47 27
19 5
18 4
-5 -18
-3 15
-9 29
-18 19
-28 16
2 1
0 -36
33 -14
-23 -17
2 -32
14 -1
7 34
2 -9
-5 -42
-10 -38
-7 -27
-28 23
-8 25
1 -23
0 -40
9 -27
28 31
70 39
-4 12
-8 -6
9 -33
27 -44
11 -16
-37 -37
-42 -57
-13 -47
13 -14
21 30
-10 -5
9 -22
5 19
9 39
7 32
0 17
12 -6
-4 6
-15 -1
31 -21
33 -55
14 -57
-2 -47
-20 -18
0 24
-2 28
-16 20
15 21
-4 60
-13 27
0 -23
-9 -78
-33 -83
32 36
45 30
13 34
14 16
-10 -43
-24 -53
-9 -45
-2 -18
-14 -5
-3 0
7 13
24 12
6 29
7 8
-2 -30
-15 -39
5 -23
-18 0
26 29
16 24
2 16
-16 -30
-10 -53
0 -30
18 -38
17 2
-8 4
-3 44
-23 -1
-8 -32
-4 -17
9 2
3 15
23 18
16 13
34 -10
-6 -28
-10 -43
-13 -22
-4 7
8 -8
-6 -7
17 7
22 30
-10 15
-6 -9
-2 -1
4 -25
9 -30
0 -10
-28 36
8 -3
35 -15
23 -12
-15 -15
-20 -25
-9 -46
6 -79
22 -8
18 32
-26 32
-10 16
-6 20
-3 -12
5 -1
14 -28
7 -39
-10 -3
-39 13
9 -6
6 -30
-5 -18
-1 -11
20 31
11 44
-6 41
7 35
9 -34
-9 -25
3 -84
1 -77
-4 8
-7 43
-1 -3
-15 -23
16 -21
5 14
-8 17
32 -28
0 -16
-12 12
0 27
-2 13
6 -41
1 -63
-4 6
-4 4
-7 23
-6 3
0 -30
0 -14
2 -3
-6 16
0 -2
-16 -37
8 -48
2 -12
23 48
0 15
-7 -32
-5 -72
-10 -71
15 -20
-12 20
6 51
-8 -1
9 -18
4 -5
-10 17
12 4
20 -20
2 -17
3 4
-14 -45
-18 24
-16 -7
0 -23
20 -18
23 -17
2 24
-9 55
16 62
-2 -6
0 -17
-3 -9
-33 -15
-30 -2
34 -17
38 -28
5 -18
31 -3
9 12
-11 -31
37 -30
-2 -36
-43 -41
-10 3
-20 11
-48 61
-1 65
35 7
-24 -57
62 -78
90 -25
-8 34
-83 38
8 15
41 -3
-16 -36
-50 -11
-20 56
29 27
19 11
16 -17
43 -28
84 -55
-39 -37
-50 4
-18 7
-15 12
-14 0
-61 6
-16 -15
29 -36
50 -45
44 -72
7 -30
-13 -8
0 15
-4 9
-34 6
-53 23
-67 15
-10 6
38 9
-44 -2
19 3
117 -19
127 -32
-78 -70
-101 -53
78 -44
95 4
-133 -6
-178 16
163 13
158 -33
-71 -54
-75 -36
67 -25
3 -7
