36 18
-17 2
15 -29
33 -15
24 33
30 17
9 5
-37 -13
24 0
-7 -5
-8 -6
11 4
30 -13
52 12
49 54
13 8
-92 0
-27 8
49 -31
46 14
-3 5
14 -4
33 3
39 18
-30 2
12 23
4 -15
32 -14
-1 7
30 20
17 9
-37 16
49 27
-26 0
-30 12
63 -8
46 -3
-5 2
30 -51
13 56
14 33
-12 39
-27 -9
80 -5
-5 0
-71 -3
-127 -3
35 23
88 27
2 9
-20 -18
63 -4
16 44
61 -4
45 -4
53 27
4 32
-9 17
-26 -12
-19 0
6 -5
41 -10
95 -4
-22 21
-4 7
2 14
-12 -3
-22 -12
32 1
53 -4
3 54
0 1
0 5
46 5
23 -15
-3 15
9 15
-55 -1
-14 -8
117 -4
75 0
-44 12
-120 0
-62 6
104 14
241 8
80 26
-50 0
-78 28
2 6
62 5
-55 2
20 5
-38 12
-65 -24
-7 5
-7 0
94 2
2 17
42 3
62 28
82 17
19 4
15 9
0 0
-33 6
14 3
38 -4
15 -7
74 -17
-2 -4
0 6
27 6
50 8
-6 1
-2 19
18 -1
31 12
-38 -10
0 -2
-1 13
49 -5
91 -2
42 8
47 -7
2 15
20 12
-16 -13
33 0
-63 16
-46 20
68 32
232 2
1 -8
-44 0
-72 7
3 15
17 2
70 4
55 -14
35 -1
-44 -20
-26 19
0 42
-1 11
19 0
95 1
13 -1
4 -4
-29 19
-15 5
9 15
4 -38
8 -15
-19 35
-16 19
73 -8
90 2
-29 31
-29 0
-19 -15
37 14
39 0
56 -13
87 -1
-23 1
-22 7
24 44
12 14
59 -6
1 -26
26 40
47 -13
1 2
9 19
89 -17
48 -8
-53 -2
-59 36
5 61
18 21
8 -14
44 -13
21 24
-38 -6
52 3
50 -4
-1 -8
23 5
-44 -7
4 22
-60 16
52 3
107 13
36 18
-4 6
49 2
8 -11
-18 -1
23 -46
66 19
27 43
-42 11
1 -11
91 -13
30 6
36 24
4 -3
-35 -7
-27 8
88 19
5 11
-20 6
-8 -16
32 6
34 24
53 27
11 23
34 2
65 -11
-66 -10
1 12
17 -19
25 18
20 -12
-9 -12
34 -14
31 -14
-56 1
-40 8
-26 25
30 26
36 8
-7 38
13 11
-44 17
39 -34
23 -27
-3 -43
47 -36
84 -15
8 5
7 19
56 26
27 56
-56 84
11 21
132 16
87 -6
-17 -44
-19 -39
23 -7
47 95
-54 -8
-65 -45
0 -69
61 -95
34 -43
-9 12
85 39
35 -3
0 -10
40 23
2 -26
12 -23
-54 -38
23 -29
129 50
79 92
-64 5
-29 -26
46 -40
58 45
-22 90
-25 32
-21 67
16 -2
51 -75
26 -84
23 -83
33 -50
84 38
-12 23
-9 43
-56 19
-73 -2
-10 4
121 13
90 57
26 61
-3 74
33 -2
18 -32
28 -20
-16 -21
-125 -55
-24 -24
191 -26
72 -6
-5 29
-7 -21
11 -57
65 -65
-13 -15
-19 79
16 111
-68 132
-121 41
53 -29
206 -37
74 -7
19 -33
-47 -8
-13 0
25 -17
38 -31
-4 -57
47 -15
-35 54
-77 60
64 74
225 61
66 0
-105 -50
-11 -57
26 -21
40 2
-9 11
43 42
-78 83
78 47
115 -82
-5 -88
39 -86
48 -36
25 2
-45 51
4 61
-6 15
-68 13
-58 63
21 84
116 73
45 17
44 -46
0 -44
27 -18
-1 -47
6 -20
-29 8
-60 -1
-80 93
52 87
77 51
27 11
18 -53
-55 -95
-31 -38
-6 -27
28 -24
51 22
30 15
-12 14
-65 39
-30 16
76 22
49 18
14 40
97 13
54 -8
18 -31
23 -42
31 31
-100 59
-13 48
44 41
47 3
6 -49
-62 -77
-23 -56
-18 -14
-13 55
194 5
236 29
-3 -61
-18 -32
-25 57
-30 165
12 82
-38 -24
13 -30
8 -20
94 -38
20 -101
-63 -60
22 11
78 101
55 72
16 50
-29 56
-16 -25
36 -17
-83 7
-59 -30
137 -13
128 -33
29 -21
5 -13
23 14
-29 19
-16 47
-37 60
34 41
-56 -8
72 -37
92 -1
32 28
14 104
61 -47
-23 -100
-39 0
-12 47
-7 84
7 35
21 -60
124 -142
-3 -128
-4 11
14 72
-14 71
52 67
76 23
18 8
-40 26
53 94
56 82
16 -98
-9 -229
12 -92
32 95
6 -44
40 -132
11 -47
32 180
12 110
107 50
142 198
23 177
13 -88
-22 144
-6 359
80 90
-40 -170
-2 -289
32 -103
41 -47
-13 -95
28 -79
14 -45
8 -100
0 187
0 381
-15 188
-28 12
-32 -33
61 24
195 -107
80 -158
6 -47
-23 7
30 28
79 -122
14 -34
-56 27
-38 180
165 101
69 135
2 -133
-63 -208
25 105
51 -55
15 -54
-11 -3
-4 9
0 -27
-25 -82
26 154
159 200
71 49
-1 -57
100 -80
18 -115
21 -77
4 12
6 174
23 -13
52 38
4 107
-14 71
40 -95
82 -110
21 22
-16 258
-6 0
-14 -146
49 8
86 22
52 -104
-34 48
33 115
86 -44
62 -167
115 -66
38 94
-35 129
54 99
80 178
-32 -46
-35 -142
44 -66
54 42
36 -15
123 -48
-12 -28
-19 -86
-4 13
-60 79
-7 44
45 25
-35 -44
73 78
12 192
-83 -41
-2 -14
36 -2
-59 -152
6 -88
-16 194
-11 -3
-22 -49
87 -57
34 -37
-77 83
-38 134
-48 68
2 -107
-88 -145
-14 112
68 298
0 -108
-39 -161
25 -73
-5 1
3 4
27 39
-33 41
15 237
26 187
-36 -185
-41 -266
-39 51
21 80
29 -18
7 -65
-43 6
-15 0
4 113
-88 -12
-72 -125
-1 0
-8 68
-2 67
17 -61
46 -99
-43 140
-8 157
6 -154
-27 -165
7 39
38 38
-22 74
17 66
-36 -114
-12 -91
-65 36
-27 154
-8 85
52 43
41 389
33 -184
-56 -168
-19 41
-21 147
50 122
-59 47
-77 115
4 -26
8 -127
16 -91
-80 -100
-20 -34
12 121
89 102
81 -38
5 -48
-58 -94
-93 -105
-12 141
-15 166
-53 39
-64 -35
-75 -80
48 13
30 101
20 -22
38 -250
32 -193
-50 -37
-71 368
42 156
-13 -106
-35 -67
-60 47
-15 102
-33 34
-38 -149
-10 -154
80 112
-12 290
-39 -76
-26 -281
9 -33
-25 182
-45 181
-29 25
-48 -33
4 -195
20 -263
19 -171
-6 111
38 310
4 143
-7 -26
-40 -115
-45 -20
5 40
20 61
-46 78
-72 -81
38 -203
-21 -107
-52 325
37 238
-3 -128
11 -111
-18 15
-12 59
68 79
-27 -25
-38 -117
5 -225
-65 177
7 100
15 -56
33 -56
-18 -6
-29 3
-15 -6
23 68
-42 -18
-30 -109
-8 -74
82 26
-13 75
-71 120
-36 62
9 27
56 34
7 4
-14 -73
18 -129
28 -84
-38 -7
-7 131
32 18
-18 -75
18 -22
45 36
-17 53
24 68
43 -54
-41 -60
-34 5
0 0
-42 -20
-57 -2
-25 34
-30 -21
-28 -41
-38 97
-53 288
-12 -51
66 -142
99 -40
-12 19
-12 -15
15 -65
20 -70
12 -80
-5 -90
11 -50
-32 -30
55 21
39 308
13 159
-26 -112
12 -89
-30 -75
16 -21
-25 -31
-60 -5
45 -100
59 -228
-38 6
-35 55
98 70
7 73
18 79
-9 40
-18 -65
-11 -58
-7 -31
-35 -30
-6 -74
-49 -94
1 163
16 239
9 43
-2 -34
52 -21
-15 -59
29 -26
-35 -86
14 -154
-46 -110
-11 40
14 52
-44 74
55 -1
-30 -18
-7 -91
-17 46
-23 20
20 -59
-35 6
46 62
33 62
32 -60
-71 -2
-23 -68
-59 -232
-78 -115
15 54
-23 335
57 -3
30 -166
61 -55
-14 5
5 80
-33 113
-6 22
9 -34
-20 -149
32 -129
49 -74
6 -54
-33 212
-86 186
7 3
-19 -111
8 -29
-52 35
19 -13
32 -13
-42 -87
-60 -76
-15 14
4 123
0 -45
11 -17
52 41
-14 99
-38 4
-106 -89
63 -167
58 -270
-9 -38
-8 214
39 80
11 -36
-38 25
-35 131
-15 0
-84 -127
-42 -103
8 12
-70 126
-16 -52
-6 -163
33 -43
33 -29
-15 85
-47 140
-18 60
37 -76
-11 -81
17 -43
-14 0
-39 67
13 110
34 5
46 -41
28 -50
-13 -24
15 -25
-22 -137
6 -88
5 -20
-19 95
-47 -22
2 -56
59 43
-41 127
20 -10
21 35
16 -29
-32 -72
-28 -135
-27 -35
4 78
-29 36
21 -32
-15 19
-10 7
5 138
-29 90
0 -39
84 -140
-31 -93
-78 -110
-61 -99
-9 56
28 -7
19 -143
-36 19
-30 -25
-5 -103
-22 -76
-25 -42
-34 162
37 111
-46 104
-21 -6
-55 -60
4 47
55 89
-1 41
0 -11
11 -33
19 -91
-14 -118
22 106
29 76
36 53
0 -18
16 -80
-4 -105
-34 -39
-36 36
-18 85
-40 -31
16 -115
0 -33
-70 149
5 95
0 77
-28 18
57 11
19 37
-41 -32
-23 -148
-2 -42
0 -16
34 -46
35 -62
-1 26
-56 56
13 11
-22 -167
-8 -23
0 66
5 74
-45 115
-17 -131
-12 -91
27 -22
-37 -47
-52 -33
33 199
73 158
-23 -53
-27 219
-29 50
-33 -50
-8 -15
39 19
-26 76
-34 78
90 55
-2 -82
-24 -159
-70 -36
1 11
7 -106
112 -30
0 101
-64 21
-34 105
-6 -32
12 -85
-50 -23
9 22
19 81
-10 8
-11 0
35 -91
8 -38
-8 69
-84 39
-11 6
-1 75
-21 -43
-13 -74
28 -56
-37 -44
-6 15
17 141
-3 19
-16 -57
35 -117
-4 -1
-13 129
-32 62
-26 -3
-10 -7
-14 -95
27 -4
55 13
-32 -50
-58 5
0 -26
19 15
33 -23
-1 28
-26 -22
-40 -14
-38 -5
125 -81
22 28
-4 55
-62 76
23 31
11 -98
-65 -67
-8 -5
-25 -57
11 52
12 138
-71 54
-7 5
-52 -104
-19 32
109 6
-37 -29
-19 20
3 -36
-64 58
-20 34
19 -9
-4 -23
108 18
-31 89
-43 30
-3 -15
2 -24
-7 -57
-45 -14
5 25
-70 85
24 -35
46 6
4 83
37 -61
-18 -95
-1 -49
16 -54
-25 -39
42 -80
52 -6
-10 40
-104 81
23 150
-4 4
-33 60
-30 78
-34 19
15 -9
-8 -96
-92 -72
23 12
85 58
-14 -5
-77 -60
-21 -9
28 53
-8 80
16 62
-34 -77
-22 -127
-27 -61
-10 17
44 -20
1 -43
-10 120
12 260
-67 -111
57 -111
-51 43
-8 79
86 56
8 -39
-107 -103
23 18
-45 -18
15 -25
-106 -136
8 20
-1 188
-57 182
-7 -38
33 -61
23 6
-6 -78
-57 -65
-45 -13
69 125
9 39
-96 -49
-46 -47
-4 -39
-15 67
-16 32
20 -38
125 113
-74 149
-104 -66
-22 -99
-11 -50
39 -128
15 -46
-5 98
4 127
3 -89
-86 -95
21 118
31 181
0 -18
-3 -78
15 7
-11 86
21 42
16 -6
2 -35
-66 -83
-46 -95
17 -59
0 89
20 66
20 101
-60 61
33 -47
42 -81
-26 -26
56 20
26 116
-31 124
65 -31
36 -99
-36 -31
-94 71
-33 -4
55 -29
6 -58
17 -52
-56 -10
-47 45
-30 35
-9 -49
-20 -46
-13 110
40 139
36 -23
-78 -37
-77 -58
-15 22
-15 19
45 -3
-7 -47
-34 121
-11 146
-1 -59
20 84
-25 -17
-45 -3
80 83
14 5
-27 -158
5 -162
-7 33
21 90
-3 15
-36 -31
-58 39
24 44
18 47
63 33
-30 31
12 -81
16 37
5 6
-26 -92
-67 -88
-38 16
4 3
16 75
49 64
-15 78
34 -79
11 -111
-46 -64
-17 53
15 18
64 0
2 -7
-16 0
-5 -52
-21 -40
32 -10
1 18
-7 126
-21 6
-8 -9
-41 64
-3 54
-39 24
57 -69
9 -89
-57 -23
-73 -1
-36 9
-6 48
-26 29
2 -62
-24 -15
89 61
34 105
-45 29
1 -12
12 -83
-16 -60
-26 18
12 13
-36 112
8 20
-55 -23
16 1
-1 59
-58 -51
24 -12
29 104
-21 38
-16 -97
-49 -74
-6 -41
-91 75
84 143
81 26
1 -174
-11 -149
-118 -5
32 119
51 64
-53 -45
-18 4
-48 -12
41 -6
126 25
-21 38
-57 14
-10 -36
13 -117
9 56
-25 209
-21 84
-32 -89
-36 -29
-71 1
76 50
80 24
-43 -30
-42 -81
-21 -30
-13 57
-53 60
-23 -132
-76 -28
-22 76
30 54
19 60
7 -76
-11 -117
-23 0
-41 61
-41 12
-1 13
26 61
18 58
13 -9
9 -1
43 -43
1 -8
-19 34
-34 52
-165 28
152 26
102 14
-88 -28
-49 -39
-17 46
23 34
3 -63
9 -48
36 23
-15 37
-48 44
-15 14
-8 -61
-5 -86
-30 45
50 -32
18 6
-10 62
-42 -40
-28 -15
-32 55
-14 -28
5 -9
-55 74
18 80
-2 -25
34 44
76 -17
53 -24
-53 24
-14 -21
-22 -55
-4 -113
-24 -91
-71 36
-27 90
25 32
8 -1
-44 -33
36 -62
-10 -16
18 51
19 79
-25 15
-33 -39
-105 -29
49 -71
53 -72
15 108
-56 149
-13 34
47 -8
1 -43
-54 5
23 18
-55 22
-74 2
-26 24
31 -12
-26 14
21 18
3 34
-18 40
-41 91
15 0
-70 -85
45 -87
-25 32
-31 117
-38 -54
-38 40
-45 93
-48 76
53 -109
37 -142
24 -78
31 8
-62 -21
9 -2
-23 138
-40 18
-17 -45
4 20
8 6
9 17
22 52
-3 107
22 -82
-17 -89
-1 -3
-23 65
24 34
49 22
-31 -15
-18 -18
18 93
-74 39
-36 -53
53 19
7 47
2 -10
6 20
-9 6
-24 -40
-2 -115
-47 -117
19 136
39 37
111 -71
-13 -75
-85 68
-39 56
-13 41
-10 31
-22 78
-3 38
-30 -58
-26 -21
82 -11
81 -88
-62 -65
-98 -60
-55 241
69 105
68 -25
-22 -48
-38 -11
-39 64
58 -1
-12 -88
-2 -99
-8 -12
-24 71
-3 -35
-51 -61
36 -40
-1 143
-106 199
-51 13
-4 -225
60 -34
21 40
17 13
-9 -5
-66 7
-62 23
-56 50
36 93
90 -22
43 -70
-25 55
-57 125
-1 -119
-8 -244
-45 -73
-22 120
-27 154
33 0
-22 5
14 120
26 11
-49 -33
-7 3
-31 165
-13 2
6 -49
-29 -133
-88 -60
-16 22
37 27
23 5
-95 -15
-32 41
-14 -7
75 8
-19 36
-47 84
-35 33
-10 -29
-13 -97
-33 -78
25 43
49 7
49 13
-12 15
4 83
-11 30
2 -24
-5 11
-40 65
-18 39
-21 -3
-18 0
-56 -25
83 87
146 54
-110 34
-54 -24
15 102
-61 91
-25 24
-2 -130
40 -46
-27 15
-58 110
-54 21
22 13
37 -30
27 0
-70 46
36 96
6 14
-37 24
6 25
-20 9
-17 43
-14 -116
9 -33
-15 136
-57 29
-18 -61
-36 52
-24 47
15 -111
6 59
-41 87
-12 20
21 -18
42 -5
-30 53
-33 64
13 55
-2 -12
2 -23
-36 17
-17 -37
-40 33
-14 27
3 -15
24 25
77 48
-20 47
-40 39
-84 -4
79 67
22 102
70 34
-49 -64
-33 -4
-19 28
-79 19
33 32
82 29
38 -75
71 11
-98 58
-14 104
-11 78
28 -8
62 -6
-38 2
-35 16
-43 8
3 -56
50 -11
-58 191
-147 145
-85 -107
203 -159
151 -44
-164 92
-16 111
142 1
80 -57
-17 -69
-16 -48
-79 53
-64 114
20 144
5 28
-112 -52
-35 -52
8 -9
-55 116
22 42
-25 -52
-28 -25
56 39
-26 -42
-4 39
45 29
-88 74
-90 82
46 25
-29 -12
6 -127
-91 42
27 68
91 139
-93 46
-107 -156
104 -166
151 -43
-24 109
-39 93
-104 -5
-15 43
83 33
11 54
-62 79
-22 23
-21 58
-4 117
20 -12
-28 -22
-15 -80
34 -34
44 101
-11 113
-95 -13
-72 -116
103 -37
-23 156
-241 44
95 6
308 24
-22 -27
-58 -78
-79 -65
87 43
20 -13
-36 -10
-87 58
-2 142
-83 0
-23 -32
-68 52
27 134
22 143
-3 102
67 -135
-18 -231
-85 -88
-45 121
-62 54
-54 -8
-44 5
162 51
123 131
-124 77
-62 41
64 -14
15 -10
5 34
-25 22
-33 33
-34 -39
-48 -17
-16 43
-33 64
-34 143
-2 11
146 -45
20 14
-69 -46
21 -10
-1 0
-158 -4
-120 16
100 26
55 129
-56 61
24 5
-7 13
-109 7
-23 29
4 -20
81 -63
72 -5
-74 -7
-108 -16
-21 -10
86 45
-18 100
-13 59
-124 14
-24 75
18 131
41 -14
-34 -61
12 -55
17 3
-58 -24
41 -36
28 -43
-64 77
-56 48
14 20
-61 17
-26 5
48 33
26 89
-20 33
4 13
4 110
15 -17
-33 8
-37 15
-31 -10
61 19
100 12
-54 -39
-122 -23
63 19
176 207
-37 149
-38 -152
-81 -165
-72 -34
-1 73
48 122
6 81
-49 -54
-3 -125
-12 39
-55 182
-46 50
37 67
5 55
-55 47
18 0
93 -94
7 -24
21 5
97 52
89 41
-60 44
-76 -30
-53 37
-50 40
-4 19
-99 -15
50 -14
-7 -55
93 128
53 108
-14 62
-28 40
58 32
-2 -14
-29 -83
11 -61
-66 28
-75 108
-52 43
46 -36
44 -9
-26 3
34 60
84 0
-65 0
27 129
23 55
59 -60
-2 -73
-40 2
22 34
61 75
43 31
-102 -15
2 -6
-27 -73
-21 34
-80 123
26 38
48 -6
-20 65
8 62
-13 -9
-9 -46
31 -5
-49 16
-80 -11
-45 -4
90 -15
127 54
-77 80
-84 44
-1 89
-18 23
18 -42
52 -18
-21 12
-65 11
-17 37
-27 -7
-34 -17
2 -25
23 133
14 98
14 0
-25 17
11 -30
14 -110
28 -91
-73 147
-140 -1
56 -88
136 -3
-18 46
-106 110
-75 120
118 160
34 -26
5 -106
22 -85
-29 5
-106 45
-35 43
39 8
23 -2
-6 18
5 58
132 84
-80 47
-23 -4
39 3
27 77
-21 34
-41 -87
0 -89
-17 -10
-52 19
-69 9
-39 -5
-32 0
-17 17
32 137
-17 138
-126 -19
-93 -58
41 8
90 9
37 19
-22 60
-108 64
-4 -31
41 -27
-42 96
-51 -36
-41 -90
2 -35
0 -3
-123 28
-99 5
82 8
248 63
128 41
-93 11
-114 -51
-104 -8
23 38
17 68
-23 25
-79 -16
16 -64
-64 -33
-16 49
15 -28
11 -35
39 8
33 23
-97 141
6 64
70 -64
-47 -93
-29 25
-40 -15
40 -8
22 88
-27 -52
-16 33
-45 37
-45 71
-26 101
16 79
-35 34
99 -7
47 -37
-93 -86
-141 35
-13 39
78 36
128 9
81 8
-64 3
0 0
-65 -27
-16 71
-10 148
56 33
3 -3
-43 -6
-58 11
-18 -13
32 -92
34 -201
41 85
-35 146
-91 32
-7 -42
-56 -40
-50 148
75 169
41 25
54 -111
23 -12
-29 42
-62 13
6 -79
28 -21
-28 75
-32 105
-6 87
-56 47
-44 26
-18 -7
0 -10
-20 -3
32 27
9 -6
49 66
18 36
-87 -7
-75 -37
106 -18
154 38
-64 54
-92 22
-71 -7
-16 -9
119 -3
11 -25
5 19
-34 64
-12 90
-37 -10
24 100
-22 64
-3 -20
-18 -85
-21 -46
-132 63
-40 65
81 37
17 -91
73 -121
-40 -100
-98 55
-58 125
-29 296
1 113
-2 -105
29 -225
16 -32
-4 94
-35 100
-34 -5
83 -39
24 -14
-24 17
-63 131
-52 106
-18 32
-14 57
189 25
9 13
-116 -14
-27 -38
24 -1
82 24
21 51
24 101
-51 31
-32 -33
-77 0
-66 -3
109 25
62 -7
37 -53
-17 -120
-37 151
0 39
39 -99
-53 -53
-46 14
-35 81
-46 80
-23 117
-10 59
-108 3
-51 -15
-44 -65
77 -25
14 68
-132 -5
-17 13
131 40
57 0
-25 22
-38 60
-15 12
-14 -32
24 3
42 23
-28 34
-24 -41
1 26
-21 64
15 109
4 23
39 -46
66 -14
9 30
90 30
-152 7
-162 -37
79 -31
12 14
-50 28
31 26
40 183
-81 129
-49 37
-27 -47
-12 -79
-50 -80
-28 -6
-21 36
-4 50
-36 8
-1 8
28 -19
-37 11
1 28
-89 84
-20 78
138 50
41 30
-58 21
-41 16
-52 -92
0 -86
29 8
-37 18
38 -2
-8 37
-46 34
0 -68
35 -3
-9 85
-60 209
-90 69
-21 -20
175 -40
55 -19
-58 -55
-71 -46
29 8
15 17
15 -1
-82 -31
-88 -41
46 107
101 110
135 82
4 115
17 33
-3 71
30 -1
1 -32
-54 38
-78 48
-102 -131
-5 -96
-21 1
-41 0
-33 21
84 15
-12 27
-1 39
-37 33
80 49
12 33
-84 34
-5 41
40 -24
64 -40
28 42
-15 -13
-21 -30
-60 86
-51 92
18 68
88 -6
54 -8
97 16
1 109
-21 112
159 -111
60 -174
-78 8
-105 79
-71 14
44 -15
-4 -1
54 34
106 114
-63 30
-38 -1
20 85
111 89
-10 11
0 -73
-47 -123
-109 -36
21 17
3 6
8 12
39 112
68 104
5 45
64 71
-1 14
31 -38
34 31
-15 26
4 45
-6 22
40 57
2 -5
-24 -117
32 -49
-19 -18
2 -23
41 6
-47 41
70 85
65 5
71 93
102 -47
-90 -168
-70 -11
15 13
96 40
28 -5
-30 89
-34 -7
-74 -54
-26 -68
23 -83
-56 -28
-48 39
105 85
107 94
56 17
-70 -66
-83 -152
-48 -31
19 9
88 -11
-32 -18
-36 86
27 58
73 -13
142 -6
61 1
-41 34
-27 77
-42 24
40 -61
-13 -101
21 -89
5 78
-49 152
-51 47
-16 -54
51 -71
66 -8
34 -11
-15 -78
-8 -28
0 37
-22 80
24 13
86 -57
16 -104
87 122
-22 231
0 -20
11 -170
2 -66
17 -5
-6 46
-16 54
22 65
87 -35
20 -88
69 -27
39 47
17 45
-66 -2
-84 -38
-5 15
9 -8
-38 16
-7 19
113 13
144 -14
-35 -14
-31 -24
16 -25
1 -12
-72 2
-43 81
20 100
-70 31
-63 -43
2 -61
-11 15
115 58
53 42
125 -6
-34 -121
-59 -132
-47 -42
6 51
35 150
55 -20
9 -50
13 -30
18 49
14 73
-4 48
-26 8
-30 -17
-14 12
-2 -40
29 -73
12 -9
63 5
5 20
103 -14
65 -24
-18 24
-59 36
-14 63
16 19
27 -8
-6 -5
19 38
-49 37
-34 18
-4 -70
-49 -95
6 4
11 -88
-23 20
-52 24
-34 47
60 -47
45 -20
52 66
5 76
-83 44
69 21
53 15
60 2
-34 -36
-61 -12
-15 -21
-1 32
121 26
20 66
-38 140
-14 33
20 -56
-5 -61
-10 -43
37 11
-69 49
-24 -27
59 -102
29 -13
44 -63
61 -51
-107 -19
62 6
73 32
22 70
-44 42
-69 33
7 37
-20 30
-20 42
131 28
80 4
34 -27
-31 68
-5 16
11 -59
-51 -52
-30 75
-46 115
-11 -6
12 -151
88 -97
27 -49
-11 32
66 39
-12 -53
-28 -30
1 6
-80 30
44 0
31 110
53 221
17 7
-36 -101
38 -125
83 -38
-62 28
60 70
45 11
40 12
13 -49
18 -41
45 -33
8 -2
51 56
33 24
-23 -9
-65 -5
34 51
41 18
-24 -85
-54 -11
-28 -42
21 -43
1 61
-26 145
-35 -30
38 -102
72 -43
70 15
-6 49
-57 74
-29 4
-30 -83
16 -58
-57 -14
-51 25
-85 61
-65 33
6 40
180 56
162 35
63 -10
