401 -23
198 -36
71 12
169 89
275 29
-14 -3
-289 -52
-265 -23
-236 -18
-36 -1
123 34
408 -22
772 -25
249 -56
-285 -30
-516 30
-196 45
202 -5
208 -21
236 -10
-317 -2
-269 -33
82 -33
39 -21
126 -19
149 6
-103 -38
-75 -5
-179 2
-105 -6
-204 3
-151 0
-3 -23
721 -14
407 -32
556 -2
315 -21
-89 -33
-473 -30
-587 -36
65 -20
377 56
312 47
320 23
233 -58
-385 -30
-287 -11
-131 -35
265 -6
158 -14
58 -49
-23 -16
-245 -3
-223 -22
288 -19
301 -10
157 22
-229 30
424 11
-24 4
-252 -26
0 -50
-256 -32
-99 -13
124 -28
303 -4
-12 -23
-22 -4
322 -18
-55 -29
-101 6
-12 42
146 13
186 -5
9 -15
19 -18
-80 -53
27 -22
-226 -23
-81 -31
79 -59
30 -51
191 18
68 -4
-46 25
165 8
48 -16
181 -17
-564 -13
252 -12
492 50
232 28
-158 -50
4 -64
-53 -34
439 -3
251 -2
90 3
-44 -35
3 -50
-531 -40
-515 -12
257 18
401 -14
265 -17
119 -13
-151 -4
-318 6
-225 4
286 -5
152 -11
-139 -8
-372 -16
-725 -24
233 -11
298 -30
615 -39
-282 -18
80 32
169 8
236 -12
544 -28
777 7
-413 4
-495 -37
221 -28
582 -30
12 -10
-231 -2
-10 -24
-220 -24
-356 -10
242 2
139 14
-75 38
-86 5
-309 -33
469 -109
955 37
-705 -13
-524 5
79 20
209 -26
-233 -44
76 -19
327 9
221 5
-347 0
408 -27
-200 -57
136 -10
1078 -1
148 -4
48 -10
-360 3
-647 12
-343 -9
252 -28
-48 -37
62 -29
-433 19
-437 7
457 -40
485 -26
614 -20
-244 13
380 -3
334 -28
-377 -13
-71 -1
-1073 -37
-96 -16
54 1
-29 21
624 -17
75 -9
-97 -27
-54 -24
-257 2
162 1
373 -6
185 -36
-252 -18
-317 -44
-105 12
377 -15
223 -32
152 -28
-47 -33
-569 -25
-145 -14
190 -41
68 18
194 3
208 2
-319 14
518 -16
206 -19
-466 0
-22 -9
-230 -18
-26 -30
77 -12
-295 -24
238 -11
239 7
77 18
-137 -18
-45 24
157 -27
72 -41
381 -9
436 -6
-89 -17
-301 -38
-50 -7
9 -3
407 -29
334 -12
-535 -11
-187 4
-78 17
44 -23
203 -35
6 -18
-70 3
-426 -4
-243 -3
306 32
184 -12
108 -71
-63 -67
-297 -1
-231 -41
122 1
517 6
213 -30
364 -29
-577 -2
-929 71
451 58
665 -33
692 -48
310 -3
-413 5
-394 -13
-706 -38
-282 -57
-181 -19
1065 -7
1069 -10
-404 0
-434 0
-104 -11
-206 -23
103 -3
447 0
192 -31
75 -10
94 -7
-157 17
-405 -10
32 -11
94 -17
-59 -9
118 -28
16 -6
-23 -7
286 -42
-16 -30
-313 -23
51 -7
164 -11
891 12
102 47
-228 6
-304 -25
-365 -8
-52 -24
881 -11
29 -4
-331 -15
210 18
132 -12
-16 -31
241 -28
381 -18
-141 -21
-310 -25
-268 -15
403 -12
115 19
-132 -5
-67 -32
-143 7
-2 23
239 33
252 11
-229 -23
-287 -35
190 -3
32 -21
28 -15
-166 -9
277 -2
347 -13
-333 -28
-112 0
770 5
397 -8
-44 5
-397 -11
-793 -34
-177 -35
516 -30
411 -17
2 1
-477 -27
-240 -20
152 -46
816 -13
956 34
-198 23
-695 -17
-401 -25
91 -21
33 -28
311 -29
70 -14
-423 100
-185 0
55 -47
614 -46
324 -21
-243 -5
143 -38
-154 -7
-299 -11
104 -28
93 -12
139 2
-76 19
152 21
89 7
115 -24
290 -37
17 -20
152 -15
305 -25
-252 -17
-71 -7
70 -37
-171 16
-388 117
-186 88
417 -36
405 -59
-172 -7
-54 21
61 17
-201 -6
61 -50
155 -25
-48 -19
207 -7
130 39
-27 15
26 14
-131 2
-28 -5
102 6
-38 13
-58 27
361 -16
-95 0
-151 1
81 -16
179 -24
48 0
79 59
-16 41
96 -13
61 -39
-184 -13
-9 -6
9 4
-248 4
-31 -2
134 12
293 3
-285 -15
-290 -23
-371 39
180 -15
594 -16
59 -12
-266 -7
272 -9
308 1
-71 8
219 25
-103 18
-251 22
255 9
-112 -16
97 -8
230 22
-100 14
-132 -4
-202 -15
-171 0
562 9
289 5
80 13
-104 8
-61 -12
-196 -15
139 -28
6 15
175 44
203 26
-165 -17
-88 -21
-105 2
150 3
421 2
-45 -20
-28 -14
357 -11
-138 5
82 17
-101 -14
27 -21
93 7
-26 -10
33 9
-97 0
-125 -4
334 -2
219 9
121 7
34 13
-104 13
147 -8
113 -2
-186 -17
-137 -3
-234 2
654 14
157 0
-70 14
165 16
86 8
93 13
0 15
45 -13
74 -15
207 -19
173 -7
-34 8
-375 8
110 4
525 12
-201 0
-22 -2
79 0
52 -15
-103 -4
1 2
34 4
244 -3
-224 0
212 -4
265 2
31 18
-70 11
372 -6
-321 0
-138 -1
-98 -2
-329 5
948 -7
313 -3
-346 0
29 -9
628 24
457 -4
-379 -7
-365 -3
-178 5
3 1
-110 -19
-153 -11
-140 0
-53 -11
61 1
244 -4
17 6
122 2
152 6
-90 3
-287 0
205 -4
382 -3
-21 -2
-241 2
27 -2
-68 -4
74 -15
319 -7
196 3
31 33
-40 -4
-228 -23
179 1
-159 0
245 -3
-12 25
-30 -2
155 16
-100 16
-111 -24
337 -10
459 23
18 67
-417 53
-70 -30
512 -53
242 -16
-350 -6
-28 -11
-96 -7
-115 -4
-212 -20
378 -19
501 0
-286 23
-146 17
559 0
287 -11
58 -4
-380 4
155 9
152 5
-51 -13
-195 -12
-29 9
-67 18
176 9
117 -2
19 -6
216 -3
384 3
-3 -2
-43 8
-234 -3
19 6
-85 -6
0 0
-171 -22
94 5
181 -3
485 -32
67 -38
-118 -11
-149 16
-84 9
-61 -10
-97 -20
-10 15
316 19
-89 -1
-443 22
194 41
721 -19
388 -40
8 -32
-190 -6
-45 32
-91 29
109 25
-64 19
-242 -5
18 -34
269 -13
-178 -43
219 5
-167 -9
-136 2
23 27
68 8
57 24
203 41
-240 24
0 0
362 4
200 -12
75 -36
-3 -1
-300 -34
-130 0
62 42
125 38
276 6
-49 14
-355 43
34 24
519 -20
33 -57
-60 -97
52 -26
15 20
57 20
-6 -8
14 -7
-108 16
-100 -23
200 -23
-277 -2
187 30
-114 30
106 15
44 15
-154 -12
33 -12
-98 -51
-106 -55
223 -26
-56 7
68 24
186 42
56 19
-82 -19
80 -8
205 -7
-40 26
11 47
186 37
131 -2
166 -64
-46 -19
114 27
137 55
276 71
-50 -8
-36 -35
120 -49
88 -21
8 -11
-139 -14
-180 -17
260 9
218 4
-135 -7
183 42
212 38
-197 -10
87 -32
-307 -39
109 18
138 16
127 -31
-199 -8
-86 20
-22 54
181 56
97 29
165 -10
20 -40
-282 -3
26 2
165 -10
196 -50
167 -33
13 34
-37 -43
-328 -12
-86 0
-124 58
286 52
174 -57
-30 -53
165 18
77 23
261 28
189 14
-180 -2
-224 23
0 50
96 52
123 19
-212 -47
-101 -73
-110 -64
145 -62
311 11
45 57
48 23
-171 -14
-180 14
320 61
271 76
-69 0
25 -36
-116 -37
50 17
40 26
-17 -44
58 -45
42 9
125 30
36 24
-73 -11
130 -60
-75 -45
-124 -4
-63 -2
223 12
128 0
58 7
31 6
-117 29
-79 28
166 -33
220 -20
30 -17
-118 -5
49 -40
-84 -46
-16 -9
195 21
353 30
-20 76
-173 62
30 73
15 0
87 -36
219 -73
138 -62
-145 7
-74 20
2 2
316 -15
39 30
-141 51
-25 18
143 -47
257 -36
-149 19
110 77
-29 49
-40 -34
97 -84
38 -46
199 15
-54 55
-71 19
375 12
-105 -28
-204 -44
42 -11
186 8
112 0
53 20
-11 -4
-282 17
98 48
397 35
192 8
-10 0
-264 -2
-233 13
164 34
190 -11
-145 -48
60 -32
116 37
95 -22
36 -66
93 -45
-26 25
-73 33
-8 19
41 38
82 40
0 38
-213 0
58 22
214 -23
117 -54
47 -9
46 11
277 45
301 -28
-14 -35
-115 -12
-185 12
-16 57
-142 9
144 -26
-57 -30
60 19
462 2
355 9
-3 -17
94 -42
19 -33
-189 -48
-143 -7
25 -33
-293 -46
-113 -23
-116 9
124 28
282 49
195 0
132 -70
95 -11
59 -3
-90 -37
12 -18
-184 5
110 -51
76 -75
202 -76
27 20
16 73
139 3
88 -33
-109 -20
-69 -9
39 -4
19 17
299 5
51 32
-83 -8
-86 2
-24 -31
-168 -35
216 -39
174 -61
106 -48
-83 -19
-118 14
8 24
53 -17
169 -51
99 -11
-116 7
-128 46
95 66
192 1
124 -57
78 -70
-17 -79
-40 -47
43 13
129 57
165 2
-49 -49
-73 -22
94 18
131 33
-56 27
64 -3
-6 -36
25 -46
65 -38
-55 -23
-11 -31
368 -26
126 -31
-13 3
150 1
156 16
-36 19
-85 -47
12 -47
-72 -57
-4 -23
-74 -11
-150 -18
142 -31
221 11
-88 -10
329 7
-64 -49
48 -90
107 -89
-215 -40
265 -18
203 2
74 13
-64 -19
27 -30
-133 33
88 62
116 12
-58 -49
-22 -25
-81 -31
-52 -1
199 -10
189 -26
174 -41
278 -22
12 9
-113 26
-9 11
53 -22
62 -13
-33 -30
-112 -43
-79 7
190 0
42 -26
-5 -10
19 0
64 4
208 4
-23 -24
37 -29
104 -1
-134 -11
72 -31
-4 -29
45 -60
157 -33
-119 -30
-6 20
109 18
36 2
-104 -14
-58 -45
334 -41
183 -13
39 -10
144 -4
158 -29
-9 -18
-207 5
223 39
74 47
-19 -2
58 4
34 -48
-89 -40
-137 -3
180 -39
128 -49
27 -44
-18 9
-53 61
176 39
4 -37
113 -40
87 16
46 3
102 -49
-19 -51
24 -26
-186 5
1 38
94 27
91 -6
123 -51
-11 -16
-29 -36
-29 -11
155 9
184 13
-6 -15
-62 -65
-107 -69
-55 0
120 35
112 28
167 0
-180 -45
-64 -27
113 -38
128 49
46 21
-86 -52
-73 17
29 -9
74 -32
-112 -48
-89 15
83 40
254 -8
-89 -18
171 23
364 -8
319 0
-24 -6
-223 -8
37 -39
95 -41
-13 -25
-108 -24
-162 -23
-106 22
18 -6
54 -22
181 -24
74 -39
131 -48
163 -24
175 5
118 -44
-106 -35
56 -4
-29 29
76 17
129 21
-114 32
-146 26
-5 -25
96 -48
-5 -60
-114 -31
145 -22
18 8
-50 -5
232 -36
403 2
110 13
19 17
-173 -19
151 -46
-294 -33
-146 8
152 -17
232 -7
-187 -21
-379 22
-139 71
94 54
393 -34
243 -68
23 -36
-43 -19
68 -11
-60 -33
29 -16
56 -47
4 -15
-74 -1
-111 -1
-134 4
207 -3
281 -15
61 -25
32 -28
-150 -4
136 -33
161 -43
115 19
-324 12
-69 -47
235 -24
285 15
381 -1
55 1
-48 -11
-53 -12
302 -3
101 -3
76 -2
15 -13
-111 8
-162 -9
22 -6
256 -37
150 -66
-34 -49
-53 -29
-66 -43
116 -8
17 14
26 69
-57 8
238 -23
85 -19
-45 -28
108 14
23 0
-28 -37
-63 -46
167 -25
247 -38
215 -1
33 35
-137 35
-32 7
190 -31
213 -44
135 -39
-36 2
-220 27
-169 -19
-136 -36
165 -42
328 1
180 38
-32 6
-25 -35
-97 -37
64 -31
188 -19
67 -10
-121 -19
-121 6
-76 -21
-242 -4
118 31
161 -2
48 -36
114 -25
248 -32
-30 -27
-101 1
-15 -19
-31 -51
-5 -32
-63 -8
-62 8
-27 46
104 14
189 0
104 1
-48 -23
-153 -47
70 -17
146 -3
128 -12
-90 -23
-23 -22
15 -10
16 -11
250 -20
216 6
-141 23
-153 -11
140 18
113 21
90 24
207 -22
3 -65
107 -68
-41 -55
155 -40
-108 13
146 37
78 33
-18 -46
-142 -73
-238 -59
-130 -17
113 12
181 14
159 18
-115 -9
-19 -21
3 7
165 29
36 19
72 0
16 -2
-79 -19
-190 -27
-36 -42
153 -53
388 -20
45 0
-94 12
-38 18
201 27
240 0
53 -22
144 -63
11 -59
85 -20
135 3
23 5
-37 -24
59 -37
230 -1
3 -19
211 2
-80 -26
-127 -2
55 -1
142 -30
204 -8
117 1
161 0
-43 6
62 -16
187 -21
29 -44
-168 -46
-25 -25
-155 -18
-67 -3
1 -14
125 -1
124 -2
15 -7
-18 14
49 24
209 5
134 -30
23 -28
-6 -12
27 -20
94 -45
-101 -18
190 15
3 13
-86 -8
-3 -63
134 -36
113 8
41 11
-219 -20
-111 -10
211 -24
95 -32
-17 -7
-72 -6
64 16
163 -4
1 -28
23 -15
148 -33
249 -31
18 4
-23 5
68 -8
120 -5
30 -12
1 -27
65 -18
-111 -5
-18 -7
69 5
134 -31
189 -1
126 13
32 -3
60 -4
90 12
15 5
0 19
63 -15
123 13
17 25
-138 -17
30 -59
31 -82
-53 -10
31 -5
48 28
23 19
84 16
96 -21
37 -30
0 -58
-114 -63
294 -40
200 -40
-53 6
159 23
8 6
-86 -9
143 -9
104 -21
99 -2
143 15
-29 -11
-40 -19
-55 -36
-100 -22
18 -23
9 -33
-51 -17
230 1
286 2
38 4
-177 -12
7 -12
205 -11
194 -5
-25 7
-84 14
-219 6
-85 -36
264 -47
336 -24
91 -19
34 -11
194 0
-88 -14
-42 7
-125 -9
104 -41
77 -35
-113 -17
-35 -18
-27 -42
383 -53
206 -24
0 0
-30 19
59 14
98 15
165 -6
113 8
107 -6
12 -11
143 -4
-114 -33
7 -20
141 -19
193 -42
-20 -29
26 -10
-127 31
17 11
27 -11
-15 -34
-52 -52
97 -29
201 -24
94 -6
103 11
30 -10
-81 -18
-1 -17
37 -1
-27 -16
-102 -16
-92 -12
-8 7
-53 -14
-138 -39
1 -67
301 -63
174 -28
-5 24
-112 22
84 -9
-3 -15
-40 3
43 -6
178 -1
135 1
-99 7
84 -18
45 -2
-1 -13
-56 -23
50 -17
140 1
32 -26
-165 -70
-10 -55
40 3
132 2
9 12
104 -6
-66 -13
164 12
-206 20
17 23
16 -32
112 -52
137 -32
132 8
-45 -22
17 -50
6 -27
-73 -25
-209 19
-115 22
269 7
110 -22
11 -13
-29 -14
4 -26
102 -7
186 0
26 -4
41 -10
-99 11
-25 15
-40 2
56 -5
75 6
21 0
-125 1
-20 -8
48 -12
-27 -24
55 -9
77 -1
99 -13
-3 -20
24 -11
-25 4
-64 -2
42 -23
-22 -4
9 1
17 -33
-16 -45
132 -26
113 -3
17 -31
-33 -59
60 -17
52 45
-154 35
117 6
-20 -28
138 -41
-67 -14
-79 -32
-58 -30
-128 -1
-43 8
180 0
-43 -15
-258 -10
-2 -7
217 8
304 -15
141 -19
121 1
105 -2
63 -25
-4 -34
47 -32
50 -27
18 -1
-50 2
-127 16
-86 -14
68 -57
45 -26
26 -24
43 7
-17 43
77 -2
34 -47
-125 -31
11 -46
126 -35
-25 -21
-124 -17
-85 -7
-136 -8
53 -4
214 -8
158 37
-33 -8
-62 9
61 29
309 5
95 -32
-134 -50
-85 -48
-155 -33
-27 -32
0 -8
61 6
46 0
216 -10
139 27
12 28
-39 -33
-30 -37
-65 -31
44 -36
110 -10
62 -11
-126 -5
20 -32
27 -49
119 -10
52 5
-94 7
-114 -2
-55 -21
-106 -5
-190 16
141 0
52 -3
310 -14
-29 -17
-13 -64
184 -66
85 -14
12 17
-134 39
-25 -13
-59 -28
-68 -19
-11 -7
-132 -1
65 7
23 -17
161 0
56 -51
0 -35
-39 -4
6 9
49 -27
173 -3
76 6
-26 30
-165 33
81 1
40 6
-8 14
-72 -1
74 -36
167 -24
0 -6
-42 16
94 41
0 -2
80 -25
252 -1
-101 20
-169 22
-127 -19
-230 -52
154 -39
135 -9
3 17
6 -3
-62 -27
-82 -17
-52 11
-83 31
31 -9
-107 -35
-38 -32
192 -14
79 11
71 31
-138 9
102 21
125 0
118 5
28 20
69 27
4 0
50 -12
-95 2
-108 -53
-110 -20
126 8
2 34
70 26
-27 -30
99 -12
13 16
-44 37
109 19
9 -1
26 -2
-57 -23
7 -13
26 16
200 0
42 40
-21 12
57 -18
-52 -37
-45 -16
-121 -10
120 15
75 0
-133 -13
-163 0
88 2
254 12
-2 12
-78 9
-135 9
-61 -1
251 4
2 3
-263 0
-197 -20
289 4
201 -7
-398 -36
-149 -20
259 15
-64 12
-75 15
-31 19
-165 5
-91 15
-271 12
-110 36
287 53
259 -21
-94 -52
-59 -46
60 24
29 -6
-95 -6
-9 -9
-69 3
-22 24
-217 6
-12 -4
15 7
85 12
39 -5
40 -11
-63 1
-23 1
-43 -2
100 1
66 21
122 21
98 -6
175 21
-5 5
-150 -15
213 -15
28 -4
71 -13
-63 -7
129 19
-77 24
-77 33
170 16
235 5
27 5
111 -44
-110 22
-54 -1
44 7
-83 11
154 -34
97 -33
-105 -10
-14 23
-133 30
-7 20
127 2
-27 40
-279 18
93 -1
75 7
-16 -23
-79 -45
186 -24
100 -14
-166 21
-138 19
86 -4
-47 18
-8 14
-10 20
-67 34
-105 8
-453 -6
-223 -10
329 -28
606 -46
-3 -18
-180 15
-328 25
-131 27
200 25
32 3
35 -24
43 -12
-154 -23
-179 -8
-92 -8
49 -15
-22 -16
0 -9
123 41
-49 32
-29 21
-170 18
-200 1
11 -2
324 5
68 20
-234 0
-93 -4
-113 -4
75 15
149 18
101 9
-108 17
335 1
96 -13
32 13
-71 -38
-30 -65
-57 -18
-260 1
-327 18
-132 -8
265 2
-50 7
21 14
-165 15
-6 6
82 8
-125 18
98 15
174 -2
210 4
2 22
-172 16
-20 -18
-7 -30
-34 -24
-86 -14
-8 -6
-105 3
-80 21
-52 1
-44 11
40 0
53 4
33 37
38 22
-1 19
-94 5
-81 34
-82 32
121 -24
170 -6
-95 -23
119 14
-155 -21
-119 -27
-149 0
214 21
264 15
179 9
-101 3
-145 11
-65 29
-167 38
33 -5
80 -5
140 -2
-110 -15
-120 -7
-56 -6
-83 -26
68 -19
125 -8
13 2
-157 9
-241 5
142 -3
519 -2
-115 2
-238 14
54 54
142 8
49 6
50 -10
-242 18
-363 21
-145 -6
-41 -6
95 -7
335 5
-2 12
-33 -28
95 -17
145 -7
215 3
54 1
-257 -2
-239 19
-224 20
6 50
187 12
433 -3
56 -7
-271 20
-161 -17
-128 -3
48 -3
15 -20
-91 -6
-63 13
-167 18
105 17
97 2
128 -9
-39 12
-85 8
-101 -8
3 -15
-31 -35
53 -8
-238 -7
-68 -19
37 -20
-16 14
-74 19
-22 14
391 8
265 9
-204 23
-146 18
-104 6
-17 -5
-34 -15
-89 0
-148 19
-31 -9
93 -1
63 16
-8 19
-43 -10
194 -34
79 -15
51 2
7 3
-186 -4
-63 34
-33 28
92 -3
-17 -41
29 -23
1 -15
190 -24
-144 6
-79 0
-24 -7
-138 5
-35 5
-88 3
-66 17
-20 13
87 -1
-237 1
-282 -17
-24 0
493 12
289 3
-128 0
-124 24
135 8
117 6
191 -16
16 -34
-203 -7
-156 4
-112 7
-127 21
-66 6
-43 31
94 17
135 -9
401 -18
-84 -13
-217 -30
-53 0
105 18
27 -14
2 -22
-3 -17
-128 6
-192 11
31 -7
-10 5
223 6
128 25
203 3
83 0
-9 -7
-120 -19
-79 -7
-175 0
-52 2
125 11
39 -5
-167 1
279 5
286 5
-151 21
-157 15
-76 -3
-5 -9
-44 0
-68 0
-28 1
44 -22
-159 -21
-10 14
217 4
579 39
3 40
-232 -43
41 -26
75 -4
62 -9
-211 2
-110 -2
111 -50
37 -41
-15 -8
-54 -2
46 1
290 13
-48 -7
14 -17
-32 21
-111 -9
102 11
59 46
-111 35
-232 -37
-25 -59
75 -29
21 -1
126 31
154 11
13 14
-62 6
38 -16
72 13
152 -10
3 2
41 19
102 4
-173 14
-25 -7
-83 26
101 48
-148 0
-169 -44
166 -65
337 -25
27 6
-11 11
143 9
-137 -2
-38 5
-102 27
69 -38
-54 -13
143 -7
38 13
-249 28
30 22
206 9
0 -3
20 9
-12 -2
122 4
-156 8
-185 -17
-46 -11
-27 -9
52 8
183 13
-79 14
16 5
-106 6
166 -18
-91 -2
30 41
-1 23
-36 36
78 30
33 20
-22 -53
129 -24
78 -21
-103 -10
-103 6
304 8
70 15
-327 8
-55 -14
-179 -7
261 -10
277 8
-99 22
13 14
-14 -3
-9 -25
205 -5
59 29
-143 4
-72 -7
25 -18
-168 7
-8 37
121 8
394 -9
97 -29
-52 -17
-214 -6
-97 0
315 11
308 -19
55 -12
-227 -13
-4 18
87 21
-189 -9
63 3
53 -4
-114 0
-150 -5
-159 24
9 7
168 27
116 21
168 8
71 -11
27 -8
-14 -9
22 -5
-131 11
-108 -17
165 -43
164 -19
-89 14
23 21
-28 15
-60 -12
-182 -15
186 3
4 0
24 23
-79 -5
-164 3
-5 -2
87 22
166 0
167 25
212 21
-111 -8
-12 -12
95 12
-107 -21
-24 -2
-52 -20
101 -11
-66 1
89 20
-13 5
27 30
30 -22
49 -27
18 -17
-16 -10
187 5
-61 24
-13 -11
-88 -16
-13 -11
-174 4
-6 18
-43 30
250 48
204 -16
-36 -8
-118 35
-117 23
-13 -25
81 -57
25 -53
-58 22
122 8
14 20
-108 18
-137 -8
-44 19
29 2
-34 38
23 16
-86 -15
1 -14
46 0
-72 4
49 7
74 13
42 17
-233 -14
-84 -3
159 1
-116 4
110 0
-56 0
37 9
13 23
-1 8
-57 2
37 9
199 -20
55 -33
-72 -49
-146 -30
-184 5
243 4
175 7
195 -8
-238 34
-197 45
190 39
-38 21
-134 0
26 -9
71 5
-61 5
-69 7
-85 -32
-34 -26
-53 -8
32 20
19 22
22 3
-19 -8
14 3
53 -2
-49 22
-56 -31
67 12
68 2
183 2
77 -14
-53 34
-85 18
4 3
-62 -7
-66 8
-54 25
-155 1
66 -6
0 -26
89 -35
78 -20
89 -11
-24 6
-155 37
-49 39
108 57
-61 14
172 -17
-32 -12
43 -18
36 -28
109 -10
-53 7
-63 0
-87 3
-91 -41
58 -27
70 -11
-56 3
-77 19
75 13
231 -1
57 -1
-59 23
-57 54
-1 13
-64 -12
96 -28
-11 1
27 -19
121 6
15 0
-59 0
38 -3
129 7
64 0
-103 6
-33 5
-127 1
-55 16
-64 24
12 27
26 -10
33 -22
262 -24
189 -5
11 -11
138 -5
120 -30
-24 6
-113 -6
70 0
-15 2
45 22
76 17
-48 25
71 0
-43 -9
79 30
-45 7
72 2
-159 -8
-93 -21
41 -10
239 -13
287 -21
5 11
254 31
35 18
26 -10
-232 0
-104 -28
-80 25
-155 21
34 -14
153 -2
174 20
73 33
-4 -8
-22 4
107 -6
43 31
68 34
-172 -20
56 -69
129 -37
-53 17
-157 51
-12 12
-3 -50
96 -33
-118 -14
-79 19
-130 21
-15 18
62 23
360 24
276 24
-36 -17
15 -6
-89 15
-1 35
103 18
-40 11
-46 -12
57 -5
87 17
61 17
119 9
70 19
-109 6
-16 -15
-14 -14
101 -9
114 -9
0 -7
-26 -20
-137 8
-99 9
-15 28
91 0
66 4
152 9
11 19
40 -7
54 17
7 8
-6 7
100 -18
-72 -10
-96 -9
131 9
-4 -4
81 -3
157 -12
-145 11
-22 13
-16 -5
-4 -11
-107 5
35 16
-5 19
9 20
56 6
172 23
14 -17
-14 -15
3 -10
-19 14
-12 17
14 -16
55 -2
-141 20
-32 -17
255 -3
16 -4
176 8
82 8
-201 14
-58 11
43 33
-70 9
-116 3
63 -48
30 -26
35 8
84 18
135 4
-19 -3
-151 -15
1 12
-27 -5
376 17
-45 16
-142 14
-71 25
-224 42
-11 15
60 -34
143 -9
-23 8
-104 -17
-28 -12
243 -22
4 3
98 -2
32 8
-100 14
-85 18
-47 6
-96 21
-63 16
0 0
-15 4
-144 8
-127 -12
-53 -41
73 2
157 18
-159 30
147 -5
-66 0
103 4
-81 -13
-158 -17
-104 -23
-22 -6
116 -10
-62 -22
-167 21
-288 18
-102 13
150 17
218 21
199 36
-76 8
-163 -20
-18 -12
0 4
1 18
-34 8
39 4
-173 -2
-49 9
-249 13
-139 6
32 0
371 -4
267 -18
-65 5
-193 -5
-145 -4
-160 30
26 18
304 -9
38 -2
-95 7
-84 -18
-10 -8
-259 21
113 5
11 9
38 36
-97 7
-169 -7
-28 3
-104 -7
-8 22
36 16
-5 -1
61 -21
125 13
7 5
-87 -11
56 -37
-106 16
60 5
199 7
-53 4
-247 7
-157 14
141 9
104 -2
158 -1
5 0
-141 3
-19 5
-146 0
-6 -12
-21 -21
-140 -6
-215 15
-142 12
91 -4
70 -6
-89 -2
-139 4
5 14
131 7
179 -19
9 22
-248 11
-197 4
61 -2
231 -14
39 -17
-158 -16
98 -6
4 21
-223 21
-65 22
-14 20
272 -1
53 -6
40 -1
-62 5
-31 -20
36 -50
-68 -4
-47 14
13 -12
-140 4
-90 17
-67 31
275 12
190 29
-82 22
-110 20
-108 8
-81 -15
-2 -18
53 -28
-139 17
-108 6
-64 12
148 -11
53 19
-4 1
49 -23
4 -4
-50 0
-31 -1
-81 1
-1 -1
69 -1
6 -9
2 -11
31 8
-37 4
16 12
-103 14
60 -21
81 -26
-54 -7
-35 -21
-21 -13
-43 1
-87 12
21 14
-50 5
3 7
22 17
133 25
-119 14
-202 20
-283 23
-87 -6
194 7
345 0
-7 -12
-344 16
-6 -3
269 -4
130 7
-58 2
104 -12
1 6
-74 30
-221 18
34 0
73 7
12 33
-89 23
-144 32
-84 -3
-18 0
-57 -27
-118 -45
-127 -26
-7 -12
145 -9
72 5
-142 11
-83 15
89 11
134 3
99 2
95 7
-117 19
-249 30
-61 6
-12 11
-52 -15
-87 -21
-145 -2
156 -8
186 2
33 32
-11 9
-30 5
-55 -14
-57 -20
-38 -1
287 -1
161 12
-183 9
-520 1
-184 2
221 -1
77 6
-41 0
-104 13
-166 7
-95 4
65 -2
106 -22
80 -5
-18 -3
-89 -30
-30 -3
-133 3
-220 8
-31 30
16 18
-7 9
26 -7
60 -9
38 -37
48 -9
-140 16
41 -17
-150 27
111 -10
154 -40
-122 -4
-59 0
-180 -1
-23 6
126 -10
1 -11
-129 12
-33 -33
14 -49
-139 -9
-136 9
-110 -14
-27 -20
-137 -20
-109 -17
0 -8
121 8
-137 5
-144 1
-65 -6
242 7
69 -16
85 -29
-88 -43
58 -17
-51 0
14 -7
-131 16
-36 5
176 3
72 -12
-77 -12
-117 -14
-135 17
-133 -8
13 -30
-69 -33
