-29 -3
4 14
-125 -7
-50 -2
-73 9
34 2
-2 -11
-13 7
-4 -2
-143 -8
-30 -7
-17 4
61 -4
-51 4
-29 -2
-73 7
56 -2
136 0
-4 5
35 12
14 28
-52 -9
-100 -20
-73 -4
5 -6
5 4
3 -16
-80 -10
112 11
-47 14
-77 13
36 -6
-21 -7
-17 -13
-12 -25
14 -3
-82 5
93 8
39 4
171 5
111 2
3 9
28 -1
-25 9
-174 13
37 0
-180 -16
6 -12
34 -14
120 -2
72 6
26 2
-38 16
33 -1
-241 -10
61 0
-43 1
-65 0
-38 -11
-2 -8
151 11
108 0
25 6
-146 0
-73 21
-15 -15
13 0
-83 20
-60 4
67 5
-259 -6
38 -2
29 3
-131 12
-44 15
208 16
-24 21
-58 6
-125 -8
-102 -8
-5 1
-63 5
153 4
47 -6
-108 3
-249 5
-134 2
26 5
14 -2
-169 4
-128 -4
-82 -2
19 -10
-79 0
5 -2
127 30
-4 3
-58 -1
-84 -8
63 0
-151 -14
-145 -4
138 13
-84 11
-162 -5
-116 8
-8 9
49 -1
16 0
-11 0
-58 -2
-85 6
53 7
-96 5
-148 4
-22 -8
47 -2
-142 -8
-75 -19
-106 13
106 0
-39 37
-50 7
268 0
88 15
118 35
39 -10
-126 3
-185 -26
-96 -2
174 -8
129 -10
283 -8
61 -4
-283 -9
-310 5
26 8
408 28
216 26
-174 14
-496 -9
-186 -9
159 -9
5 -6
43 15
2 13
-72 -11
-151 -7
-79 11
41 1
36 4
52 9
72 0
39 4
71 -1
180 2
-35 -1
-46 14
-38 8
-137 8
-125 5
-278 0
-184 1
186 4
805 -29
309 9
-159 8
-190 -3
-106 -11
5 4
-184 -4
-207 4
-332 -8
-192 -4
-102 -7
-66 1
-27 8
11 13
384 4
290 -5
83 0
-69 -12
-245 11
-186 -3
65 29
-35 11
-33 1
311 2
165 -3
28 19
-114 0
-168 -6
-133 6
193 5
124 49
-221 3
-149 -4
-101 -7
-213 -6
-14 0
184 4
-87 0
-104 -7
-66 -4
-29 7
191 6
-51 1
-12 22
-17 12
5 6
16 -13
-130 7
-62 -1
0 -4
69 0
-116 1
34 0
162 13
37 11
-258 -23
-173 14
147 8
32 6
95 6
-27 0
42 -9
57 13
-6 6
-150 14
63 4
342 -1
169 24
-202 -2
-71 1
-116 29
50 19
-7 4
-147 -4
-55 3
-1 3
46 -4
-109 -12
-116 4
-9 6
209 14
-34 0
-187 -8
8 -2
190 -2
-67 -1
-15 -1
-123 2
-69 -10
22 5
119 -4
61 9
-214 -5
-160 17
-42 -1
163 36
4 0
-73 3
-19 -8
-126 -10
-178 1
-48 7
-191 14
-1 -1
227 -16
56 11
-20 4
-31 7
-156 4
-230 6
-9 -4
-59 -3
53 9
-113 -4
-58 2
77 21
-57 -5
-119 -4
-164 5
219 -1
243 11
-107 9
-77 23
-113 -6
-92 17
-134 -3
24 -12
-52 8
-141 0
147 0
39 21
-161 0
-122 -6
-36 -1
-86 7
18 -1
182 7
-123 2
7 5
-112 1
-106 6
-64 -3
64 -7
114 -11
326 -3
-15 6
-167 0
-15 -10
156 1
-96 0
-37 -5
-8 -4
30 6
70 0
-112 -2
-238 -10
19 4
245 -6
124 15
1 9
116 -5
-1 0
-40 0
0 -5
-25 0
258 8
-72 14
-151 0
-141 -2
-108 21
138 -3
51 -7
-65 8
-93 0
-116 0
-96 5
176 -8
-36 5
-83 4
-10 34
29 -2
5 9
-61 1
-63 0
-50 -7
-126 -5
-27 20
-123 9
-110 -5
-8 1
6 -3
-86 3
-181 2
-86 -8
270 -2
-120 9
42 -4
202 1
-173 1
2 -2
187 0
48 -5
-132 1
-15 16
-166 8
-105 3
129 -2
185 -5
29 -9
-223 15
65 15
59 3
5 0
85 -5
-53 1
-127 -19
-97 1
-55 -7
-16 6
57 16
25 -2
-31 -1
77 -5
157 2
92 5
-232 7
72 -5
-51 4
88 -9
-10 7
49 3
8 2
-128 0
-55 4
23 4
-203 -9
-111 9
4 -18
158 -5
-107 8
7 -9
127 0
-62 1
-95 34
-183 9
-36 9
60 -3
-118 9
-44 9
24 -3
51 -11
-109 -18
-60 -3
14 8
158 8
19 -4
-110 0
16 -1
25 15
-50 5
275 -4
11 -12
-289 -20
63 12
-132 0
23 13
0 15
-195 -4
-134 -2
0 0
-31 12
138 25
72 7
-144 -5
-21 -15
-61 -10
115 -39
-148 -1
-45 -8
-113 1
19 32
129 18
212 1
-75 47
-44 56
-7 42
-41 23
163 -20
-59 -71
-20 -48
-45 -39
-55 -47
220 -33
-12 -25
-155 16
-29 36
22 47
94 57
-173 38
-18 9
-135 5
-20 7
-91 -5
58 5
126 16
-182 -20
-38 -39
-47 4
-118 27
-1 35
46 19
101 22
-63 -31
180 -74
85 -48
-52 -9
-63 33
-206 38
-58 -23
18 9
115 -1
117 24
-66 3
89 2
-31 3
97 0
34 -9
-41 -8
-143 -15
-98 18
-34 5
15 -21
106 -8
-62 3
-96 21
60 6
-41 -18
82 3
20 -17
20 -24
57 -15
23 3
-23 12
-24 27
-42 34
-35 2
-37 -22
59 18
72 20
-100 -9
34 -1
-70 -2
-216 -6
111 11
84 16
88 -4
-81 -23
-49 -12
18 13
-67 31
31 52
-71 -6
236 -21
112 -34
-136 -2
-23 41
65 40
-13 8
-129 22
55 -48
113 -78
-43 -34
-201 -2
-29 9
183 19
50 15
-9 -22
31 0
52 14
-167 22
-11 16
114 21
-82 -1
0 6
-123 -12
-127 -14
42 -44
471 -8
164 8
-278 -6
-148 34
-153 53
65 9
25 -3
-101 2
-71 -6
121 -3
18 -27
9 -2
-41 2
-159 30
173 -32
191 -3
-84 21
-55 48
-12 6
21 0
-37 -16
-87 -39
77 -3
136 23
-97 -31
38 -41
-112 -7
-44 32
27 57
-15 18
23 -17
117 27
-159 4
-1 29
100 -4
-140 1
122 -11
185 -6
66 -1
-111 8
6 -19
-95 1
-149 1
-166 3
11 -26
125 -31
135 -6
67 82
-150 87
-192 31
99 -3
86 -2
56 -38
-298 3
-202 59
-153 4
223 -92
338 -58
54 13
-127 52
-25 -18
-29 20
-42 -3
-55 34
-66 -14
-93 12
66 26
191 -27
87 -49
129 94
-2 25
14 -65
87 -70
-286 0
-144 46
-69 15
-162 -7
-164 4
-10 34
144 12
39 20
-253 -14
-162 -1
247 13
84 -6
33 38
-12 11
-76 -43
-96 -65
6 43
-136 131
-166 -50
143 -99
251 -74
83 0
-53 30
49 -11
136 59
92 54
59 29
-110 24
138 -20
-136 -118
-114 -139
-154 111
-37 125
69 -84
67 -140
2 5
-230 82
-165 65
-77 23
146 21
107 9
87 -27
42 -48
60 -20
-54 -14
-21 8
-90 128
-174 32
-77 -33
96 67
128 29
77 -45
-56 -70
18 0
61 41
8 -6
-228 -39
-130 -39
54 20
52 156
36 32
-150 -92
-165 -93
98 -22
213 -1
221 58
-125 16
-15 -39
-72 -48
-118 53
-43 36
-22 -61
30 -14
123 121
139 -10
59 -25
-70 -39
98 -34
-122 16
-88 -37
129 3
157 105
-109 32
24 52
73 -50
-242 -15
-223 -20
98 129
314 59
50 -84
23 -107
-101 -36
43 3
-23 -29
-68 9
-35 -16
6 -16
-8 -26
-23 -16
-34 49
166 38
73 0
-27 -32
-11 -33
-96 -31
9 -23
-13 -45
-89 -103
-96 -43
-80 -3
0 -37
16 -56
178 -92
14 61
-2 -15
-4 -39
-4 29
-209 131
7 62
168 -88
80 -74
-5 -76
-118 -87
-1 -3
-4 -17
-134 -33
-20 -17
-110 3
-69 0
-18 55
230 58
313 68
-77 -58
-129 -99
-66 -24
-98 61
65 -16
-131 -25
-1 -65
-9 -58
25 -2
-114 87
50 38
449 -32
101 -73
-158 -30
-166 23
-143 4
-40 -33
-65 -35
-7 -60
1 -19
-102 -5
285 -31
97 -55
3 23
71 66
97 23
38 -9
56 -59
1 -26
-73 15
5 23
304 -57
151 -87
28 -52
-36 36
7 -15
49 -36
-121 -61
113 13
-12 205
-47 26
27 -95
25 -88
-89 -62
-202 -3
-32 50
338 28
204 -78
38 -71
-65 14
-186 -13
-91 9
-205 30
-63 45
125 -3
29 -48
-190 -26
-141 1
-3 -23
181 -69
-128 -60
-110 -50
-170 100
167 156
204 -41
-116 -100
-138 -38
14 2
85 14
151 -52
-75 -58
25 -91
-63 -43
-278 -31
-30 34
185 36
134 17
242 -2
-91 27
-209 33
-73 55
47 -35
-28 -94
6 -75
-61 13
-50 43
4 -19
135 -63
157 -29
-36 28
-42 14
-12 -66
61 -32
-106 -34
-85 -6
85 45
-47 -31
85 11
156 120
172 -47
-33 -137
-15 -66
138 -43
-52 25
-45 54
-59 -18
-22 -103
-112 -40
164 41
-36 60
24 -10
33 -59
13 -70
-77 1
-124 -94
-134 -67
27 43
-28 124
-89 -34
2 -98
37 -30
-55 5
26 -30
-125 -34
92 -69
-151 8
109 61
-29 -3
-148 -8
-97 -46
-71 -3
16 50
55 21
-157 -23
59 -34
7 -59
-85 -43
34 -14
-192 -42
-77 1
227 26
87 -42
20 -45
58 118
85 81
-145 -129
-50 -37
56 -2
-74 40
-162 89
-61 34
75 -1
100 -98
115 -50
61 -21
-46 -24
-132 23
6 42
-12 13
54 32
-105 26
-111 0
75 -19
-63 2
-85 9
-4 -33
300 -67
-84 -20
-43 64
-80 74
-107 -32
-20 -41
-65 -92
79 58
-123 126
51 -6
39 -109
-53 -113
75 -4
189 195
52 62
-60 26
-137 -17
7 -4
-14 -9
-43 1
44 78
-60 64
-36 6
-52 -37
12 -37
-103 -12
11 -78
-78 70
71 48
-23 -12
-50 13
40 2
2 -28
-83 20
-37 0
-103 -43
-12 -31
-37 8
153 -6
63 -46
76 -71
17 -22
-12 -17
45 19
41 63
15 48
-173 -13
-34 -22
-53 20
42 -10
307 22
191 62
-156 28
29 -56
12 -10
58 43
-27 -53
-94 -83
-206 -59
71 107
67 77
-45 -14
35 -15
-184 -71
114 -24
35 87
-114 -21
15 -15
130 7
-13 -11
-33 -37
78 -11
117 36
-27 -25
-4 51
15 57
63 -32
-3 -37
98 -43
52 -19
-85 -17
-124 11
-41 40
38 -7
50 1
17 -1
-65 -10
20 75
-81 123
-86 -41
-24 -151
49 -15
28 51
109 21
-197 -13
-79 -21
125 -4
331 0
86 47
-165 -17
-14 -18
20 7
-46 17
-27 -61
38 -41
-47 51
-102 -4
-52 -38
144 -21
3 30
-22 -19
83 82
241 23
20 -96
66 -9
-253 1
-36 3
-33 23
11 0
51 35
-49 72
-100 -12
116 -45
123 -39
85 -31
-126 -22
-91 130
16 138
38 -95
-20 -120
-34 -33
-124 41
-118 65
-78 53
38 -46
56 -22
48 -25
50 17
-56 7
-91 -1
-87 1
-83 112
12 2
-42 -96
-2 -83
-64 30
20 41
-135 -40
-85 -101
-213 106
6 81
-58 16
-119 -15
-89 0
-68 65
67 -14
55 30
9 7
45 -59
61 -58
-41 77
-55 50
63 -43
93 19
9 52
-102 6
205 3
76 -29
50 -36
-68 -56
-62 15
-99 58
-102 36
104 3
-28 -55
66 -8
-58 22
4 7
21 -22
-9 -17
95 -54
-13 -102
-104 -6
16 212
-27 158
45 -68
-71 -71
25 23
173 80
153 -67
34 -140
-16 -23
55 -26
-167 -32
-69 61
-130 30
49 16
129 40
-1 5
-3 -95
-2 5
-7 110
5 115
19 8
-100 -53
-26 -19
-86 4
-82 27
-180 -20
25 -82
93 68
67 80
-70 24
5 -85
113 -13
-15 27
-73 63
8 -11
-60 -49
117 93
183 -9
8 -83
18 -66
-101 37
-9 31
86 -2
-27 6
62 -33
-79 110
85 -21
88 -117
33 -34
97 82
0 22
-89 14
127 -103
3 -45
-120 85
114 36
-5 -26
-10 5
-42 68
-34 -34
42 -3
-3 17
-35 -13
43 20
-35 -83
-56 -25
-14 38
210 60
157 -67
12 -15
81 19
212 93
114 -37
73 -120
53 -17
-214 65
-43 62
-10 25
139 -25
58 -13
29 -16
87 111
-153 26
32 -9
208 -11
-76 -57
-57 -13
-33 -48
-111 -1
50 -9
97 148
-9 62
9 -71
-30 -84
38 38
13 17
-103 -15
-37 108
-143 -37
53 -75
-24 136
-234 -66
191 -171
78 -28
93 167
27 81
-11 -61
-43 -73
13 -4
79 -11
71 -12
-34 95
40 63
-29 -43
118 -91
-163 8
23 80
261 50
204 21
-105 -56
87 -53
-30 -22
-89 -18
-7 8
-44 12
-6 -18
80 -45
-48 31
-67 77
111 62
50 29
-85 -20
-19 -19
-41 20
9 7
227 -16
-54 36
-64 -15
-53 -4
30 -13
46 -37
-44 -30
-122 -27
-74 106
-41 -9
88 -67
301 -19
39 109
-49 -1
-93 -56
-68 -60
73 -17
160 17
128 -16
-70 -22
-90 -16
-4 0
51 -9
-48 -50
-90 88
158 277
180 -9
-71 -107
-68 -17
-115 -2
51 -1
-8 -28
-36 -11
-153 -29
48 -34
9 147
-32 6
-39 -29
-84 -17
68 8
70 17
76 9
-63 -26
-35 -31
37 -21
8 137
-15 -81
-55 -39
160 39
-28 58
31 21
-59 -28
-144 -47
35 -39
9 -12
21 82
124 16
164 -24
-92 14
-31 -17
95 -38
-54 -15
54 -8
172 0
-27 -62
61 -9
51 -9
-71 127
-127 105
32 9
155 -49
52 3
-8 95
-60 5
-22 -48
-47 -70
167 40
123 140
-121 4
-291 -91
-53 -50
76 15
126 48
0 28
-60 -16
-36 -77
-22 -73
32 -33
-17 102
-52 33
96 49
4 4
7 -58
-25 13
74 35
14 -2
-3 -27
130 -48
23 -67
-55 -9
-85 67
-75 96
28 84
142 -61
-21 -15
17 -4
25 8
232 25
-12 -23
-127 -66
91 -3
121 31
15 21
-202 34
20 -12
64 24
70 35
20 -10
-234 -39
5 -34
49 -7
-201 29
-26 -9
81 -55
-83 88
-82 33
56 -13
128 -3
66 -23
-26 0
-85 34
65 0
-53 -8
156 -7
-84 -15
62 -18
14 -10
-28 3
145 -13
-38 -6
77 42
-29 52
116 5
-69 -11
2 -43
233 11
122 -22
-13 -88
-23 71
-9 159
-87 35
3 -103
60 -22
13 25
-70 71
-52 29
150 39
-105 8
34 9
-50 -24
58 -32
21 -8
73 22
-19 -7
6 -46
-27 79
-100 57
-8 15
63 12
172 -18
54 -6
-59 -21
40 -43
-30 -10
-132 19
-14 -7
-48 -35
180 -19
48 0
-60 30
-56 161
-50 5
45 8
-85 1
-126 -20
42 -56
88 -38
35 -26
-11 9
0 2
36 -50
45 -21
-60 40
-55 33
29 36
130 6
-130 65
-212 4
55 -42
-104 -47
-67 0
-88 -9
130 0
228 27
-102 -32
1 -39
68 30
49 20
-64 -6
81 -12
-160 11
-40 14
95 14
119 -31
-65 -2
84 -10
-63 -3
-21 -12
60 15
-10 42
-16 24
-69 -27
24 -9
37 -9
-165 0
-69 1
-9 22
-101 -50
50 -31
-38 18
-9 82
-11 23
60 -23
-145 21
54 56
-104 33
62 -37
-26 -84
-103 -75
-106 36
19 -23
25 -46
99 -3
42 16
-11 34
-48 27
-117 24
-34 50
-38 34
39 -23
-43 -29
-101 -19
19 -19
-79 -16
121 -13
-25 -5
-3 19
-55 49
-52 43
79 -8
40 -37
-47 -21
-57 30
111 31
138 23
62 -31
74 21
44 -74
-215 -111
-95 107
-34 192
-5 -28
68 -38
86 28
-39 16
-12 13
18 -23
-42 -57
-84 -70
16 -15
18 39
-150 62
-31 -20
130 -15
-92 -14
-33 33
8 34
29 9
169 -13
-112 -14
-11 -29
-4 -10
56 24
48 28
-97 -10
-13 17
26 127
-4 8
-2 -68
74 -58
-56 -18
-100 27
11 0
8 -24
51 -14
75 -29
-64 11
-137 102
30 86
37 -15
149 -19
-159 16
138 -3
105 -60
0 -80
-165 -83
-30 17
-158 -5
-216 -18
217 59
19 38
36 24
-60 16
-158 38
-69 28
112 27
-12 -40
-205 -30
46 -3
21 -13
-45 7
22 47
54 26
111 24
152 -15
7 -20
39 23
-88 6
82 -44
24 38
-116 39
-39 22
13 -19
-52 -47
-39 -55
193 -34
219 74
-67 4
-87 -25
-10 -14
14 41
-28 -14
-15 38
-28 53
-99 12
52 -32
17 -59
-78 -92
-125 -18
-16 -42
-6 54
-33 120
-8 88
-66 8
-51 9
-196 9
-70 16
-20 2
83 -23
59 -44
-25 -51
23 -76
-50 -8
-63 79
0 44
-40 62
76 46
55 -55
0 -95
51 -46
131 7
-57 -20
-94 8
25 0
124 9
-116 33
-65 20
-103 31
124 62
-49 30
-102 -37
-49 -118
-46 0
139 105
-23 -22
141 -60
186 6
60 46
-82 43
-41 -13
-41 -63
56 -107
64 -10
-25 72
137 106
-31 32
-40 -53
-8 -34
120 2
-13 36
22 44
64 18
-32 -18
-11 -20
-3 3
8 5
-63 3
-18 17
43 29
154 6
13 2
-71 -29
-23 -50
85 22
22 32
89 -36
103 0
-57 49
43 39
-36 -2
-40 -37
-11 2
33 -22
83 -22
46 -29
-111 -5
-186 9
33 0
92 -38
206 -48
20 -12
-160 37
-64 -10
-177 27
173 20
205 -17
-67 -72
-73 -40
39 -18
-39 -23
67 -8
64 -17
-16 -43
105 0
101 26
-35 50
80 -21
-86 -39
172 -2
37 27
7 56
-47 -44
98 -76
-37 -58
51 -2
-110 44
-70 17
45 -33
104 12
0 -23
-5 -73
118 -4
-61 65
-64 56
15 -48
72 -97
121 -67
-64 6
79 -7
-57 -27
112 -18
64 0
-7 -15
-33 -38
-26 6
4 64
123 -4
-51 -76
-32 -74
55 -19
135 -1
70 9
-13 34
-86 -15
-116 -29
159 6
80 4
-5 3
-84 -13
63 -54
-2 -50
41 4
-27 147
-37 -4
14 -80
130 -79
24 -30
-43 0
-83 18
156 -24
40 -54
41 -34
-94 -17
51 7
73 14
164 0
-154 33
-65 33
-10 0
-12 9
-9 -22
1 -7
-32 4
109 46
178 16
20 -95
24 -28
-49 23
138 -50
85 -61
156 -43
47 -2
56 25
-39 13
16 -4
-58 -21
-74 -24
108 -10
53 15
64 27
-83 31
-9 24
136 -87
104 -75
-141 -41
62 13
29 -5
-122 -33
-32 -7
-2 25
-84 29
6 -9
-18 -46
36 -25
-3 73
83 13
-75 -19
144 -52
0 -42
-20 -34
147 -19
-26 -22
-21 -10
-40 -14
36 -38
-72 -32
-106 53
29 -26
-78 -30
60 12
29 17
14 -9
46 -13
18 -3
-109 -13
-24 -50
-52 -24
-122 -31
-110 -11
53 -29
94 -4
29 45
-117 -15
20 -18
-137 -4
-33 3
8 8
38 14
13 -8
-80 -68
-66 19
64 5
9 -44
198 -64
34 -14
-88 14
4 -17
-46 -15
152 -14
0 0
90 18
-42 -25
-106 -32
-59 -50
91 -32
-5 -36
-8 31
-45 34
-102 -31
54 -33
169 1
-3 2
34 -47
-16 -29
-46 9
-36 27
-105 -33
22 8
-77 -43
-22 -30
93 -35
84 -35
-17 23
23 64
105 13
-56 -6
-56 -14
13 -18
-39 -23
-6 -68
120 -41
-42 14
-80 -18
112 -13
-3 -4
-73 -11
-20 2
-29 7
0 -12
-19 0
-14 -29
55 -17
24 -27
19 0
-105 -25
-74 -36
109 12
72 21
19 -16
24 19
9 -29
-19 -76
16 -31
38 38
50 12
-20 -8
-104 -59
-5 -35
96 60
23 4
-41 -38
-17 -30
42 0
-187 -17
69 -19
-30 -23
-64 8
123 -10
27 -53
0 -25
-46 11
-57 -54
-24 48
20 -25
22 -33
97 17
49 -20
-42 -29
75 -38
68 30
22 -26
105 -17
68 11
-24 13
42 -45
-22 5
-160 0
39 -11
120 0
172 19
46 -34
72 -27
-100 -14
-54 -46
73 -30
-33 -17
-4 -13
-32 5
6 2
27 -16
4 -32
-95 7
-12 30
-46 3
14 -31
-85 -8
160 24
54 -14
-69 -48
-64 -8
-41 44
-13 7
7 -23
-42 -84
-56 -49
3 0
-35 1
12 31
-10 5
87 -18
25 -29
-4 -45
-49 -5
-16 33
79 -3
73 -30
34 -12
33 -38
33 -18
-108 39
6 -1
-5 -33
-52 -46
-61 -8
-2 20
206 4
50 -40
-18 -43
63 -21
33 -17
102 0
63 -25
-42 9
-30 35
-100 -9
-88 16
-44 -19
244 -19
164 -5
-16 15
-83 -12
-1 -33
-28 -48
-58 -25
-4 -28
-5 -23
-2 -39
88 -21
112 11
-63 -18
-130 -12
88 -9
18 -8
-32 -20
-47 -39
-41 -14
23 -2
18 3
-105 -18
75 -28
145 -62
117 -8
23 94
-114 -7
-44 -99
-5 -22
45 26
152 1
-148 -11
-127 -5
37 -33
-129 -39
46 -25
124 -8
74 -11
-86 40
123 -21
-133 -18
42 -5
17 8
-41 16
-6 -14
37 -5
57 -12
-106 -16
15 -4
128 -4
-109 -10
-7 -29
61 -35
-11 -20
5 -9
135 12
-101 -4
49 -38
-44 -64
-87 -40
-41 36
-26 87
56 24
87 -46
144 -38
51 -4
-110 6
-94 -15
139 -41
188 -35
58 -7
-107 -44
-82 -11
-95 -1
4 -11
-17 3
111 23
67 -22
-108 -45
-41 0
-93 76
-47 -38
4 -50
-49 -18
53 2
62 -6
-11 -24
-24 2
12 14
-100 -21
-84 -29
185 -16
88 2
41 -1
-72 -3
-35 -13
-24 -3
151 -17
44 -46
88 -21
82 33
0 5
-54 -7
-49 2
-158 -17
-12 -24
127 -61
34 -19
150 -39
-157 0
100 -8
218 -35
-16 -44
41 45
-88 25
-121 5
26 -11
88 9
-29 -57
161 -2
96 82
-15 -83
-43 -86
-41 -32
63 -3
-39 0
67 2
8 -13
-12 -5
-42 -5
103 -18
-59 -13
42 -34
49 0
177 22
49 -36
160 -53
-86 -40
-11 0
77 29
4 30
-60 -30
232 -23
-107 -27
-10 -9
-5 -10
137 -23
36 -21
-43 -22
-67 52
-88 17
205 -40
109 -80
-77 -33
67 53
43 38
26 -34
-84 -71
-80 -20
26 38
95 -10
30 -26
-33 -24
25 -18
-147 -37
-133 -17
103 -11
-58 -13
139 5
67 15
-50 7
79 11
30 6
13 11
-129 22
18 -34
-59 -38
35 -27
-65 -22
-82 -45
107 -16
268 5
28 -8
-15 -36
17 -13
16 8
116 -4
-115 -1
90 0
9 -37
13 8
-18 64
-17 51
100 -37
-111 -50
3 -15
-25 -15
-47 -20
86 -50
-18 -13
-39 -13
71 -25
66 -28
-60 3
-67 15
-47 14
-36 -10
-5 -8
-55 0
185 19
80 -36
-104 -48
-30 15
225 23
78 3
-111 -34
30 -48
-11 -50
21 -16
74 0
-22 -51
59 -41
30 -46
-55 17
-11 11
34 -6
16 -3
-31 -24
142 45
72 9
21 -34
90 -7
-59 -1
-62 -22
-107 -28
-125 12
43 -5
166 -81
-71 -38
-4 -19
27 -13
-115 0
170 -3
78 -29
-34 -39
8 -22
-4 16
157 3
-108 8
-70 -3
-40 -27
31 -22
12 -13
-66 11
-4 16
-71 -2
-7 -22
100 -33
45 -36
-39 -64
-45 -2
66 9
51 -26
26 -50
98 -21
-11 28
-38 26
-19 6
-71 -3
-115 -28
-65 -23
-46 -16
-130 -9
142 0
183 -7
-40 -23
-176 -29
-157 -20
56 -33
26 -39
-7 -4
13 32
74 -8
-26 -23
-88 -7
35 -21
104 -19
62 -9
178 -11
15 -12
-58 -24
-90 -33
88 -49
55 1
93 -9
-37 3
-13 45
-8 33
43 2
13 -52
25 -91
74 -76
-15 -20
-74 21
-25 -1
103 -27
67 -13
-31 -24
37 2
86 -5
37 -17
-114 -16
-24 -49
-115 -36
41 3
98 -12
-54 -21
-3 -14
60 -1
-30 -2
15 -37
-121 28
-94 44
-128 -43
58 -54
124 57
-39 -5
52 -22
-31 -38
-19 0
72 -11
122 -17
-104 28
-70 -3
-35 -17
-27 -33
41 -45
8 -20
-20 2
-128 0
131 2
-19 -9
94 -8
43 -10
-37 8
90 5
-24 9
-42 -7
5 -13
-81 8
42 -2
130 -13
77 -28
-67 -11
-11 -32
51 -8
41 19
57 -5
0 -17
11 -24
-76 -31
33 -25
44 7
182 59
-24 5
-82 -31
-58 -29
52 -9
-39 -33
21 -20
5 -22
2 -70
4 -67
-43 -40
-22 -34
16 -46
8 -41
42 4
-17 27
-19 -25
147 -17
-33 2
-20 22
-19 -3
-27 -11
22 -18
-27 -17
89 -18
147 -25
-5 -10
-101 -11
-74 -9
-97 -1
106 -9
-19 -17
-123 -22
-55 -18
-139 -30
-15 -22
26 -13
15 -12
74 -15
-15 -15
-5 6
-119 -5
-12 -19
-19 -15
12 -9
32 -20
-47 -12
-104 4
-13 -8
3 0
116 -14
154 -32
88 3
-199 -9
-51 -55
56 -15
141 0
108 -12
58 -26
7 -23
61 -7
-90 24
-104 -12
95 20
-8 -26
84 -23
148 -36
63 -25
-13 -38
-16 -54
88 13
13 14
-52 -13
-17 -22
229 -3
144 4
-26 27
-73 6
21 -5
33 -45
7 -20
-181 15
0 24
158 -40
-19 -16
68 -16
28 -9
12 -12
-24 -9
-36 -12
-136 -9
-47 -26
47 -26
9 17
69 0
1 -29
-122 -22
17 -15
110 -34
91 -36
160 -9
-19 0
-191 -13
-13 30
251 19
108 -21
-98 -44
-22 -23
97 -18
12 -29
-391 -13
-326 9
38 -27
46 -31
