-64 11
30 -9
111 -7
-97 -8
134 0
-165 11
196 2
374 7
16 18
-63 -11
-40 -5
163 -2
-375 -2
-140 4
158 -1
451 -4
182 -7
-74 9
-114 20
222 -8
185 26
-173 34
-213 3
201 2
-147 0
-226 6
-62 1
182 -2
1 0
17 9
68 0
11 -1
-53 -4
112 1
-7 4
195 -5
-51 4
8 -9
132 16
-17 1
-40 2
-193 2
-130 -3
-25 3
288 5
91 4
641 6
374 26
-45 -8
-33 -11
169 6
43 -4
-225 8
-159 -3
-199 -4
-132 2
94 0
-193 -16
-119 13
-8 29
81 -15
229 -12
-61 -5
-148 -2
-30 -5
-92 6
15 0
304 -21
135 8
-116 0
26 3
-95 24
127 -4
41 -22
-196 5
76 -1
301 17
169 16
-109 -6
-220 6
-191 -4
278 -7
124 20
26 19
284 22
105 33
-118 -16
-8 5
204 5
327 24
-111 -12
-201 4
-59 -24
231 -20
-85 7
-37 -5
-116 27
-17 6
146 0
62 8
-32 2
227 4
21 -6
125 -9
25 13
-113 4
-12 1
43 9
-16 9
13 -16
40 2
-29 20
69 11
18 0
6 6
-10 -1
107 8
117 0
45 6
-38 -4
-48 14
16 5
3 9
86 6
37 6
-43 -2
22 9
169 -3
93 -4
46 0
14 6
49 0
136 -8
148 2
16 20
51 -6
-14 4
-59 -3
-78 3
-68 3
-12 14
-31 12
90 12
78 -11
111 -11
17 1
-128 3
-110 -4
278 2
206 8
-68 -3
-24 12
298 -5
41 1
-99 11
-145 7
-111 -2
56 -2
57 3
50 20
179 7
-163 1
-100 0
-37 -2
26 2
40 4
198 0
-10 18
17 1
44 -1
-57 -12
-1 4
2 -3
29 18
15 4
140 5
5 0
-30 9
13 -7
-72 6
-56 0
-51 -3
13 -1
-18 -8
75 6
-71 -7
78 14
-17 23
15 -9
-15 -10
-136 11
18 3
63 5
-59 -4
64 -3
46 -3
76 -2
49 12
73 -9
-46 2
-30 14
-23 4
-16 -7
207 -7
48 -5
-48 6
-56 -3
25 3
-20 0
189 4
44 8
-74 -5
-100 6
34 14
-14 5
210 0
219 2
97 7
-34 4
14 0
23 15
47 -4
64 13
15 -3
56 -4
37 -1
7 0
4 -7
40 4
-7 20
5 8
118 -5
59 4
-22 2
-8 7
-12 1
38 -4
28 3
-40 -5
0 9
-44 -10
-32 16
54 0
-5 -2
28 0
-10 15
-59 4
37 -14
36 3
62 8
83 -2
83 5
102 8
43 4
-6 7
-13 4
-79 9
-68 5
52 1
29 2
42 5
27 0
25 12
-44 0
-4 2
-12 0
28 -3
-61 5
54 -4
-138 -3
36 11
223 0
139 9
-22 -10
-128 -8
59 -4
93 5
18 -6
45 -1
23 -4
-36 -3
-91 -3
-28 4
-16 0
105 -6
53 17
-26 -1
39 -7
34 5
-19 -3
-6 -3
-36 -4
57 -6
159 -24
61 5
105 9
-16 -9
24 -5
-9 -2
-9 -8
86 0
28 8
-28 14
71 7
-9 0
47 0
-6 -7
47 18
141 3
97 -5
-11 -6
108 8
-22 -5
57 -4
-38 -5
28 -9
-88 12
-71 -6
25 -2
8 -5
-75 5
37 0
5 0
2 5
-18 -8
83 -3
-81 8
81 -2
-3 -3
86 5
55 -4
22 -10
4 -1
12 3
36 18
-63 -1
9 6
20 1
-4 4
86 -2
-12 2
28 -1
58 0
78 16
81 -10
-22 1
36 -5
40 -2
-40 0
-72 4
-21 -4
-136 18
80 -8
216 1
159 27
-22 -5
-150 -1
64 0
82 -2
-46 -6
-48 37
55 0
-68 0
48 0
-33 4
-37 1
74 0
42 -3
18 -2
43 2
105 9
53 2
-18 -6
-53 3
55 14
-11 15
28 9
-2 -6
-43 0
-39 12
3 2
25 -1
-29 -3
38 1
58 0
0 0
-45 2
91 0
25 0
-33 -7
91 9
-8 2
21 4
16 4
92 1
0 -8
9 7
-24 -5
-19 1
11 0
-123 12
87 -3
62 20
-17 5
-41 -4
-27 4
-78 -3
-64 0
-45 -3
40 -6
-2 2
46 -2
-26 -1
47 0
-74 3
31 1
-29 0
-81 -10
-47 8
142 9
121 7
-30 -4
33 -1
-59 1
63 8
49 -1
14 9
64 -3
65 -2
20 11
-91 2
46 7
100 -1
96 0
-52 1
-118 1
-100 11
48 -3
-31 -3
-29 1
-114 0
-166 12
27 9
203 6
205 8
-79 2
-138 -2
71 0
-17 2
180 7
-1 13
11 3
-121 0
21 1
47 12
-21 0
0 7
34 -5
-76 -3
-76 -6
22 1
61 4
39 0
74 -5
16 -7
-109 0
-68 -8
-25 20
14 -1
65 2
-20 -8
-63 -2
18 0
86 6
-37 1
105 -6
-64 12
-23 8
-13 -2
-41 8
-43 -5
-113 0
-14 -1
-52 12
-17 0
75 0
124 8
102 -11
29 1
-67 -2
9 -1
87 -1
70 0
-61 -2
0 -2
22 0
74 1
-22 -4
50 13
42 8
58 0
-20 -1
-86 1
-95 4
47 12
-29 6
17 -20
-5 4
4 0
-25 -5
18 2
-42 1
-62 -10
-48 -10
-9 -3
79 11
9 2
-31 0
-100 -5
71 4
15 16
140 3
104 -9
39 -2
-28 17
-8 3
-48 3
-49 6
33 -3
-9 -15
-9 5
130 1
38 0
-63 -5
-52 -3
-64 3
-1 -1
26 11
38 -11
-78 -4
0 -2
149 0
36 5
-39 -4
-37 -4
-12 1
54 -2
-32 8
89 -5
-44 0
23 2
-50 5
-21 -6
37 -1
-161 -9
-7 5
72 9
136 -4
-23 11
-90 4
19 -1
71 0
-56 6
-2 -10
74 -2
21 0
32 3
77 -2
5 0
-96 -3
-27 15
-101 0
-24 -8
99 6
52 9
95 -5
-120 -1
-79 2
-131 -7
155 -1
-49 15
166 24
-255 -1
32 1
118 6
-80 6
-165 -6
-46 -3
-54 -3
-174 1
62 -12
95 -1
-34 6
-100 -13
-113 5
-71 4
17 -7
112 0
234 0
-99 -3
-121 4
-90 12
-17 -1
-14 0
104 15
-45 0
4 1
74 -3
-27 4
-93 22
48 -3
55 1
-135 12
2 0
79 1
-37 -5
12 -3
1 0
-14 -1
-4 3
50 -4
-52 -11
70 -3
0 13
-6 3
102 11
78 1
-82 -2
-83 6
18 2
104 0
-124 -4
13 -1
-62 -5
-83 2
-48 -6
-46 -5
44 7
-41 8
-46 0
172 -2
-74 0
61 26
-73 5
-50 0
-206 -14
63 -5
240 -1
-48 4
-125 -2
-73 8
-58 3
-82 -9
16 -9
-15 -4
-68 3
68 0
115 1
89 0
-42 8
-46 -10
-48 -9
14 15
-62 15
-51 -1
2 -3
-33 1
-70 4
16 -3
-12 -4
-138 -6
35 7
104 7
140 -8
28 4
-61 12
14 6
317 1
66 7
-139 -2
60 5
-53 -2
24 -4
-35 -1
-32 0
3 -3
-17 -4
-109 1
-9 6
84 -3
-60 9
-13 -2
92 1
-143 -7
-55 3
105 -4
49 -2
25 -6
-86 9
77 16
17 17
-22 2
82 1
28 2
-122 -2
-27 9
45 -4
40 5
-103 -2
90 14
-21 17
-28 4
-55 -4
103 5
129 7
-25 6
49 14
33 1
40 8
-101 2
43 -3
-81 2
-52 0
138 8
23 1
-40 2
18 -3
-102 8
-37 -1
-75 -2
-36 1
-9 1
84 9
-34 -1
88 0
-90 9
71 -9
1 -2
76 5
88 -1
-49 -1
126 8
30 13
-83 -5
32 11
46 4
-84 -1
-63 3
-80 0
90 0
32 0
-83 1
-9 4
-44 1
28 -4
49 3
-69 -1
76 -7
23 2
102 24
169 -2
-21 1
-71 5
61 5
-46 2
7 1
-38 -4
160 2
-56 2
34 -1
-83 5
-116 8
3 17
-41 9
-2 5
136 28
52 2
65 -4
47 -7
-69 4
-112 0
-41 1
199 -4
6 1
46 0
-41 4
-104 -4
232 -1
27 2
-33 -6
-127 -2
-48 -7
-18 -1
1 7
-54 -5
24 -4
-86 7
-29 4
35 -5
-74 -8
42 12
-1 -6
142 0
83 0
-124 4
-45 12
-25 -6
40 -1
49 9
-2 -8
-53 -9
26 0
-2 15
-89 3
-81 -6
34 -1
73 -3
32 12
-109 6
-55 2
74 -2
-43 -16
-79 8
64 12
12 -2
-5 -13
-94 4
-72 0
-125 1
-92 -6
-36 8
-52 7
-44 0
-17 -8
-86 9
-46 5
20 -2
-50 1
-79 0
-7 -3
-6 -3
-43 5
-26 0
9 6
-13 0
-11 -2
57 -1
-94 9
-91 21
112 0
-32 11
93 -1
-78 7
-53 -10
0 9
-31 2
19 -7
-6 8
20 15
32 2
36 -5
-80 -1
-32 -3
-64 -3
32 3
-58 -4
64 -1
-33 -4
9 16
107 -9
-50 14
19 -11
83 -7
-50 3
-44 0
54 -3
-15 -4
-32 -3
-44 -1
-47 9
-41 5
-69 15
20 1
-2 3
54 12
-61 -18
-52 1
0 0
-118 0
-20 -7
4 0
-108 5
34 3
-4 -20
42 7
-37 -1
-55 1
-155 -6
50 2
-7 -7
103 11
-34 -4
-96 6
-169 9
-12 -4
-1 -9
27 5
-50 -5
-44 -1
43 -5
-15 11
-5 0
29 -4
-35 -5
11 4
-77 -2
-27 -5
8 -9
-25 5
-24 -1
-9 1
-28 15
2 0
27 0
12 0
-3 7
-56 8
25 -2
65 1
85 -1
84 0
-43 0
-168 0
-19 -2
66 13
29 -2
17 1
90 14
-66 4
-87 -5
-12 7
82 -2
-21 -1
13 6
116 1
-80 0
-234 6
-88 9
89 -1
-23 -4
-33 -8
100 -2
-16 -3
-100 19
-60 -5
-92 1
69 13
110 -4
-91 -3
20 2
-39 15
-41 5
-117 11
-102 3
-43 0
-81 -1
50 -3
12 -11
16 -6
-39 12
-61 1
5 -2
32 1
1 4
-107 -3
-42 -3
44 3
-113 13
84 15
107 0
168 15
-90 3
-94 8
112 -6
-5 -7
-22 11
-51 -4
-1 5
69 -10
-60 1
-56 -2
78 11
-86 4
34 2
-112 -6
-92 -1
-39 2
-1 0
-104 0
-100 5
53 0
-112 8
-8 0
193 -6
68 0
-42 0
-109 -2
-18 2
-21 2
-109 -11
26 -2
-58 -1
-1 17
-39 -11
-7 16
6 -2
2 5
225 -10
115 -2
42 3
-137 3
-114 5
-93 19
-120 -2
-3 -1
-2 0
20 -2
102 -10
-55 -2
-50 -3
-51 8
-99 2
-69 -3
-86 -2
2 -8
13 11
110 -5
-52 0
57 7
8 16
-80 16
-137 0
39 0
-36 4
-22 -6
5 -1
-95 -2
35 15
-9 -8
4 -3
-117 0
-60 0
-5 -11
-51 9
15 2
11 -3
41 7
-11 -2
-80 2
-21 0
-31 3
43 -11
1 0
-31 3
-20 -10
-108 -5
-94 0
-91 -1
34 13
163 -1
-161 7
24 -3
-134 0
-49 1
-2 0
-10 0
46 1
-4 -4
-30 -3
-157 -17
103 6
-76 2
50 17
4 2
77 6
48 24
-24 -16
-77 -6
-24 8
-53 2
-136 14
-73 -6
-2 -2
39 -1
-5 0
69 11
57 3
88 4
-134 -4
-24 3
-24 0
-46 -2
-2 1
87 -11
66 -4
-84 0
-48 -3
-150 6
-107 3
-3 -1
-52 -6
33 2
-7 2
16 2
-99 1
-40 3
-156 -4
38 2
16 1
0 13
-11 4
37 3
0 16
-83 -4
-16 7
39 1
-19 21
-40 -4
-71 0
-9 -5
-10 7
-68 0
-78 6
64 -4
-25 6
-24 -1
2 12
8 5
-74 -1
99 11
44 0
4 -2
-138 0
-44 4
-51 -9
31 2
44 1
45 -5
-83 -6
-15 0
71 9
-44 0
-46 40
40 0
29 -12
-30 25
-54 1
-33 -6
-31 -7
-29 -4
-121 -7
21 0
109 13
1 -6
-162 1
-110 3
38 -1
-64 3
50 19
-60 1
-34 22
-46 5
-23 -2
84 2
79 0
39 -3
-49 -4
-54 8
-74 -4
63 0
-9 11
-32 12
0 -7
-38 0
-2 -1
-68 0
29 17
-48 7
-86 0
-24 -20
87 5
-64 7
11 -9
-50 13
-124 1
83 -24
-77 -26
-10 -4
-17 17
121 29
-84 13
22 -2
26 -8
-61 15
-111 24
-39 -27
44 -8
22 -8
-87 8
-59 -6
-91 -4
-20 13
-48 -3
98 -8
-83 20
-35 0
33 -7
-37 2
-58 -5
-30 -1
-68 -4
-114 -3
-187 7
29 5
19 -1
-22 0
-110 2
19 -4
-3 0
-144 0
79 5
140 -6
-160 12
15 1
98 1
-97 0
-33 1
72 -1
180 0
-94 1
8 2
55 15
-108 17
-75 0
-111 14
9 0
188 19
0 9
-236 0
-45 -1
-56 0
93 1
8 0
-166 3
-19 -7
-21 1
118 9
59 19
-31 -3
72 3
-80 1
-105 3
-7 0
-16 5
128 0
-101 4
41 2
-13 -1
-108 5
-41 -3
-17 -5
-111 0
-77 17
73 2
-18 7
-21 -3
4 1
-24 3
-41 -1
30 11
17 -4
21 -2
2 -2
28 20
-68 0
-19 -6
-11 0
-115 -2
49 -1
71 0
32 6
-7 7
-34 -2
-51 -9
-38 4
-87 4
-38 3
-23 -2
24 0
-2 12
52 -3
-18 -4
23 4
-48 2
-18 -4
91 -5
-24 -4
-65 -1
33 -6
-19 -1
-96 -11
-76 -7
77 -15
109 28
-5 -1
-102 0
9 7
-21 6
24 8
13 11
-157 6
-2 5
-1 3
-16 4
31 -9
32 2
-13 -2
-56 0
-89 -8
-95 0
65 9
-24 -2
74 1
-85 1
-64 6
-85 0
126 -5
-16 -5
136 3
-38 0
-3 -3
61 0
-61 9
-71 6
-75 5
-48 1
53 5
22 -4
-88 -17
126 9
84 3
57 11
-82 -6
-119 13
79 0
-106 -3
-67 -5
72 -5
84 -11
-64 3
-152 3
-60 -3
3 0
-35 20
-10 -4
201 -1
-31 4
-32 23
7 -8
-28 0
25 -2
27 1
48 -3
-19 5
36 -1
-128 -6
-81 7
-22 -9
73 0
-33 0
-32 5
93 8
56 12
-130 0
71 11
-104 -1
49 11
-46 -3
-12 -13
33 22
50 -4
-112 -8
-38 6
-10 12
-139 9
-15 -7
21 2
62 0
-39 24
38 0
113 -7
-135 -5
-207 5
-129 -1
2 7
14 5
0 1
-23 24
-44 0
-46 8
13 4
78 2
3 7
-48 1
13 16
-42 13
39 9
37 -8
-56 -3
6 0
-89 7
-45 6
-27 -3
119 4
-26 4
-64 2
-162 -5
-70 -5
-62 -3
9 -3
12 9
47 5
-36 -2
-17 3
-12 9
-27 -6
8 4
-45 9
49 -12
0 -4
34 0
23 -3
-66 0
-86 12
-86 8
-92 1
-84 -5
-38 15
0 4
-36 2
15 6
-29 -14
-101 -3
-28 6
182 -3
-164 18
-114 0
-10 0
33 27
-60 -6
69 -5
-23 -8
-98 16
135 1
-148 -8
-53 3
-8 -3
-19 11
-33 2
-22 -1
-84 2
11 -2
-25 -3
110 11
70 -11
41 4
-14 -2
-16 -1
-62 -2
-78 0
64 15
75 6
-40 0
57 0
-13 5
-62 -4
3 0
1 -1
0 3
-99 -2
-86 -4
-43 -3
-29 -1
45 -6
43 11
-15 0
-57 -18
78 14
72 -21
-16 7
-40 0
-42 -1
16 36
-46 -1
-78 -7
12 2
141 -2
19 -7
-23 0
0 5
-67 14
-51 25
26 -10
-47 -2
66 8
171 -3
42 17
-65 -7
43 -1
66 -2
-7 -3
-93 7
-71 1
77 5
-27 14
103 -2
85 2
-59 -1
-203 0
12 2
-88 12
-78 9
-8 9
-47 1
22 6
18 -12
-23 5
-44 11
96 -4
-28 6
45 -6
-80 -5
-10 17
58 4
-54 7
-38 14
23 4
3 0
-96 0
16 4
74 17
65 8
-155 13
27 7
-15 -3
-27 -10
-20 5
-23 1
-91 0
96 11
15 1
36 0
-65 11
1 -15
-4 5
51 -1
-30 -8
16 -1
-9 -2
87 -3
30 1
78 0
-24 2
-32 37
36 8
46 -1
40 -1
-64 0
59 5
6 -8
-44 8
100 4
51 -6
-24 -5
-47 5
-170 6
-37 1
-53 5
59 -5
74 2
-50 -3
68 -8
-26 0
-62 -3
-106 -5
-88 1
122 6
91 4
-66 2
-26 -1
30 -3
136 11
9 5
-7 -1
-62 0
-46 0
76 9
31 -5
-88 -1
-142 -6
-1 7
5 0
-19 0
-15 3
-2 -5
33 1
24 14
132 0
-12 -5
-69 2
-9 13
-96 -5
-68 2
71 -1
87 0
-17 7
94 5
-19 7
43 -3
5 0
1 12
11 -1
74 -13
86 9
-104 17
-13 4
-73 6
-71 -2
-56 16
-42 1
101 -2
-17 0
6 7
17 0
-9 -12
-74 -3
-76 27
-21 5
43 1
-56 -2
49 1
5 -1
27 2
-9 -1
-23 -7
92 5
17 -10
68 -3
-32 -1
-105 2
-105 2
-31 -6
-6 0
-2 11
92 0
50 -2
63 -8
99 -4
-30 -4
-59 5
-27 -2
5 0
-74 -8
-32 -12
-21 8
-19 -1
108 1
62 -2
-53 2
-56 -2
-82 2
54 9
74 -10
-28 20
8 3
97 -4
31 6
86 17
-14 -2
-77 0
-11 0
-21 -36
74 29
-73 34
21 -19
-49 3
-14 25
-13 11
79 9
-17 -5
61 0
-31 -4
101 11
7 7
-192 -3
62 -2
-16 8
-107 2
18 5
-7 0
-32 -1
59 3
81 6
124 1
-30 3
-132 2
-46 -11
19 0
-16 0
57 5
-30 9
19 -1
71 4
-2 -6
150 -2
8 0
-42 3
35 5
-55 4
-45 6
4 -15
-5 -1
52 -2
-16 -2
-35 5
-142 0
128 5
-54 12
-73 8
-67 6
25 -1
-164 5
-77 6
-65 4
-77 7
105 0
-51 5
101 2
-64 -3
43 11
27 0
-137 -7
-101 0
-35 -5
73 -6
33 1
-96 4
-69 1
-32 -4
-86 6
-148 11
87 -2
160 -6
-64 7
86 -8
-41 5
2 -6
-160 1
5 8
-59 -15
143 5
7 0
-42 1
-5 0
-40 -10
-135 -3
12 0
32 -3
182 4
-163 11
135 11
109 -10
-21 9
-106 0
-46 1
-56 2
-44 1
101 -8
-3 6
-35 14
-1 3
-46 -1
-33 -2
-82 0
-41 6
95 -6
-3 2
-114 -3
-114 11
-19 0
-34 -1
80 -3
-5 2
2 13
127 -5
30 -1
-52 -5
-123 2
3 0
1 7
15 0
-33 6
-48 -3
11 0
5 -4
20 1
52 7
-118 8
-19 2
-130 -3
-41 -2
-38 -6
-15 4
-35 2
1 0
-44 6
-53 3
-57 -17
33 -5
-47 -5
82 0
-14 1
7 -4
-35 2
-91 0
-118 -4
21 13
56 -6
37 -1
7 0
55 14
58 -3
74 5
34 -2
72 -2
31 -4
-34 0
-69 -7
-12 -5
-37 -6
-44 2
24 -1
-116 -3
-48 -11
130 6
39 3
56 9
-39 0
-75 1
47 4
-81 5
-136 0
-25 5
114 -1
15 1
-24 -4
-14 8
-34 4
46 -3
-39 19
-6 -5
6 13
48 2
17 -1
-91 2
-73 4
-58 -4
-40 -5
-9 -1
20 3
58 -2
181 0
-3 -1
-60 -4
-114 4
41 -6
76 0
-4 -7
0 2
-10 17
82 -2
-6 -6
81 0
-8 4
-30 -3
-6 12
-14 0
-14 7
-24 3
-5 -2
-16 0
7 2
-52 -1
4 2
-33 7
-5 7
-22 -19
56 28
-46 11
129 2
-12 -1
70 5
-23 -1
112 -8
74 14
-16 -22
-52 1
74 24
-23 2
-15 -18
-43 30
-22 12
-19 17
96 0
14 -7
113 -10
-42 3
25 5
-45 3
-90 4
49 -5
106 4
105 12
-26 -6
-66 4
0 5
-122 -11
-35 22
-24 16
54 0
52 7
-24 11
47 0
43 13
-19 6
-36 2
-32 -2
-50 -7
-5 -3
-16 3
-3 3
17 -5
80 6
71 11
-73 -5
0 -3
-16 -1
96 2
9 8
85 -6
33 15
16 -6
-36 0
-53 -4
-70 5
6 0
130 0
106 -3
-47 7
-39 7
-18 1
-77 6
23 15
-91 7
91 -5
-33 11
-36 3
-38 0
27 16
-46 3
-11 20
54 -2
95 -6
57 -3
7 11
-2 5
-18 -2
-52 -1
-77 18
55 5
-2 -7
15 3
88 -3
-98 1
-24 -2
26 -4
-3 1
16 -1
53 1
130 -6
-22 -2
29 3
-1 19
-27 -1
29 -8
-2 1
7 -4
122 1
1 -15
39 2
-5 6
-19 -5
-123 9
150 11
-63 -7
25 8
-17 -2
26 4
-63 0
16 15
-146 19
37 -2
-54 -8
32 6
33 -7
-93 1
14 -8
-68 4
-121 -9
173 4
69 -9
-11 -8
-16 1
-164 -2
90 -3
61 -3
75 2
-112 -2
-86 2
-9 -5
-15 15
69 -2
-41 -1
33 2
93 6
-40 -11
9 15
-85 3
-12 2
30 6
-79 5
137 13
-74 -14
18 0
45 3
-67 4
-113 0
57 -1
41 5
48 -4
-24 -2
87 3
-46 8
17 7
95 7
111 0
-1 -3
-18 5
-13 0
87 13
49 -2
-36 3
-57 0
-42 13
-17 -4
36 2
39 0
175 3
49 -2
-134 1
-119 4
122 -12
-14 5
-44 8
87 0
22 5
-3 -2
-64 0
-78 -5
9 0
22 3
185 -1
28 0
131 18
118 -3
46 7
-126 1
102 -4
47 -1
36 -1
127 13
0 18
70 4
-64 21
122 5
47 28
-2 0
-107 -7
-34 -4
119 -2
62 -4
-9 0
121 -8
11 -1
40 5
23 3
-58 -3
-16 3
87 0
37 3
-11 8
-16 -4
-108 4
-22 -2
-49 -8
-5 1
37 0
65 -2
192 0
-50 19
5 -13
-47 0
45 11
119 -6
73 -2
109 1
-64 -1
-41 3
35 0
70 -9
80 13
-37 -11
27 0
-63 -6
-10 -1
-29 0
-13 0
-69 -2
-67 -4
9 12
57 -9
93 8
-38 0
56 2
119 9
-7 3
-40 16
-95 -13
20 2
9 5
65 -2
38 1
0 -1
20 2
-69 -9
-38 2
-75 -9
-29 -13
-54 0
14 -2
-1 1
-49 12
-96 -2
-36 3
42 0
270 -9
-116 2
9 1
70 -10
34 2
16 -14
48 -2
-30 2
38 -2
37 -15
28 9
62 9
13 7
35 19
-34 4
-93 -4
-7 -1
98 8
60 4
87 22
89 18
9 2
-34 -1
9 3
-58 -7
-83 -10
76 8
25 13
132 8
30 8
69 -2
-99 13
-16 0
-33 -3
39 0
-19 1
62 0
5 -6
65 -3
98 7
59 -3
-80 2
35 -2
-5 8
81 -5
79 8
12 -9
50 8
57 2
24 -2
4 0
4 9
48 -2
-11 11
-28 1
-25 3
-20 0
-40 9
17 -6
-88 -6
-35 13
19 8
65 0
12 8
18 7
-1 3
56 -4
-20 -9
16 7
137 4
34 -8
14 0
-26 -6
-28 -2
90 14
1 -3
35 -5
-13 -1
33 -4
-67 1
-122 15
17 16
52 14
119 -6
-60 -1
161 0
88 7
62 -3
-27 2
73 6
-44 9
-69 -11
42 16
-43 -5
-77 13
93 -2
104 -11
113 11
90 12
-67 0
80 -8
-36 5
118 17
26 0
143 8
-25 -1
-4 23
33 0
-123 0
33 -3
-15 -4
-46 0
78 -4
-5 -8
21 18
-73 -14
-39 -2
56 -5
-15 5
18 18
140 -4
32 -3
65 0
40 2
-127 21
71 5
-27 -3
-34 -5
-40 -5
41 1
-50 -3
112 8
4 3
-100 -10
93 -22
36 4
99 6
6 8
248 12
-32 37
-92 -2
-117 -6
5 13
-17 -3
-90 -1
69 -7
28 -6
-10 -3
136 0
100 23
11 11
40 3
-11 -10
38 -2
32 12
82 7
-138 1
-17 -39
-51 -30
-34 -23
-101 27
95 33
26 34
75 3
25 22
-10 6
75 8
-7 23
-93 -15
55 -33
11 -23
-49 3
-19 11
12 -9
-51 -2
54 36
-159 20
-77 0
-20 -12
70 -19
-15 -25
-15 -40
-10 -5
-9 -17
-10 35
-48 -1
17 -5
41 0
22 -18
-86 11
101 9
-85 3
7 50
33 11
24 4
-35 2
17 -13
62 0
77 11
-50 -7
50 22
59 2
31 6
-38 -7
34 0
40 2
-80 9
37 3
-10 6
-132 0
-14 5
62 22
85 19
-22 29
16 -1
31 -4
-47 -14
-88 -8
-24 -6
-16 18
-5 -6
-16 -4
-1 -6
-31 -9
27 7
43 28
-46 11
94 5
-9 14
-87 -9
42 -5
53 0
109 -16
182 0
-7 12
-38 1
18 20
-108 16
8 21
89 -20
131 -26
14 22
-63 18
-96 13
6 0
19 25
1 -11
70 -13
-6 3
-19 9
25 14
32 11
-33 0
26 -24
-33 -14
-60 7
64 6
23 17
-13 -8
-114 -9
-35 6
-16 -1
44 15
60 -7
91 3
35 -8
-13 0
-10 16
70 5
57 9
-34 1
-30 -7
103 -1
13 -16
34 -12
-40 -8
87 19
2 12
-19 16
3 20
63 0
40 6
-19 20
-85 0
-14 -1
75 -1
12 -4
143 -10
156 -30
4 6
-55 -5
2 6
38 4
-83 -8
3 -8
75 -5
126 0
-3 -9
34 -19
61 -25
-50 -13
-79 -6
42 8
-128 -10
