-70 -2
25 1
-44 -13
-58 6
26 5
68 -2
46 0
78 4
3 0
-95 18
-68 -6
44 5
27 1
-146 8
74 3
-47 15
-36 -8
18 6
93 15
72 19
-26 -2
86 6
29 -6
138 3
56 19
-46 4
5 0
-61 5
96 -1
89 -2
76 0
72 0
-57 3
-30 -2
62 -5
114 4
22 18
-142 8
-49 2
-39 -7
-34 -6
-71 0
99 0
-10 -1
87 -3
16 11
-30 6
1 -1
90 -1
-12 1
29 0
-40 9
116 13
98 -4
18 0
64 2
36 -6
116 -1
101 -3
-20 -4
58 -2
-44 1
61 1
85 -5
-8 -8
39 -2
0 15
47 4
-18 2
85 -18
-22 -4
5 2
-58 0
96 9
62 -5
5 3
130 -8
12 -5
-4 -10
-39 -5
-3 3
-34 14
59 1
20 -7
148 -8
37 7
-44 -8
-26 0
-36 5
149 4
33 -5
64 -6
43 3
-19 -10
-2 -15
-38 11
75 13
86 0
124 -3
125 -2
43 24
-60 7
3 6
76 15
49 14
11 -3
13 -12
-80 -24
-45 -3
87 6
9 4
138 19
4 -5
68 -8
48 -4
42 0
-97 -3
96 -1
98 -1
3 -2
-18 1
11 -6
31 -12
47 20
90 -3
80 2
-35 14
-58 11
-139 -2
-57 20
-38 7
9 2
165 1
188 9
-6 -2
-88 -9
-85 4
-32 -3
207 0
105 -13
81 15
-108 -4
-67 -9
58 -5
50 1
-13 -1
14 -4
159 0
-27 -21
-164 -6
37 4
112 -5
143 3
-41 1
-93 5
80 17
63 18
93 -13
87 4
-33 7
-159 -3
18 -7
55 -1
232 -4
-51 0
-117 6
87 -4
104 20
121 0
23 -6
33 8
-130 2
-17 2
83 12
113 -6
46 8
-67 9
-53 -10
-35 -10
36 -5
99 -3
181 5
122 -4
44 -1
29 17
-6 4
-112 -4
174 1
95 -12
101 16
23 14
3 -14
-52 -8
-44 -4
-43 2
65 -10
149 1
18 -6
11 -3
-45 14
9 2
34 22
138 -7
-75 6
4 -10
56 12
79 -21
71 15
-155 5
-22 -8
139 -32
48 0
-111 32
45 13
51 -11
3 14
146 7
47 27
132 -17
-35 -2
42 40
-90 -7
50 -14
36 8
62 -6
-43 5
-132 19
-13 -1
139 11
111 0
131 -3
-2 -5
-110 -1
-58 12
188 -5
26 4
245 9
65 -1
-98 -4
-16 -3
132 16
85 5
95 -3
76 0
48 20
204 -14
-24 -7
-102 -14
-62 1
162 0
110 1
-38 9
164 2
20 -9
-53 4
20 -1
-172 -8
157 -4
-23 5
102 2
69 2
-180 -1
-214 5
150 1
89 1
28 -9
122 -1
108 -8
-85 -8
49 -9
5 -24
77 11
12 19
-93 2
-164 11
94 4
122 0
61 12
-102 -11
-86 -12
-42 2
1 -2
-198 5
9 22
4 -10
87 3
-7 2
117 0
-122 7
-41 -8
-35 -5
42 -1
-160 17
42 -2
88 0
173 -1
-73 6
-121 -12
84 -4
103 2
115 5
24 -12
21 9
-87 9
-6 -5
156 0
-83 12
51 8
95 13
165 -12
131 8
156 -1
-230 -15
-47 0
182 11
157 18
-21 -8
-103 -12
170 4
41 3
-78 -5
-77 3
0 -8
77 14
47 11
170 -1
107 2
-69 -12
8 7
-126 0
60 1
79 -11
93 -11
14 -4
29 2
106 0
-70 12
-121 0
71 -5
-242 3
-146 6
-49 -14
224 3
290 0
-52 7
-126 -6
94 6
-60 7
14 14
55 -3
-39 -17
-146 3
-148 2
158 -1
268 1
154 -3
-20 -3
-37 3
82 4
43 5
42 6
-154 2
-113 16
349 -7
44 8
-67 0
17 14
69 24
32 -6
19 -9
12 -8
-76 21
8 -24
33 -9
153 0
-43 -13
-6 -16
85 -5
-37 -15
-191 13
146 64
-37 11
13 -17
55 -20
97 0
17 15
-44 2
-5 -4
-44 2
-2 -31
111 -41
-61 -10
-71 0
119 2
138 46
125 52
101 -5
-47 5
-58 -12
105 0
-32 -12
-177 -22
-73 -1
152 -16
236 -29
107 1
-106 12
9 0
56 8
85 9
-56 11
-92 1
-89 3
112 -26
89 -6
80 -33
103 -28
95 31
-42 60
-24 19
-119 -18
94 -33
-27 12
-8 13
0 -11
29 9
111 -7
206 -6
-54 16
-57 28
68 7
-20 -7
46 -8
108 0
29 27
-39 -6
-98 -36
214 -23
-24 3
76 13
-54 8
37 12
45 8
60 -6
-114 -4
126 -1
1 -7
36 -14
13 -4
102 13
-19 -16
-25 -20
-36 12
96 28
54 14
40 0
77 -6
-68 12
-49 0
-13 19
-30 -6
57 2
154 11
-6 14
69 5
58 -19
171 -26
-92 -4
-52 6
158 7
-31 -5
-60 -30
69 -9
17 0
239 22
-28 36
-182 27
171 3
123 -13
-7 -8
-121 -1
-158 -7
72 2
26 2
129 23
-64 1
51 -5
48 -1
57 -6
-12 4
31 -3
92 -5
71 15
59 -2
-168 -19
50 2
129 24
-89 35
49 13
-37 -26
-25 -41
-115 -21
71 38
298 26
105 46
54 -20
-82 -22
-68 -15
-94 28
134 3
19 14
-131 11
215 -13
148 -35
-19 -14
-86 12
-60 5
15 31
215 21
-99 1
-234 -30
114 2
89 64
-129 37
-45 -24
69 -25
-33 -14
184 -2
-79 -24
-28 -62
259 -71
56 54
-233 64
-214 22
139 11
343 15
150 17
29 16
-136 17
-15 -10
-2 -30
-118 -66
-84 -64
-27 -12
-128 38
213 79
218 54
72 6
-37 -52
-5 1
53 4
-85 53
-17 -9
-12 -37
1 -7
-321 -7
0 32
117 24
184 20
79 -5
32 -42
-41 0
60 118
20 20
90 -124
36 -42
161 16
94 83
-111 39
-45 -4
72 -31
-110 -57
-49 -16
422 92
176 12
-167 -25
-45 4
44 7
-1 -84
103 -84
82 47
-184 85
-45 40
167 24
190 -48
18 -74
-27 -23
17 116
142 132
2 -41
-3 -105
-96 -76
0 -47
-112 1
-68 78
91 75
317 -18
292 -47
54 53
-103 34
-77 -54
-120 -79
27 36
55 139
-42 0
20 -68
-11 -58
251 -28
371 35
8 102
-133 66
77 -28
-11 -34
-65 -12
32 9
-1 11
-19 1
64 -37
-68 -52
204 2
94 3
24 33
123 -24
-4 -31
-4 38
-49 62
-16 -31
25 -30
-32 0
-33 57
18 69
-2 -6
83 -126
90 -64
6 27
-102 23
22 104
-123 -13
-57 -60
6 -25
29 42
88 2
31 -8
-41 23
-75 -14
-153 1
100 59
148 -21
15 -53
5 -40
105 127
51 74
-3 25
98 15
178 -37
-115 -50
38 -55
20 -10
27 99
0 32
-121 -45
-164 -32
26 -14
-39 -13
317 46
195 56
0 -25
-26 -51
-93 -17
124 -18
-109 -49
-8 85
-98 71
-31 -40
113 -136
13 6
-17 170
78 155
57 -20
-25 -124
-80 -104
83 47
269 106
154 72
-11 -25
-116 -73
84 -46
98 -15
-87 7
-32 -11
-61 -25
-79 -3
11 62
357 84
-98 -4
-146 -50
82 -17
29 11
102 -82
2 -47
-19 126
36 128
-224 -114
-31 -87
99 91
124 65
40 -2
-16 -19
141 8
21 22
-3 -8
-208 -17
-5 -41
-101 -4
91 2
123 26
-139 -29
79 43
152 -7
-85 -3
-37 -1
-82 -8
74 -7
-24 26
-17 91
-61 -20
-109 -109
31 -81
51 83
0 117
99 -5
-108 -32
36 -18
75 9
-19 8
-152 2
98 5
-1 -59
-29 12
-61 19
41 22
-28 6
-11 12
43 31
167 6
8 -60
-162 -109
-46 -101
-82 85
101 150
-58 97
49 -82
-125 -29
-216 47
159 55
290 38
31 -50
-130 -56
52 -113
55 -83
40 131
-35 93
-76 73
-59 13
-146 -34
11 -24
33 -15
184 -72
123 -89
38 144
-85 31
-59 -51
13 -19
9 0
-6 48
113 36
31 -6
7 -13
200 26
131 -42
5 -7
-65 -8
-39 55
-50 34
108 -19
-96 -39
64 -113
3 53
-100 186
-31 95
115 -40
47 -122
35 -16
19 35
90 14
96 -30
-45 -19
-160 -63
-39 -79
12 -40
2 50
50 147
1 104
66 -28
19 -58
-12 -36
24 -2
-48 -70
52 -92
66 99
-79 134
-49 40
156 -70
71 -65
11 9
74 30
-92 -55
127 -28
187 11
64 48
-105 20
-147 -8
-11 16
-63 34
202 25
-74 -9
26 -3
-42 22
-290 -81
165 -89
235 26
81 104
-60 48
-18 -7
-5 52
-16 -31
111 -72
-35 -31
-62 -10
-135 7
21 31
-71 -47
157 -57
111 133
-64 100
-92 8
-26 -44
-2 -61
-93 -27
57 -27
-74 0
-30 1
-227 -33
51 12
46 121
-69 40
-20 -3
69 -76
113 -29
-39 -10
-31 -21
18 -2
-67 -3
130 -34
50 -1
-12 94
-6 51
-47 -29
-83 -5
212 9
-43 -41
15 -32
45 21
49 29
-12 -7
12 1
98 6
-47 24
92 13
43 37
69 -30
48 -65
-10 -19
19 -21
-97 40
-20 97
-40 47
-47 -10
-4 -99
-64 -61
52 -34
47 78
145 64
-31 51
-111 -49
-85 -102
-181 -120
-19 68
185 88
-58 68
-78 -23
77 -43
-70 -47
-26 33
51 40
-71 34
-12 49
-12 -5
189 -14
101 -22
81 -67
-7 -38
51 63
17 90
-10 2
164 -27
19 13
-37 8
40 -57
-64 -83
35 -1
83 23
-7 -21
-94 41
98 14
190 7
86 58
50 34
-43 -52
-123 -141
1 -50
112 -15
2 23
-64 107
-52 4
35 -56
-1 12
-40 96
-21 9
25 -12
-37 48
19 -40
77 -24
-15 -6
-73 7
237 -18
-42 -12
-177 34
20 18
74 -15
103 46
23 46
1 -105
117 -128
-44 39
-20 207
59 28
124 -37
-43 -41
200 -39
22 1
-81 -25
-150 -14
-21 25
-75 -92
19 -26
168 248
-98 125
71 -126
161 -93
-19 29
-71 62
-2 48
59 -70
-12 -169
-135 -63
54 -48
183 13
60 223
-50 71
-20 -39
-14 -26
67 4
15 5
-18 21
2 0
46 -24
-32 -92
-6 -53
-54 40
36 76
96 8
89 -2
59 44
-86 38
-49 -18
-59 -46
-26 -2
22 -46
105 -58
-67 60
-87 136
67 32
112 -56
14 -14
176 -3
39 19
23 -30
-38 11
71 -80
-6 -51
7 113
-97 141
48 -77
98 -56
-101 23
79 41
194 -6
-17 -48
-24 -39
33 -19
148 -72
140 -49
-35 183
-103 50
124 42
84 -6
47 -33
-39 -11
-3 -22
50 -64
-26 -58
14 -15
51 31
28 33
-39 103
9 14
66 -17
-18 -28
-22 9
-163 5
89 -21
-27 -60
160 -49
64 -2
-137 -14
-109 59
-130 137
33 -22
89 -23
-90 -19
203 -6
-32 -15
47 -12
31 -12
211 -2
-104 3
-16 -51
39 -76
-4 13
119 155
27 28
-211 -19
-71 -44
79 -37
92 -13
15 -27
48 53
-83 80
-2 19
28 -56
-24 -49
-111 -30
-75 11
-60 9
95 -12
102 -2
162 -29
-17 13
-56 64
2 39
23 39
-71 -10
34 -57
44 -15
-132 8
8 24
0 -20
25 -25
-26 -30
-38 -35
-20 30
3 95
-38 3
-139 -29
72 -18
-49 22
88 38
14 3
166 -12
-30 -54
100 -60
116 18
-54 -5
-40 4
-162 20
-45 -6
-74 -57
66 -65
137 210
25 130
73 -35
-14 -68
-30 28
-8 22
-31 -19
140 -84
136 -35
-228 -59
-66 -29
285 79
100 28
-114 -16
76 -3
-25 46
-8 30
103 20
-11 -12
-10 -18
22 -52
-22 -31
-80 3
-117 40
129 6
125 8
30 11
-68 0
15 1
-99 -26
-7 -8
1 20
146 0
123 -20
-69 29
13 -9
-10 49
-1 -6
29 -39
-25 15
30 24
-37 -6
271 -47
12 -25
12 -41
-50 18
-67 103
70 -12
-41 -60
-27 -8
20 33
-60 8
-68 19
17 -23
85 70
77 40
36 -32
17 -62
-16 -16
-3 56
22 2
51 -56
20 0
-57 120
17 -44
102 -17
0 -30
21 -1
58 30
-52 -5
5 -32
-3 -61
83 43
93 158
-31 -28
132 -80
131 -36
-48 -2
-100 21
-125 85
-32 88
-42 1
-10 -46
-49 -28
-87 -32
68 -14
160 -6
64 -8
-11 -32
-23 43
-104 94
20 21
72 21
-96 -14
46 -84
53 -42
0 59
25 11
50 22
132 59
179 -14
108 -21
8 -22
-37 -20
54 -12
23 -3
-82 27
-31 -25
-4 15
48 0
71 -18
-14 -23
71 24
-61 33
-24 -6
-7 -36
139 12
82 14
9 -38
-29 22
119 -1
214 -33
-51 55
60 31
-23 6
183 -24
41 -49
-75 -28
18 0
69 16
156 18
26 -9
39 -63
-25 -42
98 106
91 110
-4 -27
32 -38
-39 13
-80 19
-8 -25
-45 -25
0 -40
84 -16
26 7
-48 -30
-91 -22
-63 58
-14 46
-79 59
46 43
111 -34
41 -25
2 -38
-120 16
-3 -2
-21 -39
-31 -48
104 -55
80 81
-77 14
-93 0
-10 67
57 32
7 -7
14 -3
22 -9
116 -4
79 -14
80 12
-126 13
37 -5
-35 26
-35 4
61 -49
64 -10
78 23
-43 31
-47 27
139 -30
-101 -19
-7 -1
73 0
124 22
8 -12
-142 -2
14 18
71 -18
-30 -17
44 0
6 65
1 7
67 -29
46 -16
67 -11
-50 66
56 37
-103 0
-19 -47
-35 -59
152 -53
13 33
-124 14
52 30
-13 22
-64 8
-11 20
26 -39
113 -25
-96 -15
-69 19
9 25
-30 -4
-36 -14
92 -13
112 40
-21 58
69 -1
-63 -19
20 -4
-24 17
18 16
108 19
54 6
20 -21
-121 -29
78 -34
190 -32
-65 32
-63 49
32 0
84 -23
18 -16
5 -40
-5 -1
-48 78
-6 18
-83 -25
-23 2
-99 27
174 8
142 -39
-60 -7
-100 46
-141 -17
199 15
151 -19
-63 -3
28 21
-114 28
83 -36
18 -17
-285 2
45 26
24 32
200 -5
-9 0
21 48
104 9
162 -25
-133 -30
75 -1
68 -18
-19 -7
-12 -9
-42 9
-113 9
-19 15
7 49
-110 12
73 0
76 6
-50 -32
-1 -67
34 58
-20 53
-97 -9
205 -31
48 -10
7 -6
-78 14
126 5
190 9
32 23
-58 -8
-74 2
88 -24
67 -7
-56 31
8 45
-10 -6
50 8
-39 -4
65 -36
172 -26
74 0
118 21
126 19
-104 -12
-49 -24
98 14
83 -3
-55 0
32 45
-11 15
-37 -4
-1 -11
-56 8
124 23
2 0
9 -26
101 40
145 21
-11 -15
-111 -17
-13 -28
176 -3
74 42
6 -26
83 -29
-22 20
-3 -5
0 -11
-4 7
-72 1
0 -16
230 -7
237 23
-273 103
-42 19
26 -36
-62 -24
1 -50
-3 -5
-42 24
-132 17
4 3
-54 -11
-12 -36
20 -68
58 0
171 47
-110 43
-28 20
-65 64
77 -17
41 -19
26 -14
-126 -6
-236 15
-1 19
121 -18
165 -29
-165 -21
-43 -8
49 5
-121 65
-27 32
-59 -8
-112 -30
184 3
14 6
-24 23
-39 5
-48 -6
41 -53
2 -54
39 8
33 41
-34 60
72 -5
52 -4
51 3
-56 11
-31 -15
31 -33
61 22
98 57
125 -20
-1 -19
-64 -26
6 -1
-82 6
5 23
142 11
-47 4
-119 13
121 -38
4 14
43 8
-149 14
-115 6
-28 21
164 -8
-1 -17
-76 -15
-4 -8
-128 15
6 3
44 -1
-34 -6
128 19
-36 66
80 3
58 -31
63 -37
-7 0
-16 0
92 -18
-12 -43
-32 -43
35 148
-157 9
184 -18
-76 11
-42 17
40 20
44 -15
51 -15
29 -7
24 -12
53 -1
67 12
8 -24
-20 -4
-3 78
206 22
156 -5
-70 -45
-23 0
19 -21
15 8
-13 32
-47 81
-15 -43
111 -8
38 -11
-59 -6
-32 -47
-25 -24
-34 41
17 -5
12 21
20 5
-1 -11
-97 2
-64 27
-7 27
260 14
39 6
-3 -37
-126 -51
49 -56
67 -2
-159 58
38 83
-63 -17
-35 -42
-48 19
-75 54
219 3
5 -17
70 -20
8 -22
22 -6
58 7
-21 4
-163 39
-133 16
36 -5
-106 -13
31 4
167 46
73 6
-23 5
-118 1
135 40
8 5
-47 -11
39 5
-23 1
-66 -38
-47 -10
-101 -5
103 -11
224 24
198 18
76 -1
4 3
-14 2
-108 5
136 20
57 -4
45 14
183 -15
72 -73
-108 -15
-66 62
27 3
-35 25
205 14
55 6
-28 -12
135 -15
-109 2
-1 -3
140 -14
-58 -2
-10 21
0 0
-103 -12
135 -31
240 6
58 32
45 -18
30 -21
-47 39
-99 28
-19 -17
2 11
-12 25
393 44
0 11
-131 -15
-149 -6
8 -9
77 -17
-38 -21
177 -3
70 56
-38 19
60 -52
2 -57
11 0
21 5
143 7
-75 4
27 8
-2 18
-32 -4
-75 40
-55 9
227 -44
-6 8
136 11
-4 75
55 -15
58 -29
-101 -18
-178 5
-71 -4
46 19
-38 5
93 -19
58 -4
114 24
37 9
-30 -9
102 13
-27 -4
25 -13
-9 -21
5 -36
-66 36
106 0
33 -6
-37 12
109 -18
65 -34
-1 -3
69 2
-35 3
7 23
107 9
-59 -22
-124 -25
-84 -24
-19 5
113 117
8 17
137 -39
114 -11
57 -20
16 -18
-148 -7
-69 9
28 -38
-58 -33
-17 43
-29 25
-5 -25
2 -24
18 9
42 26
-4 37
56 12
-3 -26
30 -6
-46 -1
-29 -20
50 -14
-54 46
45 2
9 38
1 12
123 -9
-15 -28
-116 4
-8 -21
35 32
8 12
39 -20
101 0
-46 0
40 -8
-13 -2
-41 -37
71 -27
52 19
44 135
21 30
-14 -61
-51 -37
-28 -22
26 66
62 -18
27 -23
44 -40
-16 -5
35 -13
98 -3
33 -10
-1 1
7 61
34 35
92 45
-5 -14
-13 -65
-3 -30
12 3
134 23
-70 -18
-30 -2
-9 3
-24 22
178 25
56 8
-44 14
-6 -3
46 -8
7 8
-97 3
58 -23
98 -60
-35 -8
20 -9
44 19
4 14
17 21
-97 5
-40 -3
-6 24
93 -8
-32 -26
-129 12
-59 4
-22 -49
32 22
-88 64
-17 -45
9 -17
79 3
52 13
-76 15
-127 20
-7 3
196 -36
-51 -41
7 1
-8 31
-62 -5
104 7
11 27
-64 7
-26 -4
-18 -13
-6 29
-2 -17
18 -8
66 13
-17 -7
-149 -14
88 -17
104 1
11 29
119 -2
107 -12
111 70
-33 23
-208 -53
-54 -31
-74 18
40 37
150 4
94 9
13 -4
-93 -14
29 -23
83 -21
-70 0
8 -18
71 55
34 45
16 -10
-104 -20
62 -20
-20 8
60 13
15 1
188 -15
71 -29
59 -16
-39 1
-36 22
5 -24
-13 -48
35 76
-121 119
185 -11
127 -53
-10 -11
56 21
77 2
2 11
-114 -18
-53 -20
97 -32
199 -1
56 30
-68 11
-91 9
-85 3
35 9
113 8
45 -21
-33 1
26 65
-87 -24
88 31
-106 3
-114 -12
35 -24
-62 -1
25 0
151 2
50 5
-31 -12
100 -19
4 -7
-3 25
36 16
-18 15
63 -2
-28 -9
-15 2
-26 -26
107 -17
-44 7
-26 0
-105 16
83 24
55 -11
26 7
-18 -34
24 -3
-58 21
-88 21
116 18
162 -91
40 17
-13 24
160 -30
83 3
66 7
-72 -12
-24 -6
-33 27
142 3
-15 2
53 8
-129 28
40 -34
-64 -5
-22 12
96 11
43 3
43 9
-27 -1
-129 -21
-23 2
182 9
18 -26
-58 -12
121 57
47 13
-33 -22
-94 -22
157 6
52 0
-62 11
-8 -19
-46 26
-40 88
132 2
103 -55
20 -6
-74 0
-11 -23
-119 -20
208 -16
136 -18
14 42
26 45
-86 -4
22 -30
-5 -20
40 29
-35 48
-112 5
52 -36
172 -42
0 -39
-53 -51
-79 15
-70 140
56 94
-58 -31
107 -40
34 -24
27 27
-48 -8
-91 6
-39 2
245 -39
116 -52
-159 -21
-59 38
-4 57
39 34
-81 -21
28 -19
27 1
110 9
-6 3
12 14
37 -17
84 -81
-73 -32
-2 75
65 99
-55 0
8 -36
31 -24
-42 3
34 26
-85 -2
26 -10
1 -21
42 -5
-66 -44
146 4
48 39
15 27
5 -8
-27 -32
-34 -8
-90 -5
12 14
-55 6
258 21
26 -1
19 5
-49 -24
-5 -5
45 25
30 30
121 30
30 3
-5 -45
61 -45
-28 18
-118 20
83 18
201 -13
-70 -9
97 -8
-38 -17
20 16
21 5
64 -9
-12 7
-22 18
-94 -5
-40 -29
-23 -21
0 -55
-44 -9
7 119
213 54
25 -46
-122 0
1 3
-105 6
70 11
92 -33
-6 -33
26 -1
-68 65
-46 -11
111 -27
7 33
33 15
89 19
33 -7
-10 -17
-58 -2
-1 -37
-114 30
-53 73
102 -24
-32 -35
116 16
14 18
20 26
161 3
-55 -29
-73 -24
44 -6
-125 12
-22 -14
105 17
-98 13
7 2
-172 -34
-85 -28
57 26
-47 92
-32 68
16 -49
-33 -70
-7 -22
-10 30
76 14
-62 -12
-57 -41
1 -22
-110 0
77 38
33 -31
29 -68
119 96
54 106
-68 -4
-89 -77
47 -23
78 -8
62 0
-28 37
-121 20
214 -2
-85 -16
-27 21
-94 11
40 -14
130 8
-178 4
-24 6
182 12
-77 -12
-304 -16
53 21
30 31
17 -63
-63 -29
-8 46
47 9
-116 0
72 -12
53 -21
14 9
-42 43
110 54
-55 -33
-3 30
58 -15
-54 8
-77 2
-16 9
-109 6
-24 -3
136 11
64 -16
9 -11
-136 -2
29 18
-63 -7
-48 4
49 1
-23 32
-67 3
-89 -3
-107 -2
-83 12
150 33
39 4
-35 -22
-13 -22
8 4
13 34
-83 36
-161 18
-123 -4
-52 -39
224 -63
153 -13
17 39
-145 23
2 -3
17 60
-35 53
44 -30
-81 -54
83 -32
0 31
27 74
-12 45
-65 -36
100 -36
-4 -9
155 28
104 25
-48 38
-50 33
-71 -24
83 -42
28 -64
1 -17
28 54
-179 15
36 5
24 -2
-80 -2
-49 7
39 -21
-4 22
-153 2
-73 11
121 -11
25 -42
-72 -30
-135 -26
132 57
8 37
-68 -20
-20 -26
-71 -3
77 36
-46 -6
-49 -27
-69 14
-40 38
-108 -8
18 -16
134 -22
-41 5
-29 9
-51 28
-51 35
-16 -12
-76 0
42 17
151 -4
-41 -25
48 22
-32 5
-38 7
-10 15
-69 -2
-65 9
3 11
16 5
-32 3
42 -49
-74 -52
-42 9
-33 52
-5 33
57 -5
-13 -11
93 -1
-31 0
32 -7
12 -19
40 -26
-102 1
-229 23
44 -4
18 0
-2 -11
-52 13
-76 4
-128 11
-29 13
-154 3
-141 24
75 -11
97 -18
-130 -13
-37 0
-71 -1
-97 18
97 9
78 0
-39 -27
30 41
-2 19
-102 8
82 -29
-44 0
-83 0
41 27
94 -9
58 -43
-134 -7
97 -6
52 19
-8 40
-52 14
24 -25
-22 25
-110 34
-2 39
-18 -12
94 -28
-32 -12
-61 16
-109 9
-103 15
9 5
210 -7
-143 -16
0 -42
33 -2
-25 17
-145 21
-45 1
-35 -4
61 -17
40 18
-55 9
21 15
-178 5
-10 2
9 -22
24 -47
-15 73
6 72
130 -57
16 -57
-87 -3
38 82
-148 30
-83 -18
123 -33
-24 -5
-37 5
-58 -10
-57 -21
160 -14
98 -9
-81 -5
-35 25
-98 28
45 20
66 41
-4 37
78 -19
-16 -42
-102 -41
-133 -3
4 4
113 7
29 -39
16 -32
13 82
-27 76
-72 -13
-33 -27
16 -40
-37 20
0 25
4 4
153 -16
28 -31
-9 -37
-163 -4
-59 25
-70 75
-35 19
-27 -9
-40 -34
18 -32
-64 -23
-11 29
-60 39
-10 -8
180 -40
91 17
-66 49
-24 16
-78 -17
-29 -36
-10 -10
7 5
-19 -1
37 -19
11 5
0 11
-56 0
-103 -12
6 19
-12 46
277 45
143 -17
-53 -37
-20 -12
56 -9
-37 -9
-46 12
41 1
-33 15
-70 6
18 -56
17 -27
-20 28
-44 7
3 26
147 -18
109 1
-54 15
65 -3
-7 1
-36 0
21 -2
36 6
-62 -1
-94 -8
-14 -1
180 2
-91 -36
-56 0
8 29
-4 16
-1 -3
-183 2
-79 -2
-76 -17
8 -6
-21 -9
102 -8
-70 -48
-3 -39
-35 13
-15 74
-11 38
108 -56
146 -13
6 11
-164 44
-16 3
-47 -31
-122 -33
-87 1
57 17
104 3
102 13
31 -4
-58 -12
-77 -7
-102 4
24 2
206 -8
21 -42
-92 -34
-122 -2
148 23
77 39
4 5
37 -6
13 0
131 -19
-38 -1
-20 21
65 -2
-2 -13
75 0
33 -12
57 20
-4 19
35 -6
15 13
74 -1
-23 -1
-36 20
-46 -6
-102 -2
-71 30
-40 -15
-31 -9
32 -7
-19 -45
45 -28
-63 29
11 104
156 -19
51 -20
-12 32
-28 16
37 16
-80 0
69 -10
13 -10
-9 17
125 13
-7 -15
14 -5
-10 21
-27 -4
-17 3
26 54
12 -5
114 -23
52 -25
-68 8
-165 14
6 14
-84 20
27 -31
-176 -40
-34 6
3 35
385 39
368 -16
-93 -19
-116 16
-43 4
-31 15
-96 -1
-98 -21
9 8
-70 6
-153 -26
-48 2
-73 -11
65 -43
122 -8
75 106
321 25
-42 -3
-298 -40
-149 -29
-74 16
-62 44
-52 -22
-144 -23
-8 -25
-51 -44
-91 0
-103 45
-24 71
42 -34
-17 -19
91 11
79 5
-17 -3
-62 17
-15 -4
-93 -9
-14 -9
48 -29
216 -28
42 28
12 24
79 -11
46 -10
-107 -7
49 -1
-20 80
-283 72
-195 -28
-35 -66
180 -36
161 0
-165 36
3 -4
-102 13
182 -7
291 -12
-134 -8
-324 -4
-247 64
195 15
55 -40
41 -32
-147 -18
-125 0
-86 31
74 4
90 -30
165 40
-129 38
74 -22
23 20
-69 9
-74 0
52 -18
37 3
-27 -9
25 2
-39 -30
-15 -6
-137 29
60 17
294 5
88 -8
-34 -4
-58 -1
122 -10
-11 -16
-44 -1
97 6
30 23
-47 1
-71 -1
224 0
178 11
58 -13
-67 17
-24 -9
4 -17
23 17
138 -9
-139 -31
-125 13
-37 51
34 43
45 -33
-35 -11
-172 -34
74 -11
241 3
45 8
-130 -12
-82 -10
-19 -26
-152 -7
6 19
-95 18
-116 17
105 24
59 -21
-26 -30
-21 -9
38 32
164 27
-93 -8
-101 -18
106 0
11 3
140 33
-91 -10
-163 6
85 -14
-100 0
176 0
146 20
74 14
-352 18
44 -9
-57 -1
-37 -15
233 -3
-147 3
-43 -24
185 2
132 74
50 13
-2 -26
-287 -8
-43 24
133 13
201 -25
-199 6
5 20
5 -33
-263 -32
-296 -1
203 29
110 31
23 -41
-104 -42
-256 42
127 58
113 17
62 -7
-120 -21
-175 9
277 11
-191 27
-180 -10
691 -26
-139 -20
-210 -6
336 24
-59 -1
-313 5
-451 4
-186 23
440 5
407 39
79 -22
28 -13
