286 44
292 -41
394 -18
168 18
253 0
-163 -4
-241 18
-204 60
-28 33
31 -59
38 6
20 3
203 68
351 61
187 -18
-131 -54
-172 -7
139 35
-108 30
-22 17
-38 -7
-377 8
-503 7
284 8
609 4
408 30
46 7
-55 32
-103 49
29 13
55 35
220 7
77 -33
-55 28
-118 18
4 4
-6 5
-158 -9
-47 27
-39 23
15 4
296 9
478 16
-41 147
-16 44
118 37
219 -10
-53 -59
-153 -59
23 72
-284 136
-216 -32
-216 -79
-207 -36
534 57
233 29
61 15
-71 40
58 68
-38 59
-149 27
-150 -25
32 -23
209 -28
23 -23
-155 33
-203 83
13 60
288 -11
38 -17
189 18
63 35
168 38
142 15
15 24
45 13
-94 11
-305 -4
69 -24
220 -11
-161 47
159 132
289 31
-102 -19
519 16
418 -12
18 -34
-200 -17
-47 35
-347 0
-167 -6
-206 3
189 50
-51 87
-14 7
68 24
-32 66
-95 20
439 18
119 -22
36 -64
-468 -75
-252 -30
12 43
533 56
236 91
90 56
-155 -12
-210 17
-140 35
227 44
321 0
590 6
-7 -1
-322 -12
-88 -49
8 9
143 23
-4 58
132 103
-212 29
-133 -17
-503 3
-366 12
1183 15
798 35
-311 62
-29 58
-102 0
49 -24
115 2
92 105
33 55
-406 -86
-23 -58
467 -2
116 2
-43 33
-147 30
-237 13
394 40
333 15
278 62
-228 58
125 40
250 25
-254 33
28 16
-3 -4
447 -12
-183 26
-213 36
-478 0
32 -15
237 35
-3 17
-345 85
-372 12
630 -26
696 2
183 38
-470 6
-195 -4
-465 -8
243 -1
639 -11
666 7
-448 20
-756 48
199 26
5 37
437 24
-26 5
367 -3
-542 14
-379 6
1060 -79
201 -103
78 121
-70 156
-34 24
-241 -45
-346 0
272 47
-374 56
-351 20
-76 19
101 21
155 7
-122 0
288 14
64 15
87 27
464 32
-185 20
-478 28
174 14
349 -17
172 -13
-375 3
-85 19
-6 25
-259 21
-70 -18
395 -1
20 -15
-104 7
384 121
849 48
39 5
95 -10
1 29
-187 14
-875 32
240 4
965 24
87 -33
-477 24
-283 29
-100 13
46 -7
283 -19
-71 14
-102 -3
-90 -19
9 -8
-143 18
38 14
-9 21
148 60
260 21
6 21
-64 36
-36 -5
25 18
-191 33
208 -1
107 -24
-26 -8
141 12
275 18
-92 4
77 33
441 23
-262 2
-134 34
-145 15
-193 3
469 46
-1 44
-112 -14
419 13
264 63
-500 9
-566 -27
267 -1
645 23
-199 14
198 -1
-76 19
-45 5
8 57
81 60
137 -11
60 -57
-21 2
-11 24
-102 1
-20 -11
-39 58
106 12
269 -35
45 -16
-126 41
166 34
-10 57
-137 56
-144 -10
340 -2
-88 3
273 46
368 32
118 0
-164 27
383 32
-394 -46
-194 -21
296 0
-140 25
316 18
532 17
-600 11
-414 28
369 36
145 37
-25 40
-143 9
33 36
61 -3
-53 32
144 29
258 18
99 -1
-81 7
-56 20
242 38
-120 11
113 0
285 -5
-338 37
424 65
-199 27
428 -2
709 8
-161 -28
-184 -5
6 0
-114 -5
-31 12
61 56
398 2
411 0
257 -2
-267 7
-194 2
153 28
-221 24
86 -12
-96 12
221 4
-413 -3
-146 52
-38 34
94 23
245 24
-79 5
76 38
22 3
-15 2
33 4
55 3
193 9
265 23
242 12
113 -5
-51 23
101 46
145 -7
-349 -23
194 32
18 34
204 4
206 64
-43 5
-112 -17
-113 -5
-65 16
-176 35
597 -1
-82 0
-169 -4
301 -9
341 -27
-150 8
-3 74
-55 13
-177 -30
-80 7
197 17
-248 43
-273 4
112 40
26 17
230 7
45 39
-35 30
208 8
-631 -21
108 -2
419 -26
-139 9
82 38
56 40
97 33
-72 -13
277 9
184 13
-413 -4
-53 22
90 0
235 35
50 -25
53 -27
2 48
-105 97
-124 14
-244 31
235 -14
573 -39
154 27
-203 22
-278 15
66 -13
16 -22
31 0
-7 29
-7 86
-346 18
-110 33
-39 20
59 8
438 1
366 -1
-405 3
-119 0
615 90
141 90
-217 -51
-285 -14
-24 6
365 25
-116 32
-22 1
182 -18
384 76
243 49
-82 -27
-201 3
-309 42
148 64
412 -45
64 -24
-250 -2
-140 12
-201 25
86 2
340 28
-102 51
-76 47
-192 21
52 1
91 24
117 20
21 34
-26 -26
397 -16
-326 42
-73 40
153 42
217 23
-36 26
0 31
-84 -3
-537 -21
210 -24
450 -18
393 4
298 24
-101 32
-50 47
-93 -19
110 69
19 111
-148 -38
-432 -31
374 -11
734 -8
166 19
-273 45
54 45
259 -6
259 -29
-205 -40
-582 76
221 56
392 6
-85 -22
-376 -11
-89 15
162 25
425 40
60 29
43 32
60 33
-835 -10
199 -4
545 -4
173 19
132 18
117 13
-100 16
-67 22
-13 30
-165 34
197 -2
123 -5
-62 49
-15 76
-50 34
292 -36
203 -27
-9 16
-95 27
-195 30
0 42
35 1
-11 -10
34 1
-23 14
725 27
-183 31
-295 19
-88 5
155 3
285 0
62 8
-301 31
-276 23
426 37
122 19
-36 -6
318 33
277 56
-252 -10
-15 -36
129 21
44 -2
-30 73
-137 29
-37 -8
227 -3
-115 7
-212 15
69 13
444 45
245 5
-103 12
-175 16
-226 16
-38 18
283 18
158 8
178 29
304 23
-545 13
-814 11
725 8
296 9
328 17
509 19
187 15
375 2
-398 27
-456 14
237 0
45 17
-338 20
110 19
5 12
180 24
-51 0
229 24
-40 15
79 25
118 14
-223 13
108 11
-284 -6
-294 20
155 26
42 32
213 0
86 9
85 31
-59 12
29 7
-139 25
96 19
-93 0
170 0
230 20
356 12
-49 -13
-353 -4
-557 12
654 35
243 23
158 18
-452 15
-68 19
555 29
304 22
-198 22
-229 14
258 19
-29 18
-407 6
23 17
247 20
-23 12
53 19
36 -1
493 7
-94 15
42 24
260 9
-317 7
-306 26
387 28
198 9
169 8
20 14
6 19
-160 8
-2 30
176 42
-29 16
117 9
186 7
-202 19
-45 0
207 11
123 27
437 13
-287 -6
51 9
-333 2
344 15
196 6
46 7
-290 -1
177 1
-287 38
299 40
281 18
-116 35
-148 -9
-278 -4
194 -18
-79 27
-54 29
27 52
-104 19
309 -8
-58 13
456 16
-144 -6
-273 5
222 0
-24 3
155 17
551 29
-371 22
24 33
52 20
206 17
-181 12
159 18
185 17
64 24
-13 19
75 0
-239 34
-198 38
321 26
462 24
50 13
-252 -3
-29 1
-50 -16
132 17
-204 48
273 59
451 45
14 20
136 -6
90 -7
-126 -5
-288 -24
-327 -19
679 -12
152 18
-115 30
-98 37
153 42
413 22
246 34
69 51
-296 47
-225 40
-206 -7
81 -35
256 -19
263 23
1 2
66 29
-146 37
131 8
316 3
36 8
-309 22
-115 26
0 27
193 63
187 41
-36 7
-6 -9
260 9
-27 -6
26 3
-312 12
-107 21
-30 2
88 -3
91 1
27 7
287 41
2 27
217 29
48 41
218 11
75 -5
286 -13
-189 -11
-643 30
320 -6
173 -4
324 0
-95 11
-176 -27
-34 5
37 45
411 62
47 39
141 24
-144 13
3 20
-67 38
-153 81
212 1
-139 -67
15 -34
299 27
-247 43
-125 6
177 13
156 30
60 35
-195 45
101 65
162 6
311 3
-43 -28
-237 -19
156 -33
221 -34
-5 1
-371 31
244 67
449 66
-95 36
27 15
271 26
395 37
-228 6
-243 8
178 -22
355 27
-114 17
-149 20
5 -2
172 -8
433 12
136 22
-182 20
1 40
432 42
132 1
-100 4
-229 -17
-81 1
144 11
29 29
-113 52
-77 40
-108 60
156 0
7 -74
-10 -55
280 23
150 108
167 31
-69 19
-87 4
136 16
-7 16
92 41
180 54
277 -6
-323 15
235 40
189 13
84 -3
138 1
130 3
-21 -1
-375 52
100 34
356 33
-161 37
-114 21
427 -9
365 -1
8 -35
-194 -15
-5 44
120 11
97 27
-331 7
188 34
-60 35
-30 52
52 7
143 -1
37 -27
-49 -9
49 69
346 53
182 15
-24 -21
-46 -65
110 -3
-117 11
178 12
-103 25
145 50
207 28
-83 4
-269 17
205 34
118 43
365 32
188 42
7 18
433 0
-42 -10
-48 6
-980 18
307 45
551 47
-608 47
-4 32
427 -21
227 -11
-57 4
-180 0
-42 8
108 20
65 -32
272 -10
-39 41
-79 41
-27 11
-72 -10
377 23
215 36
153 20
18 27
-137 51
-96 24
52 16
118 -12
50 -11
-10 14
-69 40
-120 77
456 27
249 -8
28 -20
-32 -2
283 3
-39 -13
188 -5
-70 -10
-166 15
-33 18
152 54
18 45
-132 26
-111 63
423 45
73 68
-33 15
-200 -15
178 -24
282 3
-242 21
242 4
399 20
18 31
124 19
-46 -10
-203 -19
60 21
62 20
-264 38
-332 32
359 34
515 57
191 20
15 -14
-113 -25
268 -23
6 -25
-278 -12
-53 25
214 30
-162 26
-113 11
41 -5
71 26
223 58
110 64
138 87
204 35
23 -37
-96 -43
-14 -3
-4 -4
182 27
134 31
-436 20
545 19
-40 23
5 23
220 46
150 64
298 67
236 -8
-65 -51
-114 -65
-74 -8
33 21
17 5
-54 -4
-40 25
21 35
-149 49
244 44
-104 31
359 30
187 16
434 -11
159 0
-342 8
-113 21
206 49
4 20
-71 -34
-134 -24
-118 8
160 -22
-44 -20
-310 6
154 5
511 38
265 17
-89 33
-96 28
14 55
175 31
337 5
-57 34
-95 -29
-114 -15
-84 0
94 20
256 47
-102 37
304 8
-103 35
75 39
-22 20
-48 11
88 -10
100 -8
-146 12
83 9
-75 39
71 23
166 -10
180 13
-99 52
-117 15
269 18
-7 38
146 14
43 -19
146 -5
-32 36
-316 23
-74 8
84 -6
696 -27
28 -8
-48 -6
116 13
-179 20
30 33
16 46
99 28
-38 26
-32 -5
358 29
-327 43
237 -1
-11 -1
211 14
217 41
422 18
333 3
-408 -22
-114 -10
7 32
59 46
76 28
19 11
127 6
57 41
214 32
51 -9
-262 0
-15 26
114 41
125 20
320 26
-41 3
-385 13
70 -1
-88 14
475 39
71 33
111 34
-93 25
-181 5
58 -22
14 -10
-33 -4
-42 24
18 42
160 16
135 54
-118 28
-176 -11
61 -14
209 42
206 65
29 36
-231 -27
-130 -65
-18 -25
436 0
186 33
-30 29
-74 41
172 7
-281 49
265 49
169 28
186 18
-45 25
-114 34
123 14
68 0
-191 -24
452 -21
216 0
122 14
-111 16
-148 11
81 45
126 43
-317 28
71 -17
302 -32
258 -5
99 3
-518 37
190 20
50 6
244 8
139 19
0 42
-312 49
32 31
221 39
180 5
110 9
-83 9
25 29
-16 29
36 11
228 27
-24 38
-161 19
86 -63
-19 -71
62 -49
171 -15
34 39
-82 62
-152 44
182 39
239 57
-105 32
83 14
-129 -12
524 29
135 -8
-158 -27
56 17
-114 18
67 19
205 25
-2 35
15 34
203 15
-82 25
-69 42
-77 21
283 0
104 -8
661 -1
28 9
-339 14
-219 12
-4 45
714 40
338 19
-251 -43
-441 -37
1 -48
-39 -16
50 48
146 37
201 24
295 14
89 21
-108 31
7 44
122 52
161 28
192 15
17 -16
25 -10
-135 7
-9 8
-70 23
-146 8
102 26
268 30
51 35
218 11
-168 2
73 19
318 38
92 17
9 13
-62 -8
-117 -3
-124 -1
176 13
6 3
-78 12
-177 23
341 31
578 13
88 15
240 30
-417 33
-305 4
504 7
37 -8
-85 -50
-96 -31
-104 -10
74 57
-26 71
92 46
-58 -12
4 -56
43 4
117 64
40 45
117 9
73 11
42 43
-12 14
45 24
209 47
-37 46
-83 45
-135 6
45 13
67 6
-7 5
198 27
52 20
42 13
210 12
65 19
-9 -10
49 7
-19 -1
191 28
108 16
-63 11
-95 -3
-542 -15
419 -6
116 1
75 11
218 42
181 46
25 57
72 32
-152 -26
-74 23
182 44
24 39
-106 24
-140 25
31 13
-126 26
104 30
40 20
111 8
140 26
150 26
-87 26
-195 13
-19 18
-29 22
31 29
210 9
18 -37
-41 -27
-226 17
-47 40
155 47
97 32
44 11
16 35
-71 -10
32 0
-110 17
64 25
-141 24
448 25
340 9
-65 14
5 -5
247 14
39 35
-4 5
53 5
-58 11
-88 25
7 15
72 0
25 6
-39 14
55 26
89 14
27 -3
-100 -36
114 -43
-14 31
26 40
-107 66
-5 55
164 3
416 -16
60 5
-124 52
14 15
463 -36
-20 -16
-111 -39
-151 8
60 30
26 60
-185 68
-15 25
43 21
230 49
44 62
-10 0
-161 -6
36 18
376 0
387 -8
133 14
-363 43
-409 39
398 4
294 -1
-74 16
-299 2
7 2
-22 12
161 16
84 22
-137 15
184 7
-385 -20
102 -16
57 -19
195 23
319 37
22 20
-134 20
-23 23
154 45
165 55
76 78
-13 41
-16 -42
30 -26
23 -13
25 15
45 29
-85 0
-232 1
291 19
79 36
146 30
187 22
5 23
135 46
4 21
-100 -35
-16 -19
191 8
-155 26
210 33
258 -1
-38 8
171 3
272 16
-142 24
100 25
177 -16
-8 -19
40 33
-250 33
-188 16
274 11
178 8
-17 3
-98 -5
150 29
-81 76
-239 42
425 38
136 45
-124 9
71 0
-299 31
198 35
238 58
-22 38
-138 37
-87 11
109 5
70 -8
150 -7
206 4
181 9
-26 5
-92 6
-127 44
173 15
30 16
25 13
185 2
86 2
19 -2
13 28
-15 29
-64 0
-105 14
-83 26
381 31
-28 24
-128 0
-189 -14
128 -29
22 7
258 37
161 15
-248 -22
141 0
173 40
-143 54
130 53
-9 23
-182 -2
156 -13
-485 9
103 19
315 24
481 7
665 21
-877 26
-433 8
458 26
504 25
45 2
132 7
-140 -2
-283 2
119 -10
322 6
-324 50
116 65
106 44
185 16
33 -6
-181 -29
-132 -33
121 -18
362 5
159 20
-46 19
-103 38
-112 31
67 20
183 5
130 -16
-18 -1
27 35
-70 -19
31 13
412 58
-159 21
8 17
-112 33
184 54
184 80
99 65
287 -6
4 -55
-68 -58
-184 -23
-64 -6
57 23
73 49
-176 40
-30 43
26 52
199 30
-128 44
-136 -13
-230 2
336 17
-145 45
-157 18
66 5
397 -26
-54 -38
-189 4
107 29
124 32
6 19
160 7
53 0
187 31
-286 28
-299 37
281 37
278 21
-51 24
-365 26
-146 21
87 17
250 38
211 8
-128 37
269 2
-72 -18
80 -7
188 -9
71 23
-377 28
-61 30
-66 29
120 34
104 69
-125 30
25 -11
-24 -20
143 -29
272 40
8 37
-117 14
78 14
167 -10
-102 13
-125 20
58 47
54 71
156 59
62 7
-213 -15
-24 -14
72 17
468 23
253 25
-64 12
-523 -2
42 0
449 38
316 31
112 6
-193 2
100 9
-114 15
-401 13
-32 5
304 14
81 34
-36 16
-245 28
176 13
-200 14
-4 37
321 27
192 34
290 41
-62 16
-123 -31
-500 -15
-136 3
176 40
496 51
259 26
-144 -3
-96 -8
49 27
-54 11
135 40
-59 14
-124 14
23 2
-60 24
-143 8
198 16
313 0
210 18
-326 30
-469 18
628 25
350 19
-24 12
-51 12
14 23
-35 25
-160 20
423 21
110 38
-319 18
-41 13
211 32
110 38
-149 31
-8 15
-67 7
233 16
211 5
-41 0
3 9
20 19
-232 40
-25 27
19 0
202 9
-31 47
369 9
0 6
-299 -11
-13 30
92 38
25 32
23 2
-155 -1
-152 -25
31 -14
13 5
0 27
253 18
497 7
285 22
-90 39
257 50
91 59
-255 28
135 -1
-45 -7
245 9
93 35
-72 1
-64 -11
-99 23
59 -14
-90 -11
8 4
-216 34
146 -2
20 6
171 15
177 27
162 29
310 30
-61 38
-27 32
-59 21
-21 25
-72 19
-197 -4
-4 -7
9 -1
39 12
51 31
144 1
109 -20
79 5
-312 7
-84 38
-313 25
86 18
317 28
-33 25
171 -1
-286 7
261 -21
60 3
242 36
385 41
-165 35
-10 5
-141 -35
-406 -25
-13 14
212 60
127 34
-145 27
-176 15
-117 33
11 5
210 -4
-100 17
-129 20
-5 0
90 32
-50 43
-102 20
229 2
-41 -29
3 3
173 40
42 63
-56 32
35 -3
-104 -15
-210 -22
-186 -8
276 29
143 4
104 12
-85 29
-49 47
-57 40
50 39
5 39
-316 43
50 7
267 0
338 -18
-52 -16
94 1
-250 25
121 2
253 13
-65 20
-288 25
63 30
-18 42
80 18
137 2
-114 -10
-211 -31
133 -1
201 11
-58 22
-58 43
-94 -13
8 -9
60 7
-51 25
-38 28
92 18
74 31
66 25
-1 -5
-161 17
30 40
227 50
-13 68
-143 22
-97 -2
83 -18
-7 -17
21 3
81 5
92 27
-187 26
-70 15
118 5
171 0
73 30
77 17
83 21
155 -5
-193 14
-254 13
174 5
214 -18
-369 18
129 32
137 28
-216 18
9 27
129 37
19 27
33 22
-47 22
-224 37
-222 -1
294 11
90 2
-100 24
-62 22
-8 6
-117 46
122 63
-61 36
-119 -22
-113 -80
227 -26
100 11
131 18
-28 4
-212 5
170 38
-26 23
113 -6
98 -4
-68 -17
-108 15
-223 14
138 50
144 35
45 19
109 17
114 45
120 5
-50 0
311 23
-439 23
-101 19
423 54
130 35
37 -3
-78 -39
-223 -28
-290 56
-86 58
78 27
154 8
169 -51
-10 -55
-247 -36
172 -2
-231 37
347 36
8 23
-182 26
-8 15
-110 51
-159 42
-32 39
-86 31
-47 -6
32 -7
-52 0
-70 8
48 30
114 43
-18 30
216 -5
-1 -31
-32 -26
34 -3
-54 -1
62 24
-252 30
-95 28
196 34
27 34
-146 58
-164 43
98 33
400 14
235 -16
-397 -54
-563 -62
-19 -7
237 42
143 39
-322 24
-363 23
343 22
263 59
-70 46
135 -5
242 -28
166 -3
-37 9
-234 5
-191 12
-167 16
260 49
117 28
-146 19
-96 21
157 26
169 19
166 -7
-205 12
66 2
165 -4
56 20
0 21
-120 13
-90 27
-40 13
9 14
158 36
192 -3
263 0
-156 22
-3 25
297 22
136 7
13 8
-248 35
-103 12
634 23
169 3
40 12
-353 0
-165 18
89 23
-74 50
23 40
40 15
-144 -48
-250 -23
314 -9
21 2
-136 -4
55 23
282 17
47 45
85 46
-49 56
114 46
-111 23
27 23
-131 13
-89 -39
184 -27
140 -3
-107 26
-154 29
42 12
108 21
-13 14
612 65
-497 15
61 9
361 0
260 17
-90 11
-309 12
-66 29
7 40
232 11
59 3
-200 21
52 52
50 23
-461 -2
159 -13
135 37
467 19
-131 -5
-278 -14
-140 -30
142 -10
-25 20
-58 11
-225 29
21 44
22 39
2 32
1 66
-103 33
-194 33
176 6
-128 -19
-70 7
155 5
39 -3
333 -8
-182 -20
-158 8
309 51
8 33
-167 35
-12 20
-112 -13
-45 -7
-87 12
207 26
-73 16
265 12
77 12
109 14
158 2
-22 0
-62 37
-40 61
265 4
38 -7
-189 -4
87 0
100 7
242 59
-80 41
-19 16
50 12
102 -8
-338 20
-104 74
-78 33
542 20
37 21
-172 9
-83 -4
73 -8
121 11
-82 -3
-91 -1
-94 0
-148 32
-66 29
-2 52
-207 31
56 15
301 -18
-1 18
-177 45
-73 16
148 26
217 9
382 17
-123 24
65 11
-81 -6
-100 5
-226 -11
370 -36
82 4
-2 15
14 48
-173 43
-170 31
308 17
-120 3
-160 13
-87 35
91 5
-77 1
184 33
-48 -1
-93 0
-36 -4
12 21
33 71
134 37
-99 9
-108 -29
-61 23
-24 19
13 11
120 14
37 15
179 33
166 24
-16 8
-93 12
-175 23
-5 25
1 14
21 9
-91 20
-44 34
-82 -14
192 14
13 13
-162 13
156 -6
141 -8
126 3
55 15
-103 42
69 14
-91 0
-111 0
-303 -3
158 36
108 31
-35 11
97 24
-42 33
229 14
69 18
64 22
61 28
8 40
-289 31
-71 13
435 -1
165 4
18 5
-171 5
-150 21
57 -6
58 -8
128 45
153 47
-166 24
44 20
-147 25
31 34
128 21
170 31
34 -37
213 -69
111 -30
-120 17
32 28
81 30
-262 33
-106 16
-70 50
45 59
117 40
-84 60
268 -9
77 5
-12 6
-133 29
32 13
29 -8
31 -6
-101 -7
-67 3
-27 4
-21 16
-71 4
-60 19
25 17
35 32
271 45
146 45
-13 46
-13 35
218 1
-91 -9
-139 -10
-50 -1
410 3
150 3
58 7
-193 18
-124 47
126 36
84 14
70 2
13 3
503 19
-26 1
-282 0
-199 11
122 -11
65 26
94 33
126 8
-97 14
-14 29
-186 50
65 33
54 14
68 31
-36 18
-123 9
-57 2
-11 0
219 1
199 -7
-147 6
-110 9
70 18
27 23
-40 23
-71 23
13 19
-23 12
-76 -7
-51 -12
-77 5
72 39
332 28
-93 -9
-35 -8
-181 -3
-63 12
-172 41
-176 66
-47 33
136 -5
162 -5
333 -9
149 24
211 27
-12 41
79 35
-117 3
-62 -23
-127 -12
75 16
-275 -2
176 -22
255 1
39 5
-76 19
-77 26
-77 33
14 48
106 34
-14 32
-90 1
-122 -7
181 21
17 26
-87 -1
45 0
-195 -13
-118 -18
143 0
35 26
147 44
-215 34
-4 -5
83 -2
44 35
-19 49
-41 40
-157 7
-515 14
397 23
-72 26
-93 35
-60 28
-37 19
303 22
-13 42
-96 -16
-164 23
0 27
182 -4
-17 34
-36 18
93 19
12 -20
-3 -1
-12 1
50 28
-117 30
-235 17
-98 14
134 11
-19 11
-58 14
-52 0
17 1
-50 23
53 17
12 14
48 29
141 16
-90 37
-93 61
17 26
-86 -12
-83 -20
46 -10
229 17
-15 34
-394 9
-43 18
-124 47
222 31
418 8
-152 6
58 19
-164 35
-16 24
-42 27
74 34
31 8
-100 -14
-122 -32
-92 -11
145 14
-13 33
232 53
246 33
15 -16
49 0
-226 18
-287 41
67 55
50 14
219 18
16 8
-115 13
9 29
-88 34
34 42
64 45
9 5
130 2
73 -4
-129 -17
-247 24
-76 12
34 -1
82 9
165 13
149 14
-58 11
-76 28
17 16
-220 23
-24 39
-208 18
92 -8
430 -48
-37 -2
-51 41
-81 39
20 16
179 30
-81 33
-283 25
-24 -9
-25 22
-78 22
-102 30
264 0
576 5
14 -14
-115 -4
-51 15
-77 17
-85 31
92 12
82 28
-2 16
-67 16
-165 36
39 40
101 24
-240 -3
36 5
367 -12
-89 -24
-136 6
-202 46
-95 46
-45 30
171 19
8 0
-229 23
-197 7
11 -19
0 3
-44 -10
66 2
171 24
-25 30
-131 4
5 4
111 24
-42 34
-73 31
-177 39
105 5
-3 -8
6 11
35 0
146 0
169 28
50 36
-58 30
-184 22
-23 7
236 8
38 18
-281 9
-117 6
-52 13
185 11
137 15
99 14
20 17
12 24
-14 1
21 15
-48 -13
-145 0
-152 -1
39 2
155 24
-2 22
-74 16
-113 11
-151 27
-36 29
30 49
12 30
-22 15
-34 11
-98 -16
55 -28
60 -12
98 5
13 9
29 -17
-19 18
-155 32
-111 21
196 25
91 8
-82 18
167 16
20 30
-51 36
-118 26
-119 7
-239 6
224 -1
-22 8
-110 21
-143 18
60 8
-33 13
82 16
253 31
-208 30
-248 0
262 -4
514 0
136 34
-97 44
70 13
-68 -29
-69 -17
-8 -15
-76 52
82 61
-76 5
-39 -9
18 7
13 18
26 44
330 27
59 21
-37 15
-94 -4
-140 8
-30 14
-41 -4
-6 -5
22 4
164 0
104 37
103 44
19 34
4 34
-60 40
-3 25
90 32
56 55
58 22
33 15
-173 -36
-71 -16
-39 11
-66 15
43 19
-29 22
11 18
116 23
19 -1
-39 12
-101 33
-24 26
79 9
169 -8
78 -18
-39 21
95 23
116 30
-84 35
-65 27
-8 5
-60 -9
69 0
77 14
-61 29
-191 4
143 5
334 21
-56 -8
14 24
-46 31
105 8
65 -21
68 -24
130 14
-45 25
-167 36
-201 49
-41 0
-51 39
24 56
222 33
-200 12
-132 -13
-77 13
5 -12
228 -24
125 -34
25 11
-54 17
-111 14
-2 23
0 12
13 -7
245 0
11 1
37 8
-108 0
-167 9
-101 -9
224 -10
189 8
-77 11
78 30
13 23
14 -8
73 -29
-90 -36
86 -42
-29 -16
-25 12
72 29
88 16
-142 13
256 4
224 23
-33 9
-139 18
11 29
-53 -7
-80 -30
-4 -17
-105 -19
-1 5
-106 20
-21 31
-206 21
60 0
221 -33
288 -24
-60 -8
-326 14
-297 6
-25 0
219 -1
7 3
76 16
-117 14
-130 -6
107 -18
79 -15
91 19
55 -3
52 9
-134 30
-180 13
-96 -19
-43 9
130 38
-170 25
144 14
285 24
-114 -8
-147 -12
-263 -31
-46 -19
204 16
166 3
-17 -10
-85 -6
-44 4
-57 17
61 23
57 4
59 9
60 6
-259 -1
195 12
52 27
111 28
134 -8
-201 -1
-245 13
35 23
204 4
75 -1
196 -3
78 -4
-42 -48
-151 -9
-192 -37
21 -6
0 -3
-1 -8
-177 7
-306 -6
-2 3
191 11
36 3
62 13
16 -7
403 -8
-41 -10
-127 8
-193 22
-73 5
40 8
102 7
47 1
71 6
-17 2
-122 2
-172 -2
15 -17
80 8
72 2
74 6
-26 20
40 13
63 3
-194 -5
22 -6
435 -16
-588 -24
-149 0
547 16
-61 22
-318 33
106 -2
51 -27
58 -37
21 -41
302 -12
-17 -2
-380 2
61 22
119 7
-122 22
-227 20
402 23
-8 55
13 29
55 -15
28 -69
62 -46
48 -18
-179 -18
-42 -15
-56 -4
31 31
107 33
132 6
-138 9
12 7
-12 28
0 14
30 26
-67 12
149 7
112 -16
-59 -28
0 -33
-69 -19
-228 -16
310 -14
83 -5
-19 -12
-26 15
5 17
41 12
-5 6
25 -24
66 -59
-37 -27
-83 22
69 40
67 26
-65 5
89 -6
-67 -34
-18 -7
3 -22
66 7
48 -10
25 -6
-109 -6
-16 8
-57 3
24 -8
-103 -15
135 -13
-166 9
-190 -6
4 2
179 -5
-59 4
64 19
-70 7
-82 5
-2 -12
-23 -9
27 -16
52 -10
17 -10
-61 -18
-2 -11
-14 -9
-40 -1
-40 25
30 15
98 3
21 15
88 -13
-21 4
23 4
-28 -15
-88 -22
-42 -12
-101 15
-43 0
142 7
-38 1
-20 13
-84 30
-25 38
56 22
-37 -1
5 20
-30 28
-137 -14
-159 -37
239 -40
361 -10
-245 14
291 28
96 15
-68 3
-60 -49
-68 -20
515 1
-235 13
-687 25
190 16
-19 15
39 -4
83 5
181 2
22 -22
63 17
-160 52
-132 6
-140 -5
-29 4
508 -15
80 6
-693 17
-342 8
373 17
77 16
73 0
23 -9
-49 -10
19 -5
3 -16
5 -1
35 -8
-1 15
-94 -17
34 14
43 14
107 -13
28 -3
-8 0
46 -3
-96 11
-9 9
-60 -1
-39 -3
-66 0
50 9
-176 -2
4 2
95 -2
302 6
-91 1
-75 18
-28 1
-84 -2
-225 -3
202 4
-109 -6
-21 -14
-110 -2
-103 -1
52 8
