17 -3
260 -60
142 41
-128 -143
15 -208
15 -67
-160 45
0 171
-24 103
172 -23
-62 130
-145 -155
194 -415
-22 -98
-53 186
-125 30
234 105
-190 271
-267 89
-1 -347
-110 -386
253 -75
397 119
-37 231
-98 279
381 92
171 -94
-312 -128
-130 -195
-87 -295
-13 -90
32 60
-5 113
-82 158
-57 302
134 61
134 -298
133 -369
186 -19
21 120
-204 74
-81 193
-49 227
-211 8
-25 -188
217 -292
34 -202
-41 66
-90 171
108 134
92 239
28 100
-132 -23
-112 -317
52 -327
64 -161
37 182
-115 221
-22 84
276 82
32 2
32 -490
250 -204
62 -34
-628 139
-315 173
192 39
215 69
-258 196
-473 7
-2 -446
342 -329
488 104
263 240
-101 90
-126 119
-137 -35
105 3
7 -173
128 -203
-135 -147
73 11
78 215
-68 283
462 181
207 -38
-607 -220
-703 -230
-73 -124
363 -64
29 82
-509 258
187 289
497 105
-33 -227
321 -304
135 -204
-396 84
115 148
342 253
-203 47
-251 144
-88 -47
299 -170
285 -321
-56 -280
-152 99
-126 288
-164 268
245 149
234 25
154 -328
-11 -256
-288 -206
-335 30
-348 128
289 -1
463 251
358 209
-427 -64
-779 -241
18 -285
201 -113
544 -96
506 344
-422 137
-656 -29
-196 -49
250 -82
378 -224
204 -104
116 20
-72 179
134 120
130 29
-29 77
-53 -155
-87 -382
52 -211
208 4
-92 172
-329 133
229 167
340 193
-59 -213
-499 -360
-322 -224
189 -118
251 105
65 103
-293 82
-315 130
563 5
182 -197
173 -226
-69 -131
-76 56
128 136
181 203
313 148
-231 82
97 -78
-677 -104
186 -119
120 -21
223 53
485 0
-382 126
-578 163
87 111
279 -173
6 -310
202 -256
82 -29
-60 163
-49 95
-72 93
-18 87
90 -225
174 -312
58 -140
101 32
-68 115
-118 247
-68 29
-171 -20
0 -195
39 -370
-347 -70
211 -76
464 148
-66 211
-123 165
-166 141
-46 -155
738 -286
258 -262
-148 -182
-844 40
421 203
-61 110
-537 69
169 104
-170 -76
-351 -309
-130 -279
542 -26
773 118
-231 255
67 7
74 108
81 -41
-65 -227
-257 -269
33 -264
82 88
63 311
-16 165
-255 110
400 -75
159 -353
-554 -229
-191 -60
537 151
178 175
-250 -14
-11 158
-89 248
-18 -188
558 -475
-134 -228
-123 50
407 218
108 219
-374 189
-301 74
167 -40
270 -267
64 -287
103 -116
251 87
71 220
-215 175
-179 124
-13 -146
25 -248
170 -241
182 -89
-608 51
-142 104
336 -23
211 254
-135 103
27 -96
115 -210
-235 -214
-36 -127
470 -16
-576 281
-143 192
273 38
214 -155
-83 -170
-317 -332
-142 -121
116 190
391 218
151 158
-408 57
-142 54
55 -340
48 -334
16 -121
29 106
-262 174
170 19
316 89
40 200
-94 -37
-102 -348
89 -203
67 -105
56 -21
-94 153
-399 108
6 164
474 37
-133 -218
528 -330
53 -206
-477 37
-275 163
171 256
-92 148
320 53
-142 -238
-428 -459
198 -217
208 -30
280 105
-115 110
-141 185
215 75
-64 -132
-429 -297
249 -196
360 12
-105 71
32 209
33 189
42 137
67 26
-140 -393
-363 -394
161 -113
225 133
125 292
-135 153
0 59
-29 15
71 -140
30 -209
71 -209
130 67
-386 242
8 36
380 32
-272 81
-243 -203
-38 -266
449 -227
100 5
-223 149
200 -126
-257 219
197 262
364 60
-420 -213
84 -227
391 -93
92 -8
-58 69
81 229
63 172
-201 68
139 -188
-156 -307
-129 -319
21 36
270 176
-30 209
-92 167
31 113
19 -206
140 -312
51 -183
-478 -55
117 100
454 183
426 53
-395 289
-239 99
-189 -308
86 -229
196 -210
4 -126
63 -15
102 202
128 304
316 120
-59 -223
-203 -305
24 -216
110 -45
-35 170
-89 22
27 119
83 206
12 6
-64 -298
37 -251
87 -180
232 69
67 209
-124 151
112 122
150 -44
-130 -286
-413 -351
127 -182
-113 36
91 140
86 132
-24 197
-28 84
179 -17
-39 -297
-383 -432
42 -66
152 224
52 164
439 124
-115 47
-612 -158
-73 -204
178 -293
63 -30
55 103
89 128
24 107
-38 132
27 94
65 -113
9 -276
-98 -363
-13 29
23 225
-59 174
33 128
98 168
52 -51
-137 -286
401 -292
246 -6
-180 32
-344 178
-98 145
285 108
-28 -38
-117 -381
-53 -293
-80 -119
79 175
334 167
-42 44
-636 137
114 120
148 -193
-59 -187
14 -186
-225 -25
-8 187
237 0
-44 145
139 113
128 -39
-297 -391
80 -390
12 25
21 161
-114 251
-15 144
210 145
74 -129
46 -199
53 -179
-119 -208
-130 40
-115 170
263 136
156 40
17 116
45 -48
-9 -327
-11 -521
-204 -18
52 244
216 108
-155 111
51 102
-19 6
56 -191
188 -257
65 -145
37 118
-77 178
62 80
-101 104
138 1
-35 -345
327 -294
-379 -136
-118 43
207 155
-263 183
-27 144
201 151
132 -130
110 -355
14 -263
-90 82
-48 180
59 68
87 45
-66 177
-45 41
58 -341
-32 -270
-34 14
78 47
-90 151
-76 238
238 208
173 -104
27 -480
42 -129
-12 -85
-29 60
-26 -38
34 122
110 264
14 265
120 -173
-55 -345
-52 -202
-37 36
-17 54
71 99
45 7
94 92
56 47
333 -309
-72 -313
-589 -171
-45 120
218 135
93 120
-125 31
34 -19
150 -58
-62 -211
-93 -251
-152 18
153 195
185 200
-24 -6
0 137
-2 55
-44 -248
162 -295
8 -237
-133 49
42 253
34 230
19 161
-1 -210
-82 -252
65 -187
22 38
-6 68
-130 159
137 101
114 167
-60 175
96 -207
-184 -204
0 -284
156 -286
-147 41
196 417
229 192
-68 136
-199 -58
178 -355
-60 -392
110 -2
-84 208
119 197
-36 167
26 98
183 -39
-83 -217
-30 -379
7 -153
-166 133
-209 163
-175 169
202 129
146 63
-100 -38
-244 -298
409 -358
-112 -42
-22 239
174 246
116 57
69 199
-85 -155
-137 -275
-29 -297
17 -22
-60 76
-249 64
291 53
169 199
-109 86
7 -235
59 -323
-80 -203
-89 20
-53 242
-26 143
71 128
172 76
-215 -45
9 -272
74 -277
81 -5
-163 7
106 220
67 188
-88 78
-19 80
-95 -254
151 -282
161 -96
175 24
-113 274
5 40
-218 77
-88 76
156 -123
221 -259
-391 -206
-185 -49
236 182
275 137
12 206
25 433
-99 -149
-5 -345
105 -221
-192 -114
19 -11
-13 213
-105 181
-12 139
77 -2
89 -337
135 -250
-71 -21
-177 20
298 122
74 166
-20 121
140 34
51 -143
-133 -305
-193 -208
326 19
197 117
142 213
-166 154
-348 151
-89 -53
132 1
63 -197
-111 -286
-173 -132
-111 37
157 184
-83 210
182 170
80 0
129 -353
131 -219
-159 -79
0 -34
64 155
209 174
73 35
86 34
-95 73
117 -260
96 -277
136 -124
-295 106
-2 139
2 146
-29 81
-37 80
-100 -110
-17 -329
293 -214
-138 43
-290 129
282 235
294 56
-163 -28
-279 0
-295 -185
431 -351
364 -100
-162 190
-193 112
90 96
116 181
126 -12
-75 -343
-163 -227
-29 -75
129 108
-52 326
15 156
143 62
14 59
-44 -161
-114 -282
61 -217
217 85
54 88
-233 57
-118 70
-34 178
72 26
165 -292
97 -361
-403 -56
-10 158
131 123
117 120
57 65
-148 47
-16 -170
-244 -237
111 -284
252 -78
-59 222
37 211
79 254
-56 -26
-142 -172
-226 -416
136 -219
165 -20
15 228
26 127
35 81
164 63
-228 -133
-98 -320
118 -348
-109 -46
157 157
174 171
-56 27
-44 75
28 -40
-24 -177
181 -283
-55 -79
-181 66
173 124
162 138
-227 104
-226 180
133 -76
104 -238
-18 -305
-7 -58
-39 2
-63 206
62 194
-61 152
-81 19
-10 -256
-159 -321
165 -142
254 115
-133 279
-79 195
-4 6
25 -104
96 -171
-40 -316
-70 -192
-186 88
123 196
278 167
125 83
17 41
-65 -115
101 -267
-24 -219
-26 18
-52 87
13 178
63 168
-1 83
-106 -38
-46 -401
112 -261
-57 -71
-46 78
-94 172
-55 62
219 2
301 -10
-59 -50
-534 -268
-252 -211
770 -194
-97 190
-518 243
86 180
104 99
41 -113
-163 -339
39 -256
174 28
-248 101
97 189
155 116
-41 148
-23 15
-42 -224
-113 -328
-49 -57
593 84
50 5
-146 83
-141 146
74 125
-13 -165
-7 -340
-73 -190
-101 64
45 197
-13 162
100 174
27 86
43 -133
35 -226
-97 -328
-116 -100
153 196
179 132
-46 84
49 199
-133 -21
168 -214
-27 -228
-8 -120
159 147
3 154
54 103
8 121
24 17
63 -178
68 -282
-172 -122
-103 -57
-50 63
18 130
112 120
174 234
27 52
-213 -306
-344 -584
253 -29
-114 191
416 279
166 73
-285 87
138 -59
18 -133
-237 -300
98 -125
222 13
-75 79
110 197
113 47
-104 44
39 -111
-23 -260
90 -196
68 0
-2 162
40 213
58 114
-62 -47
22 -95
44 -95
-49 -249
-22 -106
120 105
128 72
-35 177
8 56
6 -4
-97 -168
-60 -184
28 -164
21 -76
97 78
57 250
173 159
-133 79
57 -177
223 -417
-117 -247
-302 36
21 96
215 150
112 122
-80 150
-41 93
8 -326
119 -241
-35 -45
75 55
133 86
131 59
47 167
-185 16
-73 -99
87 -216
12 -258
-26 -21
7 221
140 230
25 135
14 48
94 -100
23 -318
0 -238
-80 -114
87 80
-1 170
-4 173
-12 200
-26 65
-51 -63
173 -267
15 -172
-152 41
20 215
-33 80
160 121
46 137
2 -123
-49 -324
-19 -282
7 67
213 158
154 85
44 153
113 138
-201 -22
-160 -294
-139 -234
250 -15
287 183
-81 269
-103 37
202 -19
185 162
-52 -195
-11 -316
123 -219
54 40
-113 219
-43 101
-76 90
-145 130
153 -54
-32 -314
-83 -237
-72 -26
-5 211
89 92
82 67
-87 175
-81 -5
-22 -313
-94 -310
-19 -4
94 106
70 204
-78 164
212 152
-54 32
-81 -151
19 -385
0 -179
151 72
-1 176
-314 97
59 248
321 -8
-16 -35
-116 -407
-47 -250
93 95
153 225
17 110
95 80
106 100
40 -30
-82 -153
-266 -273
87 -155
157 23
-27 227
65 145
68 125
-33 82
93 -143
18 -266
-66 -223
147 66
-118 201
-152 123
111 41
1 49
-22 -69
-15 -240
-14 -167
162 -30
75 34
87 193
98 80
-26 246
-69 66
-133 -329
-32 -223
-76 -155
41 -33
254 208
81 204
19 151
95 90
202 -144
-436 -387
-92 -158
344 0
128 155
-16 147
12 61
61 80
-79 -96
512 -207
-142 -242
-280 -121
-119 27
48 162
-2 223
142 233
183 -19
-222 -189
23 -228
6 -121
31 111
31 157
-6 8
59 98
-139 171
-13 -114
106 -225
-14 -315
-217 -61
-103 140
202 309
181 66
167 33
5 -25
-146 -242
144 -324
-20 -105
118 154
84 151
-1 140
209 153
-74 142
-164 -194
-93 -268
-36 -222
16 61
134 225
102 130
34 107
17 111
-71 -171
30 -250
-36 -208
42 97
-41 220
113 80
27 83
-50 153
209 -21
-46 -290
-252 -297
-159 -69
122 202
175 158
112 -12
-203 147
166 144
13 -175
46 -328
219 -200
-41 61
6 95
116 143
1 115
-12 100
-59 -60
-62 -297
154 -233
-133 41
-148 216
183 166
181 81
174 102
-137 56
-86 -194
44 -262
-116 -127
-65 100
440 194
174 37
-221 180
-195 138
-17 -170
175 -314
16 -194
102 83
-59 127
22 114
239 227
-2 180
-14 -46
-93 -309
-61 -295
102 -67
111 172
-86 127
-16 0
43 256
-1 125
105 -274
48 -278
-10 -60
76 90
-2 179
17 206
72 149
-39 99
-36 -126
65 -259
-135 -175
-38 47
292 102
50 220
65 308
-103 126
-132 -98
-107 -189
228 -175
149 35
-194 112
-180 167
42 220
172 138
19 28
-410 -224
179 -306
114 -187
-88 134
-20 152
-43 131
247 209
-11 166
-58 -136
64 -277
149 -223
-124 112
-32 200
201 146
127 88
-33 125
55 -13
6 -202
53 -215
-45 -209
-67 141
73 104
-49 215
-42 184
-35 51
78 -284
-140 -260
-114 -174
9 13
82 186
38 171
54 148
26 92
139 -108
-173 -291
-39 -298
44 -75
-115 189
-17 176
89 190
70 127
-167 97
-35 -226
0 -325
58 -101
-96 155
-53 256
-32 75
38 151
-59 94
50 -175
-6 -245
-51 -186
-82 52
-92 164
106 133
26 232
13 150
17 -68
-15 -293
18 -268
146 -40
-47 130
-161 170
57 161
-18 171
286 -34
-30 -277
-280 -196
-33 -116
63 48
47 187
69 127
-28 133
43 111
41 -165
56 -302
-255 -233
-15 68
95 230
123 185
-19 95
13 101
-16 -4
-63 -224
-39 -306
85 -17
-22 148
-80 82
-55 104
-1 181
87 68
80 -241
-48 -179
-45 -110
76 -12
-10 132
0 163
18 224
-24 131
-12 -218
-170 -268
7 -255
-16 89
62 175
-3 91
135 191
88 221
-177 -89
-11 -279
-43 -287
65 -78
-167 149
45 240
128 93
54 189
55 179
30 -134
39 -251
6 -144
38 75
-170 153
50 60
165 180
-36 37
-5 -48
34 -261
-46 -172
6 6
42 40
88 237
-28 135
143 189
-14 -53
-64 -262
-34 -245
-81 -208
-124 39
79 204
265 191
174 168
34 91
-125 -191
-169 -268
58 -123
-6 36
57 171
36 187
2 143
119 89
-31 -158
-1 -331
-56 -177
-9 31
-59 206
-131 41
53 182
26 226
89 17
8 -139
-72 -269
-172 -84
124 176
14 133
-5 125
31 154
62 47
-21 -86
-188 -261
-145 -261
-73 29
32 136
89 274
158 175
8 113
-126 -33
20 -257
-225 -316
135 -49
46 247
100 155
-81 118
128 133
-27 53
-139 -180
-26 -280
38 -152
161 101
-89 169
-85 123
-84 162
130 24
73 -111
-145 -290
-6 -117
-149 -64
-101 201
-92 206
13 198
40 114
46 32
-77 -206
-54 -320
3 -146
2 46
28 222
167 195
31 150
-134 -36
54 -194
-17 -217
-31 -163
-35 88
-46 259
24 81
237 137
28 200
-475 -134
2 -264
332 -231
-40 -116
-67 119
24 253
180 206
-184 73
-89 -114
38 -220
82 -187
-121 -8
-171 71
50 167
105 164
44 188
4 42
-61 -121
45 -305
-40 -266
-4 -20
-136 181
30 203
-66 122
-93 91
56 -145
14 -369
50 -168
-159 -41
-65 149
-49 212
194 77
-29 127
-15 85
31 -224
-126 -168
-71 -52
-53 125
264 162
-74 130
138 230
-30 114
-153 -145
-7 -342
5 -350
-101 -17
-45 104
-24 205
166 184
7 67
0 -141
-106 -284
-61 -179
4 5
-78 195
84 171
-243 111
179 77
82 46
-69 -115
-52 -384
-133 -175
-92 143
-55 239
-28 5
52 103
-195 97
8 -127
262 -288
-63 -182
-296 32
97 133
91 106
-22 174
47 55
9 -42
38 -139
-41 -317
-35 -34
-30 151
191 233
49 203
79 93
-32 -18
-4 -221
7 -292
24 -127
-17 38
-156 76
114 185
128 168
-16 135
-164 -118
-84 -336
-3 -163
-27 27
-89 250
-27 168
-6 31
126 180
-30 -50
-99 -227
-51 -208
-4 -115
-68 102
-13 57
47 145
-3 194
-82 142
-55 -90
-71 -365
-31 -274
-108 64
47 214
16 86
-40 187
19 195
126 -97
-75 -303
-167 -252
33 0
122 211
177 233
-112 128
113 167
-67 3
-28 -287
-36 -255
-117 -96
49 90
17 269
6 161
70 132
-7 84
-54 -218
-75 -206
-31 -177
-103 -59
-16 170
131 148
0 99
101 140
7 -129
-45 -247
-97 -251
-40 8
22 123
-37 72
-8 148
18 247
27 -14
2 -229
-34 -432
-4 -181
23 99
-31 178
44 178
-28 85
11 126
-34 -165
29 -247
-107 -303
-62 12
-117 39
119 62
139 154
3 158
-18 -24
17 -263
-68 -320
-94 -99
125 228
-186 246
-77 161
191 151
-71 -97
11 -235
-134 -297
-34 -120
-3 57
-72 70
153 154
-23 285
-185 143
-184 -158
-91 -388
11 -384
75 82
-93 139
-38 172
98 202
102 154
11 -33
-64 -209
-140 -220
95 -85
-46 71
-15 193
-59 177
-90 158
16 -4
70 -111
-19 -255
-82 -299
-100 -34
-41 299
40 226
-31 91
67 82
25 -131
-121 -313
-2 -362
61 -65
40 188
49 229
15 176
9 154
56 -39
-60 -332
-95 -295
-2 -93
0 138
5 181
-52 78
76 219
96 92
-25 -144
-91 -356
-66 -110
64 -5
-45 111
102 13
-204 100
28 137
73 -37
66 -252
32 -223
76 -60
-251 58
22 221
155 88
62 158
-58 140
136 -250
-127 -318
48 -171
-105 102
-100 201
28 127
52 200
-3 53
38 -163
-128 -252
31 -226
-253 5
31 165
51 218
65 151
138 117
75 -93
121 -312
-230 -195
-204 0
324 22
-168 94
-86 172
75 97
123 -30
44 -182
-21 -225
-42 -150
52 8
-115 163
-37 161
42 80
-21 18
27 -50
-18 -283
-48 -224
-103 -82
-51 102
-92 152
-5 244
74 235
-17 -101
-16 -398
-132 -237
-3 -199
-2 130
-21 253
-3 86
94 158
36 225
101 -217
-90 -267
-106 -94
-6 189
173 129
-87 100
-23 88
33 96
139 167
119 42
-210 -207
-298 -262
-95 -151
22 15
52 191
-34 95
91 216
6 181
-56 -267
-53 -451
0 -342
73 131
1 212
48 188
99 167
8 141
50 -77
-59 -272
-5 -245
-139 -108
-14 246
67 300
167 108
19 120
140 -65
-125 -310
165 -277
-61 14
35 32
75 139
-50 137
-17 127
75 47
-56 -120
-4 -263
-56 -270
-123 21
114 259
93 185
69 196
132 23
-50 -134
-52 -242
-51 -177
-64 -48
-49 160
20 -7
86 76
109 197
51 90
-65 -160
-129 -288
132 -170
54 42
183 157
117 149
-65 199
-38 171
81 -159
9 -258
-21 -288
-11 56
-50 198
-22 278
51 63
66 26
62 -111
108 -211
-152 -290
-172 -91
35 72
30 86
-137 176
129 110
38 110
-6 -234
3 -267
0 -84
69 3
0 130
-77 113
32 167
95 103
127 -94
0 -253
-106 -249
-47 26
33 170
-19 191
36 81
105 135
34 -14
36 -241
111 -315
-81 -131
-259 91
-134 249
157 20
111 54
7 101
75 -104
67 -262
-42 -279
-147 37
-3 350
54 179
31 16
-87 131
24 68
170 -192
-57 -250
12 -61
129 104
-11 217
24 91
102 63
39 96
-106 -211
43 -304
-52 9
5 -46
-13 101
-25 49
119 233
-32 116
69 -183
-37 -365
26 -241
-25 134
1 300
-11 237
-111 109
116 25
202 -47
-29 -185
-74 -303
-19 -61
-62 230
163 209
-114 200
-53 109
30 -44
-19 -176
122 -338
-29 -119
-203 46
-18 194
-17 114
4 159
-29 30
86 -184
117 -218
-114 -281
-148 -27
-127 159
86 182
134 116
79 188
77 -44
25 -330
0 -248
-41 -51
62 87
113 143
75 116
25 113
15 -17
42 -197
-2 -340
-62 -110
-104 113
155 137
77 43
2 107
88 197
-15 -129
-23 -326
39 -180
-2 101
37 216
-55 172
-3 137
41 171
-57 -58
-5 -254
41 -329
-77 -63
-151 170
-26 218
87 137
71 209
-40 13
56 -197
-164 -322
37 -243
-82 144
-19 188
-71 148
147 130
111 89
-111 -103
49 -298
115 -205
-57 -19
-27 112
75 258
3 152
-22 135
-15 -111
119 -233
-74 -258
-16 -48
-81 137
43 247
-36 123
93 116
43 37
107 -176
-65 -228
-30 -178
-102 8
40 135
36 148
-47 158
2 133
93 -192
94 -341
-63 -236
-5 21
-43 221
-38 142
66 -58
-20 84
76 41
-63 -174
-210 -287
-42 -134
24 9
-44 158
43 169
110 259
182 83
89 -200
-20 -406
-130 -304
-3 -96
-45 216
-36 168
30 209
51 126
102 -156
82 -282
-208 -350
0 -119
52 183
47 181
73 113
65 59
100 33
69 -173
-100 -281
-171 -109
-12 96
-38 217
-21 128
-44 69
84 110
-17 -192
-117 -221
99 -234
39 -49
72 82
-64 224
-23 168
209 150
-8 -165
18 -351
80 -225
-230 -89
-105 61
-109 111
243 89
5 216
-98 -2
133 -109
-58 -294
30 -242
130 0
-89 162
22 246
114 161
-10 81
-30 -185
-95 -292
49 -207
-29 -140
-40 154
-51 184
-23 62
-24 79
65 -19
90 -259
119 -259
16 -93
-34 126
-35 210
-100 155
5 163
32 -72
84 -186
108 -232
22 -192
-7 14
-2 173
28 111
72 143
4 108
-23 -88
-44 -315
-5 -248
-27 -120
-78 189
-172 127
63 117
161 194
-52 -44
-190 -369
-27 -298
-77 -151
16 156
-73 191
-76 70
101 96
63 64
116 -155
27 -341
16 -276
-51 62
-112 206
-82 232
-10 162
1 90
-45 -41
73 -298
57 -316
-19 -80
-44 142
-26 155
-73 71
-8 139
22 46
0 -283
60 -287
71 -212
-180 73
14 143
206 161
248 180
-140 -3
-159 -154
44 -278
83 -257
-73 -87
-79 204
56 154
-9 51
-37 147
54 -40
109 -286
82 -385
116 -39
0 182
-73 171
-30 100
-29 136
181 18
-7 76
95 -279
-76 -344
18 -193
-72 -18
-35 113
20 66
-75 122
-142 15
35 42
118 -233
-7 -344
-21 -49
-108 81
0 243
-54 97
-4 151
-19 49
27 -148
42 -295
0 -227
-376 33
-154 104
170 237
156 167
11 44
-97 -151
110 -263
-188 -295
15 -32
49 150
58 193
-61 38
47 126
83 -20
42 -283
-39 -268
-39 -149
-5 166
-112 112
88 121
57 155
24 85
28 -213
-115 -211
22 -163
-90 -103
48 79
-1 178
-71 175
108 138
51 -71
38 -309
-119 -196
-62 23
-2 124
-47 69
7 141
-50 195
34 -39
51 -261
94 -280
-94 -95
-211 97
-54 166
20 102
4 126
82 105
-7 -116
-88 -311
-68 -187
-42 60
15 123
66 80
74 62
146 231
17 -29
-94 -264
-60 -276
-123 -82
-59 149
62 224
144 162
-13 175
-19 4
-5 -165
-16 -301
-3 -127
-40 103
33 205
-7 186
-339 235
200 123
-11 -152
12 -206
-116 -222
-97 -3
176 137
-187 184
9 128
66 128
69 -43
21 -327
50 -290
-72 -62
-82 190
-81 302
0 46
109 106
80 51
-95 -134
13 -296
71 -176
-24 97
24 197
-63 105
37 38
50 162
2 -10
114 -263
-53 -202
-58 -42
-143 214
1 200
140 172
189 162
28 -84
-9 -296
-116 -224
-13 -31
-74 183
-54 216
-57 93
14 171
114 56
31 -136
60 -382
-106 -220
-23 16
-116 172
-21 17
-15 116
62 259
-70 -36
114 -310
-165 -203
-45 -34
24 149
82 133
38 155
-47 182
29 -32
13 -243
74 -300
-124 -218
55 39
-15 167
-88 249
-19 149
111 17
18 -183
-81 -296
-76 -134
-125 75
21 132
-84 207
-14 155
13 99
7 -161
-5 -130
-25 -277
-40 -5
-51 101
-71 212
38 120
210 189
46 -18
0 -203
-7 -307
88 -109
27 15
-30 154
35 85
19 48
87 114
-146 -35
6 -335
-23 -240
-32 -17
-67 110
-9 171
91 148
84 154
56 -17
113 -211
-77 -316
-98 -117
-6 102
8 73
-26 75
51 222
-86 48
181 -229
-75 -278
-169 -136
-110 145
-66 232
15 159
-8 122
-2 162
-183 -139
23 -367
82 -249
31 16
-74 185
-3 169
5 102
-159 103
-69 -50
137 -209
42 -216
-194 -151
-163 167
94 168
-210 138
21 162
143 83
85 -188
23 -328
1 -212
-22 49
-76 133
-93 161
-100 200
31 172
3 37
20 -244
-35 -228
-46 -50
-34 151
-46 147
-62 6
74 52
-34 -65
-1 -132
-13 -228
-4 -68
-11 116
-188 89
30 99
51 246
44 63
26 -71
-62 -250
67 -264
-117 45
-51 215
41 164
-39 177
210 120
-106 -159
-90 -262
-47 -235
8 -99
-150 123
-47 125
-110 76
69 94
56 34
120 -173
-126 -281
-108 -127
28 158
-87 115
-4 103
-39 229
-78 60
28 -195
35 -220
96 -175
-8 -48
-37 107
-161 230
101 236
146 233
-103 7
52 -322
-77 -395
6 -59
32 27
-59 33
64 125
-125 103
-64 145
-222 -148
80 -281
-20 -86
-45 62
-11 113
-74 69
-80 248
105 102
-173 -219
-70 -287
-83 -243
12 3
-91 298
-90 174
11 103
-2 200
78 16
-46 -277
-47 -367
102 -180
54 111
-253 146
-110 150
-46 179
9 86
21 -142
55 -247
-89 -199
244 -58
-193 119
-50 210
-23 176
-60 88
24 -101
211 -197
-41 -418
-20 -105
154 161
-94 268
-93 107
5 88
-10 -25
-32 -207
-21 -252
-19 -127
-20 134
-90 212
-89 153
-59 200
-8 78
-71 -153
-106 -332
3 -236
92 14
-138 229
32 185
-79 178
9 142
-18 -72
349 -276
-25 -254
-203 -15
-164 219
-56 199
161 98
-102 157
-222 25
68 -145
116 -310
58 -178
100 40
36 224
-18 165
-47 165
39 97
55 -41
34 -224
87 -262
120 20
-58 228
-68 187
-93 115
0 167
51 -67
-91 -251
-21 -297
0 -129
-88 136
-26 231
-30 112
13 126
-18 -39
-41 -217
-64 -247
-7 -153
-20 29
1 205
-86 181
-29 219
38 129
11 130
81 -4
73 -188
-92 -368
-197 -133
45 164
-3 230
-59 163
16 167
-224 3
429 -89
-56 -216
-218 -155
248 5
-112 88
23 130
-219 198
82 198
82 -98
-115 -312
-69 -200
-61 124
107 246
-2 124
-35 -63
-24 199
-11 -25
-39 -223
-26 -226
0 -133
-15 122
-2 294
-66 182
-7 146
-48 95
31 -174
46 -281
-17 -232
-64 100
-62 204
-93 72
-18 182
-1 152
13 -94
17 -259
7 -125
27 -116
-91 86
-306 243
-111 305
143 212
-10 -195
87 -221
133 -356
-129 -373
-157 327
-6 229
-84 125
4 203
-51 31
114 -134
-114 -198
-49 -55
64 -2
-6 96
8 103
2 180
22 245
51 -62
28 -243
-55 -211
-91 30
-97 115
-107 255
-93 -26
-103 133
-43 160
69 -129
-47 -349
-13 -110
-116 257
-111 204
-88 134
0 290
-5 118
-44 -192
92 -313
-67 -207
-115 73
72 143
23 153
-71 317
-73 211
-101 -95
99 -216
-161 -302
-120 -46
-48 180
-68 150
-44 214
30 129
-81 -16
91 -115
16 -299
-60 -125
-1 163
33 -95
-95 272
-77 259
-69 146
-54 -185
110 -156
32 -217
-33 -27
-74 204
-65 255
-78 -48
-44 90
-43 104
35 -122
20 -344
-12 -148
-109 108
-70 151
-119 23
-88 273
11 56
50 -186
-24 -178
-34 -222
-150 49
-162 186
-52 192
24 181
5 156
47 -96
142 -248
-116 -224
-196 -82
-8 141
-6 143
-33 128
-3 172
-53 78
-9 -148
172 -450
-121 -133
-250 125
-70 210
28 222
48 202
-7 17
43 -103
-46 -160
-124 -197
