-22 -215
-18 70
83 -44
53 -317
46 292
-26 -143
-84 360
103 110
-4 -368
-78 -349
5 -110
-12 132
22 307
-1 66
16 580
-150 -782
49 -400
-97 -85
27 -283
41 18
13 295
24 455
-15 77
-52 -55
-21 -517
-40 -263
-91 -139
-34 -62
-55 417
-29 21
-7 -28
-39 331
-62 446
-48 -507
23 -722
51 -40
41 282
-5 13
-6 136
-114 306
-58 -331
-42 0
-8 -421
28 -529
32 402
52 302
-84 -9
34 111
-63 260
-19 -299
-38 -437
113 -606
12 165
25 530
9 515
-70 -454
-46 100
-50 158
-14 -375
71 -693
52 179
-18 448
-44 321
-22 -124
-36 -227
-29 -24
37 -77
-10 118
-28 -670
26 -583
72 470
16 202
-4 180
19 -112
-29 -32
-96 -63
-20 -421
95 -40
-33 -397
-29 576
-6 206
-34 -329
-59 -80
-24 -210
-67 -48
-17 -438
11 276
76 421
-55 -139
-130 197
-84 42
-28 -273
-5 -442
11 -542
-24 187
112 387
-65 67
-118 -264
-32 505
6 224
8 -407
-60 -776
-59 374
-23 -227
-49 -340
31 474
24 366
-41 -197
2 -193
26 -294
38 -168
17 -734
65 163
18 615
-45 -109
-20 122
-76 301
3 -339
22 -247
37 -60
71 23
-23 -250
47 -71
29 200
-36 -200
-116 -146
-19 343
40 55
-12 -490
-22 -550
-27 89
-32 150
4 -35
68 310
-45 318
38 -100
-26 -612
96 -232
13 142
-197 58
-29 252
54 249
-78 -374
131 -171
19 181
13 -16
-41 -137
-73 -222
-131 -111
37 207
-1 492
-33 315
20 -382
-65 -266
54 -455
44 168
-40 254
-51 -21
-72 206
-65 136
-47 11
45 -88
29 -233
-47 -235
24 26
-64 316
-57 168
62 57
-42 -35
-55 -462
-58 -232
-5 24
22 100
19 -85
-114 226
-98 168
-25 113
-77 -146
50 -310
68 -59
9 -72
24 48
-89 243
3 -104
-14 12
-119 14
-26 -87
35 -195
-5 -276
-49 63
53 247
-4 141
-78 34
-39 207
-7 -62
35 -258
-44 -143
-83 -300
-29 117
6 455
-93 13
13 -161
-20 -10
-30 -59
65 -265
39 -148
49 354
-2 163
-75 -234
-147 336
-93 -53
340 -333
39 -214
-11 -115
77 119
18 77
-132 111
-160 246
-33 -66
19 -28
23 -199
-9 -252
93 -148
-29 330
-137 -98
53 103
-67 280
35 123
-89 -130
109 -64
101 -44
-67 -323
-8 170
64 256
-109 -23
-102 -91
52 -104
-60 -210
65 -397
123 187
11 439
-107 137
21 244
18 115
-96 -4
177 -263
39 -377
73 -5
28 82
-63 82
-139 63
94 136
-41 81
-56 -314
69 -306
7 -91
14 -39
-27 204
57 165
-72 214
-17 165
85 -166
-53 -358
-77 -309
89 148
76 84
-48 430
-126 -63
-19 -104
3 90
-48 -98
-17 -321
13 -131
-60 12
-27 389
-159 201
-78 -196
24 -77
-12 -190
-48 -211
-25 -62
52 20
28 68
-11 496
-66 160
76 -31
59 -151
96 67
43 -245
109 -590
-59 288
-115 524
0 7
-35 -252
-10 110
-12 -103
41 -151
113 16
-33 -46
136 -150
-61 343
-154 578
9 9
-17 -362
42 -393
48 -271
-51 19
-67 271
51 99
85 115
-47 195
-20 34
-49 -386
39 -407
43 84
-4 364
-97 151
-97 -65
-115 137
13 240
53 -357
-39 -603
-55 -88
-60 332
36 265
53 21
-71 64
-71 93
15 -43
32 -320
12 -264
-26 113
-74 239
-87 74
-13 -58
19 -35
-64 94
-80 -183
164 -378
147 -273
37 288
-64 373
-47 132
-83 278
14 -152
-6 -180
96 -247
83 -216
-22 -194
-82 134
-39 361
-79 271
93 -40
43 -267
-3 -297
-35 -358
7 -17
88 411
6 76
-5 312
-159 185
-60 -145
77 -214
-19 -380
115 145
-61 375
11 -145
3 193
-95 279
20 78
2 -368
39 -342
-27 -125
-48 256
-7 521
-37 0
-61 -202
-71 33
43 111
32 -387
74 -295
-87 107
42 325
8 87
-280 65
-181 220
-121 200
-24 139
28 -818
31 -447
-41 167
-35 225
-211 103
76 262
4 165
-71 -403
3 -250
49 -39
13 52
22 230
-51 167
-46 223
58 166
-49 -398
-7 -308
-20 -208
7 178
190 147
-16 105
-164 121
-53 191
70 -86
-81 -394
-29 -191
-25 148
-22 -58
-55 -180
-22 143
8 345
-64 128
50 -47
123 -501
133 -439
31 131
-11 375
30 361
-40 -332
-47 -1
12 244
65 -69
0 -441
-16 52
-75 60
94 393
-5 106
58 254
-56 14
-4 -370
-9 -228
53 -239
64 237
-105 109
-96 -249
100 90
73 201
-24 -14
-11 -260
-26 -326
36 -22
65 193
-23 218
-19 251
-18 130
-68 -153
-58 -362
59 -320
-36 66
13 274
-68 -37
-121 202
-15 677
-7 -413
-46 -757
63 -199
28 -147
-68 120
21 324
-65 182
-90 -7
-22 271
-68 83
78 -498
232 -344
57 329
-49 207
-116 -359
-94 44
30 60
-1 197
-34 -88
30 -210
-19 -172
32 114
-37 348
-73 194
-52 89
179 -142
55 -115
88 -197
23 -223
72 2
6 123
-40 189
-126 651
21 -200
53 -519
-37 -262
48 -32
30 88
92 -204
-125 241
-53 402
-25 6
35 109
68 196
-27 -571
-35 -549
39 368
-116 297
-16 148
0 186
-7 258
99 -240
39 -790
-43 -53
-45 105
77 273
142 193
-79 49
-51 -73
84 -17
37 -227
43 -117
66 140
-140 279
-51 -60
51 33
30 185
-50 239
-21 -352
116 -490
82 32
83 62
-113 36
-119 207
-50 305
-68 -45
29 48
-6 -562
-39 -329
38 141
-11 183
-121 243
-98 241
30 -165
-10 -142
17 45
43 -105
157 -122
114 -17
-85 301
-200 302
-75 -258
8 77
58 -202
7 -145
-38 -188
-33 159
-95 193
-2 209
-14 -335
-143 209
56 349
18 104
104 -172
80 -366
-118 -446
-41 425
-75 235
-10 -300
-29 479
39 51
14 -314
62 -342
40 -83
-70 -154
-39 204
-122 327
-29 383
129 23
-139 65
26 -357
4 -268
63 35
-114 182
-106 99
140 133
-116 191
-106 101
-50 -197
4 -379
67 -222
36 208
-29 458
-149 -249
-10 52
12 16
37 38
55 -255
-41 -331
16 139
-56 312
3 -23
-60 451
-84 388
-43 -589
66 -251
-7 11
-26 -53
58 -87
-4 107
-55 66
-189 197
-87 84
39 -192
84 -396
107 -130
-2 162
13 282
81 -81
0 371
-168 254
-185 -493
238 -1
71 -103
23 54
-78 -46
-38 212
-20 258
109 165
52 29
-58 -120
-95 -577
144 -19
0 371
-28 105
-153 -1
-67 167
-91 232
33 -40
94 -382
-4 -260
78 33
-72 278
-76 370
-71 117
-36 -69
9 13
61 -41
24 -255
-15 -136
20 296
23 365
-73 202
-36 -62
-77 -142
72 -115
153 -90
7 -66
-57 -45
-49 81
-83 333
-76 267
-90 78
205 -21
41 -21
78 -275
219 -71
121 367
-97 89
-64 36
-51 162
-46 -19
130 -333
-86 -318
17 -147
162 -32
-28 272
-152 329
-38 -86
-112 12
-85 -265
49 -71
85 0
23 -115
16 59
-50 363
13 463
-48 96
-59 -148
20 -214
0 -302
32 44
-29 567
-44 128
50 -142
-134 292
-3 127
-58 -357
-66 -198
-18 124
240 49
31 -41
-95 217
-86 216
50 214
-159 165
1 -396
0 -233
74 177
121 -18
-38 207
-60 237
-111 98
-13 -374
52 -225
-45 -112
71 -138
115 35
43 234
-41 277
4 53
-62 67
-61 -190
-166 -290
-23 28
-21 107
191 -16
54 238
37 340
95 -107
-101 -153
27 -325
32 -127
-90 47
52 267
-20 279
57 142
-90 115
-142 26
17 -411
-43 -322
90 142
61 318
32 401
35 132
-32 153
-55 25
-87 0
-97 -593
-11 -382
37 337
97 280
23 169
-72 108
4 67
18 15
-34 -96
-6 -24
-69 201
-5 84
121 -99
64 111
-65 191
-45 -163
51 -98
-52 -148
27 -168
68 210
-45 350
164 94
31 46
5 -190
-114 -106
-5 -139
45 -205
-57 176
7 315
113 97
40 444
-13 155
90 8
-93 -243
83 -509
-20 32
82 55
-31 194
-12 514
25 -202
-34 -85
-81 -105
-43 -215
-89 -54
-52 402
122 338
56 -135
0 73
47 146
0 14
-67 19
130 -313
35 -188
-76 226
65 291
42 218
2 23
-22 -154
-44 -163
-61 -180
-10 68
30 175
182 60
-33 199
3 245
38 29
55 -151
-123 -413
28 -142
-32 67
-56 254
15 276
53 177
23 155
23 -430
-91 -355
-60 -53
37 180
-100 103
17 155
46 58
95 173
3 145
-90 -252
-7 -318
-9 -39
60 351
121 254
28 128
46 -32
-87 33
-20 -225
-111 -171
34 -132
31 327
110 0
90 142
-20 224
31 64
80 8
21 -169
-80 -277
-7 71
-29 40
-64 179
32 425
115 366
70 -487
41 -159
48 -164
-8 -33
-107 76
72 184
48 257
22 84
55 3
-15 -39
65 -183
39 -140
-141 106
-56 339
-52 53
48 174
97 9
101 4
-76 -175
-42 -236
-28 -216
36 167
44 314
118 257
106 276
83 -81
81 -241
16 -286
16 -139
-59 218
-87 76
18 265
-78 244
30 -160
54 -255
36 -231
30 -39
-49 75
-44 169
37 91
34 24
14 206
63 135
130 -255
41 -451
-79 -60
-68 -23
1 42
84 58
98 117
-21 108
1 181
-12 6
7 -247
36 -101
-130 -3
53 30
94 169
0 400
16 253
-1 -119
40 -300
-26 -300
-85 -48
69 62
59 312
99 162
77 204
47 186
-83 161
-91 -11
46 -277
65 -396
53 -16
-45 372
187 316
123 -62
-100 195
-83 101
6 -103
0 -167
-45 -264
31 -72
-96 192
4 344
29 296
-16 60
55 -411
-32 -296
-43 9
65 55
21 37
63 197
66 136
-34 159
-141 -55
41 -225
-34 -201
17 -26
181 162
-21 281
0 180
59 247
-84 118
-65 -377
-135 -347
45 -155
-1 200
20 466
50 15
12 -5
1 233
22 87
-56 -215
55 -244
19 43
-50 220
-1 160
33 255
0 315
-20 -118
23 -476
19 -77
-135 34
1 117
-1 82
25 170
73 273
-77 124
-51 -383
16 -398
2 2
34 273
89 227
-65 198
-71 17
21 119
45 -53
-15 -251
-11 -148
-41 109
47 145
64 228
72 81
-62 57
-37 62
114 -249
36 -304
27 -60
137 129
92 221
-55 196
-98 254
8 159
-46 -180
18 -274
8 -142
-30 110
-61 70
45 134
-42 411
-110 124
-49 -158
108 -203
-28 -206
-32 170
18 44
150 252
-86 169
-18 -106
-22 208
-84 -6
39 -367
-2 -261
31 93
9 308
-38 308
92 130
72 19
-27 101
-23 -352
-54 -160
137 -128
121 239
11 217
-70 228
-43 80
-60 -97
-35 -157
-61 -157
7 44
-27 55
89 282
104 235
-68 182
-97 42
-41 -140
62 -293
-25 -62
121 155
52 135
68 284
26 -61
-44 117
-116 64
-61 -269
-6 -75
-108 143
13 -236
8 196
-12 423
-91 102
-69 -144
-70 -173
-39 -282
102 -65
70 103
-31 163
36 54
50 298
-30 190
-65 -108
-18 -418
-17 -167
-5 116
-14 277
77 101
37 293
-121 33
-148 211
-32 89
32 -237
18 -201
22 -144
52 209
-59 235
-34 30
-62 223
19 105
1 -284
36 -353
-5 -102
1 155
-18 406
13 371
1 -95
-10 -107
-9 13
9 -60
-74 -316
23 -84
90 140
-36 186
13 185
-33 295
21 274
-129 -166
45 -790
-4 -57
21 351
-27 170
-68 148
-76 -3
-187 76
1 -119
-39 -186
-10 -77
120 30
129 103
112 198
-105 157
-20 151
-51 37
-109 -265
-23 -193
46 115
65 166
46 112
60 -38
-29 223
-66 29
-54 -77
104 -300
119 -180
17 65
-2 314
29 179
12 329
-35 135
-54 -243
16 -208
-46 -252
27 -301
12 277
-1 304
5 237
-53 126
-46 -29
-49 -135
-19 -181
116 -234
56 360
-23 207
-6 183
-156 268
-87 -17
-26 -426
64 -192
-7 114
16 2
89 112
-68 311
0 274
-89 11
-64 -37
-11 -315
50 -272
-27 38
6 161
-33 189
-34 202
22 141
-162 -152
-81 -273
46 -5
40 -107
9 147
44 197
-18 183
4 2
-52 70
-74 -19
3 -215
60 -119
25 155
75 60
3 8
0 324
-40 450
-80 -83
-64 -498
5 -128
-11 -58
-6 127
115 213
-11 131
-66 274
80 130
-61 -409
-71 -167
113 -83
55 143
90 212
-44 203
-18 335
37 101
-99 -303
41 -109
77 77
-12 -131
0 -188
22 386
-16 259
-126 -68
-153 -147
-110 -222
3 -119
56 125
40 214
1 343
6 -60
-65 147
-63 72
-107 -185
6 -368
-31 -170
4 114
35 319
13 197
6 147
-76 225
-23 -56
-38 -271
94 -308
11 -35
38 319
195 375
-35 -1
25 -241
-203 2
-2 -22
117 -147
17 -125
4 78
25 72
16 392
36 143
48 49
-63 -268
-27 -315
40 -88
20 139
-9 249
47 44
57 265
-53 121
-64 -46
21 -200
-6 -181
-121 -80
4 102
84 14
-31 226
-10 251
-60 18
-56 -16
-125 -274
-101 -192
106 96
82 47
12 319
-4 224
-56 -46
-75 -426
56 -170
-11 -101
91 -91
9 181
36 280
-2 143
-2 125
-12 -16
58 -237
-85 -291
-8 -46
177 251
25 190
61 46
-96 190
7 167
-33 -160
42 -441
36 -128
-2 148
34 164
22 328
59 189
71 -7
-75 -189
-56 -141
-95 -55
-41 -147
33 128
159 186
-16 194
-18 262
0 -83
-81 -301
-2 -254
27 29
0 226
-44 218
-2 172
-90 194
2 -59
-26 -166
-47 -371
-38 -51
-72 77
108 197
55 87
-36 229
-37 235
-39 -284
51 -176
4 -213
9 57
-46 77
-1 205
22 270
-15 298
-42 136
-88 -504
-29 -378
131 36
65 64
9 287
59 284
36 99
-72 -22
-52 -314
-218 -163
-116 -119
-88 -65
-33 188
44 394
130 214
-77 39
-109 -183
-22 -233
-62 -109
4 -27
126 116
27 246
-73 81
33 204
-79 50
-137 -247
33 -228
59 -171
29 8
125 300
-12 463
22 231
44 -356
-93 -51
-29 -186
-97 -105
31 -118
-37 63
0 236
64 283
-129 135
-38 -19
-2 -268
-16 -202
-2 -95
97 -165
69 313
-4 382
-13 170
-47 -26
-46 -339
7 -277
-62 20
208 248
147 206
51 147
4 26
-67 211
-67 -98
5 -389
33 -154
31 -82
29 285
3 291
-1 79
109 81
9 129
-54 -130
-124 -321
-103 -8
-37 110
88 246
-18 193
49 186
-31 19
-123 -267
103 -231
87 -166
172 168
-50 158
-57 134
40 239
-146 -91
-71 -101
-7 -439
-60 -283
-79 84
31 390
28 172
-9 11
-77 142
-54 161
24 -348
-33 -219
-17 -1
112 -59
92 139
85 42
-8 173
-123 194
-114 -154
89 -274
4 -184
40 -35
56 259
-8 -32
63 163
-28 239
-45 -13
-20 -263
-9 -124
70 -270
82 -293
55 17
55 210
14 217
79 249
-45 42
-44 -5
55 -279
84 -384
67 137
3 217
2 30
-62 -198
-26 409
-56 37
23 -203
9 -154
-53 -359
-12 196
-65 526
107 -8
-69 66
46 152
-26 -135
4 -356
186 -204
-115 161
-10 214
83 217
-113 193
-41 137
-37 -131
65 -350
-67 -338
9 117
36 71
2 157
-51 288
34 179
-35 -123
-43 -222
78 -328
74 -145
86 127
9 129
20 63
73 303
-115 193
6 -166
56 -337
-2 -257
-16 126
28 245
14 225
-83 117
-3 213
-1 -14
-31 -443
44 -94
-24 -252
29 183
-67 252
-119 168
-13 171
-74 38
-9 -223
1 -271
-4 -156
29 215
-30 171
-77 162
-54 -13
15 202
0 -30
-77 -412
20 -337
27 -74
2 297
-69 329
-18 317
-17 37
-59 -214
-72 -344
-25 -226
206 55
36 296
-23 285
-90 275
-83 -124
-24 -93
40 -13
43 -211
0 -170
51 118
3 197
-50 112
-41 104
-96 206
-121 -274
-66 -158
92 -156
24 -79
16 29
-115 152
-107 246
-103 200
-72 -26
-15 -223
-4 -276
111 -28
4 -75
-147 256
-99 146
-76 73
-115 82
39 -174
-88 -289
-61 -90
-12 130
60 158
-17 114
-54 209
-64 78
65 -48
-30 -451
114 -309
0 98
-12 225
83 186
-68 187
-125 303
-101 91
34 -294
106 -578
-85 113
-42 487
-43 -136
-165 -135
-59 296
-37 412
-75 -323
-25 -343
-21 -137
80 78
94 164
-29 273
-20 152
-66 221
-29 -72
-40 -544
-20 -261
109 -27
-57 246
-41 137
-97 123
-64 149
-10 -20
-103 -193
103 -245
-36 -149
-57 54
40 81
18 71
-107 126
-46 63
24 -217
-17 -298
-80 -144
34 32
51 220
-27 138
-157 99
9 95
-15 32
-72 -319
131 -321
29 -82
147 148
-12 135
-64 74
-95 259
-23 202
-31 -180
-69 -326
6 -245
0 163
-4 96
-143 167
41 480
27 -47
24 -326
39 -459
95 -235
29 121
-49 199
-27 261
-35 -51
-150 105
-9 28
39 -214
38 -297
68 -35
35 68
47 221
-55 233
-104 100
-63 -6
-3 -162
-29 -291
42 -137
138 87
0 144
12 154
-72 108
49 171
-103 -66
-4 -268
50 -179
88 -264
64 60
1 169
-52 211
-149 262
-52 32
-24 -308
-16 -304
57 -91
97 172
-49 293
-117 62
44 47
-11 21
-50 -167
8 -312
22 -166
51 43
-74 254
18 185
-47 136
-9 48
-70 -91
-24 -170
61 -236
-15 -142
-48 142
-16 244
-17 0
-36 258
-94 33
-105 -194
-68 -350
34 -140
47 64
25 155
-38 205
-123 335
-75 68
18 -298
-18 -336
43 -185
-41 12
25 173
-35 96
-76 122
-99 135
-16 -26
-95 -203
-9 -248
-37 -45
0 98
-69 114
-85 139
-87 136
-7 34
-3 -262
-57 -278
93 -70
17 158
-102 125
-23 285
-76 252
-107 -321
-99 -411
-4 -105
19 -43
-21 34
18 126
-44 117
-19 53
-105 151
-107 21
105 -178
-15 -228
97 -4
-24 -84
92 40
-91 263
-104 188
48 73
-77 -348
-80 -262
-67 -122
-98 144
-17 137
-128 97
-67 162
-144 75
-86 37
-95 -325
32 -435
23 -4
-24 210
-6 181
-34 99
-59 165
-98 -59
-99 -54
26 -196
24 -266
-32 193
-147 226
5 -24
-65 130
-151 62
-8 31
-16 -227
4 -222
-61 3
-6 369
0 193
-19 122
-96 89
-62 6
-20 -175
-105 -348
73 -314
23 280
14 322
-127 203
106 107
3 134
-105 -348
19 -571
43 -58
-60 256
24 231
-102 108
-111 198
-149 33
-16 -79
-48 -320
46 -179
38 77
76 196
-55 8
-92 237
26 81
-102 -146
-71 -289
-34 -175
104 -79
57 143
-13 209
-173 187
-122 156
-13 92
-89 -226
-75 -493
32 -285
-90 390
-32 251
-61 -131
-111 64
-50 142
-25 -56
-8 -272
-114 -148
-37 -55
-85 -1
-65 191
-45 180
17 227
0 -132
-110 -271
-102 -303
148 -92
81 157
44 195
-52 130
-40 184
-64 31
-137 -85
-43 -325
-37 -357
86 40
11 209
15 252
-10 124
68 153
-1 -128
-64 -297
-15 -136
-13 84
31 11
-31 20
-66 0
-51 123
-95 29
-84 -245
-85 -192
-73 -129
13 6
23 161
-14 53
59 356
-2 127
-4 -163
-117 -185
-144 -312
-6 -137
5 133
11 350
-78 268
-72 32
0 -152
-138 -278
60 -464
-27 55
75 214
40 147
32 17
-48 113
-118 55
-42 -225
-76 -506
-8 -121
25 134
87 275
32 9
-36 -32
-78 166
39 -23
-36 -300
29 -282
-29 -111
37 166
8 252
-36 246
-63 -5
-70 -107
-58 -168
-88 -422
-10 -54
90 127
2 243
-25 131
-44 177
-24 12
-160 -176
-13 -237
-14 -154
37 -20
9 237
-11 49
-13 59
-74 119
-45 39
-41 -198
-2 -349
-8 -94
-16 224
24 -14
-56 330
-4 310
-60 -281
-142 -463
-42 -104
20 12
39 127
-5 39
-50 253
-111 279
-119 148
-74 -141
-116 -482
-32 -234
-49 41
13 308
-77 193
-92 47
-47 123
-38 -79
-48 -193
-157 -163
88 -12
62 27
29 369
-8 -117
32 -41
4 -14
-77 -173
79 -315
-70 -24
-132 111
-41 216
-21 -53
46 189
-92 133
-111 -94
-149 -588
2 -201
-33 74
-33 97
-113 -24
60 184
-6 192
-114 36
-66 -223
-51 -310
-16 -163
-48 22
41 64
-4 153
68 208
-116 30
-109 -332
-69 -281
-19 25
1 125
-7 26
-10 97
-73 178
-7 184
-140 -119
-56 -371
-91 -291
-79 93
-27 177
-11 156
-58 191
38 132
0 -199
-111 -268
-21 -316
-32 -169
-80 184
36 235
-72 162
-42 178
-30 102
-39 -277
-149 -510
-99 -219
24 96
-129 136
26 284
28 216
12 -179
-95 -335
-39 -144
-81 -150
-87 -4
0 105
-32 141
91 105
-4 103
-23 76
42 -144
-5 -182
-100 -299
59 36
-38 221
65 121
0 233
-73 13
-92 -202
-57 -432
-100 -121
-62 132
12 184
27 42
69 100
-13 97
-56 -49
-97 -214
-97 -295
-60 -182
22 -191
83 -37
16 144
-49 157
-2 211
-28 105
-20 -336
-26 -324
95 -237
-44 96
-3 215
-66 91
-12 90
-56 131
-120 -89
-10 -288
-69 -477
17 -14
45 220
-32 352
-19 53
-16 -46
-139 7
-70 -89
-124 -384
-19 -220
135 -11
-73 222
-13 239
-49 -26
-101 75
-85 -24
-63 -236
-60 -289
-77 -30
42 152
45 85
-41 90
-110 120
0 -50
-68 -288
-44 -203
-36 5
35 -17
20 124
-87 100
-43 172
-37 60
-23 102
-132 -148
0 -189
-22 -414
29 -8
-18 291
-55 329
-43 -122
-25 64
-126 170
6 -320
-8 -384
20 -29
29 142
-49 121
-11 150
-12 208
-45 61
-102 -320
-43 -379
53 -165
-14 -47
2 -27
-50 285
-28 180
-93 174
-82 -90
-13 -368
83 -175
52 29
1 126
-88 148
-91 27
-95 238
-70 88
-114 -414
107 -372
104 -25
24 191
-63 171
-23 -43
-164 176
-76 92
-115 -144
58 -237
-22 -155
-80 -40
3 163
11 207
-131 101
-138 42
-187 -140
4 -244
-29 -326
-8 -120
-20 119
-122 304
-137 183
-123 342
12 -198
-13 -329
34 -231
-10 -89
4 84
53 147
-54 142
-23 140
-63 188
-42 -131
-40 -278
-44 -303
-47 -266
-5 -4
36 166
19 138
-22 11
-114 259
-86 83
0 -115
54 -296
1 -419
-41 -18
-60 373
-44 208
-107 126
-90 195
-128 -192
45 -474
-6 -223
-61 5
-154 200
-44 131
-29 230
-50 38
-37 -258
140 -233
2 -159
28 -93
-45 87
2 128
-146 174
-90 144
-112 132
61 -131
203 -484
-15 -443
-34 220
9 225
-103 139
-181 165
25 22
98 -236
-36 -218
-38 -151
46 -144
129 152
-47 203
-109 113
-56 165
-56 -2
-84 -289
-44 -216
31 17
94 286
-51 124
-80 -134
-154 -117
53 197
-23 -48
73 -271
112 -280
-121 -110
-60 167
-113 268
0 253
9 99
0 71
-4 -296
-21 -370
-2 -344
14 13
-39 323
-112 202
-151 86
-31 -38
70 -68
-41 -278
-23 -271
5 -157
25 211
-66 286
-46 59
68 -17
37 -176
-8 -221
20 -140
-55 -10
-43 154
-28 227
-39 97
-16 50
-136 -80
56 -297
144 -348
94 -90
-50 99
-119 229
-39 72
-88 100
-20 73
-90 -253
86 -337
-57 -237
-15 16
-47 57
-131 214
23 184
-76 79
-55 -268
11 -212
-39 -109
30 -88
-32 31
-35 82
-21 236
-31 161
-49 126
21 -378
31 -317
-42 -102
-4 -8
-25 294
-49 64
-65 -186
1 14
86 -28
-25 -258
48 -201
-42 66
3 112
11 290
25 110
-68 -50
22 -265
-90 -172
-10 -77
75 -80
-42 13
-72 75
-88 80
137 171
96 152
-15 -158
-18 -340
-13 -233
-126 -44
-92 101
-8 52
-16 133
-50 12
-16 -111
-10 -297
0 -266
40 -31
77 198
-77 168
-67 233
-29 112
12 -110
22 -318
0 -360
-41 -109
85 57
-9 202
-76 83
-158 112
-48 62
7 -195
27 -245
-4 -122
-92 49
-103 117
7 34
19 165
-54 19
-62 -140
48 -389
7 -363
24 93
-43 142
-123 346
-68 177
-175 139
-26 -179
-46 -298
-45 -293
-55 -104
-77 37
7 213
-82 46
-144 173
48 13
34 -166
-145 -189
-17 -169
3 -90
-31 146
-13 191
-20 100
-37 100
-47 -48
-124 -196
-7 -132
129 -76
41 254
46 106
93 146
-89 172
-58 -61
-73 -212
142 -327
62 -182
125 -59
33 232
-7 143
3 144
-56 119
-158 -264
-63 -262
31 -145
54 -45
-66 -12
-2 130
19 93
-46 165
-64 -134
-54 -326
-20 -254
-23 -39
6 270
54 261
-86 -100
-101 148
-35 74
-44 26
8 145
126 0
-8 -276
-49 -366
90 160
-14 226
-17 185
-49 73
-106 41
-43 -1
7 -249
41 -295
-14 -234
41 9
-37 89
-114 70
39 96
-81 155
18 -15
82 -158
0 -237
1 -83
68 92
111 211
-106 -16
-140 214
-68 -70
8 -231
-60 -358
24 -37
-2 199
-160 141
-29 55
-14 131
37 212
68 -171
43 -192
121 -303
42 89
0 232
-78 173
-128 160
-66 9
-20 -217
66 -217
-47 -194
-10 -98
51 109
-44 64
-31 136
-106 68
11 115
-31 -15
89 -318
57 -275
-22 155
-57 268
-15 117
-7 52
-35 128
70 -151
52 -255
30 -163
25 -117
-105 142
-133 239
-161 123
-54 29
60 -166
-43 26
38 -255
-10 -164
11 28
-114 381
-56 202
-48 129
-5 -56
-9 -190
100 -295
-25 -156
-49 49
-95 188
-41 222
-39 78
-21 154
45 -168
-17 -208
-25 -222
-56 -8
19 217
-46 172
-68 143
-26 -66
-20 -164
-16 -200
15 -227
70 -23
-101 109
-153 204
-10 112
-74 67
33 65
82 -115
84 -219
48 -360
-49 -117
-117 432
-98 379
-38 -104
13 303
-19 -147
-70 -147
-17 -745
-11 -346
42 376
-37 384
-260 174
-95 13
106 -147
-63 -108
-181 -69
48 -37
106 87
148 62
-114 132
-338 79
33 35
75 -268
140 -196
-185 -384
