191 273
192 453
-239 8
-160 -209
-321 40
-336 -32
-209 -242
42 -284
65 -2
-210 97
-167 233
73 50
86 334
-55 127
531 -383
472 -391
70 -143
45 250
39 205
-312 -30
-946 153
187 20
-51 22
-598 -182
-474 -341
-243 108
121 280
-303 359
15 -111
794 -316
535 -218
102 -126
61 -127
-150 -149
-69 88
93 210
-31 154
-625 414
-275 389
-162 12
110 -513
-46 -381
-375 187
-245 64
370 90
-335 22
-860 176
-86 -73
400 -201
1416 -151
155 69
-592 115
-327 189
-46 189
457 107
268 293
-460 -51
-342 -391
-284 -239
-329 483
-531 278
-226 295
331 -782
1152 -249
188 47
-911 187
-583 -141
39 -398
963 -254
588 124
6 567
-24 446
-221 299
-20 70
418 -204
132 -423
-158 -404
-665 -12
-194 261
-759 306
-937 243
-452 -30
412 -108
134 -329
685 -163
663 -94
69 158
-267 154
-585 156
-333 8
18 -55
-257 -59
444 -353
195 4
298 310
-77 192
-257 13
-377 -69
-94 28
709 -110
844 -53
-235 58
-709 -164
-552 -128
-384 -143
306 46
330 305
44 177
-178 -147
-174 -310
-25 -321
-217 -114
-532 411
-90 149
333 314
491 79
110 -323
-858 -323
-711 -57
697 134
130 319
3 41
443 124
317 104
-76 -296
507 -382
-238 -133
-212 116
-234 140
379 43
309 234
58 200
-205 -97
-419 -391
-526 -201
416 99
304 -4
568 263
-640 -32
-759 71
150 -41
68 -80
-105 -93
1 -199
-309 -65
538 393
-326 209
6 -142
156 -100
67 104
-257 -115
-1 -193
151 -30
36 141
-91 153
129 219
-349 163
-713 -66
313 -249
507 -154
30 -1
383 31
-74 178
-314 80
75 152
-38 32
-653 -109
-14 -295
-255 -213
-184 118
233 -9
203 -91
-1016 136
-162 72
1103 -83
463 -168
-164 -319
405 156
-276 476
-10 274
14 -72
-278 -406
-128 80
-49 -82
20 -311
89 -162
-328 -31
-130 198
-28 403
71 356
58 -35
142 -244
-232 -162
-20 -183
352 -6
-107 197
42 215
-380 17
-551 -117
293 2
-117 -149
-35 -456
192 93
-642 215
633 125
3 136
112 240
309 -65
-78 -155
-1320 -345
-1613 -344
775 317
1352 253
-128 159
-694 -44
-340 42
878 -117
429 -247
284 -134
-231 91
-427 178
-94 151
-55 146
-283 103
-208 31
159 -159
150 -214
153 -181
-192 -55
21 211
149 302
-159 129
-524 -92
-299 -178
382 -178
542 -112
-81 200
86 36
-189 42
-574 84
-74 278
-238 -46
631 -373
-186 -340
-341 -45
-268 355
484 302
381 281
-212 179
-1019 -256
389 -288
838 -229
-326 -180
-1197 -140
-270 269
492 274
456 178
-310 40
-276 -285
457 -321
20 -98
308 292
-173 202
-14 99
-287 -27
-286 15
-117 -131
237 -435
-771 -267
-554 134
1375 301
262 260
-435 -95
-245 117
46 224
81 -113
-163 -406
367 -248
52 57
-605 122
-521 102
72 210
328 95
3 -126
-71 -282
-34 -247
98 -191
105 -102
-541 150
-734 202
1498 210
-41 233
-740 108
234 -368
122 -288
-654 -185
319 162
-82 148
17 131
-322 142
336 199
782 -27
-50 -226
-526 -428
-188 -32
108 194
170 176
-233 69
-435 77
-311 -161
507 -291
372 -18
-405 -17
-315 101
817 154
285 -6
-611 158
-366 -2
-130 -103
639 -153
-316 -227
-209 -128
182 -51
-186 311
-264 516
156 180
198 -370
-73 -351
-125 -319
-505 -251
649 77
289 194
-826 172
-879 193
528 165
676 55
-464 -137
-451 -194
462 -239
-46 -121
-486 6
1 165
192 355
47 157
105 -229
-204 -298
-551 -229
209 81
551 116
17 271
-179 297
-49 183
-16 -72
-186 -396
-247 -338
97 -28
-165 145
117 176
22 107
280 233
-39 165
-265 -244
-206 -445
397 -247
940 145
-447 370
-694 174
-12 159
333 50
-115 -77
272 -373
-180 -245
-441 146
-14 273
195 117
-138 21
-382 96
382 -81
-501 -312
-420 -282
1225 -62
-288 202
94 301
-367 86
-336 61
-78 108
80 40
664 -84
269 -173
-649 -12
-545 -52
44 183
368 146
-152 249
156 -85
65 -238
-177 -211
-4 -57
-159 201
-192 364
-60 193
-96 128
-17 -219
66 -330
-63 -194
-22 -67
-93 215
-44 211
-268 167
117 284
253 164
234 -189
54 54
-445 -161
-201 -130
-1145 -47
663 176
262 240
74 15
297 66
-89 -91
-76 -158
-288 -231
-59 -10
-360 39
768 241
-141 93
-82 128
-242 44
-396 -47
205 -168
296 -345
-175 -105
78 267
14 352
-295 222
-186 120
321 -194
-231 -330
-111 -199
-3 90
15 96
-66 96
-205 120
389 311
-326 127
-400 -84
-56 -206
92 -203
-212 -104
-960 -214
517 280
1053 474
-292 16
-285 -184
-126 -214
305 -197
-397 112
42 270
134 230
219 51
-197 143
-535 44
35 -196
649 -334
-196 -35
-136 205
89 81
-16 105
-200 226
-115 139
-72 -152
139 -317
-489 -311
-95 29
163 292
117 293
-39 159
7 44
-233 -207
347 -93
-82 -278
-281 -205
-231 -44
102 141
-122 188
-264 259
277 108
23 -171
-180 -358
100 -54
-285 157
-459 276
489 124
97 151
-73 14
-346 -81
143 -173
-284 -255
-78 62
-315 72
288 169
358 161
196 153
-452 -10
-409 -40
-112 -331
321 -140
73 -20
18 110
-295 115
-169 331
252 69
-16 -137
-16 -428
391 -307
-343 197
-169 281
-105 259
-344 172
628 62
100 -132
-180 -424
-102 -173
-103 13
13 200
-242 252
155 127
58 302
-271 17
103 -362
56 -106
-540 -241
143 -145
136 63
189 138
171 183
-366 182
-136 13
579 -141
-415 -353
-327 -134
191 53
281 83
-66 235
-125 193
-133 100
-81 66
71 -258
-38 -262
-132 -126
-108 258
218 513
-4 114
-34 -44
-107 -319
-338 13
519 -201
-216 -263
-653 -50
188 242
231 200
-39 132
-123 166
0 -106
-389 -234
-239 -296
726 56
-392 106
302 99
36 198
-107 86
-52 28
-328 -117
-155 -274
83 -135
-111 47
8 8
-53 129
-93 229
-173 12
-69 -280
47 -183
122 -67
115 107
-63 -6
-343 133
22 29
-201 203
-205 12
603 -287
-79 -310
-255 -68
-216 270
127 183
88 119
-196 182
-442 2
-296 -206
26 -253
410 -201
-258 77
-81 105
11 183
103 258
157 118
-390 35
-141 -404
353 -318
-190 18
-173 15
-135 223
-70 188
438 113
-123 -37
-117 -323
-95 -191
18 -61
-191 160
-239 232
438 55
-290 188
62 -39
-101 -142
-257 -281
-121 -139
-11 78
238 165
205 18
-125 177
-159 197
-99 63
-236 -369
-231 -228
204 82
-105 181
439 141
2 102
-167 156
-60 80
31 -415
-161 -335
-95 -164
685 119
-213 159
-147 219
-141 139
-507 -11
68 -84
162 -156
136 -275
192 -149
-255 167
-565 199
462 188
-12 240
-112 -100
-121 -334
3 -452
-93 -41
2 314
45 303
-6 80
-82 170
-102 116
-227 -144
-45 -393
234 -260
69 23
-76 285
53 185
-165 29
-172 38
9 -54
-28 -286
-8 -340
-206 -28
-47 208
-8 149
-36 186
53 96
83 -61
111 -157
-85 -279
18 19
-290 86
181 199
-158 299
-203 305
245 29
-92 -508
62 -525
-7 -492
-62 296
132 329
164 187
-349 164
-252 72
-321 -129
-122 -256
62 -231
97 83
67 156
77 122
-29 98
23 192
-219 37
-84 -206
21 -379
67 -184
-12 171
48 174
61 117
-240 144
-32 12
46 -272
1 -413
-183 -235
-292 137
220 262
-97 131
-129 154
-79 143
-52 -143
-74 -302
182 -313
106 44
-77 83
-125 245
-45 222
0 56
32 29
-323 -144
-88 -244
361 -104
-556 -59
234 71
182 109
77 236
-132 43
-37 -223
-23 -351
204 -197
-231 110
-148 229
-66 190
-31 172
81 115
-202 -6
-227 -333
53 -355
79 -63
-52 162
46 169
41 137
-20 163
54 -8
-39 -301
116 -326
-257 -193
-188 124
372 188
-53 136
-36 281
3 200
-41 -90
-10 -385
-81 -166
-61 26
-5 219
-327 114
94 27
72 106
-87 4
-255 -164
264 -310
81 -192
-57 217
-5 176
120 182
-30 208
-168 40
-112 -224
19 -313
-128 -217
-196 129
146 152
104 145
-112 -72
20 25
-153 -26
237 -158
-140 -206
76 -68
-18 119
-185 311
-63 206
-81 199
-129 6
-152 -133
-44 -319
-18 -170
-58 160
172 171
-130 83
-149 125
-66 86
-234 -18
-368 -353
239 -288
32 -7
106 213
87 313
-236 181
6 113
117 -62
-48 -345
-55 -171
-179 -42
-78 112
-80 275
-60 152
-225 66
-60 49
232 -236
-5 -353
-145 -243
0 184
-11 168
113 195
28 132
-164 117
-146 -187
-331 -321
29 -135
285 -27
-344 181
-2 252
135 108
39 56
-383 52
-47 -230
170 -324
-168 -103
69 82
0 224
105 162
-97 199
-110 5
171 -188
46 -287
-12 -92
-44 37
-223 237
86 100
-166 285
-64 129
-61 -330
-335 -389
39 -366
-166 -121
68 199
212 342
-179 317
-78 -51
-140 -39
-70 -216
79 -190
-166 -24
127 125
74 193
-19 -120
-206 152
-67 34
139 -279
-48 -504
-348 -200
22 176
328 230
-7 178
43 179
-146 79
-148 29
-60 -230
-79 -165
236 -16
-82 55
70 299
-37 158
37 142
-160 -33
-40 -234
-74 -325
74 -105
49 110
0 137
-35 180
-134 94
-118 -91
-126 -308
-18 -276
-25 -125
167 63
212 155
-279 213
59 123
-179 55
48 -140
-209 -257
-138 -179
286 79
7 107
-64 138
-99 190
-6 186
-86 68
-14 -300
-79 -375
-171 -104
-45 168
13 211
123 82
39 194
-257 48
-334 -81
59 -355
-63 -304
-31 50
121 251
-257 157
116 25
89 149
12 -55
-354 -323
-148 -287
67 -62
23 166
-7 165
89 156
39 122
-79 -46
-183 -346
88 -321
-27 -26
240 71
-13 203
-136 250
-202 168
-82 75
-113 -218
165 -297
-139 -151
-186 60
34 124
350 196
-331 79
129 111
-105 -10
70 -185
-156 -219
-69 -99
26 151
81 226
-49 76
-50 76
-105 -5
-111 -113
-36 -248
-203 -237
175 151
36 184
121 88
-103 18
-144 63
9 6
-85 -222
-204 -336
-89 -21
331 245
0 165
-145 142
66 194
-70 -24
-60 -231
-128 -321
-68 -41
486 76
-62 149
-187 106
-191 180
-33 102
90 -214
-202 -333
-62 -191
-50 29
-103 213
168 214
-166 140
34 22
30 -36
-125 -108
-79 -148
-115 -173
-211 -85
150 255
-36 201
-199 108
-135 -6
218 -198
81 -278
-102 -139
15 229
140 175
91 140
-137 62
6 83
-359 -148
-41 -400
46 -206
-47 94
-110 188
123 191
-8 202
-81 124
-115 -194
-3 -348
-245 -191
590 34
-121 141
-185 104
-98 130
-30 205
-71 92
-69 -158
60 -148
-32 -97
-281 16
83 140
16 -108
-122 71
116 179
-195 16
17 -304
-159 -273
-146 -26
186 197
96 178
-131 147
-41 243
-183 -29
-141 -366
-154 -314
47 -29
55 107
48 158
142 250
-100 194
152 175
-423 25
-171 -144
185 -304
30 -252
-46 110
-58 154
-37 140
-55 68
-161 53
-159 12
183 -33
236 -108
-17 -136
-74 -229
-271 70
44 160
86 291
-199 130
-122 -194
83 -323
-89 -135
80 45
-98 213
141 282
34 235
-181 61
-190 -49
81 -363
140 -294
-91 -12
43 119
9 188
-111 62
39 63
-63 30
-485 -167
284 -308
-141 -173
22 155
38 153
-73 171
-116 206
-188 128
-19 -59
271 -198
177 -289
-73 -130
-68 -75
-76 82
-41 199
99 190
-5 217
-110 68
-143 -227
-131 -274
153 -84
31 118
-110 257
-32 52
23 7
-68 215
-121 -43
-83 -358
56 -283
7 -29
-144 62
77 226
18 139
-136 272
106 6
27 -332
51 -433
119 -118
-43 207
72 270
-263 100
-223 214
245 -46
83 -167
115 -176
-211 -186
-378 -20
-69 107
368 231
56 134
-79 145
-117 -93
-44 -214
252 -284
-80 -38
-57 167
-69 195
-224 182
61 159
113 -156
9 -364
-129 -273
-9 -47
-8 201
31 118
-20 89
52 281
-143 63
-106 -259
-63 -264
-41 -208
70 77
453 113
-122 190
-258 151
124 107
39 -54
-90 -298
117 -339
114 -18
68 252
-104 204
-255 86
-179 64
236 166
16 -152
-99 -324
93 -357
83 -2
55 228
-349 180
-238 250
-29 116
337 -96
-28 -330
67 -224
-131 80
60 209
50 183
-224 51
-55 128
148 -105
75 -384
17 -240
-66 24
-307 152
-221 182
325 101
40 193
234 124
89 -278
-216 -233
-85 -178
-92 84
-223 221
-67 133
-36 109
-183 76
-74 -101
-91 -297
85 -309
33 65
66 256
-22 197
-14 134
81 224
-59 59
178 -212
-89 -284
-38 -115
-7 112
-289 250
72 204
-169 99
95 105
42 -11
7 -261
40 -251
3 61
-5 124
-8 -36
-63 135
-97 159
-25 -75
123 -346
-216 -268
-25 15
-75 114
-88 297
-126 165
244 8
-16 -68
-222 -273
-21 -280
78 -94
43 146
-43 160
-137 88
-225 123
110 175
-23 -98
113 -288
25 -222
-157 33
-131 34
274 67
168 154
-348 138
-83 -28
-3 -295
36 -336
-26 -122
25 129
5 200
-183 47
-134 93
214 181
-25 -268
98 -441
-105 -294
-119 112
285 331
-53 241
-44 138
-152 139
-36 -135
-41 -302
-9 -203
127 41
71 185
13 44
-234 172
-4 171
23 46
-15 -349
21 -459
102 -124
-73 142
82 272
-104 84
-67 85
-112 17
38 -173
55 -290
9 -142
42 138
-92 214
-185 150
-74 81
48 229
-126 -30
92 -389
127 -477
-58 -156
66 178
-159 229
-237 200
96 158
136 2
-140 -181
-48 -312
39 -196
165 83
-214 174
-85 133
132 137
-95 8
120 -176
-48 -182
81 -248
-158 85
-168 209
-197 315
-245 115
379 -61
50 -351
-87 -312
-104 -150
37 -20
112 173
-44 202
-151 112
-195 65
49 -63
77 -142
1 -207
93 -95
-299 44
29 -24
22 145
-47 -67
122 163
-59 298
-77 7
11 -334
70 -335
-11 -79
25 72
-37 237
-75 188
149 135
294 -7
86 -291
-369 -405
-153 -200
32 133
107 173
-97 183
-91 121
0 108
-66 30
69 -391
66 -408
-61 -136
-10 234
-11 269
-52 104
-107 71
-74 -7
39 37
-136 -264
187 -350
-42 -83
-65 15
-59 173
-27 69
-21 136
-77 214
-30 -91
-76 -186
-48 -322
-59 -52
-11 160
1 235
16 89
86 1
-18 -78
68 -177
28 -266
-405 -168
-125 175
243 190
7 51
37 184
-74 32
276 -136
-174 -321
-142 -289
209 11
-342 112
-217 62
14 78
60 188
-54 25
-105 -209
-38 -276
-23 -177
-242 -26
-37 213
-9 216
199 164
43 -46
-187 -334
-148 -306
25 -281
3 123
1 255
-2 122
62 98
-76 38
-90 -52
154 -239
-12 -180
-84 -56
-110 35
-185 205
150 120
257 103
-12 -31
-84 -305
-42 -292
-139 -77
-69 88
-107 159
24 52
100 197
-83 74
-195 -269
30 -402
-111 -130
-174 118
58 296
-65 198
41 202
75 111
-116 -64
-104 -272
115 -350
-78 -10
-9 83
-44 109
-181 158
71 116
174 -49
7 -182
-100 -370
-29 -56
-1 111
95 174
-134 23
6 249
99 166
-91 -132
-243 -376
192 -436
91 141
-205 166
-104 127
56 173
143 53
41 34
-27 -235
-40 -129
-73 -98
-177 -51
-19 114
92 89
-2 196
120 -19
-89 -222
-96 -375
-196 -68
-95 113
32 145
105 93
-80 148
-15 133
-64 -53
98 -381
-70 -366
-124 8
-135 251
-49 211
31 204
62 -121
-19 -160
-63 -195
-54 -214
-51 -65
81 164
87 143
84 111
147 270
55 132
-140 -275
-102 -334
-44 -245
286 118
-167 5
-29 -69
121 203
71 270
-85 -20
-226 -382
90 -406
-70 -113
-12 162
56 268
-125 73
-296 182
57 -65
174 -195
-157 -274
-243 28
-121 149
200 82
13 -59
153 213
95 230
-16 -282
-128 -450
-53 -173
-152 108
-92 209
99 212
-129 247
-153 -102
34 -125
30 -198
148 -225
84 -89
-131 45
-65 152
-100 197
56 156
-121 45
-89 -186
-110 -279
40 -168
-106 -16
-48 251
287 200
54 205
-54 168
99 -161
72 -433
-48 -193
-74 -92
-157 275
92 227
-166 157
49 13
-26 -51
-91 -251
-114 -348
-86 -69
-52 236
-123 329
46 178
69 215
-67 85
-100 -323
-39 -384
33 -189
35 234
-126 207
-34 151
139 118
-53 111
-56 -174
219 -351
21 -167
46 33
-178 175
70 312
-112 95
-229 50
144 -53
41 -279
-47 -215
-140 120
101 127
94 28
-124 111
36 272
-19 56
-127 -273
4 -379
-36 -252
-3 15
-44 245
230 236
-392 119
35 -29
34 -106
-57 -300
45 -280
126 -111
21 109
-197 155
-286 172
26 162
134 8
-146 -290
9 -210
84 -63
-147 163
-84 170
110 119
148 121
84 -46
30 -44
-21 -405
-29 -231
43 62
-4 341
-148 286
-172 134
219 -63
208 -195
-14 -159
-137 -201
-211 -116
197 181
-76 71
-133 181
49 174
26 -6
-40 -146
-86 -338
29 -203
-114 -12
-275 226
11 226
2 174
-173 154
-117 -191
385 -265
58 -194
-264 58
-101 187
160 231
-37 126
-8 175
34 -40
-47 -271
144 -386
201 -162
-28 82
-361 309
77 215
-63 77
-102 14
181 -161
-132 -346
18 -168
3 49
36 284
30 172
-123 68
152 -1
104 -216
-27 -375
-228 -251
-155 77
-38 57
86 273
22 238
-47 58
65 -139
-19 -254
23 -187
42 50
-175 101
-104 134
-20 46
-15 283
159 112
-71 -234
47 -400
42 -278
23 88
-25 265
-106 159
-84 176
218 230
-128 -88
-47 -252
168 -293
-27 -61
-103 157
-8 186
-78 159
70 135
28 -43
-127 -301
41 -345
36 -159
-78 204
12 271
-35 197
-59 132
-58 52
40 -230
6 -316
-31 -208
-29 111
46 261
-67 150
-174 122
28 102
145 -175
-25 -336
-144 -126
88 63
-41 28
-128 133
221 129
-72 255
-48 62
-33 -229
19 -377
-116 -143
203 100
136 239
-8 171
-114 160
-11 32
-100 -155
-98 -350
62 -224
-40 2
34 249
28 31
-66 39
16 117
-97 -51
-57 -445
92 -67
62 42
34 182
-26 93
-209 34
32 170
36 224
-51 106
38 -93
-31 -263
-1 -320
240 -120
-163 43
-104 284
-21 264
-94 135
-95 -98
148 -212
182 -257
-123 55
81 128
-206 178
-252 158
-124 38
248 58
209 -204
-29 -339
-29 -317
-179 113
-7 227
89 126
-196 198
137 99
-188 -54
-202 -360
-47 -349
5 104
15 104
-60 187
-215 172
233 26
3 -84
-128 -331
-182 -226
-114 -64
271 210
-55 175
-286 72
25 93
-346 12
209 -135
633 -251
7 -267
-158 -4
-277 221
-29 181
150 128
192 235
-240 27
-49 -444
-50 -325
-34 -211
-32 390
-101 296
113 148
-105 12
-187 -20
793 -265
16 -216
-88 -51
-170 199
-60 195
-33 137
129 181
-49 123
93 -253
-89 -381
-28 -339
-134 111
111 348
-72 228
96 71
-60 49
-196 -20
-32 -344
189 -157
-48 -76
-124 173
-186 130
-16 121
-94 127
-3 5
34 -387
148 -392
127 -58
-131 159
-41 222
-93 183
182 292
-58 208
-10 -21
12 -344
6 -457
187 -109
-6 36
-104 230
-398 245
30 92
157 -48
-154 -288
86 -353
156 83
-104 150
-173 263
13 186
-23 38
27 -74
-385 -323
-137 -298
227 -97
-56 81
410 278
-186 131
-241 143
-189 183
137 -99
-3 -274
-139 -307
297 -8
-19 272
-190 34
-292 36
34 182
323 143
110 -225
15 -280
201 -96
-18 68
-360 127
19 77
164 223
-127 129
17 -92
126 -294
155 -204
-159 -6
-291 207
127 122
57 160
-118 206
20 -136
25 -354
85 -205
-14 22
-71 192
-233 117
-45 165
-70 238
63 27
32 -363
157 -174
-226 50
-154 229
-90 126
317 -46
-111 169
-515 137
-28 -147
248 -276
360 -157
91 76
62 158
-290 176
-94 90
197 293
142 19
-51 -219
-124 -264
-79 -82
-207 135
53 30
105 103
67 256
-210 149
28 -199
92 -414
-33 -181
-96 121
-85 147
-34 155
-117 147
-114 133
85 -105
298 -430
89 -329
-78 24
-79 308
29 220
22 129
-106 100
-64 71
192 -301
201 -224
17 -69
-368 141
-116 167
228 16
50 189
-129 68
17 -33
173 -300
18 -121
-49 86
54 344
-4 104
-164 116
19 88
-81 -123
177 -368
-90 -310
103 83
-8 42
-111 259
-39 225
27 189
365 95
-420 -248
-266 -279
153 -90
151 -10
-235 173
-103 112
-106 20
-274 62
192 -151
89 -193
132 -44
-428 58
209 36
56 104
-180 141
24 349
9 67
-58 -363
230 -285
40 27
-147 148
-135 232
15 182
104 208
50 97
-227 -48
-165 -299
-91 -345
17 -139
91 54
69 270
-48 317
134 113
-82 -132
4 -238
-285 -180
136 55
-38 240
119 259
131 195
-96 116
-166 -5
90 -367
-128 -203
-62 -38
-40 173
204 183
-6 37
1 22
-354 76
-159 -212
273 -330
-51 -80
26 103
152 199
20 61
-117 181
-270 -3
99 23
-227 -283
47 -243
265 -53
2 204
-38 197
-46 140
144 -27
-157 -60
-56 -212
30 -264
42 25
-202 235
-151 112
-111 19
-116 178
165 161
-364 44
100 -197
181 -212
34 0
167 75
-103 147
-11 240
172 122
-131 -52
-167 -322
-136 -198
90 1
-150 30
-29 192
50 197
-36 128
-107 2
-5 -188
69 -206
43 -25
132 167
-145 163
62 -2
-63 -56
-13 15
118 -56
-128 -215
-130 -155
36 80
25 147
15 230
170 177
-118 252
-91 -34
-85 -266
-138 -290
-172 -43
34 158
298 191
60 103
-14 183
57 -7
4 -182
83 -268
52 -144
66 201
126 342
-74 -36
5 71
-237 34
-8 -184
240 -239
-12 -1
-55 -73
147 -19
110 239
107 197
-88 159
-49 56
-27 -260
111 -331
-107 -145
-40 169
353 269
-114 150
-27 114
154 19
-105 -139
58 -361
-24 -95
187 129
197 212
-156 121
-33 191
-68 181
-145 -153
31 -306
111 -235
62 42
83 210
-27 275
105 178
-63 16
-18 -112
-47 -273
-261 -140
112 -38
269 92
114 247
-162 119
-17 105
-148 59
136 -96
8 -255
9 -193
-1 16
83 133
-82 153
-51 140
156 158
-54 -117
81 -225
60 -327
218 -32
-5 169
-9 135
-152 226
-64 170
-56 -40
49 -207
-11 -223
20 -79
-60 239
-36 197
149 140
-15 216
-13 145
3 -134
-54 -277
-4 -296
-77 88
184 243
-23 172
127 157
-273 93
-211 -157
238 -357
-87 -245
-101 -31
31 265
140 215
13 147
165 173
1 11
-16 -265
-53 -301
65 -103
154 102
-67 137
23 163
54 256
-40 130
-128 -119
-104 -280
373 -242
106 73
59 262
232 183
-32 94
-68 136
189 -51
-79 -301
-26 -252
4 41
3 155
58 251
87 80
-25 154
34 77
-63 -245
-48 -285
-46 -127
116 97
201 153
-9 114
172 170
-48 36
-157 -84
146 -273
-1 -273
6 128
68 230
-4 200
-89 147
-114 97
17 -110
117 -364
-55 -211
-2 41
229 159
-98 148
120 26
45 247
-68 156
-126 -128
5 -249
60 -233
19 138
-147 126
95 108
265 179
72 103
-65 -81
-67 -251
55 -272
51 13
-4 310
-89 195
130 194
264 192
-103 -82
-195 -269
-165 -232
-9 -45
241 55
180 207
-26 57
-158 164
-235 84
-77 -90
138 -230
198 -229
-20 33
-40 67
91 184
-115 193
70 129
-13 -64
12 -213
102 -284
42 -53
82 144
19 258
-25 205
-106 107
235 -6
-25 -238
100 -254
-88 -127
-90 122
109 200
137 123
-52 187
-132 39
135 -145
125 -322
-29 -226
-73 3
82 196
29 203
-30 134
18 85
-147 -31
-169 -268
28 -295
92 -38
73 83
38 162
-11 174
90 228
48 21
-39 -206
-4 -187
-170 -92
142 66
60 195
26 161
-224 191
-110 143
184 -115
58 -291
-66 -178
-149 37
181 147
-57 211
20 127
49 177
15 1
-205 -301
-52 -214
90 -107
-79 148
247 147
-57 143
-69 133
-218 57
-420 -211
38 -344
-38 -209
29 40
87 174
123 126
44 135
-216 103
-93 -127
236 -329
145 -244
13 -11
43 176
-48 261
25 150
69 146
-40 -15
-88 -265
202 -302
84 -115
-39 98
0 239
113 98
-67 98
97 45
-292 -136
-134 -347
81 -175
-6 39
267 154
80 82
-194 160
-217 151
134 -72
277 -286
175 -225
-111 -35
-256 142
100 200
-161 140
-77 216
-45 15
195 -219
-87 -303
-6 -152
14 96
-217 225
-43 77
203 186
198 48
-309 -240
-47 -350
-208 -200
219 0
-116 151
40 220
382 166
-34 135
-353 -65
-69 -303
238 -267
140 -143
87 99
297 140
162 185
-17 213
-357 18
241 -237
124 -292
-312 -137
-106 67
204 179
-23 148
-147 246
-42 136
111 -149
240 -316
-120 -261
-4 -44
123 212
67 146
-10 194
-29 166
-80 1
98 -223
297 -272
-110 -68
-356 96
83 130
62 76
109 212
-228 -57
-191 -150
-205 -55
308 -307
293 -276
-289 -63
-56 210
156 231
-182 146
-234 128
263 13
392 -228
-8 -298
60 -94
55 91
403 150
-181 57
-229 162
-74 76
-267 -103
149 -336
117 -253
168 50
363 154
19 196
-250 154
15 160
73 -39
86 -213
8 -250
-93 -77
218 95
7 187
-208 140
-410 76
-1 32
689 -228
-172 -312
-372 -63
-91 85
244 104
269 125
209 197
-287 88
-556 -110
393 -259
302 -254
227 40
-48 110
64 140
68 125
-154 89
-1 -75
-69 -262
-37 -297
349 -72
92 145
-129 190
-200 121
49 186
43 57
-9 -170
183 -316
-130 -190
64 139
69 145
95 119
71 121
120 160
-106 -51
-33 -315
-88 -240
168 -355
134 -137
54 106
-136 159
72 147
69 145
-118 83
35 -219
222 -280
-96 -211
-312 24
-83 165
220 187
-30 177
-60 164
109 -132
71 -244
3 -311
150 -40
215 193
206 134
-95 73
75 169
-201 3
63 -253
1 -371
153 -168
47 126
19 110
145 195
-9 162
55 80
-57 -156
0 -337
79 -268
-63 -2
-45 178
-37 110
-35 116
-57 141
140 -59
-76 -291
101 -288
117 -68
116 30
-5 167
-257 118
199 140
1 38
0 -298
9 -292
65 -143
155 92
9 195
-134 79
-71 179
-147 49
91 -124
95 -359
-101 -273
43 23
109 212
18 154
53 174
-28 182
8 0
2 -276
67 -316
129 -118
144 166
-57 171
-40 142
-106 218
170 27
-90 -213
31 -302
20 -174
108 84
-29 239
43 100
-58 191
-247 40
34 -178
88 -288
-10 -327
49 27
43 83
-276 162
