67 9
88 -227
26 -109
95 -126
121 -23
-201 127
-43 -123
187 -146
-126 -6
323 178
304 351
-64 -117
-4 -262
-3 333
-60 -534
256 -555
49 712
55 316
3 284
35 -178
35 -902
41 -321
32 61
-44 265
-21 296
-184 79
80 160
50 495
26 -651
114 -281
102 208
-19 185
-82 -54
-85 -197
18 246
26 208
65 -27
75 178
171 -347
57 -572
-242 257
50 468
62 12
60 272
24 388
-22 -431
-48 -874
7 -273
7 410
53 544
-335 22
36 -286
233 -42
-74 347
-68 -98
-1 -363
3 -16
-47 358
7 229
-24 -425
8 121
54 183
86 -450
-2 -104
-74 29
-32 34
-31 345
-17 227
31 73
61 -53
-51 -10
21 -13
-14 -356
-5 -145
-84 357
-17 70
51 -237
34 -120
32 129
2 91
-9 27
-60 -274
-54 56
30 591
44 -141
61 -63
40 98
97 169
16 166
-36 -318
32 -714
54 220
-78 374
25 354
29 -68
23 -157
71 72
-92 -377
-50 -162
-49 252
4 40
-36 -302
-9 96
16 366
68 296
-9 32
-20 -435
-115 -227
17 180
-30 -399
26 127
-37 350
15 180
114 145
20 -216
61 -110
-117 -201
-4 8
24 495
-27 -71
35 -3
181 109
87 -53
-170 -264
-156 -450
-18 -20
12 461
-6 315
17 -156
92 0
-34 55
22 -214
24 -253
54 -159
66 337
36 -96
4 -41
27 391
188 165
41 -409
92 -313
-76 -477
3 -31
-24 273
-75 269
-15 363
34 87
51 16
188 -548
4 -481
-39 349
-165 369
125 -683
21 285
-18 332
5 76
-40 -160
-73 -401
-143 22
-74 161
81 263
63 435
0 -188
125 -350
78 -26
-67 -528
-52 38
-72 139
-79 169
86 332
37 100
-25 -167
-64 32
26 -45
-2 -390
-54 -145
-43 370
-14 -110
125 214
-87 262
19 -57
100 -383
-48 -307
-6 -41
24 351
-11 73
-88 145
-69 440
85 -167
132 -650
-98 -163
-132 29
161 90
-18 328
19 108
75 -11
17 207
93 213
28 -480
-58 -463
-32 34
32 374
115 95
83 151
51 118
20 -158
-8 -152
-80 -144
-40 104
49 447
-52 8
17 -139
88 70
69 -184
-117 25
161 -157
17 -61
-52 -40
-77 192
-111 150
343 167
54 124
-29 -161
-46 29
-86 -244
0 -527
13 34
-110 342
43 259
154 241
53 -135
-46 -194
-41 -351
72 -221
48 26
-47 417
-22 -22
-68 166
18 54
125 -160
79 -356
-27 14
-3 175
15 -81
-47 177
-4 299
137 119
74 -306
2 -421
-39 -222
-3 100
26 421
99 74
30 6
-25 238
18 131
4 -358
-40 -293
27 22
30 11
88 21
-89 100
3 225
63 248
8 -330
51 -264
42 -158
-109 84
-39 291
-1 -28
67 221
-54 53
-17 -142
41 -228
-8 -162
7 31
36 215
-40 30
72 -47
69 361
-47 87
23 -264
-3 -460
-135 -99
-52 207
125 286
-8 243
12 57
-65 -258
-13 121
112 -76
67 -201
-161 -251
-222 74
-66 364
81 52
38 -182
-67 -11
-2 -60
261 -67
-19 -73
-129 116
-66 145
85 195
8 5
20 -206
-78 -116
-62 -289
0 -201
2 72
108 48
86 291
-72 121
81 -89
15 17
64 -297
144 -14
-1 -77
-93 -2
3 222
-10 254
26 222
46 -151
-1 -551
44 -297
72 136
-72 83
-2 -38
20 50
-44 453
-14 74
86 -183
15 -438
-22 -74
-116 291
-73 388
26 306
61 -565
-4 -401
82 139
139 -40
21 -95
-99 -160
141 34
-29 478
-185 54
-18 286
124 -57
56 -42
-4 35
-53 446
-115 -489
-16 -419
59 30
-40 250
-23 204
60 154
50 4
-26 -44
178 -319
66 -372
-96 -114
-57 339
60 368
115 513
67 -189
-27 -815
-56 -331
-54 113
0 310
177 380
79 -27
44 -30
70 154
-51 -85
15 -306
-19 -380
-119 205
83 326
76 -193
39 -76
22 328
76 162
29 -180
45 -298
21 -243
-119 476
128 308
72 0
102 -64
38 34
-96 -120
22 -351
30 -333
-4 181
33 355
83 -180
100 91
5 529
-2 -73
-87 -414
-42 -513
58 186
28 341
37 204
-40 226
64 -80
101 -214
53 128
-18 -214
-73 -439
-13 176
85 129
65 305
75 122
-62 -90
-42 100
-22 -369
35 -117
60 277
61 -116
48 -260
18 492
8 139
-88 130
-76 -42
119 -181
-60 -285
-53 -49
46 162
16 131
-69 22
68 257
52 -64
-25 -122
33 -192
-57 -188
-29 -51
13 153
51 -155
77 310
68 766
-31 -287
-32 -712
92 -205
-24 22
-5 173
19 196
2 259
-56 178
94 -350
47 -188
-58 -150
43 -155
78 124
53 142
117 25
-25 226
2 116
-151 -200
4 -305
3 -208
-21 174
129 263
66 -13
2 159
-77 72
7 -118
63 -125
-71 -124
-32 -95
-44 27
58 168
42 100
11 30
-46 24
6 -190
46 -338
-74 -104
44 247
-18 -94
66 254
35 46
152 42
-86 -75
33 -133
-50 -180
-91 -515
4 182
104 325
131 280
50 -44
-67 -160
-196 -228
-89 -209
166 -124
26 185
-71 24
85 69
115 215
81 87
37 -286
-51 -259
-14 -202
91 51
104 189
-19 191
-105 308
-27 -176
-43 -98
-77 -105
-3 -101
-145 29
100 83
38 97
-74 262
-4 199
-7 -109
-32 -299
-21 -542
-28 -51
11 348
-46 108
11 55
81 93
157 75
-107 -91
-99 -430
-84 -210
83 76
166 83
120 166
43 375
-27 52
-4 -346
35 115
-176 -147
-17 -216
97 202
107 321
-4 65
56 66
35 -64
-88 -225
38 -198
213 -23
-27 -141
6 213
43 314
25 128
-15 -145
-65 -216
-25 -258
-99 -178
67 215
90 -161
-14 158
-1 209
41 155
41 -69
-34 -329
51 -306
25 31
21 275
-75 80
-44 129
18 191
74 -18
-9 -40
0 -321
-9 -345
-51 -203
83 430
-70 197
115 142
31 99
-25 -131
-118 -520
-175 -148
30 318
102 210
161 -123
2 156
-11 370
-94 55
-54 -113
-39 -486
50 -526
-18 346
-10 357
-3 221
44 170
-28 18
45 -527
104 -133
78 -83
-47 133
58 172
31 134
76 43
-13 -1
-19 -106
-14 -339
52 -308
8 152
77 159
56 142
97 172
-47 140
-33 -29
51 -437
-17 -322
39 1
-40 52
41 258
29 196
69 -70
-16 -219
-48 -71
-93 -11
-57 34
46 38
3 134
-15 40
36 261
-41 169
74 -213
-50 -253
-115 -547
62 6
68 188
108 268
78 206
-126 -24
-195 44
24 -210
-19 -65
-37 -106
100 -29
138 173
124 114
-1 240
-33 -117
-48 92
16 9
-36 -309
22 -86
69 -81
-48 82
65 43
61 431
-87 96
14 -86
3 -263
9 -164
0 30
13 -175
54 22
-23 165
-21 249
0 247
-11 -60
-132 -359
-9 -398
53 -57
220 290
-10 272
29 -19
53 129
-35 -23
-58 -403
-73 -396
8 100
-59 -89
59 339
-25 35
-7 -115
-47 -56
27 15
-39 116
-18 -597
-1 -126
103 111
29 331
-139 232
-11 -34
0 -105
51 -335
91 -201
73 205
-35 183
96 -42
0 204
-60 148
45 53
-70 -265
-62 -268
-63 -62
-41 156
-14 166
12 111
-77 183
-13 29
1 -172
28 -146
52 -259
242 3
191 132
-74 244
29 262
50 3
-91 -100
-144 -122
172 -207
24 -344
-3 52
40 211
-59 91
-102 178
61 -140
-110 -140
-80 -274
-9 -319
153 -53
1 341
-13 224
-84 94
28 -21
-142 -163
68 -288
2 -15
-34 -170
33 242
-98 106
-49 50
-25 48
-79 -93
-68 -285
-19 -177
-41 -27
96 162
200 172
-75 122
-102 145
-86 62
-13 -199
34 -430
-81 -31
103 -223
97 80
100 230
-2 284
-26 -64
9 -194
102 -303
87 -4
-15 -37
81 224
38 14
3 -124
-22 207
-31 77
-38 -365
-73 -478
90 -89
98 201
17 317
-22 -81
-58 95
-59 182
9 -165
-35 -477
0 -292
-17 198
29 322
61 70
-5 -83
-4 1
-43 53
86 -273
37 -283
-1 9
51 254
-9 29
32 34
174 228
-91 15
0 -342
55 -259
-51 13
22 16
123 221
101 -80
-16 102
17 141
-129 -172
72 -337
-30 -312
-86 134
-85 173
19 -2
368 -1
-19 158
-119 64
-109 -353
-66 -406
-64 81
144 75
148 147
-13 321
19 200
-53 -442
-56 -429
27 -75
130 181
83 73
19 177
92 -8
12 152
29 131
-27 -11
-5 -85
29 -501
22 -295
55 36
231 23
68 411
5 304
-26 -141
22 -167
-8 -23
66 -318
25 -204
42 68
73 236
52 168
128 -87
-1 83
-38 -71
-2 -224
29 -141
43 -38
97 222
83 274
-24 164
-98 -30
-45 -299
59 -162
54 -48
20 -96
104 119
-85 144
132 39
28 36
-28 -55
-66 -36
34 -83
107 -295
17 -132
32 162
100 304
-2 -27
-63 33
-7 108
39 -276
0 -447
147 -134
12 160
-42 385
-5 44
34 37
8 -52
19 -307
-142 -239
38 -106
121 204
141 32
-4 153
35 151
-57 -59
-38 -191
14 -282
-16 -123
47 -50
60 133
63 92
61 183
-352 213
-67 -168
52 -313
16 -260
62 26
171 38
-47 23
-59 172
74 150
-56 -22
31 -432
82 -256
111 83
-98 -24
-71 61
84 176
-7 44
-54 130
-77 -284
27 -315
2 -126
54 121
11 224
65 121
14 20
-105 177
-57 35
-25 -86
20 -266
59 -18
27 -58
113 232
-18 249
1 -148
50 -109
-122 -121
26 -346
80 -118
55 255
19 22
6 -8
-53 442
4 218
-37 -557
-22 -358
-6 116
64 -191
74 -40
-7 171
202 339
-73 0
107 -157
-44 -266
83 -253
144 2
44 71
83 384
52 166
-21 -24
-21 -115
21 -67
4 -389
89 -231
108 232
13 131
-14 130
-43 101
-26 -75
-19 -125
-55 -76
60 -117
65 -1
-54 231
51 172
128 257
-31 242
-73 -253
14 -352
-12 -145
40 -55
44 88
170 220
111 115
46 52
-60 144
-20 -20
31 -480
255 -357
141 242
32 186
-127 87
-60 -23
-7 5
152 70
-3 -179
-62 -302
48 -27
-14 194
76 241
-20 75
-35 86
56 -9
46 -192
34 -330
49 -22
102 226
135 121
59 -116
56 108
-49 251
60 -210
-81 41
-6 -161
71 -98
30 -303
42 -65
-12 202
-51 307
-90 374
25 -5
30 -409
97 -311
90 -177
50 196
-22 207
-141 49
13 140
59 -17
37 -45
-16 -214
90 -167
20 -103
-42 49
85 232
33 227
29 86
25 -230
83 -130
17 -230
31 -161
-10 290
39 226
-79 132
-45 61
-63 93
31 -268
-52 -408
9 -215
56 143
70 253
13 268
-49 39
20 -80
36 -64
11 -115
60 -299
254 145
35 37
9 275
-44 231
7 129
-11 -206
-60 -184
110 -256
104 -66
34 115
3 211
34 117
-42 38
52 -11
-23 -64
50 -190
83 -223
66 64
-22 199
7 24
-64 16
-16 118
-36 -1
72 -276
98 -171
47 79
-33 135
75 146
26 139
-61 159
-11 -31
-12 -446
-23 -274
28 -37
151 61
91 305
37 209
76 93
-143 82
-139 -179
-78 -266
-10 -165
59 143
28 183
50 91
23 194
-137 108
-50 -25
17 -335
80 -184
58 22
25 167
63 134
-20 148
48 134
46 151
30 -364
-52 -512
51 151
47 258
31 -181
30 82
72 256
-141 36
-67 -117
20 -330
72 -113
93 -100
142 212
24 103
11 320
-50 279
-1 -262
103 -431
-65 5
-41 173
171 -272
40 253
-85 228
-52 254
5 -126
-127 -163
44 -251
1 -214
135 179
89 369
29 103
-51 158
-47 41
-6 -281
85 -268
6 -118
77 18
21 345
33 199
-78 92
3 -9
-21 191
121 -27
45 -65
39 -211
96 -93
-21 -53
-40 -29
43 211
19 273
25 27
-18 -77
12 -236
54 -280
101 -128
21 404
46 112
24 -26
-50 222
107 12
-20 -296
35 -343
74 -75
18 281
12 138
-55 184
60 219
-34 -52
32 -175
-18 -270
85 -213
115 207
-50 279
127 107
117 -82
-94 84
-47 -238
33 -118
74 -378
86 -177
75 185
-26 301
82 181
2 108
21 -134
155 -306
158 -139
181 81
54 64
76 90
-29 6
-117 146
49 162
-169 -142
48 -448
31 -54
93 27
-35 79
39 132
-48 220
55 210
6 -70
-12 -426
17 -268
26 -25
101 92
43 254
-2 130
5 -21
4 2
52 -149
3 -299
40 -131
89 115
67 250
-46 226
8 129
119 -401
1 -68
79 -208
113 -254
16 178
-10 282
17 -13
-35 154
145 205
73 -101
53 -267
58 -181
89 -37
-20 87
202 134
-24 149
-109 123
28 4
6 -111
-38 -455
-34 -316
115 -261
-50 43
-36 192
25 204
-34 141
16 13
19 -98
102 -339
-3 -234
38 13
32 170
90 173
16 -57
-78 66
-1 -16
80 26
37 -142
38 -252
111 -10
49 180
-126 -6
-87 99
0 187
37 -176
94 -296
54 -381
87 111
-20 139
-45 90
39 245
-11 102
13 -95
104 -248
129 -310
1 -115
35 208
101 433
-4 -377
-37 153
-53 241
1 -93
-34 -399
-8 -271
-12 11
91 147
44 298
-11 281
27 132
-37 -199
66 -238
68 -363
37 65
6 134
-59 -211
-49 175
-85 259
37 190
107 -524
42 -450
34 -45
12 116
-2 288
-63 162
-36 74
-32 -7
-12 -39
-1 -292
33 -314
59 48
-11 299
-21 277
3 77
31 23
-9 -84
81 -302
87 -209
0 -26
31 43
-39 189
-7 64
34 114
-56 39
7 -191
45 -336
151 -31
-52 55
-37 2
53 221
-43 64
-27 57
27 -172
127 -240
32 -257
32 -75
-33 220
14 230
2 321
0 200
-114 -212
-48 -377
29 -302
105 43
-7 154
56 251
-32 140
25 98
-38 39
36 -254
143 -340
0 -75
-9 118
2 118
-24 171
-18 157
30 -43
48 -183
31 -190
32 -132
14 49
37 165
-6 75
-80 66
-32 129
-22 52
-13 -247
-29 -443
75 -156
103 243
-55 107
31 -16
83 262
-31 86
-21 -315
73 -278
94 -262
-71 28
-40 228
-71 108
-2 102
-14 114
126 -71
47 -374
43 -156
60 -125
87 110
-99 174
-103 48
7 99
25 63
40 -143
5 -337
112 -43
48 66
-95 34
-52 99
9 250
32 -34
14 -236
4 -334
102 -172
6 160
2 267
-10 124
-116 -144
-38 80
34 -2
16 -240
168 -269
73 -48
71 -20
-83 264
-20 312
-20 193
0 -138
45 -222
88 -300
101 -85
47 61
32 126
11 170
-78 135
-31 53
34 -158
143 -402
47 -186
-13 88
-34 158
8 -53
-194 97
-5 81
56 -79
-56 -304
123 -347
25 4
55 177
14 194
-65 222
-21 89
-18 62
60 -182
-18 -589
59 -14
56 90
-15 179
-49 219
34 131
-61 -88
85 -105
4 -195
-64 -183
57 -40
50 226
-29 257
51 113
4 35
-98 -17
-10 -233
86 -192
44 -8
70 30
-15 -87
-59 105
7 240
-66 -4
55 -235
-55 -382
81 -215
41 211
-57 223
-2 -7
-103 173
0 183
57 -48
73 -334
-151 -314
43 -181
56 205
-97 295
-10 184
-22 62
-25 -91
-33 -218
23 -346
166 64
28 170
-81 6
-81 168
-59 284
-43 11
59 -154
26 -551
-31 -142
61 196
61 293
0 115
1 85
13 2
25 -71
-27 -291
20 -167
17 36
8 144
-19 74
-36 175
-16 -3
149 -58
124 -134
-33 -231
25 -281
53 -108
125 214
13 254
-25 179
-54 69
-136 -298
-98 -320
98 -55
11 139
96 -120
-96 139
158 222
62 -30
17 -55
19 -234
-23 -269
-37 104
-48 186
34 55
219 -2
154 180
62 -40
-103 -196
-257 -236
-31 -280
154 50
20 113
-19 156
75 179
70 226
-35 -62
25 -505
-48 -229
34 128
29 127
58 175
-2 166
6 75
-59 -84
-51 -52
-96 -256
-17 -307
17 108
-37 208
31 180
-32 68
69 -23
18 -235
9 -390
81 -191
-18 122
-11 276
-29 161
37 114
78 -2
91 -210
-9 -100
83 -165
72 -17
14 118
-70 225
42 172
131 111
93 -93
67 -236
-65 -213
-114 -227
21 -54
-4 202
93 176
3 183
43 -65
107 -312
13 -276
81 -221
-27 109
-71 211
-55 -76
68 265
-57 169
61 -182
80 -318
53 -276
-24 17
38 344
189 169
87 47
-92 -55
50 112
42 -171
80 -195
20 -126
-13 -206
-45 236
11 110
-15 111
19 259
15 -187
36 -314
0 -320
55 69
-118 232
-67 177
-109 114
31 24
54 -173
84 -219
87 -307
-99 -130
-24 173
-30 346
49 -101
42 -100
15 378
22 -159
9 -578
22 -538
-20 241
34 350
-44 192
127 182
17 -118
16 -238
12 -241
40 -195
-41 119
-72 204
-96 155
-78 143
-58 57
101 -125
73 -390
56 -252
-63 -75
-13 154
-22 97
-4 137
0 99
17 -16
15 -118
-9 -282
-8 -131
32 50
-120 149
-113 37
-14 58
18 136
104 -103
8 -206
0 -361
-26 112
14 264
35 -109
-67 101
33 319
2 -27
12 -673
64 -199
63 25
-62 104
-35 207
-57 107
-14 80
4 16
-63 -252
-29 -172
26 -101
8 75
-44 184
-14 156
-22 148
-4 -33
19 -257
73 -393
131 -201
-30 20
-22 114
18 248
-73 136
-20 -20
-7 44
101 -314
61 -342
-36 -219
-32 108
3 81
-32 130
-53 119
48 1
76 72
-19 -272
25 -233
-83 76
-85 327
-30 -39
147 46
144 147
-33 -145
26 -469
72 -148
33 -70
46 278
1 264
-86 154
-9 91
12 -12
-65 -234
142 -229
24 -14
2 -155
9 65
-6 141
-2 277
-102 130
-9 -277
6 -311
98 -232
-20 57
-17 136
-7 209
26 305
80 168
-8 -375
5 -372
123 -42
25 -11
-62 -62
-79 193
-41 400
41 82
24 -234
30 -270
95 -100
19 -3
-165 42
-141 -115
92 55
-3 254
47 179
44 -132
142 -275
179 -273
20 -15
75 166
32 245
-20 293
-10 20
115 -396
203 -316
-53 0
-34 -58
-64 204
-22 150
45 105
45 65
41 -5
51 -140
-1 -331
84 -215
15 157
23 153
-16 241
28 262
11 -163
78 -131
-9 -229
59 -152
69 -48
-15 79
-18 163
-70 98
-56 125
85 -32
104 -156
-2 -437
138 -49
-77 119
31 133
0 28
-73 254
81 97
-23 -343
106 -255
-87 -207
-66 132
-71 177
-65 45
31 225
30 113
46 -198
124 -318
-6 -250
-110 -4
-7 18
14 280
-12 95
-18 -74
-66 55
67 -300
112 -214
-15 165
-52 -1
-68 -111
-83 214
-64 236
32 130
-23 -214
-32 -424
72 -342
65 74
-9 315
-123 290
-110 96
-50 -43
40 -26
-9 -327
138 -158
-47 -66
-67 104
-32 171
-71 -9
-36 166
-10 92
0 -289
59 -361
24 -144
6 178
-3 303
25 30
-96 125
-122 82
57 -104
-2 -302
-81 -226
99 97
30 138
98 140
-108 4
-66 211
18 -116
102 -226
237 -228
82 -123
-36 140
-70 137
38 213
-44 83
-58 163
38 -424
93 -156
-17 -136
41 -6
34 247
-27 -33
-44 247
-4 32
50 -230
17 -478
26 -8
90 -46
11 209
5 103
51 280
22 227
147 -91
47 -321
-6 -142
20 -73
60 198
40 181
-61 49
-90 167
-49 -202
-23 -182
103 -98
-16 -19
13 31
-34 29
141 104
-16 256
-65 132
20 -165
169 -402
24 -179
-27 -35
37 64
-18 46
-41 65
-104 129
37 -10
51 -144
102 -326
53 -121
20 94
-7 210
-138 -34
46 187
26 31
1 -23
41 -565
13 -273
32 136
40 145
-106 375
19 207
-1 77
22 -177
121 -573
-17 -289
-23 347
-95 37
8 -24
-103 -17
-37 155
-51 59
127 -316
107 -387
0 -83
32 93
7 205
110 27
-118 88
-29 186
76 -222
57 -345
16 -228
-9 64
48 105
94 121
-11 240
5 199
67 -12
43 -620
78 -307
47 144
-1 -177
46 90
-64 251
-99 91
-26 60
51 -150
83 -284
79 -81
82 50
-44 191
-90 218
-37 173
-24 -96
39 -374
16 -256
74 -7
-5 32
63 -98
34 -10
-36 379
-72 216
-97 -136
42 -444
35 -386
69 51
114 11
78 223
-86 29
-19 110
-39 48
11 -154
3 -243
113 89
96 -247
23 16
8 259
-27 118
7 80
20 -244
-12 -369
-24 -280
-8 96
35 139
125 209
-102 108
-8 209
12 -128
-55 -394
105 -107
-48 -382
1 61
-63 148
-28 251
120 89
-4 100
-8 198
-36 -59
46 -460
3 -262
22 -4
30 211
23 268
-111 113
-127 145
12 -26
57 -253
-38 -177
-11 -330
64 48
-24 345
-64 227
34 -39
-47 -212
-10 -14
3 -341
89 -144
31 83
-21 457
-47 44
-145 152
47 -131
36 -49
14 -266
93 -262
74 -8
-79 172
-157 116
-23 161
-86 72
-14 47
-73 -115
32 -326
-30 -146
-23 -24
-82 275
-4 156
-19 144
-86 12
33 -251
-6 -264
17 -219
190 162
29 19
-33 8
-88 -13
-7 270
59 229
-66 -463
-32 -258
113 -40
58 117
65 69
8 189
0 60
-72 -77
-56 -180
29 -560
152 -185
65 145
-73 274
-66 154
22 11
-117 47
-143 -136
-59 -225
67 -158
87 -6
67 170
-118 92
-16 127
28 178
-24 -52
-75 -247
-2 -268
86 -162
23 -32
22 284
-70 214
-76 93
27 -59
39 -244
-15 -400
17 -23
121 256
21 101
-47 -43
-26 198
-27 156
-72 -148
-1 -299
6 -142
61 41
76 66
-59 218
-106 -4
189 293
13 57
-17 -556
-58 -307
-55 -81
13 98
6 155
-109 171
-45 184
-22 -200
-41 -167
41 -163
-22 -210
21 81
-34 158
38 -20
126 163
-89 146
16 -134
-4 -309
42 -248
88 32
52 211
-20 177
-14 -11
-24 -132
-8 -41
-32 -154
39 -233
28 -125
19 20
48 288
-53 82
-18 58
-33 48
-13 -117
6 -269
44 -167
94 64
102 121
-11 55
-29 165
-8 73
-71 -66
64 -258
58 -273
-68 -123
107 99
23 174
-35 57
-25 73
17 54
-61 -206
-15 -276
76 155
38 50
-54 -384
-16 108
-40 507
-77 -32
18 -439
-56 -138
-22 -254
-51 67
65 218
45 147
-131 198
-11 85
-88 -36
54 -382
-42 -239
41 -50
64 122
119 149
-17 87
-98 101
-53 91
-27 -183
-67 -318
21 -156
83 30
9 -14
0 126
23 118
-6 63
-29 -163
38 -265
21 -247
52 43
0 152
2 188
-17 76
-118 130
41 -80
-6 -295
15 -238
28 -51
7 54
-52 178
-79 25
-106 106
-7 240
-44 -192
51 -266
15 -247
276 62
4 0
-2 60
-27 210
17 170
-37 -120
-67 -341
11 -264
-58 -314
-40 -168
26 80
-30 215
-50 313
-16 187
64 -63
-136 -289
-126 -643
9 -101
-57 200
42 222
-34 22
-23 87
-62 66
-27 -27
-74 -151
47 -205
-2 18
17 152
166 94
5 54
-84 109
-90 -53
14 -281
9 -148
-15 -87
150 141
-42 119
-28 234
-47 58
-77 -163
-27 -161
-36 -106
26 -307
-36 -3
31 245
-28 160
-12 75
-100 88
-70 -43
15 -151
-134 -232
-7 -104
-4 32
76 110
99 145
12 157
-77 61
-41 -343
13 -321
-35 -56
-26 236
-19 226
109 28
25 91
-23 -48
-17 -105
-15 -377
31 -225
16 119
62 194
62 178
3 -14
-13 166
-73 1
-94 -252
-66 -409
-57 73
48 79
-10 181
-20 151
71 -4
-71 -140
-37 -192
-25 -241
5 -40
-45 67
37 238
59 160
98 124
-87 0
-154 -60
52 -333
41 -238
-30 20
46 150
112 106
0 88
-29 259
24 64
-95 -412
-76 -190
57 30
-56 134
88 100
83 58
-23 159
-122 -18
-11 -202
86 -290
3 -194
68 101
-16 208
64 175
-123 -113
-49 123
-82 -101
-92 -374
32 -305
22 -31
-52 63
39 108
4 1
-51 137
0 0
37 -227
-131 -318
29 -107
-21 99
67 215
36 90
33 121
-13 -78
-87 -89
-76 -136
-33 -266
28 -15
23 72
-13 179
67 89
-64 210
13 -158
-50 -278
-130 -126
51 -7
14 65
-36 233
5 235
16 203
0 -44
6 -211
-85 -287
-46 -78
3 196
16 153
64 93
-27 81
82 13
-52 -158
-36 -289
43 -161
16 -78
26 122
-25 131
28 209
1 69
54 -200
198 -241
-10 -166
-74 -55
-80 -531
13 271
52 405
45 91
-30 0
1 110
-47 -113
-125 -214
6 -84
-64 112
45 205
50 141
49 151
11 119
-83 -22
25 -292
-13 -347
-43 -24
-68 284
46 222
104 33
30 52
-15 123
31 -48
-42 -181
20 -83
18 220
-8 93
57 59
-69 55
-116 -29
-3 -124
82 -94
8 -278
-26 -164
-67 180
23 305
-17 365
-31 182
-110 113
-61 -465
-60 -393
-7 -108
133 383
-14 490
15 142
-20 -198
0 -221
-29 5
-88 -102
-57 -160
-17 43
-10 165
47 -31
71 2
-56 25
-92 61
-50 -117
36 -187
-63 -38
-9 252
9 -32
58 62
-108 184
-59 -13
-1 -124
48 -261
137 -99
-29 67
-34 143
179 250
-6 220
-13 54
-89 -40
70 -103
-55 -279
-7 -31
-112 -190
25 405
-46 448
-48 102
-29 -76
-101 -268
21 -244
58 -60
-168 324
20 240
60 129
-5 48
-42 17
-76 -243
-66 -394
-30 -169
80 210
27 254
45 -16
92 -118
-9 133
-73 72
-62 -330
-85 -250
-9 40
65 197
-7 208
0 221
-68 155
5 -179
-40 -356
-19 -146
55 16
88 36
174 182
-49 109
-94 281
-131 65
-20 -219
60 -229
15 56
-91 20
68 -102
87 215
-23 188
31 249
-58 -177
-82 -454
102 -292
