225 -103
544 -47
-8 -49
-13 95
67 -117
-251 -116
-169 -29
-145 -23
-89 14
634 28
37 40
-408 -27
-83 63
154 177
7 -28
-16 -181
-77 8
-140 181
-187 130
-15 -8
-70 -161
-244 -215
-165 -25
462 -3
327 200
86 111
-187 203
-373 91
-154 -150
222 -116
-215 -75
-110 88
433 32
-43 -16
-5 79
-63 54
-140 -87
-12 -111
231 -50
-131 -68
-184 115
-209 -36
55 -7
-2 162
-82 -83
-65 -15
51 19
166 -58
-165 60
-607 104
-331 15
214 4
855 -64
-39 -182
-219 -178
-153 -50
178 178
114 100
54 -7
-85 -47
-155 19
-230 -50
-28 -82
-42 -83
108 58
17 150
-50 49
234 -55
-173 -104
-206 53
527 -104
85 -131
-180 -106
-204 69
14 125
84 184
44 346
-136 -27
-69 -87
-174 -65
-186 -120
-110 -121
548 119
308 27
58 -124
-376 -52
-416 85
224 113
279 9
337 -64
-156 -5
-313 -105
-126 -24
179 -158
208 -35
-18 77
-51 15
-192 -118
-457 -105
-473 148
156 106
1132 54
204 -115
-319 -69
-187 -121
-79 -104
184 -133
52 80
-46 222
-443 -77
-237 405
870 392
132 17
-85 -148
36 -102
64 119
84 18
13 -17
-27 -138
-248 48
-113 -90
-26 -11
-32 -152
-25 76
-17 67
81 218
107 73
-52 -151
-160 -96
-14 -17
-47 -65
184 -158
-87 -68
-50 42
-94 94
-390 90
169 -29
574 -147
-214 110
-209 65
-176 6
671 -93
-15 -26
-63 314
-45 136
-29 -16
-113 7
-164 83
-28 220
-120 17
-73 203
286 -89
127 41
136 -123
-343 -198
-33 -47
360 -13
148 -56
-175 175
22 -208
-44 -17
55 64
85 128
12 133
-104 -268
138 -113
-45 236
-102 229
31 236
61 -42
-787 -268
572 -254
1197 -183
217 50
-366 -32
-261 -70
122 -239
-648 -65
326 -11
630 25
16 -84
-289 -31
-205 -52
-191 -7
-68 23
-8 199
108 25
100 182
365 98
25 -66
-58 -164
-169 -142
111 74
-218 233
-278 134
886 122
214 34
-601 3
-840 131
443 -103
527 -212
369 80
451 32
-302 -62
-27 45
-115 107
140 -60
-270 -203
-182 149
-291 140
-134 161
117 272
709 409
138 125
-192 -388
-136 -282
-53 62
-90 143
-112 -6
-146 -204
67 -108
480 -141
82 -168
-425 -182
-126 105
274 205
-35 351
-32 118
297 -28
-410 -44
-62 -60
260 3
407 -116
-120 -54
-368 22
410 152
347 32
-4 227
-435 92
-221 -38
433 -88
133 -154
-117 40
-369 144
441 282
-210 -163
154 -152
367 -115
-318 27
-236 52
-93 94
165 -15
-20 -48
-44 2
-234 -31
28 69
444 9
170 137
-5 136
-158 -10
22 -52
114 -103
98 -215
-27 -5
-47 19
-204 110
-255 23
370 21
-13 88
219 -26
-185 -41
163 66
487 30
257 -30
-345 -131
-247 25
-23 -47
-116 -78
54 56
141 227
-53 357
279 -57
87 -109
-86 -248
-74 -70
271 82
38 -22
-192 -118
74 194
292 441
-212 192
-118 49
-423 -258
408 127
940 120
-337 -76
-62 -71
-4 -23
-174 -125
325 65
45 -91
-185 -203
-156 82
-264 -21
252 313
141 138
-50 17
7 267
-211 -65
153 -293
192 -28
-119 72
123 17
411 -120
-432 -70
-346 326
551 202
713 -205
325 42
-168 132
-408 -144
-85 4
60 148
40 -72
-293 -50
-307 -188
192 44
409 -92
-22 42
15 -5
-53 145
145 -44
269 17
11 260
-712 195
-19 -14
426 -101
-297 146
-58 6
-281 -69
625 -230
427 142
281 -231
-284 -61
-214 -96
-31 172
-126 324
-35 178
62 -315
-102 -115
-96 -47
-237 205
349 -82
159 -191
164 -81
-44 217
-145 70
162 -3
-5 328
-692 70
-630 -88
1036 -71
67 121
308 214
-14 -274
-307 -172
-194 53
471 98
109 -217
285 -133
-185 41
-361 42
216 1
131 152
93 126
-58 19
144 191
-253 -224
-47 -75
259 175
-27 105
160 -187
-241 -154
-609 96
590 -167
548 -72
-1015 -33
306 160
1482 503
-89 -121
-517 -132
-248 8
67 -71
174 -10
103 -245
-274 39
-16 350
46 259
-62 174
-64 131
-44 -38
283 -147
293 -161
-70 -25
-187 -22
-237 142
403 42
343 -198
-95 -48
-90 -1
243 57
77 -16
-5 -40
-123 89
-46 28
-64 13
47 69
-157 158
-118 -94
69 119
73 -50
73 127
-432 -30
-197 -50
903 -137
310 -34
-185 -55
-280 122
100 318
-147 48
182 45
490 -29
141 -46
-427 90
-538 -335
-237 -274
510 159
311 275
81 105
83 -74
-187 -38
-53 5
-361 275
59 -117
-64 -164
469 -163
206 321
-79 317
-367 -12
147 -61
-235 -72
137 6
1105 -107
-190 -364
-254 129
65 144
-76 6
158 -95
185 -111
-315 -82
-285 417
-181 490
389 -88
82 -87
-164 -166
249 -91
445 121
-253 418
-149 61
110 46
329 -4
-407 -13
-183 -6
7 42
-195 -203
358 78
329 32
-147 68
-180 -81
-225 -61
431 160
-128 63
-12 -70
168 -21
24 4
-95 -119
-457 17
372 62
298 8
106 105
-212 83
-64 -114
-25 -58
-374 88
-371 19
1377 -9
285 39
-265 -84
-616 -18
-634 157
1172 106
519 -74
-102 -13
-255 -5
-263 -156
17 -10
0 -6
250 129
3 124
-37 118
-134 -174
15 -30
198 -48
-154 -28
-298 47
-210 -19
983 62
648 -23
-431 169
-251 248
-135 -190
168 103
132 -78
49 -175
-223 -194
-718 -83
23 108
1112 196
116 -109
-363 -109
112 -39
166 67
-53 75
260 21
197 24
-270 -167
-211 -62
-84 81
96 -27
19 -33
32 17
421 115
3 -2
76 6
-197 44
-241 -109
-30 -153
268 69
54 30
-28 -47
-333 84
417 87
609 97
-23 -51
-182 -387
-327 -76
-60 80
486 61
374 1
-14 109
-311 61
-259 138
-209 -150
540 -126
250 -92
96 18
-140 121
-190 123
-26 13
52 -56
25 -244
88 -76
153 -21
-96 56
-142 113
-63 -104
154 -23
462 -83
-66 65
-374 -102
114 -134
286 -5
169 259
-104 279
-171 15
28 -163
68 -292
-55 -98
-112 166
-150 146
541 150
95 53
-120 -290
-93 -57
42 -162
54 171
62 -93
133 -204
-90 -158
19 88
-677 -119
72 137
1137 -95
226 -156
-206 -94
-117 -119
97 32
-210 158
133 150
270 -84
-339 166
427 -107
-160 -76
86 -68
-43 110
126 97
-83 -231
15 74
344 -180
133 137
-168 45
-365 37
-1 -218
440 -140
-126 18
307 26
251 92
-398 134
73 -9
332 -136
255 -276
22 -64
-96 286
67 187
-151 192
-417 -58
322 -217
245 -180
-13 -17
133 -4
-400 119
442 -210
499 -18
195 -94
-257 92
-230 54
-200 154
-42 -16
105 63
204 -110
81 -21
6 -168
100 -67
60 78
148 199
25 191
-9 -41
-17 -107
41 -273
368 298
-89 59
-72 -10
-69 -98
232 -186
193 -150
-566 -212
-481 204
1069 198
197 -68
-129 -84
-49 -86
-75 -131
426 -24
114 195
-182 216
45 187
109 -122
-239 -176
-94 16
-98 -102
-79 -84
-14 -17
296 -7
417 -44
-186 -41
-146 51
-10 -66
-199 -141
14 -92
153 31
225 327
88 148
195 -25
-186 -165
-369 45
166 125
445 -158
-263 -101
-205 -54
945 -53
-171 -161
-301 -114
-86 29
80 117
-13 59
-42 160
219 3
274 44
-153 68
-189 -162
-65 -103
128 42
302 -22
105 -140
-52 -22
-108 94
-93 33
303 -23
-63 -65
383 38
344 32
3 -130
146 -44
42 -126
140 -46
-234 232
44 35
-44 -1
-400 -20
-63 -34
638 -103
302 -117
-6 -67
-126 87
-69 -23
165 -83
45 -60
-66 -163
-51 -172
-236 107
-185 405
111 181
442 -222
65 -36
42 168
-53 -50
123 -120
80 -57
51 -50
-52 -213
-52 1
24 212
81 214
-83 290
-198 70
462 -110
206 -157
4 -28
-65 167
11 -160
71 -146
68 -12
-213 -184
-21 -42
423 -42
49 -18
-9 -7
191 284
59 28
140 -101
-77 19
-302 -234
-176 -203
441 41
135 236
-426 238
663 148
220 -22
-73 -14
-58 -94
7 -143
190 -38
-38 -61
-245 -10
121 -43
369 -79
-318 174
-190 -129
331 -59
254 21
236 203
-262 -146
-71 -120
197 -36
-348 194
-104 -54
244 -86
444 -305
93 -220
-97 -117
140 97
-383 434
275 290
611 -12
-167 -184
-92 -74
-66 -4
18 -36
224 96
-77 -61
193 -71
-79 -117
-176 -13
-231 -150
71 -15
473 -28
165 -3
-595 132
-155 -60
680 43
89 62
-458 67
-380 19
86 -89
146 76
-102 -169
-125 3
-109 109
18 107
-230 16
333 22
154 -174
396 -94
41 -36
-92 99
-193 214
86 160
129 -11
-123 -27
113 -135
-126 -144
-37 -73
68 9
-35 166
-53 20
19 116
120 87
-179 51
-63 -144
109 -134
168 45
89 48
105 207
-181 261
-237 109
71 -121
360 -199
100 -7
-94 51
0 90
139 45
-243 78
108 15
407 65
143 -96
-18 -6
-63 -310
151 81
173 -39
-271 67
-295 304
534 253
-105 167
100 127
467 -122
-347 -210
-113 -188
210 31
50 -75
-205 74
141 -155
639 -44
-39 -41
-197 -46
-236 115
0 113
120 40
9 41
114 141
-289 82
236 0
-430 11
-210 96
753 200
210 41
-18 -71
-82 77
-6 103
-97 -157
52 -307
378 -268
-197 -219
-203 87
151 381
269 646
-22 115
103 40
91 50
-28 14
0 -175
-18 -219
178 78
-52 -172
36 -207
281 -173
-208 -66
-329 -59
806 161
446 140
-141 25
-314 106
77 184
5 -49
93 16
286 -181
160 -46
-110 92
-189 153
-284 319
35 218
160 -134
180 -174
-12 -146
-73 -254
330 -94
-55 -179
57 102
115 -70
-47 22
252 74
67 248
81 131
-44 43
-212 51
-32 190
188 -414
-179 -251
-828 -168
1649 -42
904 9
-192 79
-409 -136
-462 -69
199 1
-31 37
145 26
-148 33
-202 -39
-202 0
103 -2
-38 -114
16 69
334 20
89 165
126 57
-4 24
-145 -94
-109 -7
204 108
341 107
39 20
37 30
168 36
-67 75
-18 -259
36 -43
-106 -32
-109 232
96 206
-110 67
176 -107
155 -167
-464 -112
-243 -70
426 -93
293 -41
316 -35
-27 -165
13 202
23 241
-74 60
37 -95
287 -29
231 -22
-259 -295
-445 -274
48 -103
-82 -13
36 -33
39 177
121 -65
-29 -22
64 35
158 0
-214 61
-65 -34
84 -115
264 -9
-195 -21
20 -31
352 466
135 134
-98 52
55 30
372 85
102 -134
-26 -167
104 -205
167 -198
30 17
-57 117
20 286
87 115
-153 79
118 2
106 -261
163 -21
-196 60
-87 24
-88 -108
-7 -39
421 17
186 104
-263 6
-310 -120
-203 4
1481 174
832 -87
-363 -116
-429 -205
-76 125
78 109
-19 -72
-122 -113
-42 38
-146 -30
-69 65
-125 37
-68 52
198 -23
66 -348
228 142
288 84
-110 166
-135 218
-48 -111
65 -47
60 -49
135 -308
-281 -141
-29 -58
816 177
239 231
-219 -243
-249 25
261 234
-21 -82
-56 -84
451 7
207 194
15 -114
-204 -177
-194 28
131 -52
64 105
83 -108
-137 -181
-41 -47
-93 -96
-78 56
175 46
128 -154
6 36
41 -140
311 -31
9 -220
120 241
-294 154
-150 3
418 -64
352 -261
-63 5
-140 231
-113 273
-52 126
485 -134
167 -18
-32 33
-351 -8
168 -94
254 -168
-35 -122
63 26
99 25
286 -40
45 38
-58 -116
-44 -13
118 38
283 130
-123 -111
59 -55
92 -86
-87 45
82 -20
-22 -54
-199 -65
-50 -14
303 -104
89 -105
58 71
3 90
-42 -95
206 -17
56 110
-140 144
-137 -48
369 -5
-64 -75
340 -115
127 71
-26 81
141 62
-161 87
61 -189
-70 -52
129 -112
163 -111
-29 -40
-1 -6
74 183
-59 402
75 259
-13 -216
196 -148
-144 46
116 197
236 85
-26 -32
-214 73
-264 14
510 -127
375 -72
-33 -136
-267 107
-64 199
-138 97
-100 221
988 57
44 -76
-195 -180
-338 -38
-165 146
75 208
169 221
182 151
-10 -109
-39 -186
73 -174
55 63
-11 127
-68 12
-74 -11
23 97
42 25
0 0
-139 -84
80 6
65 32
82 39
-234 66
504 61
-22 4
104 99
225 -121
-83 -34
-83 -81
163 221
60 -92
-38 146
-220 -80
58 60
76 62
281 21
41 57
-88 77
22 126
-32 114
-60 206
164 68
83 -94
27 -204
-63 -136
-32 -88
51 -136
136 -38
309 -50
-165 -141
-114 244
156 99
384 197
-171 -178
-218 -169
197 236
128 187
146 -40
189 67
9 -116
-6 -162
-347 -88
-78 183
459 194
157 17
-238 -2
101 0
-112 5
-419 56
668 2
381 189
63 -102
-435 -203
74 69
265 -40
152 27
-93 53
241 -41
-27 -118
-75 -50
-128 -6
-66 16
87 45
214 137
45 124
82 -60
-1 -297
198 2
61 -56
123 78
-50 97
82 83
-39 -121
186 -9
-110 -4
-15 -77
76 76
162 186
199 -52
166 108
-33 287
-4 131
-24 -25
20 -306
133 -21
90 250
-190 -131
151 8
152 66
-3 -52
-53 7
85 -190
159 12
188 -84
128 95
-222 -43
-4 11
115 -134
106 -29
187 138
103 6
-75 194
-40 170
-128 3
309 91
312 161
-65 -225
-237 -76
-41 9
-30 83
122 -56
78 -24
136 192
112 -17
-50 105
-59 -93
13 -179
62 55
-13 207
157 139
148 44
-1 -152
121 -37
-120 13
82 -44
4 -95
-3 0
-28 -7
40 255
202 124
-68 88
-84 87
4 -83
256 -90
244 -58
64 -235
-71 20
-48 68
24 -21
542 -52
47 -25
-217 108
124 -8
120 121
98 89
84 -108
-142 152
18 -110
80 -124
-46 240
140 -28
34 -21
-8 150
-22 82
105 -31
-238 -217
11 -60
322 -89
80 -145
30 -80
-126 99
62 164
93 177
-158 425
17 194
339 -204
250 -268
-91 -61
-113 55
97 179
194 -77
79 -107
35 -93
45 26
-121 -18
44 -73
-51 172
-92 172
129 154
139 45
-20 -4
87 0
-12 -6
-14 -26
54 -18
223 -33
83 79
136 118
52 58
-189 -52
-76 28
295 -82
8 -93
108 35
-164 130
-209 -23
243 113
334 52
64 -16
-259 -148
-116 -247
73 69
84 174
57 179
-86 69
-215 41
71 -118
-143 -138
-126 -2
119 -34
189 -77
42 45
61 -200
-33 -187
65 90
70 126
-36 151
-310 -30
28 135
672 55
-29 46
-109 -35
-128 30
59 -48
41 45
185 -115
17 70
-8 91
71 93
-16 83
-141 -150
117 44
58 18
152 -22
141 -89
166 97
-58 -111
-37 75
45 25
151 111
60 11
-344 -181
-53 11
427 1
123 37
-198 -22
-16 8
307 -113
-108 -164
-167 96
347 -36
170 -88
12 39
-100 188
-106 133
182 -38
83 217
-74 -24
86 54
33 -161
11 116
-43 -21
77 -21
31 121
-82 127
181 127
106 51
134 14
-83 -101
64 43
197 -281
-70 72
102 139
-49 21
185 -206
264 60
-70 314
-64 51
-98 -71
21 78
13 -39
259 -215
102 -20
0 219
172 -17
7 -268
60 98
-86 -75
99 98
-123 -21
169 9
377 232
-221 3
-84 -50
39 -142
144 12
43 0
-53 133
135 54
-14 -49
-109 -46
26 44
99 26
73 59
159 40
86 -108
146 11
-125 133
-63 -13
105 -181
103 -33
-32 -104
27 62
148 220
217 93
18 73
148 79
162 -49
188 -141
-109 75
72 42
-24 20
113 -2
207 71
79 133
-196 -6
210 -42
97 9
11 187
61 75
93 80
-175 -109
1 201
316 264
-3 51
122 102
-191 50
-59 -80
6 49
23 116
-117 14
27 -104
-42 -28
29 -6
9 -132
40 58
-114 176
112 123
-146 -81
-24 69
-83 219
103 -100
79 -176
-78 -68
-54 136
37 144
86 103
74 20
34 30
-17 44
-74 49
-27 -219
-112 -303
-22 110
99 113
130 239
60 77
46 -9
-19 119
-161 -13
43 -192
-34 -1
-73 171
-63 232
136 -179
113 -182
-26 -95
-174 8
68 41
85 -100
-65 128
175 2
-72 100
92 -20
82 -18
-53 110
37 108
-24 -180
36 124
-61 52
98 -28
59 46
-4 -26
-78 98
-126 213
32 -251
24 -22
66 74
-57 148
42 -76
127 -46
-74 -42
118 -121
45 -147
160 24
-123 237
-39 222
43 -240
-134 57
92 -90
120 -105
72 -59
-82 -218
-68 -116
-141 35
70 108
-19 207
-10 18
46 -44
-60 101
-101 -132
36 -168
126 124
56 30
-28 43
21 14
-43 -45
-9 -93
-82 24
178 95
33 117
-66 170
-17 -34
35 -128
-252 -17
-51 -27
262 11
214 131
-1 56
-238 205
27 140
186 -143
43 126
9 -64
25 -110
-80 -138
5 108
-342 -155
422 -10
94 111
25 182
-56 45
-72 -44
89 71
153 -48
45 -75
107 67
76 111
48 -90
-50 -26
22 -59
140 98
-109 -28
-99 83
-216 151
178 -32
302 -12
-28 64
-19 -197
-120 12
120 68
152 -202
-161 -95
-322 -9
-62 69
70 152
-125 59
31 -10
103 -213
114 -19
52 45
19 63
-84 -74
-117 -96
-88 70
100 -16
-9 85
-66 106
-87 -9
139 76
-9 192
-44 -134
185 -187
-49 -1
-96 -163
-184 -50
0 -191
77 66
-87 7
-159 146
186 311
221 284
132 -101
56 -143
-281 -163
40 28
117 -69
-66 102
187 38
-129 61
16 75
34 57
-219 -98
117 100
78 -7
152 172
102 -179
-14 -324
13 77
22 -158
4 30
-27 124
-142 130
156 -143
76 64
-60 232
-121 104
91 -223
317 -146
58 -18
-437 66
196 157
173 70
79 4
-142 54
-176 -18
8 86
-96 -109
104 -73
140 -123
-4 -25
141 0
-28 86
1 -4
131 77
-23 -51
44 6
-79 -36
117 57
-22 -62
28 76
24 169
-18 -60
-11 -203
91 73
-73 -18
229 70
11 321
-57 52
-47 94
-6 195
-43 -79
92 -158
42 -61
0 195
23 -111
-152 -44
159 53
108 -1
39 43
-21 130
29 44
-107 -127
-52 -111
34 -136
-46 50
20 -10
-5 81
130 -45
120 60
-64 31
-113 -59
-146 -43
-1 -64
158 -28
-94 208
37 -9
-107 -58
61 -12
-86 -133
-155 -87
114 -80
148 146
20 146
-63 -144
-102 -55
64 32
-23 -80
57 -60
-122 8
208 -10
-24 186
-88 -116
30 240
129 6
77 -169
113 -151
-84 -93
-45 79
166 146
65 199
-6 -73
-165 -27
65 41
152 -143
-123 -81
102 85
55 111
47 -63
-25 -95
-106 44
5 -54
-80 113
3 -103
-48 -29
126 75
18 43
110 -9
3 67
19 39
-15 8
-43 -56
36 30
27 -118
24 -23
-13 75
2 -28
-61 14
134 -26
-173 314
4 -52
127 40
282 -118
-237 -24
-272 -118
252 59
-149 96
153 179
-43 -76
-135 -44
-37 -35
-44 58
-57 44
-111 -154
208 65
85 227
-133 -91
74 98
-10 -101
-59 -53
-59 97
68 96
-6 -8
66 2
-16 129
-43 74
-25 40
33 -185
30 -38
-6 -23
-23 -30
32 -109
25 83
54 167
-38 187
-15 -34
54 -232
145 -17
-43 -34
95 14
-177 108
-51 30
-12 6
7 22
141 -49
-1 -4
-180 37
-51 118
42 43
26 18
15 121
-102 -147
-93 -47
212 -58
-89 -4
75 17
43 -207
98 211
38 -7
115 51
-133 -69
-67 -62
-132 140
6 99
137 -94
-32 -181
78 134
157 274
5 -243
-36 -264
-85 -55
74 -19
-29 4
27 -92
91 -30
131 11
100 92
-3 104
-140 69
2 -87
40 -70
-82 96
124 38
-133 142
-21 79
112 112
38 -172
-17 -227
52 176
-27 134
-200 86
45 17
288 77
47 148
-129 -161
-119 -149
-75 37
14 95
-26 -8
129 34
-15 68
-23 -54
-170 27
-119 -45
-25 13
-40 77
77 5
49 -290
132 -7
-77 32
-1 121
-43 -20
88 -220
49 8
-41 14
34 24
91 139
-82 -63
79 -28
-64 -64
-111 -145
-143 -78
35 -80
33 115
43 190
39 125
-152 173
85 23
-26 -288
141 57
200 88
-141 -60
32 -109
-10 41
126 -15
-170 151
26 4
-6 19
22 -92
-87 -47
-99 -18
-49 20
-7 -194
12 -66
77 -60
-10 58
-110 106
-94 -67
-166 164
22 301
181 102
121 3
-61 -75
-162 -22
-317 -113
265 8
333 43
-57 -42
-285 -26
-69 7
29 48
114 45
-105 -140
-71 -133
-62 198
-66 171
-30 145
16 11
-32 -61
206 -20
12 -125
-87 -22
16 -40
84 -7
-79 180
-95 32
80 -95
191 98
-64 119
-90 38
-122 -124
233 -50
-32 170
-29 175
-31 -6
-28 -89
-109 49
43 69
-24 -57
31 84
-137 -33
-84 31
239 37
-3 66
-118 67
-112 -237
8 -187
140 -89
-83 35
-74 -34
-95 113
15 -85
186 -98
28 -112
-174 -49
-71 53
138 197
40 62
-16 -90
67 64
-33 187
-156 91
76 5
66 -136
69 -145
-9 -46
-133 80
-195 107
-25 -2
170 51
-18 -115
15 70
-151 -9
-71 -59
-95 82
79 -10
57 -64
-32 -33
-45 90
-128 230
68 281
114 -250
-110 122
-61 14
-120 90
214 167
181 -39
-118 -121
33 -12
43 -59
94 32
-45 27
48 116
146 -6
75 -8
-185 44
-119 137
49 207
74 -144
-41 36
-5 78
61 283
-120 -62
-42 -121
-43 1
-23 65
73 -189
119 -150
58 79
6 12
72 132
-64 89
-87 -90
88 50
-29 -36
-270 -1
-58 70
269 87
-73 66
161 75
-142 -6
36 28
81 86
38 -65
-223 -33
8 40
-46 96
-73 240
-26 128
-52 -137
80 123
232 82
11 3
37 125
119 -62
-101 -121
84 64
-160 106
0 127
95 31
-139 -177
151 0
-148 101
43 144
96 120
-94 112
-240 -117
-51 -180
148 -95
-13 26
-8 -7
-89 14
30 29
-42 29
89 59
143 37
-22 -1
-130 29
-81 113
208 91
-95 43
-154 -13
13 104
85 -90
-99 13
56 -37
46 -75
-22 47
-204 23
166 74
61 44
-53 52
3 -143
-3 -38
-118 -225
-96 9
107 42
249 227
-82 225
-36 113
-56 139
-248 -43
46 33
173 -30
-75 -44
-87 -11
198 -59
83 51
-392 16
-117 68
259 88
58 125
-10 96
-27 188
-101 -7
32 -25
168 -12
-106 -66
19 78
49 -242
-12 121
3 -31
-121 -7
49 -118
91 -16
27 50
-90 -14
-69 81
173 -149
-58 -124
-150 268
159 216
-148 -47
-60 93
-10 18
-63 41
34 48
-18 -5
-55 -43
-2 13
55 119
101 -101
-152 -71
60 -31
71 43
-88 102
-77 77
-2 131
9 -138
75 -8
0 -84
-91 -177
-38 56
-34 93
93 -19
-204 94
-98 222
-28 86
212 65
175 22
-35 40
-53 -107
0 116
-9 -241
14 -313
90 -96
82 171
16 114
-83 254
-68 156
-67 -47
-64 110
54 15
-10 156
87 109
40 8
19 238
-67 -136
134 -79
-43 -78
-30 -147
80 211
170 327
-13 119
-44 -28
-77 17
52 68
-298 73
-57 -204
309 -15
-50 139
-58 -115
-208 -14
-11 128
-5 -46
90 -154
199 201
-24 49
-27 92
1 207
141 -19
-35 -187
-32 -21
-133 -55
-115 -188
196 -101
20 -3
60 122
32 194
-22 68
19 38
42 90
27 -46
29 -70
-91 4
104 51
-31 -1
7 -51
-61 67
92 -104
121 26
164 35
-26 -197
-75 69
-154 45
-48 119
-81 82
30 13
-17 46
85 25
-276 -102
-279 57
383 244
199 30
-150 -49
-2 173
54 -32
-89 -138
-115 135
110 29
80 83
-10 14
205 -36
-163 -233
-137 133
81 22
36 -8
-58 43
-120 -12
127 116
-17 144
-168 -88
163 -141
51 63
-95 143
-117 -165
0 0
-37 100
13 168
89 78
27 93
29 166
-67 -65
74 -35
-10 -28
58 -67
18 -18
229 78
-64 245
31 -127
59 -38
-81 -54
-10 19
24 44
-15 121
87 -110
35 -112
7 -41
-77 0
-30 0
59 80
-157 64
150 29
-31 9
-70 216
-81 104
-130 24
96 -72
-76 -42
30 -2
-49 -127
46 -119
73 116
-131 88
-80 152
-21 -2
19 -86
-72 -260
204 -30
-90 80
-33 46
-53 24
-244 108
-32 69
72 -123
-101 -68
-7 -134
-25 5
-96 146
181 170
-39 -12
-96 -15
-114 263
-129 -6
76 -157
184 8
-9 61
-198 149
-348 80
109 -139
92 -84
-20 73
95 -13
-107 -130
70 -13
-43 -2
-173 26
130 226
9 282
-65 -21
-112 -92
-40 -30
-105 -160
43 74
3 -130
-25 152
67 136
-46 -100
-187 -112
-314 -182
-139 -68
756 204
160 400
-43 -44
-72 -79
-126 -19
-72 -85
-90 -4
-23 56
27 5
-76 -210
-59 347
-157 -12
-17 -87
75 -36
130 135
0 114
31 -18
-60 -15
12 -9
-172 -128
-109 -20
-72 191
-14 16
-30 99
-65 -25
233 -12
-149 32
-247 257
-56 94
-37 254
243 62
-16 63
-282 -177
-80 -121
215 -153
73 122
-37 -86
-64 -52
140 -12
-50 165
-159 23
-131 -103
130 237
225 171
80 -5
-77 166
-85 90
-94 -88
58 58
-11 -160
-352 -122
4 18
207 70
114 -57
72 332
-1 -65
46 2
-61 -135
-69 49
58 12
-83 105
-196 17
-148 106
-103 208
57 79
94 -29
58 -76
-110 60
25 150
-73 -96
56 -92
0 -109
-99 -81
-108 -219
64 3
138 89
81 136
140 167
-46 126
-108 88
173 24
-72 40
6 -51
-32 91
8 153
52 9
34 59
-23 94
-10 122
-72 -163
-21 -14
-70 -39
41 -22
15 33
77 -12
-61 114
-157 52
120 38
-115 111
112 -136
-181 17
-29 121
102 57
-123 11
-34 160
-310 -17
-32 -34
24 -132
44 -9
36 119
-34 103
-138 13
24 0
27 -52
59 165
0 25
-66 84
-88 135
-39 0
-55 -109
-11 31
-54 -45
-58 31
124 -147
-19 -92
-86 147
-131 -98
160 -166
-11 177
45 156
162 -22
-142 -374
-28 -1
-130 115
20 56
114 22
-37 89
4 26
-101 78
-56 68
-97 -293
153 43
130 68
-28 -11
-50 94
-220 65
152 150
-61 -58
31 -139
-63 -148
-92 82
94 215
-62 -165
-101 212
-181 187
83 63
54 -138
-45 66
-49 -102
-25 57
-15 -14
5 143
-31 352
156 -17
39 -429
-71 -26
55 103
-157 178
-71 32
-35 -24
-114 53
-169 -131
64 92
44 17
37 -2
-265 -35
-87 -222
49 -9
42 88
28 428
12 -13
-7 -185
149 148
-106 -54
193 -18
-331 36
-181 61
49 -153
148 -30
-16 37
-27 16
-186 -181
