-129 -18
397 -143
332 145
66 60
-494 44
75 76
14 105
-295 -54
-260 -130
-441 5
130 -77
-5 138
-63 18
342 -234
290 50
459 247
776 -156
500 -67
-346 -233
-831 129
219 223
312 167
63 81
-80 -206
-53 -68
-700 -88
-117 47
62 17
83 161
1057 82
702 19
19 -11
-811 44
112 91
-24 -158
-634 -58
409 30
285 -93
-765 -39
-304 54
476 -119
175 14
784 21
-505 -38
-706 -147
-1027 146
500 6
467 -91
-422 52
-43 86
436 -33
301 -139
-388 -148
536 108
391 -128
-228 166
-1613 54
-705 -21
1384 -339
-131 32
-154 17
806 15
-42 73
-248 83
372 190
-268 99
258 -124
-894 -106
-183 17
629 -58
-162 75
-1613 182
278 -66
1649 -84
537 113
-25 -34
608 -256
-1613 -76
-383 87
111 193
771 36
94 15
-99 -175
450 -88
-344 77
-204 -19
81 -51
289 -27
-247 -82
-460 202
-259 76
-240 11
312 22
762 -62
226 105
-872 -34
-385 48
923 124
380 4
-1027 -41
-334 -392
-188 -52
352 90
-236 213
365 -22
-86 -10
453 -153
-89 70
337 30
288 -29
-636 33
-492 142
-298 87
398 -3
-137 -186
-136 -99
-1 53
113 -212
-226 -67
-177 29
103 96
137 -143
333 -70
-419 174
-118 173
116 -73
196 -98
-205 30
-49 178
658 -118
17 107
-1613 129
-206 122
576 23
561 -94
132 -14
-434 -3
-642 65
-401 -49
1649 -87
795 -13
-1613 -67
-568 -143
224 -127
402 -7
723 66
-250 115
-457 -88
73 135
-13 -46
243 -182
456 -13
243 9
-161 145
-356 89
-37 76
-193 35
338 -26
193 -163
-74 100
281 -41
-547 13
-155 -114
-1 196
-139 -14
-88 -13
223 91
-100 -18
-443 -104
0 177
242 110
224 -97
-110 46
292 -43
-625 -162
-234 -273
-12 123
601 96
309 77
-1105 118
-374 44
769 193
342 -52
247 -92
-515 -56
-771 109
812 127
209 -12
-636 3
204 81
-15 79
290 11
159 -17
24 -23
12 141
-179 100
421 -142
-29 143
195 73
-85 2
-36 26
-739 -94
493 -97
173 -51
-40 -48
302 -61
339 39
-914 82
-100 47
173 -292
-36 77
220 93
-71 -298
-519 144
-65 44
464 -97
105 96
75 -167
-505 -21
47 -10
67 50
888 207
-212 106
-1041 66
93 18
-75 -55
336 -73
325 -60
109 200
-681 -26
-528 -45
91 2
672 116
-330 -33
-122 53
267 -51
753 85
-456 -4
-494 72
275 -81
-332 120
568 66
-1080 -93
12 -201
68 -78
431 239
98 152
-841 -80
601 -47
1414 -30
-803 -187
-1172 20
385 4
450 50
437 127
-1176 64
-327 -133
549 78
528 -28
123 78
644 -147
-173 -39
-475 109
-109 -95
-52 -82
226 -264
479 -45
-586 85
-623 26
149 47
274 64
390 -62
63 102
135 121
-431 -45
240 -114
-164 23
26 53
202 -48
-512 207
-6 -106
330 -158
-121 180
-297 22
2 -113
437 -50
-266 -22
202 297
-20 -6
-141 20
-319 11
-33 -44
271 72
175 -54
-165 109
489 -14
-330 170
98 -53
-890 -57
483 -52
618 -81
-536 97
-244 -91
-44 133
-668 -112
398 -106
941 243
-499 105
-746 -32
181 11
192 -135
35 18
277 -40
-55 -141
-277 -48
656 211
355 6
-592 -279
139 -94
22 111
12 105
-790 -112
-262 -23
452 137
-41 -104
-300 15
2 -189
292 -10
473 -65
77 -21
-637 114
218 88
416 -15
-527 0
-394 -44
765 -4
95 -24
-123 -41
-157 -51
-534 102
204 -20
257 84
162 -26
-468 -2
-637 -123
-15 -110
88 -76
574 -35
707 40
-1057 213
-415 50
575 -11
-422 -124
218 -20
221 24
97 -68
-228 184
22 41
32 -70
-1 -29
200 -35
62 -75
444 -123
-866 -24
-661 17
304 184
-111 -88
-51 -113
-214 269
-91 -30
336 -112
-57 -99
169 12
60 32
0 -89
296 11
430 -33
-342 36
-127 29
-229 -223
-435 86
-336 18
-95 9
-43 -12
325 -111
-34 9
8 -235
-65 -46
1 -83
192 -106
175 62
12 -77
265 208
111 -6
-524 -79
-262 30
-351 -20
542 54
201 26
11 -12
144 -14
-152 99
-491 -148
247 -61
485 -63
-44 -279
-454 142
35 306
58 -63
-5 -3
-56 -67
243 -168
583 21
-157 22
-598 31
-802 33
544 74
476 71
20 14
242 -80
188 -103
-118 -23
-738 -64
386 -14
341 57
-134 114
287 -20
-697 -15
-315 2
123 -192
103 132
391 60
57 5
-173 -38
-118 -5
-275 -68
58 35
45 -167
250 27
-443 -212
-143 74
406 170
411 -56
123 20
-696 -35
-320 -64
448 -53
416 -17
87 -23
-952 70
-220 -104
964 -89
-18 73
-410 135
15 29
132 -106
64 17
-255 155
119 -111
151 18
89 47
-32 81
385 -117
-133 -64
-291 9
89 119
247 -5
-40 124
14 153
70 -121
286 -260
-734 -62
339 54
-299 78
-386 -53
141 -110
456 0
277 -40
-1100 -39
-517 -1
921 -74
165 68
325 -133
-167 18
-87 -82
-393 9
-103 15
-36 -145
7 -85
130 -43
27 60
179 -44
-434 -67
-317 -33
390 -29
243 31
-106 -77
-73 -193
-279 -192
343 224
123 80
-77 114
-250 -68
45 62
-28 -76
205 -68
95 -31
-70 245
-85 -34
-35 -89
-316 -13
345 12
146 -135
202 -143
-170 -158
-468 49
211 146
377 80
-112 6
-575 -45
-72 -95
427 -60
306 -35
-188 25
-886 -49
514 -46
175 12
-746 -107
411 -48
642 -108
-3 -74
-428 135
-330 70
432 -30
156 26
147 92
351 -193
303 -84
-1613 -7
-253 -46
404 27
439 84
40 -105
-194 -120
128 -49
504 63
-742 3
-511 -155
457 -47
166 39
-325 85
-82 137
398 36
-131 -6
157 -52
192 -148
237 13
526 156
-249 116
-471 -12
-61 11
-403 -128
-1 134
78 -55
158 -16
686 -5
-1613 1
513 -158
-279 172
-56 -82
392 -216
107 67
-73 -63
-294 -24
-60 43
-61 64
1018 57
50 75
-1613 -41
120 -39
376 -167
-258 -1
118 132
-51 -175
480 21
779 -94
-646 33
-972 -16
-51 -26
309 -45
-120 48
67 62
3 93
121 -61
156 -59
442 34
-165 -36
-19 -189
264 55
-493 -39
-174 -174
151 79
-39 96
13 -4
61 2
-733 -74
449 21
348 14
-188 96
-750 134
-53 53
3 48
-85 -92
374 -21
-251 -54
217 128
86 136
14 18
77 -70
111 5
-431 115
-99 -199
175 -235
-146 -2
377 110
-109 -12
-78 63
127 48
60 -115
-458 -62
164 -62
364 -31
-146 73
185 60
-167 -45
-332 -84
155 48
-38 -33
-370 -56
241 84
-161 195
287 20
334 -226
-297 118
137 56
606 -72
-162 -11
-622 -37
-126 61
106 -46
-115 36
15 -66
234 26
368 -54
-854 -98
278 -63
-67 -105
213 106
399 158
70 73
135 -34
-742 11
96 -5
569 -147
314 58
-226 -19
-287 155
799 45
-463 37
-579 -110
134 -117
235 -3
-48 -95
23 -54
-350 32
35 -38
155 3
624 31
-298 -55
-382 -68
-76 -65
9 -52
176 105
75 43
-216 -87
77 -114
230 71
488 67
-617 30
-122 -34
-592 54
143 47
451 138
161 -34
16 -155
84 5
80 -55
9 -68
315 -73
240 -49
-46 34
-377 86
-5 31
-291 -6
-321 -250
-255 -83
602 28
315 -16
5 -69
-347 -69
304 40
-545 -56
252 -117
193 -143
218 -3
-161 -233
-250 136
755 -8
231 5
-822 131
84 -203
-305 -30
-384 76
-93 -86
530 104
194 -52
-445 -35
-139 -9
303 -33
220 -131
402 -187
-148 91
228 39
34 36
-337 112
-850 26
817 34
12 -40
-22 -148
105 -20
-478 38
184 53
667 16
-523 -3
-414 37
440 -13
131 -7
-18 -77
-284 -7
102 -20
64 50
-362 63
108 -17
207 -67
157 27
292 -90
-788 -109
247 -65
329 179
-685 80
63 4
27 64
-159 -6
11 -32
531 -83
443 -40
-1613 -75
34 -10
471 135
197 186
41 255
-563 -302
313 -239
430 20
-501 -15
-235 121
627 -78
-163 33
-151 -9
207 -151
91 47
-145 -10
176 87
-215 103
-696 50
594 79
312 -85
-94 -161
-292 97
92 -94
423 37
-449 -35
-214 -112
420 53
304 257
275 -88
-247 -192
-158 -6
372 -41
-425 65
-231 22
399 -52
420 -77
138 2
-537 -93
-44 -76
190 -75
16 -99
-102 86
-303 -34
174 73
604 -5
-400 57
-652 -67
329 -133
-481 -114
-4 127
248 23
152 -72
164 206
-438 25
239 -132
235 -172
-346 -48
49 -27
339 132
44 -85
-556 14
12 -36
89 -27
440 -88
219 13
-736 162
-1004 -102
488 71
842 -52
179 30
-606 -19
-79 -186
-165 -64
210 -3
249 -60
195 106
27 -6
-237 -191
134 92
-100 -27
217 -2
278 -28
-411 17
569 -72
161 74
213 -15
-216 -23
-556 -81
-298 -282
667 85
83 -141
86 2
115 -1
87 98
-214 88
323 -152
273 -152
-1201 0
384 38
175 103
516 15
-91 -14
-720 12
539 -57
553 31
39 52
-717 -58
-84 -30
-64 110
141 -60
225 44
-77 -95
-38 80
11 38
473 -125
-183 30
89 89
-84 -81
-115 -30
273 110
203 1
-163 -36
-715 -25
72 -36
553 -87
-154 115
-148 112
0 130
208 0
0 -15
-484 -136
412 -63
569 56
-574 42
89 28
131 34
97 -97
118 -158
-256 -23
-173 -103
155 -70
570 16
48 3
-600 -43
-73 81
387 76
-324 -231
198 -119
-84 140
155 -47
-857 -8
615 81
-104 7
31 -48
-140 -73
227 20
-485 -74
482 63
66 95
136 30
117 -6
-247 -25
-183 -272
75 103
-264 -55
89 -127
122 102
20 0
-122 177
212 58
21 -9
333 -143
-204 -176
-375 -74
58 113
95 38
-62 -183
-299 -24
67 61
175 -85
143 -53
36 -21
-46 7
387 -23
-342 70
-388 58
99 -34
-167 53
-114 -169
144 -119
-111 -67
422 58
-22 91
-419 -20
-42 168
340 -194
-316 -97
324 78
-130 -15
-299 -7
126 61
149 -125
348 -56
216 50
-124 -20
186 -241
-220 -120
-195 54
113 -53
253 -15
268 6
-430 25
-363 36
74 -58
437 -30
-300 -43
-170 -46
-70 -6
92 202
544 -108
-32 -6
-375 12
-288 -133
54 9
681 150
-56 2
-1612 -138
542 -55
-318 153
585 114
-205 149
-381 -82
264 11
-166 73
59 -1
96 -23
156 -42
218 -19
138 -26
-99 -55
-107 -117
148 8
100 94
-214 -133
-375 131
-94 14
227 -66
312 -46
56 -73
-344 9
99 -77
41 260
857 -64
159 -25
-1070 -69
-698 90
607 -46
407 -10
464 16
-598 23
-92 0
166 48
588 5
25 -28
-405 -69
-221 -40
122 32
230 25
45 -6
-446 58
-41 -26
262 -111
-114 54
381 -123
-26 -38
-256 68
-365 41
-587 -14
277 -11
473 -42
-320 -51
-518 -73
172 -49
269 184
486 20
99 -174
-283 -39
-36 101
-953 44
73 -95
849 -51
33 83
-6 45
-262 111
55 -26
429 107
178 -14
-367 -9
111 -209
42 -77
-33 177
-150 55
-284 83
210 121
296 -55
-248 -31
70 18
-106 -36
-30 25
127 129
344 49
216 -129
-1022 37
-130 -17
155 -125
313 -79
153 113
166 77
54 34
38 155
-930 -38
18 -171
635 -85
541 5
-729 -13
-107 156
575 -61
-70 -93
-123 12
-71 65
320 -86
67 17
-100 -11
224 8
-102 108
-551 -14
-326 231
408 78
-23 -50
-159 11
18 -126
105 52
63 -74
115 86
-60 -96
-441 93
109 2
55 -93
-43 -75
313 -6
484 89
116 27
-1613 37
36 -11
736 175
309 -34
76 16
343 -89
1 53
-409 43
-336 79
-23 6
286 -115
919 29
140 -1
-176 -124
224 -74
-493 231
-1371 54
172 -61
1199 22
255 -61
281 -15
-46 16
-639 107
-587 58
-542 43
450 51
380 32
5 -123
92 183
-373 -15
242 -149
108 -168
-158 51
146 -17
170 -32
-48 141
-27 93
100 51
43 -155
-289 59
-140 109
452 73
3 124
-210 89
-16 -194
-66 83
65 -45
-886 -1
-168 -74
622 24
45 94
59 52
451 41
-373 130
-103 -135
-389 -155
123 -118
239 105
-431 12
228 -55
72 -12
-72 -4
-401 1
-16 3
475 -79
-109 94
216 -103
-259 -9
46 99
382 88
968 -33
-1613 -18
-616 -26
792 -159
405 185
-157 73
-540 -47
-365 33
73 11
328 -105
164 -81
365 -104
506 109
-1199 42
-278 35
241 18
214 60
6 0
6 -47
100 0
28 14
22 52
71 127
-394 42
122 117
-98 -144
16 -78
106 173
-697 -71
513 142
233 84
-111 -135
-180 32
-30 49
206 51
-587 -201
223 -88
-123 -52
-195 43
14 128
166 0
-589 -23
552 68
-21 -228
416 -33
393 -64
-463 48
-494 -18
50 98
-44 70
569 29
243 60
-368 -190
-529 -51
26 36
196 83
-51 12
-21 -20
136 -97
112 102
91 -81
224 -62
-679 45
-368 -4
428 137
183 -130
0 32
96 -21
3 23
-257 -46
-531 187
320 35
105 -209
46 31
186 127
427 144
-752 -121
-134 75
-120 -256
414 -103
-264 92
260 114
211 17
-555 62
-433 -199
38 99
233 -116
408 -95
157 -86
127 -200
-436 -15
83 49
16 210
327 -21
530 -290
-348 0
-848 207
-93 54
524 54
-115 -1
-14 -94
-67 99
48 46
307 -111
-607 -16
-124 174
109 -24
-262 58
-72 -23
89 -101
-174 49
-1 -89
221 -59
32 100
86 135
-388 -106
-148 118
604 -108
381 -81
-711 72
-259 -146
-3 -2
93 -237
-136 238
36 -147
129 199
276 -42
289 -98
-264 -102
-407 -27
44 28
331 -37
-39 -91
-256 163
-508 31
428 -32
-61 -244
275 -141
130 -31
168 147
-359 1
-632 53
1084 -21
-132 -94
-1161 -1
27 -26
-19 72
-221 117
241 -64
-139 162
144 -35
104 -18
251 -73
-137 -263
621 -107
-39 34
-1613 64
-106 -43
-558 101
333 20
133 -196
-45 -155
-199 112
-209 267
33 -101
39 7
217 73
-154 41
-158 -61
-321 -67
209 12
27 73
83 -61
19 -138
394 54
-336 13
-165 68
605 -48
233 -2
-1613 -12
515 4
581 71
-662 -2
100 -25
38 47
50 -22
-71 -109
-164 -124
361 -25
0 74
-101 -3
2 76
-160 -4
39 4
-142 -176
30 -197
232 71
81 86
64 61
-166 -4
0 -5
24 -105
-229 -30
-93 -65
-333 -1
353 73
94 57
-419 -31
0 -143
119 131
607 48
-368 80
94 -91
-403 -36
-70 71
33 86
-197 -52
130 14
119 73
-174 156
-194 -218
188 -209
-173 103
-287 -54
317 88
387 21
-237 33
54 140
-183 -162
-258 -113
-6 323
459 -129
274 -81
-23 -30
-402 54
216 -124
13 -196
129 -59
-280 -19
128 49
-347 125
88 -18
-5 29
-283 94
-189 -264
-289 33
306 -25
247 173
-70 0
-47 -46
175 -80
200 -44
114 -51
-109 -26
58 -68
-75 -46
36 54
-183 -109
-51 82
-96 22
-8 30
-1 -75
251 -145
176 -57
1 0
-19 -61
-707 -128
-627 56
564 -41
518 -26
64 23
-201 -209
95 -49
12 21
-194 114
225 36
36 83
123 -29
-477 -38
46 -126
23 -27
45 -53
1 131
-157 -130
229 -52
-50 94
107 81
-231 -13
-112 -132
-106 28
-160 105
-19 188
376 -118
126 104
28 15
-448 -304
183 78
-397 -83
228 51
183 162
-252 111
253 -56
20 151
-375 -12
26 -89
-144 -110
130 107
261 -117
134 -86
-127 88
40 6
-73 -185
-272 -163
-112 109
819 -5
-913 54
-91 72
57 -95
414 23
-209 87
-344 84
249 -168
116 -64
34 101
-19 88
85 47
-179 -47
-217 -101
18 -122
-329 -103
116 -2
30 62
-81 13
109 -18
-203 51
-128 -140
-255 22
65 -112
114 3
299 60
-146 -127
-260 -26
-31 239
117 -211
-413 4
390 30
-566 -32
179 -79
193 -115
80 61
-62 34
81 125
-146 -287
92 -48
218 0
-196 36
116 -63
60 -130
-114 64
216 21
-218 41
-401 169
332 12
471 -71
-279 -328
-422 -12
208 293
-586 55
297 -330
63 -32
-242 117
41 -106
484 -78
-297 39
-755 130
58 1
326 210
401 -25
-273 17
-64 108
-95 -38
-137 -196
324 -145
-35 -1
83 104
156 46
-129 -59
-150 20
26 -15
269 -375
250 20
-844 154
20 97
399 -27
-575 -108
426 -53
-239 99
-104 72
-353 -99
538 -99
732 -261
-376 255
-371 114
40 64
-352 -13
86 35
490 -201
60 1
-469 31
-113 97
66 38
173 -179
179 -47
-66 99
234 -78
-320 30
-736 -28
192 35
423 77
-244 57
-5 -129
109 -237
85 224
66 -8
-219 -17
276 65
398 34
-474 -10
-600 -105
51 36
397 -112
-597 -166
-529 -41
124 0
150 -12
378 -23
276 127
6 -7
-177 197
200 -181
85 -230
223 159
-226 -22
-233 -32
54 0
63 32
-761 172
263 42
-175 -187
100 -61
200 -47
190 218
-44 -64
-85 264
-310 -249
107 -124
310 -35
352 -65
36 8
-254 82
66 20
-11 -12
379 -3
-357 -80
-327 -61
-94 -38
16 -28
457 -61
61 94
-565 48
-159 25
21 44
-175 -38
252 -67
49 112
-223 232
-215 7
160 134
349 48
-523 -5
-266 -24
182 -201
282 -54
-35 88
24 -19
-186 107
-135 -157
112 68
379 -134
-85 -57
-445 -25
156 49
-242 -72
155 38
505 -45
-13 32
-1612 -106
489 63
591 9
130 5
-84 -77
-19 67
131 -200
198 -58
-77 92
-239 113
173 -189
88 -75
37 43
-170 -75
47 96
227 -157
-125 65
-372 88
318 58
178 -16
301 -161
-896 -79
-75 51
106 -119
-107 98
-99 224
163 -43
158 -34
-150 -31
-75 -5
631 63
-501 189
-370 -8
-289 -83
280 98
-191 -86
597 -147
-309 1
-308 41
54 -205
285 2
-115 83
494 98
-23 -8
39 49
-824 -169
38 -110
453 15
-293 40
280 121
-3 87
159 -53
2 18
-53 77
-121 30
113 -229
-103 -4
126 60
-32 4
14 2
-144 9
-194 -115
312 91
-249 -274
-250 -100
168 100
73 52
-64 -117
-214 -3
-56 39
319 -62
-362 -1
209 -25
151 151
98 -84
-414 -103
-405 -120
318 -1
345 201
206 -284
-127 -193
-86 -76
-314 -12
121 69
150 16
-9 -26
335 17
-579 79
57 -84
365 -6
99 -18
-71 -3
189 -4
239 105
45 75
61 46
-1047 -210
307 -3
187 87
-185 -28
110 -46
-90 -37
-82 -174
61 -126
94 113
216 -136
-357 27
285 -59
-256 20
-248 124
-105 20
66 78
188 -85
-606 -111
226 -104
119 -2
-47 -49
-180 -51
22 -37
320 23
310 68
-3 -90
-168 -25
-141 107
-195 53
215 -29
-251 -79
-362 114
-155 38
189 25
244 -210
215 -85
216 44
255 22
301 24
-629 77
478 -51
576 -74
-846 35
4 -109
162 32
49 43
-88 4
73 -92
-139 -10
38 98
130 -100
-24 -52
-422 -10
220 25
-168 23
-66 -90
231 -186
-59 143
-98 49
46 -195
46 4
243 -51
345 86
-927 -35
47 20
-215 -57
445 30
-216 31
-323 45
44 -105
-158 -92
220 -31
-64 48
136 -68
279 -59
162 -91
13 -142
-260 -47
-79 113
237 49
232 140
-21 24
-304 50
146 -156
-168 -162
211 43
136 146
-333 51
-278 17
-60 13
-99 -38
-55 -39
93 143
185 -35
123 -40
44 -8
-214 125
-208 -45
18 -91
-169 -49
194 172
118 -184
0 -102
-164 77
-72 160
-68 -1
262 -25
-184 -192
8 -75
125 -26
54 -48
-211 0
86 -3
416 145
-557 18
-228 101
263 -50
-285 102
16 -96
77 46
-15 -92
39 -22
170 66
58 112
187 77
-83 -112
21 -168
-264 -20
-121 -1
-151 16
174 -19
-429 -35
-302 -5
218 -212
214 -69
360 -184
383 39
-930 -133
-539 222
285 53
-193 19
241 -129
154 -74
-151 -9
-191 -41
200 127
182 -70
-625 3
85 9
77 55
31 53
81 -58
44 -135
-11 -17
128 20
37 18
115 -40
-293 73
-5 -87
-56 -63
-235 -218
-183 20
-127 102
-4 46
11 -13
201 -95
-41 -33
65 -200
-189 -97
-152 -6
-49 14
-327 162
110 -115
189 -120
331 -74
-330 -50
-278 -35
291 -10
82 119
-113 -105
-90 -123
-35 154
24 50
-15 -33
-229 -58
-65 -46
53 -140
319 -163
218 -22
-247 32
-110 -20
-53 25
19 -143
31 12
-21 -57
-472 80
186 80
-29 -22
487 106
-339 -101
78 46
369 -28
9 -83
89 -32
-523 84
-50 -53
59 16
-4 2
-189 -38
113 27
-26 -176
-85 -60
37 51
-107 12
6 4
150 33
-248 -51
-434 -105
44 -119
79 -102
100 -33
-17 113
84 187
-189 -81
0 -59
26 -49
-98 -136
-7 -181
175 148
126 -7
-75 -326
-637 -27
121 -49
149 90
100 64
58 -74
-212 203
-290 -39
-104 25
316 37
202 54
-17 -63
-272 -85
-73 -139
-108 8
138 6
-32 -47
-95 76
-253 175
210 -79
398 -169
-249 -62
-325 -58
-154 -75
92 92
295 -9
-222 -17
-257 74
-91 -58
109 -29
232 38
-287 35
-379 -134
129 55
-74 125
-63 -45
107 -277
0 -85
83 26
31 -122
-116 -48
181 -46
-518 128
-182 -46
186 -84
-58 130
207 198
-2 -12
-571 -75
-12 -99
212 71
-11 37
135 -34
345 -59
-389 50
-165 16
-139 -232
58 12
78 137
122 -29
42 16
185 -76
111 109
-468 -102
-423 -120
365 -92
91 -42
41 -6
-80 122
-192 21
116 27
241 44
-275 74
-124 -256
16 20
53 122
-238 -184
-272 18
0 75
489 -38
-63 -62
-454 3
-365 -166
330 -61
-245 44
303 24
25 -45
-280 22
-117 56
-70 -244
5 -61
-92 46
-69 22
-82 -121
109 -18
-5 -32
-437 -206
1 47
89 -14
98 -114
9 12
27 -242
18 263
35 74
-296 -56
-174 -181
97 -71
-560 4
62 128
301 21
11 -3
-121 15
24 5
100 -117
215 -20
-300 -93
53 0
-185 82
-93 46
-161 -191
48 71
89 -60
204 63
-73 52
-1 -151
69 -12
-84 -11
133 32
-156 -60
22 23
-116 3
144 -155
8 -142
110 -49
3 101
45 -101
90 -12
-182 78
-54 57
-93 105
-141 -248
36 -142
-222 125
-80 99
72 -66
210 22
-425 -120
-59 133
211 -23
-185 -229
119 106
200 -135
-266 -14
-197 14
71 -46
-170 -4
-145 -190
-44 -164
-28 2
38 135
20 -16
-80 -101
17 -5
-44 53
-64 -31
-44 -109
-39 -182
-258 28
34 35
172 -122
-232 40
-211 68
-66 -26
59 -107
22 -260
-8 -7
98 64
-102 -9
-543 24
124 0
505 13
210 -1
-79 -41
-225 114
-41 -64
66 -53
-365 -21
153 111
35 73
330 -33
24 27
-386 -61
-156 1
464 24
-277 -112
-190 46
-88 117
-211 -204
-128 -176
18 60
144 -50
230 68
137 307
-261 -124
-90 -229
171 47
250 94
43 -113
-147 -109
-407 38
119 23
19 -8
-168 61
-205 -31
60 60
78 -95
-99 -35
-50 7
48 -50
301 82
-124 17
-312 -22
-72 -143
200 -113
-51 4
-179 -42
-195 62
-114 5
5 21
142 105
1 110
-1 -198
-216 -128
-195 -37
-159 16
2 -32
28 -31
32 34
-12 -50
-51 -67
97 -136
166 -48
-236 -228
282 69
-228 -62
-389 -179
72 -63
204 -161
-261 26
-204 -5
-240 13
105 -45
261 -110
-113 -3
-255 138
204 25
-50 -194
-139 -90
8 -98
234 -1
-79 55
-580 -33
283 -146
-587 -170
221 -18
287 4
73 -92
-142 -53
-105 76
49 -92
-31 -12
-176 51
-33 6
-149 -164
210 -57
-93 -75
-125 -1
-64 -38
-140 104
160 54
-105 5
-343 -177
274 20
-188 -50
-475 -8
204 105
-70 -42
48 12
60 -109
-244 -43
-25 -114
225 -159
76 101
0 355
-94 96
39 -160
-150 -78
-321 0
-204 -57
181 -42
238 82
-297 148
111 -50
76 -481
-164 -248
20 194
-91 -83
-40 7
-59 61
13 284
