-50 939
-65 340
-65 31
-7 4
-34 -138
5 -131
5 -55
141 -232
-63 206
-6 802
-85 -623
-88 -979
21 -179
-63 576
42 1095
-122 -119
-60 -723
-132 -149
27 678
-119 175
9 -661
83 -388
-5 387
-202 1096
117 -87
-37 -912
-15 -759
24 -525
-44 168
-119 1422
34 516
-1 -1102
-115 -1038
-24 954
111 1045
-36 1076
-40 -555
-24 -1372
1 -487
25 849
33 480
-26 -825
51 -851
-99 585
-82 874
-41 -395
-51 -240
-5 -106
124 -227
13 791
41 511
196 -1085
-36 -855
-39 -152
122 1205
-2 814
-21 -54
-164 -293
11 495
141 -199
-50 26
-28 -476
-117 -570
0 62
31 628
109 -71
-74 -593
-100 -110
57 464
20 4
-34 -115
79 22
29 604
22 64
46 -566
133 -382
-118 197
-249 174
-59 -271
-8 -168
-10 532
-43 -76
-96 370
150 134
188 -209
-11 -506
-86 -210
-67 443
-2 -11
-91 -251
-37 -581
-21 -207
71 759
6 527
-68 -715
-42 34
78 543
-106 64
-21 -379
-123 -527
-75 176
267 374
194 -850
-49 74
-161 407
32 -659
45 358
27 1480
-6 -94
-27 -732
2 -619
9 -36
4 55
-7 187
119 225
102 -77
26 -237
-29 -507
-24 130
-20 945
-101 -22
7 -126
62 -597
-60 31
57 485
-78 -256
7 -441
84 137
43 133
-73 95
0 351
-61 -151
168 -44
-62 -47
108 -460
56 65
75 121
-1 124
39 347
-3 -210
18 128
-24 224
-100 -533
164 -346
-91 44
-164 681
-44 -409
-26 -971
32 29
1 1281
87 -67
-94 -584
-16 323
-104 314
96 -122
-56 -284
227 -116
-72 410
12 43
-121 -596
-76 -149
-88 341
297 334
-134 -13
-23 -441
-185 247
-262 602
15 -55
68 -476
-28 146
32 -254
86 675
-172 306
-123 -282
4 -432
103 -232
-43 67
77 275
-52 -35
-135 -175
119 39
30 -105
-121 126
72 95
21 -450
104 311
137 -281
12 28
-220 -172
-112 283
-137 651
206 28
86 -306
-97 -274
-136 -493
-17 265
-9 482
-55 -605
-15 112
15 242
52 -188
238 434
-157 -115
-282 -496
24 167
159 64
30 -142
-109 683
-186 -330
-81 -237
199 57
149 -120
-72 -58
-141 284
71 197
100 -441
-74 -427
-22 661
-83 815
-25 -396
294 -307
29 -9
-77 251
-108 40
-18 -211
253 33
-31 -24
98 -443
-101 -234
-58 940
57 355
4 -55
9 -59
37 0
102 -347
196 -143
-83 -97
-226 257
-6 222
-20 -287
8 -397
182 627
-46 341
-182 94
-56 -212
8 -289
-5 154
30 -272
-174 232
68 460
135 199
-87 -234
4 -237
102 -58
-49 -206
19 -210
-53 161
-85 316
-53 -286
-101 22
239 83
4 203
-64 23
77 -73
91 295
-125 -95
-12 -322
14 -427
105 106
-15 190
-96 519
47 176
-78 -566
16 -247
209 186
38 289
117 638
-216 -282
-87 -443
-95 -1
-98 -280
31 13
-39 557
43 -301
62 414
178 162
-35 -523
59 -309
-106 32
-141 -120
-62 366
-84 341
106 563
14 -325
-260 -638
-83 -256
131 260
-146 -433
242 595
82 836
92 -101
-134 -590
-98 77
19 355
88 7
143 -232
-79 -384
40 163
-50 24
83 -229
39 -595
-32 -46
50 -191
37 1232
-78 312
140 -924
-11 68
-254 675
180 -122
36 -335
59 80
-67 -290
52 -618
-1 129
48 999
0 245
20 -322
181 -478
-153 365
22 -291
-65 -395
30 552
61 775
-73 15
-49 -166
-116 -466
156 -218
116 -30
-162 256
-241 795
28 -188
209 -13
-87 -115
-37 -256
20 63
161 -95
-156 417
-126 46
6 -306
56 25
-57 71
-5 -432
62 -338
-96 650
-75 602
-29 -3
168 -165
102 36
165 -393
-147 189
-55 -123
-75 -215
-39 724
329 127
-89 -464
-113 -475
-198 282
82 665
248 -156
6 236
-60 171
-223 -172
504 -224
40 -233
-58 55
2 -504
55 355
-126 420
-95 -164
158 -167
136 -548
40 215
-122 -8
2 39
36 372
1 328
47 -154
-120 -835
40 325
104 469
6 113
81 -126
50 -243
24 -102
-36 35
14 93
86 304
-80 191
22 -345
-37 30
40 477
104 -125
-25 -219
-222 -326
-107 374
-6 -54
-49 -329
-145 26
-21 606
386 27
-19 120
7 500
-129 -67
6 -124
93 -282
22 -225
-47 243
208 -203
-247 -359
-189 363
149 326
-7 29
26 -93
108 496
-20 268
48 -576
83 -70
-76 267
-100 -106
-40 -373
53 -265
-157 229
-20 145
65 244
80 218
-103 -409
-35 -315
63 -88
78 481
-40 -412
85 -126
-107 192
5 -101
42 179
45 113
26 -289
112 -374
11 -172
39 994
-116 230
17 -493
183 -113
-87 -49
61 -58
21 -61
6 71
176 659
-68 -22
-181 -507
167 548
60 222
44 -119
64 -509
-76 83
37 236
-87 -248
-4 -286
248 -390
94 445
-160 132
-106 -18
-85 406
-39 110
160 -152
78 61
-78 -220
96 -254
66 1089
-158 -272
70 -426
29 -335
-16 -162
127 482
9 592
15 634
-94 0
-59 -651
143 -828
-117 169
-197 378
173 638
-28 -264
39 -126
24 218
37 -112
41 -624
-29 -394
-80 955
-19 408
47 -157
-40 149
-91 -93
-2 -508
-33 12
193 -167
154 283
-51 948
-24 -392
63 -294
12 -484
38 -999
2 503
8 1649
9 159
9 -875
-22 -632
150 -75
37 127
-157 144
-73 141
20 -346
21 -837
-12 35
64 507
111 237
-30 134
-4 273
-33 -25
73 -336
35 156
-89 221
36 133
-82 -426
-69 -596
-80 -387
86 1416
-211 183
-34 -262
204 180
-200 -119
-154 -494
120 4
113 692
-91 -59
-59 -315
100 271
122 -193
193 -104
-158 122
-36 -193
-43 86
75 353
-60 -110
43 -114
144 -4
-122 -327
-148 -216
-244 362
81 103
-52 21
14 -261
-31 302
51 -109
108 -250
-175 39
24 603
33 -7
86 134
73 296
148 362
-5 -212
-157 -770
-66 -238
47 555
92 278
-9 -19
-110 -263
51 -449
-53 572
-14 528
126 6
54 -276
-215 -419
5 -23
78 209
-35 191
-159 -108
-3 147
69 -62
-38 -312
-82 -85
-64 206
24 141
82 -3
-59 -190
-81 257
-6 365
-225 -77
194 -235
-207 -176
-75 145
21 -95
-22 -15
89 569
30 -211
-26 -446
-152 -91
-63 -66
43 -144
43 519
-202 760
141 290
129 -465
-37 -692
-99 -230
-7 524
83 29
77 224
-18 172
-22 -396
-20 148
-37 215
153 -366
277 -54
119 -150
28 -222
-42 647
-1 655
-21 -853
50 -386
-57 53
-101 -130
-11 -45
-26 827
-10 90
0 -81
204 -190
50 -283
-97 -135
5 56
112 148
28 463
31 176
-88 -444
89 -184
2 78
-44 -159
-54 313
153 320
14 -324
13 -388
136 298
20 387
-58 -311
-101 -232
102 343
99 125
81 -387
-136 86
25 164
119 -40
154 -539
48 -451
-144 376
-179 844
-1 -85
217 -600
-97 -324
187 325
76 780
223 44
-198 -420
-92 -371
45 -203
60 -625
161 209
-77 1380
-32 244
68 -649
-29 -342
81 177
-2 -4
51 555
-76 -19
38 -258
36 40
-45 -134
-90 -206
49 -176
74 24
-165 568
80 200
127 -216
-91 -368
-62 346
165 395
-18 436
-5 -193
-27 -423
-67 7
-53 355
143 -69
123 -614
-44 -34
120 397
-133 241
-24 -188
218 -112
150 832
-93 465
23 -292
56 -595
76 -569
-66 371
125 75
6 353
-123 -91
-273 -336
-164 551
133 -97
300 -307
161 -198
-136 -31
-24 709
6 422
-153 -159
145 -558
121 -272
29 94
-189 45
195 35
-25 508
-161 365
72 70
-122 -740
141 -319
115 826
-145 420
109 -754
-14 231
-28 551
-42 -210
142 -173
73 -627
-78 -589
-63 938
107 630
-48 -33
-39 -58
36 310
26 -78
148 -422
-63 -625
-281 -124
135 685
-108 779
18 -423
6 -1045
58 548
-35 894
37 -574
-110 0
116 534
240 -420
110 -337
39 247
-161 740
-60 -88
110 -170
133 241
-39 -51
42 -934
27 -30
139 1251
82 -238
-75 -1004
-2 -743
-17 1016
-21 563
15 -615
-85 189
7 -618
32 -848
-24 653
-36 1445
-46 351
-56 -663
113 -285
68 94
-47 -553
-123 -3
-161 868
-301 213
61 181
99 -336
21 -714
52 -493
-122 968
-36 667
31 -330
38 -493
60 -170
16 372
53 31
-180 -275
38 19
178 1
-26 31
-88 587
-7 -336
143 395
80 -252
69 327
19 605
-177 -316
119 -613
42 -307
102 199
68 -118
93 521
9 -15
-135 -264
1 -178
30 257
-62 53
21 -56
68 -273
-176 -432
50 250
74 1077
58 286
-167 -605
-50 -32
145 -360
138 -134
113 690
-34 252
-163 -429
-49 -992
-19 -609
-36 1576
189 958
44 -629
-66 -196
-117 355
-17 -36
175 -423
-80 -60
132 501
34 -80
-71 -1170
23 -39
-42 1039
35 213
3 -74
-34 -26
8 -232
79 278
-67 -154
-38 -536
5 490
-52 441
145 26
-71 -686
-102 -325
-36 -29
105 218
6 651
127 -118
-114 -110
0 -236
-73 147
160 342
110 -504
228 -475
-281 574
-181 869
18 -398
142 -404
-165 -273
26 32
-59 0
242 -273
-138 756
-180 475
270 -624
87 -1179
34 899
95 1208
-81 -345
82 -300
-9 81
-41 -320
76 -1102
37 754
-6 1027
85 -535
14 -1619
-185 834
240 1266
97 300
4 -288
-70 -218
207 -343
-180 -263
-116 17
-39 276
-44 -381
117 287
140 -119
-107 -119
96 413
39 764
37 143
-120 -329
-96 -712
-72 -510
40 299
144 394
17 106
-112 48
68 274
31 424
54 -96
-52 -509
91 -496
84 838
-71 24
-31 -175
94 -47
135 76
21 -182
2 -309
225 498
-118 460
-407 -125
314 -521
308 335
-167 -202
-117 -644
43 731
134 492
-51 -153
-91 34
242 130
302 -211
-120 -442
17 -606
-82 289
-132 960
13 -40
15 -271
-71 -396
-42 78
209 176
-77 -265
-14 168
-131 53
-99 248
0 -204
94 -583
-69 -54
-15 569
-82 409
136 733
-81 -289
-61 -739
21 -566
187 -147
83 798
-31 510
-143 -203
-109 -355
-160 -17
88 -366
356 375
-78 627
-313 98
35 -321
54 -303
11 -415
-88 -140
-91 734
45 390
-55 67
92 -98
90 -541
-11 -366
60 534
-30 -51
80 -31
-21 601
15 198
-45 -640
0 115
53 120
134 102
2 -16
-38 91
79 11
78 -704
28 -288
-23 1453
-134 590
39 -647
107 -476
74 13
-120 3
-130 155
-230 22
179 -673
58 -408
-36 485
101 -192
110 389
1 617
-33 -12
-197 -37
51 149
142 -503
79 -720
-132 852
81 373
-35 -348
-28 -285
85 -39
-67 188
12 103
-89 53
147 -102
91 -620
297 -89
-63 565
-133 25
-81 102
-11 344
-117 214
228 25
86 -186
39 -182
-32 -536
-177 686
94 741
-21 -284
-48 -342
18 -397
69 -33
-46 -45
-123 532
121 578
112 -309
12 -671
-49 -158
-40 75
116 -167
-57 112
-155 628
-11 989
60 -372
25 -801
-68 16
73 180
-50 37
1 -119
-245 125
404 236
208 -151
-296 158
-234 -287
293 -402
83 261
75 115
53 481
-80 278
-280 -321
-33 -565
137 -162
-3 591
-95 284
18 -191
54 -150
-24 252
14 100
58 -310
-111 166
-130 176
-47 -12
57 -43
53 -135
-159 -579
73 249
61 966
-47 545
-107 -505
-85 -409
-63 328
77 132
134 -102
-106 -178
76 172
-8 -48
-4 -341
-4 -38
48 -109
143 519
22 769
-52 241
129 -375
49 18
-139 76
-327 -310
204 -291
17 554
11 246
-58 -139
16 -120
98 -244
-178 -155
18 329
108 61
189 -286
-52 281
-38 435
-57 -755
16 -347
-33 914
-13 536
105 4
-20 -576
-68 -132
3 145
-171 -284
56 -130
153 494
117 205
-93 -285
-83 -147
57 0
-128 195
77 -346
102 491
59 759
-46 62
106 -325
-12 -302
-248 -238
175 -101
104 -329
-65 621
3 594
-62 -169
2 -200
-130 -370
246 -268
-75 32
-70 373
-56 224
-140 -217
-25 445
-31 -264
-166 -479
104 -227
29 650
-74 419
-80 28
-66 -48
-53 -345
61 -106
-43 107
-35 20
-62 335
-106 -81
111 -33
25 225
-26 414
-46 -109
-35 -128
-123 -108
-74 -457
121 -248
-91 401
-154 429
58 -52
42 -217
21 -68
98 16
15 -332
-14 47
51 574
-37 145
-157 -458
-53 -304
274 320
-64 59
34 57
21 92
-105 435
29 45
201 -491
-92 -113
-59 141
13 198
-70 313
153 -288
-178 -338
35 303
2 178
-1 -126
-1 -377
-51 509
-55 131
-45 -135
271 -306
34 -161
-176 126
45 -54
4 136
-44 161
6 -215
138 118
7 199
-15 -361
0 -330
-65 529
20 698
-17 34
23 -367
133 -396
11 -236
-105 6
-30 148
-25 -110
-103 145
-15 -11
-55 0
125 -136
158 -44
-67 -193
38 -108
-38 710
-2 112
-15 -405
3 302
-148 188
-52 -307
-37 -328
-108 84
-16 197
208 211
-129 -12
-113 -497
113 107
158 164
-63 12
141 -303
68 253
-78 239
20 -310
-140 190
-26 193
-76 149
122 -81
-40 151
-36 -17
-15 99
-123 -338
61 -144
-109 129
158 211
-2 -208
137 -159
24 96
-188 -148
47 288
175 458
-31 -1
41 -544
4 -69
-138 200
122 89
38 -197
16 -85
118 -381
59 470
-228 594
37 -154
11 -284
-170 -197
0 -3
2 -62
-69 254
85 220
-73 49
-129 198
8 -147
51 -217
-23 -542
231 -428
5 1267
-91 955
-120 -397
103 -712
-21 -543
-144 186
-5 982
39 405
45 -323
133 -421
-95 -279
46 14
-84 337
57 130
50 1
-20 -509
1 52
-86 282
16 268
-60 -187
25 247
53 261
-124 -205
-13 -185
-52 277
-26 -14
-163 -354
75 77
111 -169
-19 86
-35 -569
-64 -35
-169 849
-15 711
140 -539
-10 -325
-37 -70
-27 224
-38 149
4 -184
-62 660
-39 -498
-42 -799
-79 591
18 1095
-169 125
-29 -499
-20 -459
-100 -194
-67 17
66 401
35 -267
24 -131
40 500
0 -465
8 -399
-38 418
-186 393
14 -402
-18 76
34 -22
24 248
-40 14
-114 142
62 94
24 -64
-48 -13
190 -67
136 -171
28 -124
-41 -248
-129 114
-123 1060
-53 -266
-36 -352
-12 -325
-86 -7
80 1309
-27 381
-15 -573
-133 -535
23 63
106 -287
35 -188
-121 490
-3 565
-69 -177
-148 -350
0 -100
43 -608
-36 13
109 1063
-88 359
35 -324
49 -154
43 -568
-279 -508
79 979
223 531
-91 -568
4 -120
-23 94
-145 -58
172 95
-104 51
0 -94
-56 -606
96 -212
-77 489
-219 80
157 -327
104 949
-12 124
-23 -298
23 -55
-49 -188
-43 -27
38 -295
-116 -145
89 678
-99 -466
-53 -63
120 484
-55 320
-61 51
50 -259
43 -493
-29 347
121 397
33 -272
13 -81
-196 -82
38 -150
-51 170
-69 -10
146 500
45 -152
-48 550
-55 401
177 -306
-133 -484
21 -244
169 333
94 49
35 -207
-71 585
-29 120
20 -230
-162 213
1 -230
106 -419
31 73
-155 249
-19 51
-175 344
-26 -69
12 -417
-25 -22
-49 792
-115 91
66 -404
135 -198
-7 326
-71 -258
117 117
-37 392
6 98
13 142
-13 -150
27 -42
65 41
-13 -340
131 -403
-156 528
-19 -4
-14 -231
53 325
58 -221
-102 -281
-39 353
55 279
16 43
103 -308
-38 -455
-90 259
79 -274
-56 134
-33 162
-54 -319
29 348
-67 711
-169 585
-138 -307
211 -405
33 -179
-138 -991
21 -270
-164 1649
-110 814
129 -767
-25 -519
-46 -15
-21 516
138 18
-204 -431
103 4
60 -140
28 368
-116 -281
-30 -361
-50 199
-3 -206
161 -315
36 -36
43 887
-9 573
-26 416
46 -360
-61 -497
-2 -357
16 -210
188 575
149 634
50 -209
-135 -406
-257 -457
44 -353
219 900
-57 666
-194 -429
76 -499
-225 485
29 -138
25 -433
69 -77
14 645
40 -345
7 69
-35 440
-200 -39
-44 -674
17 77
-99 213
-89 317
-15 47
99 -378
50 98
162 54
-134 252
-61 588
-75 -62
-71 -187
78 -657
26 25
-79 223
-27 9
-111 185
-74 368
176 -267
-108 -782
84 926
144 365
26 -107
0 -483
69 -120
3 236
113 -117
-308 -866
-50 761
-123 426
16 129
29 -203
69 -306
-20 -32
-80 680
-158 -167
-38 -235
68 37
177 -146
-117 -207
66 67
-61 212
-154 289
-18 -106
26 -426
85 -192
-68 504
-57 146
267 -277
56 -198
-156 635
196 229
-124 -62
-137 -256
22 8
-40 359
60 16
3 -445
-5 -52
-225 373
-112 -176
75 -563
-76 7
48 685
-5 511
-91 -165
-153 -546
157 -182
101 681
-247 269
-22 -613
205 -696
0 100
-4 193
35 106
-112 186
12 42
-118 -92
0 -69
61 -209
-11 -61
-225 588
97 277
34 -445
2 -409
53 -67
62 516
-146 19
-125 173
103 134
-79 -319
-69 -416
17 267
-26 245
-52 -335
80 -690
74 754
-40 624
-73 -723
129 -598
93 625
13 598
-67 -216
4 -320
-66 -388
-5 -128
3 -31
208 16
3 630
-32 327
-59 -515
-159 -357
-230 -189
21 -78
318 -254
-83 272
-39 1150
-15 54
-114 -803
-11 -533
-3 -108
-10 536
0 -105
106 403
-96 121
-10 -406
-47 42
34 -51
-12 -38
-20 35
-193 -161
-41 -121
54 -289
113 45
-66 35
47 -213
-203 511
125 477
60 -179
223 -230
12 -131
-30 50
-138 -39
-16 416
64 -315
41 129
-29 639
25 -461
8 361
-100 229
70 53
205 -196
31 -175
-133 -309
-95 -140
75 -163
-60 -178
-67 174
58 977
116 165
-97 -428
38 -82
59 -34
-65 -406
-120 -445
89 619
119 313
-21 -444
0 -339
177 -198
66 275
-66 163
-16 324
-135 355
-28 208
-63 -672
-35 -699
173 388
-70 485
-19 349
169 -264
73 -385
-64 -265
85 -4
165 621
-68 322
-188 -451
-138 -259
-93 -166
45 256
28 103
18 -232
133 -90
-156 -139
-120 302
-11 314
-57 -131
18 -288
126 105
-11 206
46 166
-39 -330
-109 -282
63 441
-36 -8
-86 -470
6 -746
-52 104
45 966
89 497
4 -258
-66 -472
-25 -61
-31 51
185 -29
-40 -259
-194 -153
9 85
106 221
-52 339
-54 406
-67 -317
97 -271
47 1
-39 24
-37 361
-14 -2
206 -568
-154 -473
3 283
64 -72
52 -229
94 217
53 484
-124 438
-41 -23
109 95
33 -157
-48 -292
-28 -322
18 -137
106 109
-64 -243
-105 11
83 479
88 -159
-43 -120
-131 186
-91 280
-44 190
98 -65
-24 -513
-44 -94
-2 259
-76 -459
-80 -540
-99 280
13 435
-35 143
119 -25
-43 -11
-118 -147
57 -265
-124 -143
0 38
131 84
-96 150
-163 -355
22 251
76 622
-61 -43
3 -600
0 120
-41 725
44 32
-202 -391
154 -524
40 -133
-5 479
156 356
-136 132
-25 -565
-55 7
34 -28
-164 -378
-36 359
98 443
92 544
-53 -444
-28 -366
-3 -29
-90 58
-164 -124
123 -113
-82 68
-183 142
-214 -225
20 -321
-63 -74
-27 -44
141 106
-65 -11
-124 -46
168 -5
-74 -284
-26 -8
23 -133
51 -324
-27 406
108 481
-13 -350
-153 156
91 678
-16 -214
-107 -239
-32 -239
-112 -84
20 -40
57 208
-122 -299
169 102
-180 -117
32 255
0 -223
-32 -236
-25 -602
4 395
-133 1065
139 86
73 -592
-27 16
-74 -79
-84 -80
77 -404
-140 -270
-176 98
229 435
-207 126
-98 94
-147 111
-42 61
43 59
-57 -147
-5 3
48 323
-29 117
-125 -608
25 -436
-76 352
-146 465
44 236
60 -126
72 -332
110 144
-118 131
15 -122
5 -213
1 -109
-241 -229
-94 360
158 564
241 -42
-87 -33
-229 -144
87 -183
-30 -104
-88 -69
-51 -183
-48 127
140 233
-55 -140
-142 -224
-13 203
-40 319
-73 211
128 -220
73 -308
-29 21
62 400
-2 338
-171 -200
-126 -217
149 -134
-39 -41
-215 359
17 110
78 -445
49 -29
120 -388
124 -140
-87 726
-84 167
-29 105
27 -127
-58 -99
86 25
13 -30
-68 -110
-121 -139
-43 282
-67 443
42 -142
142 -626
9 -68
-126 -47
-125 -8
-77 898
-81 670
-47 -386
102 -685
133 -162
-183 -181
-231 -361
-94 558
-24 592
57 360
-14 -543
-250 -483
18 -114
-90 391
160 55
80 -29
-177 305
-84 26
111 -746
7 -264
63 -345
-210 157
-185 667
167 371
20 -186
41 -308
-151 -354
-216 206
-53 -92
146 148
190 -138
-48 -388
-178 340
-155 702
28 109
95 -340
3 -134
-38 -213
-21 -160
-51 191
-99 305
-44 23
65 -243
86 -359
-8 210
-151 123
57 527
-69 -51
-35 -516
24 358
43 722
-42 189
36 -597
-109 -428
-43 22
128 -105
-83 153
40 199
44 -189
-51 -453
-14 -645
-63 22
-117 845
-6 803
0 -530
76 -840
78 462
-4 1153
-138 32
22 -701
51 -433
-108 -52
105 -64
31 -319
80 374
59 245
-84 0
-11 -250
-38 -6
150 245
91 159
-76 124
-3 -68
-145 -146
37 -499
-40 -484
91 732
35 459
146 126
-146 59
-213 -53
194 -12
398 -19
-107 86
-52 101
-19 -269
-101 -553
-24 -148
20 -157
15 265
-11 477
107 427
23 -6
25 -265
-233 -313
4 -569
16 -250
-16 554
-151 213
26 -291
77 521
64 598
83 -168
89 -239
-15 -38
-4 -18
-72 -57
-108 1
-9 -603
-41 -693
52 -552
-115 1142
22 1228
104 162
22 -216
-83 -142
-61 -105
-57 15
-70 -125
-20 -446
223 -648
-16 -124
-49 623
125 449
-80 362
-33 90
0 -416
-82 24
18 103
84 -167
-77 -237
-2 -130
22 -79
26 -89
28 211
-78 172
35 101
-38 -43
-16 -193
41 251
-55 749
-54 358
-33 -517
-52 -424
-5 -186
-28 231
108 195
45 22
-60 -51
-116 -349
-62 -318
-3 -109
-81 -34
-99 155
159 351
80 251
11 -367
-319 -568
16 291
77 814
-4 -119
405 -476
-15 -62
-47 273
-38 -41
-98 85
-73 132
-23 -190
0 -413
-17 -314
49 150
100 168
-43 -68
-81 -23
53 342
-53 192
-53 140
-135 22
115 -125
258 -351
-128 0
-106 346
58 344
83 103
-10 -379
-116 -401
-45 -170
-150 308
149 79
72 53
-23 -29
-112 -278
-17 -305
80 -202
82 494
-70 288
-82 -214
1 123
-104 593
61 197
-4 -247
-21 -249
-52 -68
81 -158
-13 -101
154 -128
-61 -157
24 -148
-86 80
-54 -100
177 49
117 67
190 -115
-184 214
-97 -40
-203 -97
17 195
54 2
-33 -80
-40 -208
19 113
-8 166
88 -132
189 -104
-39 6
-58 46
-49 -183
51 -111
40 9
69 4
-93 -133
-25 195
-63 408
50 -235
-27 -65
94 -97
5 72
49 58
-22 57
21 -14
-20 -34
2 -72
4 169
-35 -210
-39 -288
-99 95
-20 31
218 126
32 -169
-2 40
-57 437
31 349
-46 -180
-7 -123
32 14
14 -9
-18 97
-39 1
87 -33
-22 -259
3 -106
227 -14
-57 43
40 180
28 167
-41 143
-81 -52
174 32
142 -120
-45 -112
-25 12
235 212
40 43
-42 74
-36 -65
-48 -41
-59 44
112 -195
-133 -268
-13 119
72 158
80 90
191 -92
48 77
-89 -89
-96 -151
-68 129
97 97
-40 236
-80 -12
-9 -219
-103 -152
-25 231
158 -4
25 -33
13 43
29 -24
-149 -163
67 2
-59 248
-123 174
-68 -55
129 -93
68 141
-45 -178
17 172
31 158
150 348
-198 -15
-135 -437
-18 -519
-28 -323
68 519
-211 414
39 -102
0 -10
20 124
128 -173
-76 23
-143 147
6 399
-90 45
-31 -316
-191 -276
13 144
36 343
14 -253
-136 -224
-49 -142
108 27
79 367
-18 288
-110 152
30 -73
-25 76
-30 -190
60 -3
-28 -98
-116 19
66 -132
-62 196
22 -302
8 -557
135 529
46 170
-20 -263
-97 548
-63 909
86 -529
64 -719
-134 244
17 301
3 -215
-195 -134
0 -311
137 29
-44 39
-126 -143
29 -151
2 -301
-84 0
7 82
41 90
-79 244
93 142
27 103
-98 121
-141 124
97 -522
-58 -608
-6 84
-101 1166
-16 720
80 -567
-153 -391
25 -601
-78 -192
-53 -30
8 92
-2 42
129 -158
-98 -326
3 -473
-22 -270
-98 -148
33 100
-72 162
129 106
141 248
-97 -31
-188 32
-261 -37
77 252
332 -33
421 -380
-182 -241
-174 75
-59 815
67 535
87 -156
56 -106
-162 -206
-154 -162
-64 -202
-12 111
0 413
35 -461
306 -191
140 112
-160 593
-83 164
-54 -360
-53 16
-115 121
25 264
33 -344
3 -107
30 -38
-102 70
74 6
-62 -5
-266 85
251 -167
317 -187
153 -116
-164 148
-42 506
9 116
-63 -199
159 -442
-402 -162
-253 215
233 207
74 70
-60 -23
-425 -259
-15 -238
400 -100
325 -38
-75 11
-109 118
-98 301
44 267
-180 204
-111 -202
-67 -202
-322 -182
-149 16
209 -62
282 41
