9 -24
1 17
8 24
-6 8
4 17
2 -24
2 -8
0 7
6 0
1 7
2 12
14 33
0 4
6 6
4 1
9 0
14 0
1 6
-3 23
0 20
4 17
5 40
0 20
11 -18
-2 -2
1 -1
3 -15
0 -21
4 12
5 8
2 -10
6 -3
-11 38
6 -2
2 -21
6 4
4 4
11 11
3 29
-2 -1
0 14
0 23
1 13
0 17
2 -10
0 4
3 -10
-2 -14
8 18
13 30
15 22
3 -1
9 1
7 0
-4 3
1 -18
-1 -31
17 -13
-2 58
1 12
-5 4
1 -2
5 -15
6 3
3 18
8 22
19 -7
7 16
-9 9
7 1
4 -10
4 -10
0 20
-3 3
20 3
-1 17
-8 24
0 0
-4 41
-4 6
11 -49
5 -4
8 16
1 26
3 3
16 14
-12 3
7 20
9 2
-8 38
-1 -2
-3 -3
-11 -41
7 -7
0 37
0 15
2 -20
3 -11
17 20
-5 0
6 -1
1 -6
-4 -11
-7 18
1 20
7 8
-5 -9
5 -5
0 -32
2 23
-9 38
7 14
0 8
-21 -12
0 -2
4 -5
-8 -1
2 -12
-3 17
7 15
1 -36
-1 -7
1 27
-5 16
5 18
0 -8
6 -31
1 -10
-3 4
8 12
0 19
-3 0
2 -1
-5 30
-2 15
-6 -6
9 8
1 2
18 -26
-5 14
-3 -2
0 7
0 15
1 -25
-14 1
7 18
-2 8
5 -19
3 -28
0 21
3 24
1 29
-18 -1
-5 -2
1 -8
5 14
0 -7
-1 -16
-5 -2
-4 34
-1 27
6 4
4 -9
0 11
4 7
1 0
-22 -3
8 9
-1 32
-1 -1
0 24
0 -6
-1 -21
2 5
4 36
2 16
-3 -10
-8 0
18 1
6 -3
-1 20
0 3
0 16
4 0
5 18
0 0
9 19
-2 2
0 -16
6 20
3 -10
-5 -7
11 2
2 12
2 3
11 4
-7 43
-3 14
6 -14
0 -25
6 12
-1 19
0 24
5 -3
6 -12
-5 -7
5 2
3 -17
-3 -13
-2 13
-1 19
1 4
28 -13
-14 7
-3 6
11 7
8 -19
0 -14
-3 12
11 22
6 6
2 -13
6 12
11 9
-11 -6
2 -6
12 0
0 -4
0 -2
7 13
-7 11
2 7
7 -20
9 -9
3 -11
-2 44
4 2
2 5
0 9
-9 -17
-2 -19
2 -2
7 -8
0 11
16 27
3 21
-9 5
-26 -13
-3 -32
8 -16
-7 13
-3 18
0 36
6 -1
20 4
5 -10
4 11
2 -10
-3 -5
6 -4
5 3
-2 -3
8 -4
-6 30
-12 -6
-12 23
-3 -10
0 -18
1 -2
14 -10
0 27
-11 14
17 -9
-3 6
-9 -6
-11 -36
-3 0
1 7
11 13
0 48
0 -10
7 -30
7 -7
-1 1
2 4
0 0
2 8
4 -15
8 16
-3 5
-5 11
6 -2
-2 -9
-3 -21
-4 0
-3 -5
5 16
-6 -7
0 19
-8 16
8 -9
0 -13
15 6
0 1
9 15
-2 20
0 18
4 11
4 -10
2 -16
3 -12
-1 8
-3 20
-5 33
0 11
0 -2
3 -10
2 -16
3 16
3 0
0 -10
1 16
-3 6
7 7
3 9
7 -16
0 -21
-3 -8
0 18
4 2
3 11
0 -5
0 17
5 6
4 -11
6 -12
12 6
0 15
8 12
0 9
0 5
4 6
8 -7
6 5
4 -10
5 -4
2 20
3 7
-4 0
5 -17
8 1
5 19
1 21
-1 -3
-8 -13
0 22
2 49
4 11
4 2
0 8
-3 -19
1 -2
6 27
5 31
0 -4
5 8
2 1
13 -10
13 -16
5 0
-18 3
1 27
9 0
0 -3
1 -6
9 7
1 -3
1 -12
11 11
5 15
-1 3
5 17
7 30
5 6
-8 16
-1 3
2 4
3 0
-1 29
7 -6
1 -3
9 8
11 15
4 0
14 -10
9 4
5 20
0 4
-14 17
2 39
8 30
-7 0
1 -51
3 -15
18 6
2 14
1 19
-2 2
1 -1
-2 -13
3 21
0 -5
5 -11
-3 0
7 8
-1 8
-10 4
13 16
3 7
0 -10
4 -19
2 -2
-3 18
5 5
0 4
7 12
-17 42
2 -10
17 -28
4 11
4 11
-7 -8
0 18
-14 29
0 14
6 5
8 -13
16 -9
13 5
-2 9
0 -6
15 -5
1 14
4 8
-2 27
-2 4
7 -10
12 -23
-2 5
0 24
-3 27
-10 13
4 -7
-10 -40
-2 7
1 31
7 3
13 13
-3 13
-12 3
7 4
8 12
-8 4
5 2
5 8
4 -3
1 -1
-9 24
5 1
2 7
11 -17
3 -2
0 -4
2 0
3 0
2 16
-8 8
-1 -4
11 12
1 -3
-2 20
-1 -4
2 6
5 8
3 -3
-3 11
3 23
5 11
4 -11
14 -49
-2 1
5 38
9 0
0 9
-3 14
1 2
-12 4
14 -9
6 -6
8 2
0 18
5 20
-3 6
6 4
4 -5
0 -8
0 -1
5 27
-4 20
4 12
6 -7
-2 -9
1 4
0 -9
1 -15
0 -4
-3 7
2 21
1 -2
15 4
3 11
1 0
1 -12
-3 -32
0 6
-15 30
0 17
5 -18
3 12
2 19
0 4
0 -5
8 -9
2 6
6 6
8 31
0 8
5 -7
0 7
11 3
4 22
0 2
0 21
0 6
5 -4
2 12
-4 -10
0 -11
5 -18
4 24
4 17
8 5
7 -2
12 11
12 -6
-6 -7
12 -4
-5 -2
-3 26
13 0
-9 7
16 -5
-5 11
11 -13
0 -3
6 9
8 -4
0 22
-1 20
-1 -3
4 0
11 11
2 4
2 -27
6 7
14 -3
0 -17
3 11
9 18
6 15
14 -11
4 -18
7 -19
-1 -21
-1 41
-9 2
1 -4
6 0
-4 21
0 -2
8 -36
12 -2
6 7
5 25
-1 30
1 15
3 0
-9 -16
-5 -9
4 9
-3 -6
8 0
12 8
-7 21
-3 1
4 -23
9 -1
13 0
8 4
0 17
1 17
1 22
9 -5
-10 0
-3 -10
1 -12
11 7
1 24
5 6
3 12
-4 -2
-3 7
2 8
16 -3
6 20
5 -3
-6 5
-7 12
5 28
1 -5
12 2
-6 2
14 -11
13 -13
4 -2
-1 17
0 29
1 16
-7 -15
2 -2
-4 5
-2 5
-4 -9
0 -8
3 -6
6 -4
5 -2
-2 19
2 19
2 2
11 -13
9 -8
8 15
6 7
0 27
0 9
-9 -5
5 1
12 3
6 8
-1 -1
1 13
9 -8
-4 -4
-3 -14
2 29
-2 8
6 -9
14 -1
7 -4
0 6
0 5
0 2
-2 8
-3 16
12 19
4 0
0 0
2 -18
4 -7
-1 2
1 21
4 22
8 1
0 0
-6 -26
0 8
-6 -8
1 9
-1 4
4 3
11 14
12 4
9 -5
-1 21
6 -7
9 1
5 -28
4 12
2 25
-2 36
3 -2
0 12
3 1
13 0
-2 1
0 -6
4 1
7 11
-7 11
3 -5
6 1
2 21
12 12
1 -12
13 -16
-3 -1
3 18
17 5
-16 -6
0 1
6 5
-1 0
-1 -17
9 -12
-3 12
1 19
0 12
11 -5
6 5
5 -2
-5 -6
-4 -8
-11 -6
6 20
-3 16
-4 -15
0 -2
12 31
13 15
-2 3
-1 -6
-2 -27
3 30
-1 9
-3 5
1 1
-12 -1
9 3
0 -16
9 -10
-6 -8
11 7
9 -2
9 16
24 -16
4 16
-5 6
13 -7
7 -27
-2 -7
2 19
0 24
4 -13
-1 -3
0 16
6 13
8 -6
8 -26
-3 7
-11 34
5 11
13 1
4 -10
8 15
1 -9
2 11
4 -6
0 -15
4 7
-7 11
-2 14
0 7
15 6
3 -8
-5 -14
0 -11
0 -4
-2 20
17 34
-3 16
3 -4
3 -13
2 -9
-5 -24
2 -1
0 32
20 21
7 9
11 12
-21 23
-5 -27
-5 -45
2 14
4 -14
3 9
-13 21
6 -2
4 19
0 11
6 9
-1 -6
7 -12
4 -2
6 7
6 36
-1 3
13 3
2 8
-4 0
2 7
7 -17
6 12
0 21
-4 36
4 14
7 5
-1 20
2 8
1 2
3 -5
5 -12
17 4
-9 21
1 7
13 2
11 -8
12 -24
2 -2
-3 16
4 8
11 11
11 -1
11 2
1 16
-6 -4
-2 -4
4 2
-2 4
-1 2
8 25
3 9
0 0
1 -5
6 0
2 0
0 7
0 14
0 4
4 21
-1 5
2 24
3 -11
-2 3
0 -6
3 -4
3 15
5 -3
8 -12
0 1
5 27
1 9
0 -16
-8 -22
5 9
6 7
7 12
13 8
12 13
2 -3
0 -5
4 -1
-2 3
4 8
2 28
26 5
2 -9
-7 15
3 -4
-12 -24
2 4
2 15
6 17
0 0
4 -6
5 1
2 -13
9 -5
5 0
0 12
1 24
-3 3
5 -9
4 12
0 1
7 -12
7 -9
6 20
-8 4
7 7
11 5
7 16
2 3
1 -4
3 5
-3 -15
-10 1
0 20
8 2
4 14
6 6
0 2
8 13
-6 11
-1 -3
-3 -23
-2 -5
12 12
-1 26
-13 0
-4 0
3 11
-3 4
2 -13
3 4
0 -5
7 12
1 14
14 12
3 -6
4 -10
1 -2
2 8
-6 28
16 8
0 9
1 22
6 2
-3 -20
-5 -6
0 4
-17 6
4 -6
7 18
-4 0
0 -4
3 23
0 -9
-3 -8
4 -1
-1 17
-4 12
0 -17
5 14
9 21
-9 -2
3 -18
-1 -3
4 -10
9 16
-2 14
0 8
0 11
9 4
3 12
0 -20
-14 -25
-1 13
5 27
12 -3
3 0
6 25
5 -11
8 18
-3 -2
5 -22
8 21
9 -6
-1 13
2 13
-2 11
8 -4
0 -22
-1 -15
12 22
0 29
6 -29
0 0
6 5
7 -20
-2 6
-6 0
-3 -1
2 17
14 11
-2 44
-1 17
-1 24
1 9
8 -15
-5 1
7 -9
2 -15
5 7
5 20
-3 6
5 19
5 7
8 -7
1 -3
-7 -10
0 -12
5 3
6 19
4 12
13 8
-7 6
3 -32
0 3
4 -9
3 8
0 32
-9 5
3 23
4 8
0 -24
7 -10
13 3
7 -3
-14 6
4 11
5 -4
0 6
-1 18
11 -3
1 5
8 9
6 -2
0 -5
3 2
3 35
-3 0
3 11
-19 -12
5 4
-10 -17
15 4
6 7
2 -1
1 20
1 -5
8 2
5 -7
-2 19
-5 16
-9 -3
-2 27
-1 1
-4 9
3 -8
-4 -13
6 -4
3 8
-3 3
8 6
9 13
-1 2
-2 18
14 -11
5 -17
0 0
1 1
5 23
2 13
1 11
0 8
-3 -9
13 -8
0 -11
3 4
4 32
13 -11
8 11
-6 34
0 -23
-6 5
11 -2
-4 2
7 38
-3 -3
-7 -11
-3 16
-16 20
1 -13
14 -16
27 -17
0 -14
-2 19
2 -13
8 7
6 17
-1 -7
-7 13
0 -11
17 -19
4 28
-7 19
-4 11
8 16
-4 -3
5 -4
4 14
4 -12
0 13
6 23
5 -8
6 18
8 8
-3 -11
3 -5
4 0
11 11
-4 26
-4 4
-2 -15
7 15
13 5
0 -3
0 -15
-4 -12
6 25
-5 6
8 6
0 1
-3 6
5 -3
4 -12
1 -15
-9 12
7 4
2 21
12 14
5 11
-6 -12
1 -1
1 -3
5 -9
-1 8
-3 15
2 11
3 19
0 -23
2 -10
0 -7
7 22
2 -14
-5 27
1 12
5 7
6 -14
4 -25
4 -2
1 0
0 0
5 2
15 17
15 35
9 18
-3 0
1 -15
5 -6
7 -6
-2 19
-5 5
17 9
1 3
-6 22
0 21
1 -15
0 -5
0 -7
1 -4
9 19
16 22
16 -5
-3 20
-3 6
-9 -1
19 3
11 -2
4 30
4 3
-4 -8
-9 9
7 2
5 11
-3 -7
0 0
1 -1
-5 28
6 -3
7 25
25 9
8 -12
2 4
-1 3
-14 -12
-2 27
7 22
-1 7
6 2
-2 0
-2 1
-9 -14
-3 2
4 -3
0 29
0 9
3 -6
12 -5
-2 8
3 22
-2 -2
1 9
17 -24
9 -8
0 20
-6 40
-4 -26
19 -17
5 -9
4 9
6 5
2 0
-4 4
-4 7
-1 -8
4 -13
1 -4
1 12
13 11
4 -1
6 5
-3 17
1 -6
-3 -19
4 -14
-22 -2
-9 14
4 19
13 12
6 8
0 18
6 -6
-7 2
0 -39
6 8
0 33
6 -1
5 6
12 -2
8 23
0 -9
0 0
1 -9
22 5
2 14
12 5
12 23
0 1
4 7
2 -5
-9 -1
-3 0
6 -1
8 20
3 4
-1 8
13 14
4 -15
20 7
7 26
5 -4
-10 -17
9 5
7 25
18 14
0 -10
-4 7
0 5
0 -16
3 1
-1 1
9 13
4 -7
3 0
5 9
-9 19
-7 -9
14 -29
-7 -22
0 26
-2 38
-4 9
0 -3
1 -11
9 13
7 -7
3 15
0 6
-2 13
0 0
4 -1
8 2
12 22
-5 -2
-3 -13
6 2
15 0
4 -4
5 -1
4 11
8 26
5 -25
6 0
2 -2
-5 7
1 15
-1 13
-1 4
7 3
4 -7
-4 -22
1 -1
0 -4
6 0
8 12
1 -3
3 11
2 7
2 -9
0 -12
1 9
2 13
0 19
0 -6
-6 2
6 26
-4 1
0 2
0 -18
-3 3
3 13
9 16
18 6
4 19
6 9
5 -43
3 0
4 15
2 5
4 23
2 20
3 11
-3 5
8 -5
8 -15
7 -2
-3 16
5 13
8 0
11 0
11 4
-4 -7
2 -20
2 -4
12 0
-8 19
0 3
16 9
0 14
0 3
-3 0
2 -9
7 2
13 5
13 5
0 8
-10 -11
1 31
-2 -9
6 -12
17 3
-7 20
0 22
-5 1
-3 -9
-3 -7
8 6
6 12
8 -12
-15 -2
-12 4
3 -3
7 13
8 16
1 11
16 -12
0 -5
-13 -7
11 26
-2 16
2 7
6 7
-5 7
-8 14
0 -4
6 17
4 14
0 48
9 -2
8 15
-11 -2
-25 9
3 0
0 -8
-3 0
-1 17
14 -11
-14 14
2 27
12 13
1 -4
12 -15
14 3
1 3
11 21
-8 7
0 9
0 11
4 -17
6 -14
6 -13
6 18
-11 21
-1 12
0 15
16 -18
7 0
3 8
4 -3
5 8
5 -4
-7 12
0 8
4 -9
8 29
7 -7
0 -17
15 0
-3 7
1 34
3 3
0 7
4 11
-1 -12
0 -24
9 -9
4 19
0 22
3 3
1 -4
5 23
9 -1
-1 -11
13 -5
3 23
0 4
8 6
9 -5
3 18
-1 11
0 12
14 -18
4 3
-9 -3
0 0
8 2
0 22
9 5
-11 -3
0 -21
9 26
1 19
6 0
5 2
-3 0
1 9
13 12
-5 0
-1 11
-9 1
14 -13
1 5
2 2
3 0
11 8
-3 2
8 17
7 11
-2 19
1 5
3 1
0 1
5 -12
12 14
7 15
22 17
-1 6
-1 1
4 -11
3 9
-2 12
-6 -10
-2 -6
-1 5
2 11
-4 5
6 18
14 1
5 8
7 -2
8 -5
-4 -11
-6 -2
-9 24
0 -2
11 12
3 0
-4 -3
2 -18
8 -17
-1 6
-21 13
1 3
-6 31
-2 20
-1 8
-1 1
13 0
-4 -21
11 5
1 -12
3 19
9 13
-1 3
2 -8
-14 -20
2 -2
11 3
9 -3
0 27
8 17
1 19
0 5
-4 4
11 -12
7 0
12 -3
2 8
-17 -6
-10 6
6 13
3 4
-3 11
-2 4
3 0
8 -8
-12 30
0 20
0 13
6 1
26 0
-9 -8
-11 -16
-5 0
8 -2
0 4
3 3
0 1
-1 15
6 -2
1 -8
15 0
7 -4
13 7
4 23
-8 -1
3 0
9 3
-3 -1
-10 -2
6 -7
0 -2
1 15
-1 4
5 8
1 6
11 -7
12 16
15 -21
-3 11
-2 7
4 1
-6 -2
2 22
7 2
2 -13
-1 -1
13 -1
8 -16
0 26
5 -15
-3 28
-7 -7
3 -8
-1 9
1 -9
-2 0
3 21
7 -9
0 6
2 11
-18 -6
-2 -16
1 -9
2 5
5 29
6 -1
4 -1
2 -5
0 12
7 11
0 -12
-7 -12
19 -2
19 22
7 5
4 15
5 -14
7 -32
6 1
11 17
-4 -11
4 15
7 9
-5 13
-7 -10
0 5
13 27
-14 -17
2 -9
4 -4
6 6
8 1
11 4
6 11
-7 21
11 -7
16 2
13 9
2 13
-1 -5
3 14
18 0
9 18
3 3
-17 -21
-16 -19
-8 -9
-6 18
5 9
9 -9
17 2
4 -13
4 9
13 -15
5 -6
18 27
19 15
21 -7
-3 -1
-18 22
-28 0
-19 -9
8 -2
8 -3
2 13
5 17
18 5
13 22
7 -4
15 -20
0 -5
7 0
-1 -3
0 4
-1 8
-5 29
-13 -2
-8 28
15 14
3 15
0 -14
13 -7
8 -3
-7 13
-4 12
9 32
6 5
22 6
