11 6
16 0
59 6
17 3
-9 0
-33 1
-10 -3
31 -18
51 -4
21 -4
-79 24
-26 13
45 3
50 14
-41 3
-14 -1
-11 -8
74 -17
-21 -13
69 0
-17 22
-83 12
-12 14
25 6
-9 -4
-7 1
18 -4
111 -13
-24 13
-47 18
-15 -7
14 8
12 16
14 0
-47 -18
-46 -5
12 0
24 8
-28 4
-3 1
27 2
23 -8
6 9
1 2
24 8
-21 0
4 25
17 21
5 16
13 -4
-8 11
13 -17
5 3
-5 6
3 8
0 6
17 16
8 16
4 -7
3 4
-7 -6
4 8
20 0
34 14
-5 4
1 1
-18 -3
-15 2
18 -3
35 -6
-25 0
-54 11
26 -2
63 12
-19 20
-1 -10
-10 -4
16 -2
45 9
-19 11
-11 18
20 4
-5 -3
15 4
4 17
-17 -13
16 -19
4 1
-4 1
3 13
4 5
-8 7
15 -4
-9 0
3 8
26 -10
-2 4
6 8
24 15
-30 0
42 14
-34 16
-1 -14
-8 -8
6 2
11 23
27 21
-13 15
-1 8
14 -17
-41 20
39 1
36 -14
0 -3
-24 4
-1 11
26 3
11 8
4 0
-7 3
5 -6
11 0
7 -2
-5 18
-2 7
-15 -8
28 6
-1 3
21 -2
0 -6
-16 11
6 1
12 18
16 22
-9 3
-7 3
9 13
26 -1
-3 8
1 -4
-19 5
5 17
8 7
20 3
-1 21
-4 13
19 -10
11 -4
-14 -8
16 -8
25 5
16 8
21 5
-9 5
8 22
-19 1
28 -5
-18 -17
1 -11
8 8
3 18
-10 8
0 6
24 1
-1 0
5 -13
-1 -18
1 0
-4 28
-6 8
7 0
3 4
-7 0
20 25
-18 -8
-14 4
37 7
1 18
-4 1
13 5
3 -2
0 0
12 1
0 -3
-5 13
3 9
4 1
15 -10
-25 17
4 3
6 -10
-4 2
12 -4
-4 -3
12 16
-3 5
13 8
7 12
-7 8
1 3
17 2
-2 -8
-6 -3
-9 5
7 27
0 12
-19 15
6 3
14 4
-1 -11
-3 -10
3 4
-3 -15
-7 20
0 3
-5 15
12 -1
0 3
-5 -10
16 -2
18 29
-2 8
15 3
-12 2
8 3
2 -5
13 -5
-8 -1
12 -6
1 25
0 -1
0 0
11 5
19 8
3 -8
11 -7
-11 4
-6 5
-1 -2
-4 2
15 5
4 11
-1 -21
-11 -14
18 9
-3 5
0 23
-4 8
-4 14
27 0
-18 0
0 -11
1 -7
13 9
0 -3
-3 9
-5 3
3 4
24 20
5 6
-14 -5
5 7
22 5
2 -6
1 23
-5 9
13 4
1 8
-3 7
-5 -18
0 -20
-2 -15
16 -8
-30 7
2 -2
14 13
-9 17
-11 3
17 7
-1 -11
-3 -12
2 -16
-6 -6
17 20
3 11
-4 -3
9 3
-4 25
-5 -13
9 -12
4 3
2 14
-14 -7
11 18
11 -8
-1 15
-3 -10
9 -5
-15 -9
9 -5
-16 29
17 9
5 -1
-4 11
-4 5
14 -7
-2 -6
1 1
27 8
19 17
-22 4
0 0
1 8
-2 -9
7 -18
0 -7
4 15
-1 16
2 5
3 -1
3 19
-2 3
8 -16
13 -4
8 6
-8 12
12 9
0 0
12 17
8 11
-7 -2
7 -5
5 -9
6 1
13 -13
-3 -2
-12 12
5 1
12 5
-2 54
17 2
-1 1
-6 -14
-1 9
5 8
0 4
3 2
2 6
5 8
0 0
1 -8
20 -8
-10 0
0 2
6 3
0 3
-12 24
4 20
4 -11
9 0
-4 8
16 11
-4 24
8 6
14 16
0 12
1 -1
-4 -16
6 -1
0 1
-2 17
-2 7
7 13
8 -7
-3 -11
0 8
6 -7
3 8
1 21
-9 7
13 2
7 3
-19 -2
2 15
9 -9
11 -10
13 -20
-1 16
13 1
-15 22
15 14
-2 1
2 2
9 8
-5 8
-15 -4
2 0
0 -10
2 5
12 5
3 2
-3 -3
0 5
6 -3
-1 6
3 15
7 -8
9 -2
-5 4
-2 15
-2 2
5 3
15 0
1 -4
-13 -12
8 -14
1 6
-2 5
-2 16
7 21
3 25
6 -10
-8 -17
7 -9
-25 -17
8 -3
0 16
-2 18
21 -2
-11 8
-22 5
2 1
-1 -2
8 -1
-1 -5
1 6
-10 7
1 2
-7 14
0 7
9 5
1 -13
4 -4
3 -1
19 4
0 -3
0 12
4 4
6 -28
-19 -11
0 5
20 2
-4 0
-2 5
3 -4
3 12
4 -12
11 -3
-4 -4
1 -2
7 18
-4 0
0 7
-12 6
3 5
-3 0
0 0
2 -1
7 9
1 1
6 12
7 0
18 -1
1 6
-1 -7
4 -9
18 42
-9 -14
3 -4
5 7
3 12
4 1
9 -9
12 -19
-13 20
11 8
6 1
4 20
-5 14
-3 6
6 -12
-5 -8
-2 0
4 0
0 13
-9 4
-1 3
0 5
15 -11
9 -32
5 -5
-7 22
3 14
0 2
8 18
13 6
8 -5
8 12
-8 -10
3 18
7 15
14 4
-1 14
0 32
4 8
-5 5
9 -4
12 8
2 -10
1 -1
0 9
0 9
0 0
15 8
-9 0
9 -16
2 -13
3 20
20 8
-6 12
-12 19
0 8
11 2
-2 -2
5 1
9 5
9 4
0 12
-8 18
16 6
20 11
-3 0
-3 -15
3 3
2 17
7 6
6 7
5 8
3 11
14 1
12 4
-17 0
17 7
15 -4
4 7
17 3
-9 2
7 3
2 18
-7 14
20 0
6 -12
0 4
4 18
-5 6
8 2
2 4
-4 21
4 -10
11 0
3 6
-5 8
1 3
0 22
0 12
-1 15
3 5
20 4
-13 -25
11 -3
11 19
3 14
-1 0
4 -13
-14 34
-2 0
-6 -16
5 -15
16 -2
-1 -5
-19 30
15 3
9 8
19 28
-25 -4
34 -19
-2 3
-6 -3
-7 11
9 0
8 -15
-18 2
-7 23
2 13
12 -4
-7 -15
3 2
5 7
15 7
9 12
0 18
-6 7
5 -2
-2 -7
15 -7
13 -5
1 -11
2 13
-8 12
-4 4
8 -3
0 3
-2 -7
-1 -7
8 7
-1 8
-4 -6
9 20
-6 1
6 14
-5 -22
-3 2
2 4
3 0
-1 -8
3 3
-2 3
7 20
6 17
13 -9
-2 -13
-8 20
3 4
-10 6
6 14
0 3
-4 -5
-12 0
-8 -7
4 -8
-5 6
11 22
5 -5
-4 9
1 12
0 -4
-10 -14
9 14
-6 -3
4 5
-2 7
-3 17
-2 16
5 6
-3 3
16 -13
15 -1
-15 7
27 15
3 -4
11 7
4 6
2 0
9 7
0 16
-24 -7
14 -10
-7 -4
4 14
11 14
1 5
0 2
7 9
3 1
11 -3
6 0
12 8
-8 25
13 6
5 0
-2 11
-1 3
0 0
4 15
11 -2
3 -8
3 -5
7 25
6 25
0 11
6 17
7 9
12 -20
5 2
-11 0
12 13
5 1
9 7
-21 24
-2 -4
11 -2
0 3
18 0
13 4
-8 4
2 26
1 -2
9 4
0 2
0 -7
2 -11
2 24
9 12
11 12
-16 1
12 1
12 22
0 -11
12 -11
-6 4
4 8
-6 3
11 4
4 11
4 -3
2 -15
6 -14
6 9
7 22
-4 -1
2 0
8 18
11 0
2 12
3 11
15 -4
-8 16
0 19
15 5
3 2
-12 13
5 -7
13 -2
6 13
0 0
-5 0
3 4
11 12
2 11
-8 5
0 14
14 4
2 -12
5 -11
-7 3
1 3
11 13
-5 6
-5 4
7 -2
14 -9
11 -3
5 1
0 29
7 16
7 6
1 11
22 6
1 -11
1 3
9 0
0 0
0 6
4 -2
9 23
9 2
12 24
6 -3
-8 -26
-1 -8
-1 25
9 -27
11 13
9 7
0 6
11 18
0 -14
-8 -10
25 12
4 -13
4 11
-3 14
-8 -1
9 8
2 15
26 -6
14 -2
11 6
8 30
-3 -2
0 0
6 0
23 18
-11 -10
16 -2
-6 -7
-2 27
-8 22
-3 17
2 6
0 2
0 -8
11 -7
3 -10
5 9
-2 1
6 -2
20 12
12 -11
0 37
0 -9
-1 -3
20 7
-3 7
2 9
0 18
3 1
0 16
-1 3
-1 8
-13 0
3 -3
0 -12
13 9
-5 17
4 12
4 1
14 7
2 17
-5 -8
4 0
5 -10
2 9
7 22
0 6
-3 3
2 8
6 -4
-1 -1
4 -7
1 8
-18 4
14 7
-4 9
6 17
1 31
5 0
-3 -6
0 -3
4 15
4 7
-10 16
25 -1
1 15
5 -8
9 -15
-2 -3
-4 2
7 1
5 3
-3 5
3 13
0 9
4 -11
7 -4
1 2
0 16
13 5
3 5
13 5
1 -1
-23 -3
20 0
0 3
5 20
2 1
0 1
6 14
2 3
13 -4
5 -8
3 -8
-19 16
24 8
13 -1
-4 14
4 8
8 3
-2 -11
-6 -4
3 -17
7 19
7 25
4 26
-16 24
-2 7
3 -3
5 -11
21 -4
1 6
0 4
-4 23
9 16
-5 21
-4 -10
17 13
0 -1
-1 2
-7 6
16 4
-2 2
-3 17
6 -1
13 6
5 -14
1 2
5 0
-5 15
-5 1
17 17
6 16
7 3
-11 -8
-1 0
14 2
18 -5
4 8
4 8
2 5
3 3
-5 -5
-2 -5
-8 2
9 15
-8 12
19 9
-22 -6
1 3
0 8
0 4
-10 -9
13 -14
8 15
-8 -4
-7 8
2 6
-5 11
2 12
2 -6
-9 -6
-13 -7
12 1
-6 4
4 8
-7 13
9 24
-4 5
-12 -7
-1 0
4 -9
-5 0
6 4
-1 16
7 0
2 20
0 7
5 -6
11 -12
5 7
3 22
3 11
-4 0
-21 2
7 -18
-1 -6
2 -12
1 -1
5 -1
-1 7
7 15
-2 9
3 5
2 2
5 -23
-1 -3
1 0
-17 14
18 5
8 2
9 7
5 4
-14 4
6 -9
12 -9
7 -4
14 8
7 13
0 11
2 31
-6 0
2 -1
-6 4
9 5
8 -4
9 9
12 11
4 4
-2 3
0 1
5 2
2 -10
2 0
-4 5
-19 20
0 8
6 3
12 2
-11 5
8 -12
2 -12
4 4
18 17
-2 18
-4 24
4 7
2 8
1 -15
0 -10
12 6
-2 -21
8 22
-13 6
13 8
-1 16
13 -19
-27 -9
0 -1
8 5
-12 -4
-3 12
8 6
-6 27
-1 -11
14 -13
5 -8
-8 12
0 2
14 20
4 3
3 -11
-1 -7
9 0
14 3
16 7
-9 6
0 14
5 6
15 5
14 25
-21 18
-5 -21
7 -14
-17 -9
13 -6
-3 -5
4 16
7 13
-8 6
9 1
-10 -12
6 1
3 -1
2 -9
3 7
6 6
5 12
-5 14
13 -2
-1 -16
13 -4
7 -11
5 21
-5 -12
-4 7
7 24
7 -2
1 -4
-6 6
0 -4
-5 7
-5 -2
-2 22
9 15
-11 18
11 -6
12 4
-1 3
-1 -2
1 -12
0 -18
8 15
17 8
-11 6
-1 -4
9 22
9 -35
0 5
12 -12
15 11
1 5
-1 12
5 13
9 5
-2 6
0 2
0 -21
13 3
17 14
3 7
-8 20
2 6
6 -7
4 15
2 -1
0 5
-2 -8
-13 0
4 5
1 11
8 11
7 19
-5 -11
8 0
0 -6
-1 4
-4 4
0 9
4 16
0 9
8 4
4 -13
6 -10
5 2
4 45
0 -1
16 28
-4 20
-6 -8
7 8
1 5
-5 -7
3 1
8 0
-3 -9
12 7
8 9
2 17
0 0
14 -12
3 -7
-5 -2
-6 0
6 27
2 8
-12 1
9 8
14 -2
6 -17
-6 11
5 12
2 6
11 5
8 3
-5 24
18 -4
0 -10
-10 -2
2 6
-1 0
7 9
6 9
-7 30
8 8
0 3
8 -1
-2 -5
2 1
12 4
-5 3
1 18
1 3
3 2
1 -7
3 -6
9 5
1 -1
-2 23
3 14
0 0
8 7
14 2
-10 0
11 1
13 -26
-1 30
0 6
8 0
-3 7
9 -20
1 6
-22 2
3 29
9 -11
0 -5
-1 -4
2 6
13 11
17 8
0 1
3 4
5 7
-12 -10
0 -19
4 4
9 2
18 28
2 1
14 9
-2 3
1 1
-1 -12
-10 6
13 6
4 4
-2 8
1 11
1 5
-2 4
12 6
-3 -11
8 15
-4 1
14 16
-1 17
2 16
4 -7
-3 -8
-5 14
-10 -2
12 13
2 -6
0 6
-3 18
2 -2
2 13
-1 -13
22 6
12 1
-5 12
-21 15
2 5
15 19
-7 -6
8 5
-4 7
2 16
3 14
12 23
2 8
-19 18
6 -3
-5 -9
-8 -2
-3 -18
-9 0
9 8
11 8
8 13
5 -4
0 8
7 7
-3 -14
0 -4
5 1
0 12
0 2
-3 -1
1 0
11 14
2 5
3 0
26 -2
-15 0
0 8
5 11
5 14
3 -7
5 -7
-1 2
4 -10
0 -2
12 6
21 9
7 12
-4 14
-1 -12
21 -8
-9 -15
9 44
5 11
-5 -12
8 8
0 2
2 -8
11 1
6 -18
2 15
-3 2
7 14
8 7
6 16
-3 0
2 -3
1 -27
-1 16
4 9
-5 4
-1 14
6 4
7 14
-5 -5
0 -21
7 -10
-2 -1
0 16
-6 6
0 3
-2 19
11 0
7 20
-4 -8
0 7
15 1
3 0
0 13
-3 26
5 1
11 -2
1 8
2 -16
-5 -18
7 20
4 20
3 5
13 9
9 7
-8 -24
0 3
3 -10
4 22
0 6
3 2
13 12
0 0
11 3
-12 -6
9 7
3 17
5 -2
-5 -8
8 0
2 15
-1 -16
1 7
6 -1
-13 -10
3 30
-5 -11
-4 15
0 9
13 15
1 22
12 -4
6 -14
6 16
-1 3
-12 15
2 2
9 7
6 3
6 -1
-6 -16
1 -9
8 9
16 14
-2 0
6 7
4 6
-5 2
2 -16
-20 -6
-4 2
11 7
8 13
5 13
-17 4
-8 18
11 9
-5 -15
20 -13
0 7
3 7
-8 7
5 12
11 1
-16 12
-9 -4
20 -5
7 -14
0 0
9 20
7 6
1 9
2 26
3 -1
-17 15
0 -19
11 2
3 0
17 9
-8 27
2 5
13 17
3 -1
0 2
-23 -5
3 -1
0 15
12 9
3 3
-17 4
4 0
7 -6
14 -10
-6 -18
-3 -5
1 24
1 11
0 26
6 -23
-1 -6
7 1
0 -4
16 5
3 24
3 5
9 4
-1 9
0 14
5 5
9 -21
-13 -4
5 -2
6 -15
0 4
5 7
4 6
-11 8
3 11
2 -18
13 15
5 -16
8 2
4 16
-9 18
4 8
3 11
5 6
9 2
-4 0
-1 -19
-12 2
12 5
-1 19
-9 5
11 6
-9 0
0 0
-8 -4
5 -10
0 3
4 -15
0 25
-3 17
6 -1
1 2
4 -7
1 -24
14 -10
-2 15
3 5
5 17
0 9
-7 4
2 4
9 6
-3 -2
-9 -7
-1 17
16 13
-2 43
-1 3
-4 27
-2 21
9 -12
3 -7
12 1
5 0
-1 2
3 7
-1 11
-1 1
6 7
6 -4
-2 -13
17 0
3 -4
8 25
0 3
4 13
3 6
-7 0
8 -10
5 4
-16 -5
7 -8
-5 16
-3 15
-4 11
22 -9
-7 7
11 -10
0 15
4 26
-11 16
4 9
16 11
2 3
-15 -10
1 0
7 0
13 -7
-4 -7
0 -7
4 16
12 11
12 11
4 -4
5 -5
4 -9
2 0
4 -4
8 -8
11 0
5 19
0 29
-3 0
-15 3
-16 7
28 5
3 0
-6 -7
22 14
0 17
11 -3
6 3
-4 -2
-5 -19
4 2
0 -4
-4 4
1 -7
2 5
1 13
-5 11
8 1
7 -6
6 -21
3 12
-8 24
15 1
-11 0
5 2
1 -2
-3 2
-2 -10
0 -16
-20 8
1 5
-2 29
3 -3
0 15
3 4
1 15
-1 -6
5 -6
3 -23
0 17
-7 9
-2 7
12 11
-13 13
1 9
0 -3
5 9
-6 -3
-1 -2
1 0
-1 20
3 14
17 9
4 0
-11 2
7 -6
8 -9
-13 -14
9 3
11 -1
-11 25
-14 17
9 9
13 13
-4 -19
9 -6
11 2
1 7
5 -19
4 13
6 47
2 -3
7 19
5 -6
-1 4
-8 -15
0 0
5 13
7 0
-8 18
9 8
9 -15
0 -30
3 2
15 1
3 17
0 17
6 11
-8 0
-2 21
8 19
5 -18
-1 -18
7 4
6 27
1 -1
19 17
-1 1
5 -13
5 -1
-4 16
3 1
2 -15
8 1
6 17
0 21
0 -20
1 -20
3 -19
3 -2
-31 -13
23 -16
1 -2
8 17
-10 11
9 26
8 -2
4 1
-6 23
11 -8
4 18
2 32
-18 -4
9 -1
-8 -18
-2 -18
13 18
5 2
4 6
4 11
7 13
-27 -10
12 -14
7 13
13 17
4 3
-9 9
-2 11
7 -20
9 8
0 18
-6 -17
-2 -18
-5 -17
21 -18
1 31
8 51
24 36
5 4
-5 -29
6 -5
12 -3
-9 11
0 45
9 59
-2 0
4 -20
1 -26
-3 -70
-5 -12
0 6
2 26
-2 36
16 57
3 36
-5 8
14 -25
-4 -19
4 -47
1 -6
-10 29
3 51
8 -5
-4 8
1 9
0 21
5 0
-10 -24
-14 -70
14 14
-26 54
-3 40
8 18
0 3
0 -65
6 -7
-4 2
-1 49
-1 34
5 -15
2 -12
17 -6
-5 23
0 -11
8 -22
7 26
15 42
22 25
5 -10
1 6
5 -62
7 25
-9 -8
6 0
14 31
4 28
22 -39
2 8
3 36
-2 15
0 16
9 -19
-8 -21
9 13
3 62
0 28
9 -64
7 59
-9 -40
11 -39
-6 -31
-6 20
2 -12
4 30
-1 25
4 -5
15 -19
6 -6
-2 26
3 2
-2 13
8 21
9 -8
6 12
0 18
1 -23
9 14
3 39
9 -25
0 -50
0 11
0 27
12 25
1 29
3 1
0 13
0 -22
4 21
12 29
-4 9
0 -12
6 18
9 -37
-7 7
11 30
3 -32
3 -11
-10 9
6 23
0 -5
3 12
-4 4
15 28
-6 -13
0 22
5 24
8 60
2 -5
0 -56
1 -23
2 8
-4 18
-1 -4
7 -6
-1 13
-20 24
8 0
0 0
0 0
1 4
7 -27
8 20
-9 87
2 -23
-2 -50
2 -1
8 0
4 49
-6 15
15 -30
18 -16
-2 15
3 30
-1 21
16 -3
9 30
18 0
5 19
1 19
-2 4
9 23
14 29
2 -20
13 -16
0 13
3 12
3 12
-1 5
-2 -25
6 -4
-11 7
-2 4
5 -12
-10 22
-9 22
0 3
-4 43
22 0
-1 -60
8 -17
2 17
-5 -32
3 -23
2 -5
4 25
15 15
-3 36
-4 -4
1 30
3 14
13 -15
-4 -28
-3 29
-1 3
-9 23
0 14
-2 -34
-2 -36
-6 18
4 44
6 38
0 -31
3 -8
-13 -21
17 24
9 0
-3 -13
0 23
-9 11
0 21
1 19
12 -20
-4 6
2 3
12 2
6 -10
13 -28
12 6
-10 31
-20 31
5 -13
0 -48
2 -19
6 16
-6 4
-2 40
12 -16
3 -55
3 -4
1 15
0 22
9 36
2 -9
16 -36
-5 3
7 0
1 39
1 18
2 -10
-4 3
0 -17
3 -23
4 8
-5 -19
11 6
0 -45
6 40
18 21
8 0
-5 12
-7 -22
7 -21
7 17
2 41
12 25
6 -12
-1 -4
1 37
3 3
2 13
0 -5
11 7
6 -4
-10 6
-14 0
11 -14
5 30
4 -11
0 12
0 16
-8 5
8 -8
-1 -13
1 2
8 8
-6 41
-20 1
-2 -4
5 58
-6 32
13 -38
5 -22
0 -11
2 11
-5 12
-9 -3
5 22
3 -5
-1 -4
4 -14
8 -3
0 20
8 -8
0 36
0 33
18 11
-7 5
-2 -18
9 0
14 13
9 18
3 -2
5 -19
-4 -12
14 6
12 13
3 4
-6 6
-3 -6
17 -3
12 -37
4 24
-2 8
-3 11
-8 7
1 4
6 34
15 -10
15 -34
7 9
12 6
0 35
17 21
2 -24
1 -35
6 13
8 12
1 -9
-2 -1
8 -10
1 15
4 41
14 -3
0 3
-3 8
8 3
8 -25
7 7
5 -13
-12 22
9 36
11 -43
6 17
3 15
5 -15
-2 14
-2 2
-8 0
7 -3
12 -4
9 11
7 -15
4 12
0 43
2 3
7 -11
11 -39
-4 -22
6 18
3 14
4 16
-4 -16
0 -29
8 22
7 -4
1 17
1 22
5 12
5 -9
1 6
-13 -3
2 -1
0 0
2 7
-8 20
7 2
7 -14
7 7
-4 13
0 -15
3 -14
5 9
8 26
-13 19
6 4
6 4
1 5
-6 11
3 -2
5 -12
11 28
-8 22
2 -38
3 -9
5 7
-2 7
2 -2
-4 -2
0 1
0 13
9 -14
11 22
-15 32
3 4
-1 -7
-2 5
11 -28
0 -13
2 14
17 14
1 12
7 0
5 18
1 -9
6 -18
-3 -3
7 25
14 -14
-7 -16
5 2
-5 4
3 -9
7 -12
11 -3
-8 -8
11 35
4 24
6 -1
2 -10
7 7
-5 -3
8 0
-6 -4
0 0
11 12
2 14
6 -6
-12 -8
4 32
0 -17
6 2
0 15
13 15
11 -29
-17 -12
1 27
1 11
-10 4
4 -16
9 -24
13 20
3 23
7 4
-6 11
1 -10
12 -19
15 -6
6 -1
0 -13
5 22
-1 8
0 -6
6 5
-2 20
8 38
6 -2
0 -22
-1 8
-7 28
6 35
5 -18
13 -6
-15 6
-3 15
1 -19
6 -13
0 0
-2 -1
8 16
6 -2
0 22
5 8
-5 -25
11 -10
5 1
-2 8
-1 26
8 2
0 -10
1 14
6 -3
3 -12
3 -48
4 4
11 49
-15 18
1 0
4 -5
16 0
-4 -11
1 -7
9 14
-6 22
9 3
18 9
1 -3
4 -22
-11 18
6 15
6 -10
-14 -3
-6 5
11 0
0 14
14 24
2 -3
9 -3
4 7
20 -6
0 -7
4 -13
-10 20
0 13
1 0
1 -8
5 -11
14 4
1 19
4 19
-4 12
-6 8
3 -5
0 2
2 -2
-5 -43
3 20
0 27
4 15
11 0
12 0
14 -4
0 14
-17 1
-6 -2
-8 32
-8 -17
1 23
18 24
6 18
6 -15
16 -45
-11 -14
-3 5
-3 -10
-2 17
-3 0
3 -1
5 -6
2 9
0 0
-8 18
5 2
12 4
0 -4
0 -21
13 -47
8 -11
2 18
6 13
-1 16
-1 -10
3 0
0 -16
7 8
2 -29
-1 15
8 20
0 5
1 20
0 -3
-1 18
0 -31
0 -6
7 40
3 30
5 -3
4 -30
3 13
2 8
12 16
6 -2
-1 2
2 -8
-4 -13
6 11
3 32
7 18
7 -26
3 -12
11 -6
0 17
-3 39
4 26
-6 12
6 -8
9 21
-3 -3
1 -7
2 12
