1 1
-8 -27
5 -16
13 -12
1 -16
0 17
7 6
17 32
11 -18
-3 -34
2 -26
5 -5
-4 2
-21 18
-21 -21
11 -3
25 -16
28 -12
21 -10
4 -15
2 -1
12 -10
5 -14
0 -2
-4 12
-11 2
4 0
9 -23
-1 -6
4 -5
17 8
5 4
-4 6
0 4
8 -6
8 -52
26 -18
22 -4
2 4
-2 7
-3 -10
23 26
0 21
26 -54
-2 -29
-17 12
-21 23
-7 0
-11 -7
12 11
9 -13
36 -11
20 -40
-9 2
-15 -19
-34 19
-14 18
9 24
26 -3
11 -35
-6 -4
-1 -14
19 -12
30 6
15 -3
9 31
-28 -22
-33 6
3 -23
30 -9
0 -10
-7 3
-20 75
0 -13
29 1
39 18
-7 6
-20 -42
-9 -35
-10 8
3 21
0 -30
17 -8
13 -7
9 7
0 -22
-2 -3
8 -12
27 -59
8 39
-18 59
-23 11
-21 -14
25 -24
42 -20
5 5
0 13
-5 28
11 2
7 -8
-6 -30
-22 -26
-23 -28
-5 -13
0 15
6 -9
7 -3
-8 -4
7 -4
55 3
8 -18
-16 -32
-7 0
-21 -12
14 1
43 14
-3 29
-34 -5
-15 -52
0 -21
-8 -12
-16 8
20 -29
40 29
21 20
11 -18
-18 -2
-23 -21
-19 -51
-3 28
21 15
18 -20
5 1
3 -4
8 0
40 -45
17 4
-26 18
-49 13
-14 17
22 -21
8 37
11 -25
-18 3
-28 -21
40 -9
35 -11
0 -3
-2 5
9 11
15 -6
27 -60
18 1
-7 -17
-17 -7
-6 22
4 -5
34 14
4 22
-20 2
23 -22
5 -20
-31 -8
-20 -20
7 13
22 3
6 -11
16 0
2 -3
18 -29
1 -3
-25 7
14 1
24 2
51 15
-18 -7
-12 1
-13 -15
33 -35
41 -6
1 31
-11 18
-15 14
15 -25
-10 -29
22 -27
-6 -17
-5 0
-11 6
8 -18
17 5
6 -5
-4 2
32 3
-1 -22
-10 -16
-14 -34
11 -34
11 18
-12 15
2 33
5 2
0 -7
12 -12
-1 -15
8 18
14 12
23 14
-11 6
5 -1
-4 -16
12 6
3 20
-21 -13
-19 -38
-1 -6
37 16
25 0
-8 3
-23 17
-17 -1
1 -8
0 -30
0 32
-22 -8
4 19
22 -26
47 -7
-8 0
-31 -14
-30 -7
37 -33
25 -21
-14 -12
-9 12
-5 -9
26 -1
15 23
8 -6
8 -13
5 -18
-20 -13
-28 -13
-15 13
9 -13
6 31
23 -14
21 -12
4 -11
-8 -8
-6 1
7 -3
-10 47
-28 26
3 0
-20 -15
39 -45
22 6
20 4
-8 -16
0 0
0 4
11 14
6 -25
-8 -9
-25 -16
-10 -31
18 -5
30 -1
2 35
-26 2
-2 -3
17 -14
-3 -36
17 -33
-4 8
-12 -2
-6 6
6 -14
-3 8
-18 9
0 -20
17 -12
20 -7
0 -20
0 14
-6 -12
-13 -42
16 4
7 18
-4 -8
2 -19
17 26
6 2
-3 -27
-13 25
7 -7
23 14
20 15
6 4
0 13
-24 -14
3 -18
16 -57
21 7
1 23
-7 20
-11 3
-8 -6
22 0
4 -11
-15 -17
20 -8
9 18
4 16
2 0
16 -2
6 3
-3 -20
-20 -14
11 0
26 -16
-12 4
-61 2
16 -39
30 -17
12 -1
4 -20
-3 -22
4 8
18 -5
28 -2
0 3
-19 15
-26 -2
14 -32
30 -14
6 -10
-1 -10
-5 12
-4 19
24 17
2 -1
0 -19
16 -27
2 -29
14 12
-2 4
3 -26
-38 24
16 -9
20 -28
22 -15
-17 -10
-4 -7
0 6
43 21
8 -14
-8 -9
1 -22
13 -11
21 -18
0 12
1 6
0 17
1 0
2 -14
23 21
30 -1
6 -24
-20 -30
18 -13
4 12
-16 -19
-45 0
9 11
41 -21
43 -22
-9 -22
-47 -15
-20 -11
15 23
25 -1
19 -17
2 4
-8 -27
-5 -29
-15 -33
29 24
30 0
16 16
-11 -5
-8 5
2 -28
4 2
-23 -15
1 11
5 18
6 4
11 -19
-6 22
-12 14
-11 -21
9 -25
16 -33
0 -1
-14 36
0 3
-14 -24
5 -16
4 -20
-2 -1
9 -8
-10 -34
13 6
-9 17
19 18
3 -15
12 21
-22 -19
-6 -14
-8 -15
-13 -24
21 2
24 21
2 -4
-4 -7
-29 -8
11 -28
16 -8
0 -12
-8 1
-12 6
-8 4
8 -2
2 3
22 -21
-9 13
-1 -29
8 -2
30 -7
-2 -1
12 11
12 0
12 0
0 -7
-13 -12
-26 -24
32 -4
15 11
-4 -7
-8 -15
-3 3
-4 -7
17 -3
20 -30
-3 -18
-1 5
11 -25
-41 19
3 31
45 7
0 -27
-17 -23
-10 -29
14 -8
6 20
-10 7
0 -5
1 9
14 -27
16 -31
9 -36
13 13
-6 15
-8 0
-21 9
36 -19
0 -31
-6 12
-15 -9
24 -5
2 8
11 11
8 4
-4 -1
17 -17
0 -28
-12 -31
7 7
15 -5
3 0
0 -6
-12 4
5 0
11 11
-4 -17
23 -14
-8 8
-18 -1
-26 19
12 -9
32 -19
5 -6
-12 -43
-11 -7
5 -1
0 6
1 -4
19 -8
-5 -11
-10 5
-8 4
15 -22
13 -21
3 7
4 4
-2 1
-17 6
4 -13
17 -11
-6 -25
-4 -40
1 12
17 15
2 -14
-2 14
-3 -7
13 2
21 -17
2 -23
-5 -5
1 32
4 1
16 -15
12 2
-4 -11
-22 -25
0 -31
20 1
-4 -4
13 17
-6 15
18 14
2 -29
0 -10
25 3
13 -47
-14 -11
-25 22
-3 32
7 30
-7 -19
2 -10
17 0
20 -23
-2 -26
-16 -13
18 27
38 3
43 -1
13 3
0 -6
-13 -6
-30 -13
-18 -2
22 -18
15 4
11 0
0 1
-22 -14
7 -19
13 21
11 18
1 -27
3 -28
11 -2
5 0
0 -6
8 46
1 5
3 -30
0 -18
-2 -7
11 2
28 8
-15 1
-17 -8
-14 24
19 -3
15 -19
9 -30
6 -16
18 -4
4 45
-7 9
-17 5
13 21
19 -27
-16 -57
-3 -16
1 5
7 8
-9 9
14 0
21 32
14 3
12 -8
3 -18
-5 -22
-17 4
-23 20
-28 -15
14 -7
27 -2
0 -6
-5 -14
-7 -15
5 -20
16 -9
24 0
15 12
-2 -1
-9 -15
8 -18
2 3
-4 8
4 11
-5 15
14 8
7 -12
-4 -26
-6 -7
0 0
7 0
6 -6
3 -5
-18 -18
-9 6
16 23
5 -1
7 -29
-1 -33
5 -21
-18 9
-2 -7
12 12
-2 -9
-28 0
24 6
8 -16
-12 -1
-11 3
13 -3
8 -2
-6 0
6 -16
13 13
5 -31
1 -4
-5 22
-10 -4
-17 11
25 4
19 -4
-6 -5
0 -13
17 -23
-10 -7
0 25
4 -2
4 11
0 21
-5 -1
16 -20
-5 -31
13 -26
-8 7
20 -2
16 -8
-1 -13
-12 -5
30 -29
18 -22
-21 -8
-30 11
3 23
8 17
5 11
19 -12
5 -20
-4 -30
21 -22
16 -9
12 -5
13 15
12 7
-32 -11
-22 -7
13 -16
19 -46
1 -6
-6 -3
22 18
-13 -16
6 0
16 1
-6 -30
-3 -32
4 -6
30 33
2 4
3 5
1 26
16 -12
-12 -20
-17 -28
-2 -23
26 -30
16 17
-6 5
8 -4
9 8
-15 17
-7 -32
-3 -22
11 9
7 -2
29 -6
7 26
-1 34
2 -21
5 -21
4 -23
18 -4
1 8
7 2
5 -12
-6 0
-3 -5
-13 -28
15 -27
6 5
-8 -17
0 -7
28 -18
16 -1
7 5
-6 -23
-7 -8
4 -31
7 -29
7 -17
-1 15
-14 -7
0 14
-12 -3
-9 -11
9 -8
15 -16
-6 -23
9 -5
16 31
-2 -16
-8 -6
-1 -7
7 -18
3 17
16 -13
-11 0
0 -10
-40 -33
14 -3
9 -23
24 24
20 -5
0 0
-4 1
-1 -18
2 -26
3 2
-1 16
15 7
4 18
-2 -2
-19 -1
5 -5
17 -13
19 -12
-5 -1
-35 27
23 18
14 28
17 -29
-21 11
0 -43
6 -6
24 5
6 -16
-17 11
-2 29
12 4
1 3
3 0
7 -57
-8 -29
3 -13
26 14
14 -3
-20 1
-6 30
-14 7
24 -19
20 -26
12 -25
-6 4
-24 9
2 4
22 6
6 11
6 2
3 3
2 -29
0 -33
5 9
7 13
16 0
22 19
1 0
-26 -18
12 -12
3 -19
-2 -26
0 28
2 22
4 -17
14 -9
6 0
-16 -3
-8 -11
-3 -9
8 29
13 24
-7 6
0 22
12 -14
6 -13
4 -25
-31 0
-29 -17
-4 16
27 41
18 -4
3 -28
-8 2
-6 -6
16 -14
23 0
12 4
-18 5
18 7
-9 -1
7 -18
16 -5
7 -24
-1 -5
12 0
13 16
2 -12
14 -12
9 5
-18 -2
-22 -14
-11 -28
-6 -6
26 17
-12 16
-4 0
-3 -27
12 -13
9 -31
14 -6
-2 -4
11 23
3 28
-11 0
-8 -3
23 -6
15 -53
8 -18
-28 -17
3 0
3 -8
13 17
3 16
-3 0
-6 -19
28 1
7 -11
-17 -1
-3 0
22 4
5 2
2 0
-3 18
3 5
-13 -26
14 0
0 17
12 19
0 4
8 -3
-4 -6
2 -13
-19 -22
-15 -7
-6 35
11 16
16 -13
0 -12
-17 11
4 15
7 -6
18 -34
1 -29
6 30
5 0
6 -3
0 9
35 9
-13 -22
-27 -22
-3 0
30 14
7 -2
-2 1
-2 0
3 -4
-8 -28
7 -27
0 -10
19 6
18 23
32 1
-10 -9
-46 -3
-19 21
19 -46
32 -28
5 9
-21 -12
-18 11
11 7
8 3
6 -8
-2 -8
17 -17
0 -8
-4 32
11 -5
-7 3
6 7
13 -2
-4 -43
-9 -31
16 -46
-15 -7
-6 23
-3 18
12 35
5 -15
22 -63
7 -4
13 -35
-16 1
-2 0
0 -3
20 -5
7 -5
17 8
1 -10
-15 -18
-27 -35
-9 -6
15 -4
20 25
7 1
6 23
12 -16
8 -22
-12 -28
-9 5
21 15
20 -9
3 16
-13 0
3 4
3 -5
3 -30
9 -14
-24 24
9 8
4 9
1 12
-1 -19
8 -48
0 -35
0 -26
3 39
-1 17
-1 4
23 8
18 -13
-25 -30
-16 -22
6 -10
0 -43
2 2
9 19
-3 -8
17 1
8 -4
-1 -19
-13 -7
11 12
15 -15
15 6
-7 31
0 -8
11 -21
5 11
-33 -19
5 3
20 -21
18 -23
-2 0
14 9
-3 -2
4 8
-6 -14
8 8
17 -40
16 -19
-4 -33
13 -20
-2 -5
-17 15
-2 13
15 -8
17 -25
8 -12
1 -58
4 -2
8 -5
7 12
2 3
30 -19
2 26
5 7
15 0
11 -17
-1 -39
2 -2
-1 -6
-7 12
3 2
1 19
5 -29
9 -11
1 -19
-3 -12
-19 -1
7 17
8 6
16 5
1 -6
-6 -27
-8 -20
-4 -10
-13 6
18 31
23 -15
4 -2
-6 8
9 0
15 -28
-3 -27
12 -1
-3 19
8 17
5 17
-26 -7
-4 -33
3 -15
8 -31
14 -8
12 25
-1 25
6 19
6 -5
4 4
-8 -12
-6 -47
-11 -9
0 44
28 12
1 13
-4 -1
-3 -18
12 -25
11 -9
1 -13
-12 -9
-8 0
0 -2
14 0
4 15
8 7
32 -67
-20 -13
-24 -9
-16 7
12 2
28 -16
30 15
0 -5
-7 -11
-11 -2
12 -22
3 -49
-8 0
8 33
14 16
-3 -11
16 2
-9 0
5 12
-5 -16
-1 -9
-3 12
15 -3
20 13
15 -17
-1 -19
2 -38
-3 -21
-1 -2
7 13
-9 16
-11 22
4 -5
-7 5
2 -10
4 -24
7 -30
3 1
1 -8
11 -6
-8 -8
-2 2
1 2
-7 -1
3 -29
8 -21
9 11
11 3
3 18
-2 -17
9 -6
-2 -6
-9 -33
2 -9
2 -1
8 4
6 18
4 13
0 -10
6 -12
9 -34
2 -23
11 -3
0 9
-9 -5
-4 11
2 -8
4 12
13 -15
14 -34
11 -14
-7 7
2 15
-3 -11
-8 2
7 -8
15 -21
-18 -31
0 -16
-3 0
16 35
14 -14
22 -32
-12 -12
-7 -18
-3 -4
21 -15
4 -42
-11 19
3 29
5 4
15 17
7 0
1 -25
5 -16
7 -36
21 5
3 14
-3 4
-1 8
6 -4
15 -26
12 -15
11 -27
-8 0
-15 18
-11 0
8 3
17 -3
16 3
-3 -21
-21 -21
28 0
17 2
3 3
-1 4
-14 20
14 -18
25 6
-6 -17
-5 -23
2 -24
15 -15
11 -20
9 -8
5 13
0 -17
8 49
6 2
-11 -2
-5 -29
-6 -5
15 -6
14 15
0 23
-23 0
-14 2
15 18
7 -38
2 -18
14 39
9 -7
8 -5
-16 1
-20 3
12 0
15 -2
-3 -28
7 -10
1 0
-10 -19
-17 15
0 16
-9 -6
-10 -24
33 -24
-1 -31
17 -33
-6 2
-11 18
-11 21
11 -13
0 24
7 0
26 -1
0 -34
1 -10
-16 8
2 17
28 0
8 -30
-17 -3
-8 -48
4 7
5 -16
-14 -18
2 4
0 -20
1 23
-2 13
4 -26
11 -10
0 -20
-2 -20
15 -26
-12 -12
7 -8
0 -14
14 20
14 -15
-5 -5
0 14
22 -18
8 -24
8 -20
-10 7
-19 7
0 7
18 18
7 -10
-4 0
19 -35
-5 -15
12 -4
-1 13
3 18
5 -1
6 -1
0 -6
4 -35
4 -2
4 -4
24 2
11 13
4 -7
-7 -30
6 -20
12 7
14 -11
-2 2
0 -3
-6 11
19 14
4 17
-13 -11
-8 -3
4 -11
2 -17
-12 -33
9 -26
2 28
4 5
3 1
30 -3
0 7
-3 -14
-11 -29
9 -25
-1 -18
13 2
18 9
3 -18
-8 -8
1 -16
11 -33
7 -24
0 -14
26 -16
12 5
-8 -3
-4 -6
-30 -12
5 -12
4 -28
30 22
26 15
0 15
-23 7
-4 6
3 -24
4 -11
9 -32
-1 -35
9 0
6 4
16 20
14 2
16 0
-15 -17
6 7
6 -12
2 -11
-2 36
-4 -23
9 17
7 6
4 22
1 -23
0 -17
2 -15
-10 13
23 -9
1 7
-14 15
-21 2
1 -1
14 -30
9 -16
2 -1
2 -10
11 18
1 -17
-24 -1
-31 2
1 -39
16 -4
17 4
15 33
-5 9
-8 -9
13 -1
19 -11
22 3
3 -28
-10 -20
-2 5
6 -3
8 20
-2 4
-5 -2
11 -11
9 -21
0 -8
-10 12
27 14
9 15
4 9
-5 -6
5 -2
2 -31
-1 -23
13 4
25 12
2 6
-15 -12
11 -1
13 -2
0 -13
-16 -30
-21 -11
7 16
21 -36
18 32
0 2
2 8
11 -3
-9 -4
-9 -8
-12 -26
-3 -41
17 6
14 34
8 6
6 15
-12 0
-26 -41
7 2
14 -31
2 17
-5 7
6 16
4 -1
12 5
1 -2
8 -13
14 -7
4 -20
-14 -1
-2 1
20 -10
8 -5
-3 -8
-14 -16
-6 -29
-5 -8
14 1
1 24
7 -1
-12 -19
-27 13
2 -35
16 -15
29 -38
-10 -1
-3 19
15 15
17 -33
0 2
25 3
0 -21
4 -46
-9 -11
12 25
1 14
0 -22
-3 -21
6 27
14 -24
-14 -41
7 -18
0 -7
16 13
3 -4
5 1
-8 -5
-2 -18
1 -23
8 -22
-7 0
-7 4
-10 0
5 -7
15 1
22 -9
15 -4
-4 -25
-2 -9
0 21
-8 14
16 11
22 -8
9 -1
-30 -19
-10 -22
18 -13
9 7
5 11
5 -5
11 17
-2 -3
6 5
26 -13
2 -26
-7 -23
-4 6
4 26
8 -10
0 -9
19 -9
11 -8
14 -15
-5 -17
-12 8
2 0
16 -1
2 -3
-12 4
1 3
-4 -4
0 -13
8 -20
17 -34
16 -21
-3 12
-17 23
0 0
13 12
11 -28
3 -5
-4 -10
4 -33
-16 -22
16 -5
25 15
22 11
-11 11
6 12
-1 -6
-8 -13
12 -30
-1 2
2 30
8 -12
-6 6
17 4
14 6
-2 -16
5 -13
-15 -4
-6 -11
7 4
0 12
14 6
-8 -1
-2 20
0 -27
0 -31
2 -13
4 4
3 15
14 0
16 -10
-1 -29
0 -23
2 -10
2 -23
-7 15
-22 4
5 9
9 0
18 -2
3 -6
1 -25
1 -17
29 -12
-1 16
-28 13
21 -3
34 -14
-10 -24
-17 14
0 -16
9 -19
-4 2
0 7
1 17
17 19
-12 -6
-4 -4
-3 -30
8 -26
6 -6
0 11
5 7
-19 -7
-2 7
8 -10
9 -45
9 -18
-5 0
2 -26
0 0
11 18
4 0
16 -10
3 3
0 -29
3 -44
3 2
11 2
0 21
-3 4
-2 -15
25 -2
-29 -4
6 -29
27 -26
14 16
-14 0
5 -7
3 2
-3 -7
14 4
7 -15
5 -36
0 -4
0 -1
-3 5
6 0
0 7
-6 0
7 -11
5 -23
-11 -19
1 -11
14 -8
21 8
4 0
-27 -3
3 20
11 -8
-31 -4
14 -25
13 -11
17 -4
7 -3
-10 -14
-11 11
4 6
11 -13
9 -16
9 -26
1 13
-1 0
0 25
4 -14
-29 -6
36 -12
0 -17
-10 -36
-8 -9
59 5
-7 28
-41 -8
53 -5
-9 14
-36 -13
33 -21
-41 -13
56 0
6 9
19 -2
-14 0
-9 0
-35 7
46 -29
16 -15
-34 -2
7 13
26 14
-46 -8
-34 -8
48 -3
21 -34
-10 -32
-25 -14
21 19
17 7
8 -2
-21 24
0 6
21 -17
-27 -40
12 -19
-12 -27
25 15
-12 28
-6 -3
61 6
-22 -8
-57 -30
6 -10
7 -17
13 12
13 12
8 -6
-9 -3
1 1
-1 -2
25 -35
6 -14
9 7
-7 4
-26 -7
18 3
0 -2
36 -20
-9 -31
19 -7
-11 -19
-1 -5
7 -37
18 50
-14 -8
1 -4
5 25
37 -41
-37 -11
27 -17
-29 4
28 8
1 12
0 1
-9 1
7 -10
8 6
-4 -22
-14 -6
15 6
24 5
-9 0
9 8
1 11
16 -41
14 -18
0 -19
-19 14
38 30
-11 7
6 22
7 -6
9 -21
21 -32
3 -5
22 25
-27 14
9 -2
29 -18
-14 -4
1 -21
3 -10
-10 -22
3 -5
5 2
0 16
15 -1
-10 2
7 5
0 -10
0 -21
15 4
24 -23
-63 6
-4 5
