14 23
-5 15
-3 -7
26 15
-9 -8
3 -8
-1 -48
2 18
2 6
4 -15
2 1
3 18
9 -14
13 -23
13 -24
12 -23
-25 -9
5 24
-9 16
18 32
12 3
0 0
-1 -6
-14 -16
2 -24
26 -13
-9 -19
8 19
-3 0
6 33
0 5
1 -33
11 -23
17 -13
-1 20
-15 -3
17 14
-11 2
19 -1
0 9
-12 -26
9 -40
14 14
9 -5
5 8
12 -5
31 18
-23 14
9 -33
15 -24
8 -4
12 -8
9 25
-6 4
17 3
15 -11
4 45
-2 -20
0 -24
1 -8
8 2
-13 7
-7 14
15 25
8 -8
-8 15
2 -16
0 -14
21 -4
9 -3
-16 -22
12 34
-6 21
7 -9
-2 -10
-12 -10
-2 -41
14 3
7 0
15 -11
-3 27
2 13
13 -47
-6 2
0 -17
1 6
19 1
0 20
13 6
-6 -1
-2 7
-2 -23
0 -13
0 -17
0 27
9 -2
-1 24
-4 7
1 9
12 4
0 -33
0 -15
15 5
-15 6
3 19
18 0
2 19
-11 12
17 -26
15 -42
-7 -8
0 15
6 -2
0 6
0 18
2 31
-9 -27
11 -35
12 -18
-15 -10
0 68
-12 8
14 6
17 -39
-5 0
-5 -15
5 -19
8 0
-7 -14
15 0
0 2
-1 26
16 0
12 0
2 -12
-5 -33
-13 -23
20 13
5 -2
-4 20
-3 27
24 16
2 21
-7 -24
-1 -45
15 -31
0 23
-3 16
11 1
0 9
3 15
9 -20
13 -27
2 8
-4 26
6 13
3 17
12 -1
8 17
0 0
17 -23
0 -29
3 13
4 12
-2 32
4 19
8 5
-9 -7
14 -20
-5 -11
-5 -7
-4 17
11 7
-6 8
-3 1
22 23
5 -30
0 -28
9 -22
-11 28
9 23
-13 13
9 -17
3 -7
-2 -9
-18 -4
6 -22
21 -15
3 48
-9 23
27 8
-10 -29
2 0
5 -12
4 -31
4 0
1 0
1 -1
6 9
6 21
11 15
3 -26
5 -9
5 -2
0 -9
-5 0
2 23
12 4
15 7
-1 -4
7 7
0 -24
0 -2
-3 6
3 14
0 8
-3 19
16 -6
-3 -17
-2 -8
1 6
0 -1
-11 1
7 30
4 -4
-3 -2
3 -15
-16 -42
3 -3
-5 -7
0 14
20 11
0 -1
0 15
-4 4
0 -27
-4 -29
1 -22
-5 19
3 36
7 15
-11 44
3 3
4 -20
1 -2
6 -22
2 -30
-12 -15
-1 27
7 14
1 2
2 17
11 -12
-5 -6
2 8
-15 -31
-1 1
-4 6
12 17
-6 -4
-3 -1
7 0
3 4
6 0
-1 -30
0 -25
-2 -15
2 26
6 18
6 7
8 13
5 -7
0 6
7 -18
8 -14
-9 4
-1 34
9 19
8 -6
3 16
6 -25
2 -13
-6 -18
1 -8
13 9
7 18
5 -2
-3 0
5 -22
12 -31
8 -15
0 -3
0 -6
14 5
0 -2
2 20
0 19
6 -27
4 -48
13 -20
2 6
5 25
5 4
-7 26
8 8
1 -31
12 -39
-5 -23
6 1
7 7
3 4
11 5
-2 28
-10 -1
6 -3
7 -22
1 -37
-6 29
9 36
6 12
1 -19
9 16
-9 7
-9 -24
-1 -13
1 9
4 21
6 13
-7 14
12 12
6 -5
0 -3
5 -35
16 -26
3 14
7 -4
4 8
15 23
-10 -3
1 0
8 -3
1 -30
1 -20
9 1
3 -24
2 4
0 20
-5 16
1 -30
-3 -12
18 -23
2 2
0 -1
14 3
11 30
0 15
12 4
1 -20
-2 -28
-1 -17
-4 -11
11 58
1 -27
0 4
-3 7
-2 -17
-9 -18
0 -20
0 2
5 -5
-16 28
8 7
4 -32
-3 5
9 -15
16 -15
7 7
-1 5
-6 0
17 17
-5 13
4 -43
-16 -5
7 -31
5 -2
3 17
4 19
11 -23
-1 18
5 12
8 -3
0 -6
-10 -32
2 -6
6 3
0 40
22 5
-12 0
6 -15
-8 -19
2 -29
24 -19
-7 12
-1 15
4 11
1 1
7 27
3 13
2 -21
16 -12
-9 8
-5 4
12 -12
9 -5
9 26
7 -3
7 4
11 -22
1 -10
0 25
0 13
0 17
0 26
13 3
8 -23
-3 -28
-6 -17
3 20
4 5
2 11
-2 12
23 14
-4 52
-4 -25
9 -35
9 -8
-7 0
18 6
-2 12
-4 3
19 -7
-8 8
6 -9
0 -32
3 -11
6 3
5 25
7 6
7 -8
2 -7
8 -3
5 -4
2 -17
5 -19
8 -16
3 4
11 -3
4 0
-2 11
8 0
-1 6
-6 -26
7 -16
0 0
11 -12
9 20
-2 15
11 14
15 -11
-16 32
1 0
-1 -13
1 -18
7 -21
-3 12
4 6
15 2
4 20
7 -18
1 -5
-1 -3
2 -38
0 -6
7 19
20 -4
-7 21
-2 5
5 6
2 -5
3 -21
-2 13
7 13
1 16
4 17
3 4
-6 0
-2 -11
3 -16
0 9
0 -37
3 -9
0 15
6 47
-3 17
6 13
1 8
-1 -37
8 -30
0 -35
1 6
7 11
0 8
0 35
-10 34
1 2
8 -12
1 -15
2 -7
-6 6
6 -5
6 -7
2 45
7 -29
-4 -9
1 -29
-3 9
2 16
4 18
0 -1
4 16
0 12
14 -12
1 -20
1 -9
7 -25
0 -23
9 -19
-13 15
6 18
-6 2
4 9
7 17
18 -1
-15 28
-8 -12
0 -10
2 -40
-1 -28
-4 0
12 13
4 6
13 14
4 0
-2 -21
0 -23
0 6
16 -25
-1 -24
0 29
-2 -5
-10 17
0 16
3 1
-6 -15
8 -16
7 -25
7 6
14 23
5 47
-1 -9
0 4
-3 -4
-6 -29
-3 -12
4 -15
0 0
-4 0
-1 27
-1 7
7 -12
0 -4
7 -30
-14 22
8 -12
1 -1
26 13
-6 -25
3 44
0 -11
-1 -34
2 -39
3 2
0 15
1 2
8 24
2 0
11 -23
4 -43
3 -20
-1 -6
5 32
6 6
-3 -13
-1 36
5 22
0 -41
0 -29
-1 -25
0 14
-1 17
-5 27
1 2
-3 22
9 4
3 -2
3 -21
5 3
-4 34
-9 24
3 8
1 0
4 23
2 -53
4 -4
3 -33
-5 -75
-2 19
-6 37
3 0
0 18
0 15
5 18
5 5
0 -20
7 -14
-3 -49
5 22
0 34
6 6
-8 -35
0 31
5 19
5 -59
-2 -25
27 21
-5 -3
-5 -5
4 28
21 28
-7 13
2 -24
-1 -12
-6 8
1 53
4 40
11 -19
5 11
7 -42
15 -11
-7 -33
13 -35
5 13
0 14
2 -1
24 16
4 -4
-3 -22
3 -47
8 6
2 4
12 19
-5 -16
-5 25
3 31
5 -16
16 -43
2 -27
-8 15
8 7
5 13
14 -2
0 16
-4 16
21 -32
4 -25
-8 -10
3 7
-2 0
0 28
7 -12
0 -7
-1 -1
0 -17
21 -15
7 16
-3 18
9 -13
7 7
0 5
-1 1
-3 -15
3 -34
5 31
-5 0
-1 24
5 -6
9 8
-4 12
-4 -32
2 -4
0 -12
5 -11
2 2
-1 25
-2 8
-11 17
0 -12
0 -4
-1 -18
-4 -20
6 -7
6 -3
0 12
-8 -5
3 11
0 24
3 2
6 26
11 -45
6 -8
8 -32
7 -8
5 20
-5 -3
1 0
7 5
8 23
2 -7
-4 -39
4 -21
11 2
-1 12
0 11
1 15
-5 -3
7 23
-1 -46
-9 -15
19 29
4 22
-17 14
-18 -5
-6 -9
7 21
-4 -5
1 -29
4 -12
9 4
-2 8
5 28
1 28
8 -5
0 15
0 -17
3 -28
-2 -36
2 -1
2 -10
3 3
5 16
-4 26
0 -11
13 12
1 -17
2 -30
1 -15
8 -2
8 21
0 30
4 7
6 12
-1 0
8 27
9 -11
5 -27
14 -3
-6 4
9 21
4 15
4 -3
7 -18
8 1
-3 -20
9 -18
-2 5
-6 27
-9 9
13 3
3 0
-1 -34
2 -6
0 -28
22 -62
17 36
15 17
3 -2
8 -7
-1 -9
7 -6
3 1
-3 -13
8 -19
11 -3
-9 -14
3 16
0 0
-10 22
3 11
13 -36
9 -23
-2 -17
-2 7
-1 20
5 6
7 -14
6 33
1 18
0 -48
-10 -26
7 -4
-1 25
-3 0
3 24
2 13
2 2
-9 -20
4 -22
5 -12
15 22
0 23
-4 27
-2 0
5 -12
9 -18
2 -12
3 -46
6 15
7 -5
6 -6
9 6
2 12
5 0
-2 -6
5 -40
15 -19
9 7
-6 17
0 6
-9 -5
11 -16
9 -24
-3 -20
2 -8
6 12
-6 5
5 15
3 21
0 2
-5 -14
6 -16
-16 -11
8 -18
8 -22
4 -24
0 30
5 14
-3 -16
-5 3
7 -20
8 0
-3 -15
4 -11
8 0
-2 16
-7 1
4 16
3 15
3 7
0 -5
8 -17
1 2
1 6
3 30
-4 2
1 -15
20 -30
3 -27
5 -12
6 0
0 0
-1 19
6 -5
7 17
12 2
-3 -32
-1 -19
16 -23
-12 6
3 12
8 37
-1 -14
-7 -34
5 28
12 -46
11 -11
2 28
-3 23
11 22
3 6
22 12
-2 -16
4 -26
0 -22
-10 -24
3 -4
5 12
-3 1
5 7
4 -38
8 -11
0 13
3 0
1 -4
5 23
0 9
4 9
2 24
-1 -33
3 -34
9 -31
0 -3
0 17
9 13
6 8
3 24
2 -2
1 -26
0 -28
8 -32
-6 -10
3 1
-2 2
5 8
0 4
14 18
0 -42
0 -4
6 -23
5 2
7 11
7 14
-4 23
9 13
7 -7
-6 -18
4 -24
4 -14
3 12
-7 14
-2 27
4 20
0 4
2 -11
2 -17
9 -9
-7 -7
0 6
-11 16
9 6
5 20
32 5
-5 -37
2 -21
6 -11
7 35
-1 7
14 -30
4 7
4 6
-22 -1
15 -35
4 -27
8 8
6 18
-4 15
-5 30
2 6
4 15
12 -23
11 -30
8 -26
-3 18
-2 6
-2 4
-4 6
1 0
1 -35
16 -15
0 -2
-3 20
-13 3
20 12
3 6
6 -3
-5 -19
6 0
2 -15
0 -4
3 11
-1 12
1 15
4 0
4 6
1 -27
-13 -33
0 0
2 -6
6 16
-11 1
3 7
-6 2
-8 -19
-6 -30
-2 -23
12 0
9 7
15 -21
-3 17
0 0
1 -32
-3 -33
5 -13
-5 -17
-1 12
-5 2
5 19
4 45
0 2
3 -44
12 -29
-6 5
4 22
-3 -17
0 33
9 30
13 -3
-17 -28
1 -25
0 -14
8 8
-4 19
7 17
7 12
9 -13
12 -27
5 -22
0 -12
1 -3
3 -5
0 14
-1 12
9 24
0 -45
0 -10
3 -17
3 -9
-3 41
9 8
2 15
5 2
-2 -9
-1 -3
0 -28
7 -2
-4 18
6 0
11 6
0 7
9 4
-3 -3
7 -18
2 -26
1 -18
-9 -10
3 -19
2 9
0 27
0 7
15 30
-2 5
0 -4
-2 -33
-7 -38
4 -2
8 21
5 23
0 -1
3 -12
0 20
11 -1
-4 17
14 9
2 -21
7 -29
2 -4
0 15
-1 1
5 18
0 5
4 -5
0 -19
5 -27
4 -68
9 -7
6 25
2 23
4 17
9 -9
4 -24
13 -47
-1 -7
1 20
0 20
6 6
2 -6
2 6
0 1
-3 -45
5 -15
7 -5
5 -12
11 31
6 22
-11 3
1 34
1 4
16 -6
21 -9
8 -33
6 -18
-11 -8
-8 21
7 9
6 2
3 20
-4 12
-1 -69
0 -19
16 -6
-5 12
8 16
2 22
-9 20
-3 37
19 15
-11 -19
9 -20
-4 -3
-1 14
5 17
9 6
-4 0
4 12
3 -27
2 -25
2 -15
-7 23
11 8
-7 25
-5 -1
-6 1
5 -11
12 -22
-14 -19
-8 4
0 15
11 12
4 -2
3 3
4 -11
5 -26
22 -29
-10 -9
-15 8
4 22
4 16
7 3
-1 -9
20 -20
6 -26
0 -11
-8 5
9 14
4 8
-13 20
6 -8
4 -4
-1 -20
5 -7
-3 0
0 9
16 12
-5 4
-11 4
24 8
15 -20
6 -22
1 -3
0 5
3 18
8 5
3 -19
1 4
2 -28
5 11
9 -27
-10 -5
-8 12
-2 50
4 5
6 -20
2 -6
0 -20
7 -12
-2 -11
1 22
3 17
11 26
-6 -28
-2 0
6 -5
2 -20
-2 -40
7 -4
13 18
7 -4
0 19
1 12
-4 -40
0 -19
5 16
5 -1
8 13
2 14
2 -17
-9 16
3 29
2 -30
0 -43
4 -10
7 19
13 11
2 -11
2 0
1 11
4 -47
9 -29
0 -24
8 16
-2 9
1 -4
6 -2
7 13
3 -3
-8 -4
-3 -25
-2 -2
7 32
6 14
-10 4
13 1
3 -36
1 -39
7 -30
-10 6
14 1
6 30
4 9
2 5
-1 -5
0 -36
4 -26
12 -3
12 0
4 8
17 18
1 20
-6 -1
9 -8
-2 -48
3 -22
-5 3
-11 3
6 14
-6 3
2 -7
-7 -14
9 -1
4 -20
8 -21
-1 30
8 -3
-2 2
6 17
-2 21
-3 -16
9 -47
13 -27
0 15
-9 -3
11 18
-3 16
11 -16
17 -10
9 -42
1 -40
-1 -8
-10 14
5 38
-4 -1
4 8
12 1
-2 8
12 -35
0 -9
8 4
-1 42
3 -22
-4 26
-13 -44
0 18
9 -12
4 -6
0 22
-8 23
-2 18
-3 17
0 21
0 -2
7 -18
4 -43
-8 6
4 7
2 1
12 8
4 17
2 20
15 12
9 -16
-2 -38
0 -16
-4 -2
1 8
-8 24
-1 9
6 6
14 5
0 -22
-10 -13
-1 -6
6 23
2 29
2 -1
12 1
-13 -19
6 -10
7 -23
0 0
-1 -6
5 14
-2 13
5 5
23 12
-15 -11
1 -32
8 -19
1 -2
1 38
19 28
-2 -11
0 -1
-4 21
11 -22
6 -40
9 -5
1 44
3 13
-16 17
-4 9
13 4
8 -4
2 -18
-4 -13
6 0
0 6
8 1
-6 14
6 32
-3 -27
-3 -14
16 -20
0 5
3 23
1 36
2 -5
4 -12
-5 15
6 3
14 -43
0 4
2 12
9 -28
4 38
1 17
-3 12
8 -14
11 -25
0 -13
0 5
5 12
-2 22
0 2
3 30
0 -4
0 -34
12 -23
0 8
0 18
3 22
8 35
21 2
-10 -12
0 -34
-3 -13
1 -12
23 19
5 17
-7 -4
2 23
2 -10
7 -17
6 -36
3 -22
4 -15
1 17
18 39
2 5
1 1
-1 2
1 -19
-4 -13
2 13
25 28
8 4
-7 -3
-4 -5
0 6
14 -2
7 -36
12 -10
-4 -3
-2 26
-4 8
0 24
-1 17
13 -12
-4 -11
4 -18
-8 4
3 16
13 37
-4 4
1 -13
2 -5
6 -16
-1 -32
-2 -6
0 12
3 21
9 14
-10 2
7 25
3 -5
0 -34
2 -25
-7 20
4 24
1 -1
0 -3
3 21
7 -10
13 -26
8 -14
8 -1
7 -7
12 13
13 3
-9 15
3 19
8 -6
0 -12
-3 -6
-1 27
5 5
1 13
5 1
4 14
3 -19
-9 -16
1 -22
-2 -16
0 16
-7 24
3 1
1 19
5 -15
16 -40
1 -26
4 1
4 7
9 36
-3 9
4 -8
4 -26
-16 -1
1 -8
15 -3
-4 16
2 2
0 -13
0 -10
4 25
7 0
2 -15
0 -17
9 8
12 1
-4 34
0 -5
6 7
12 -13
5 -33
3 -23
7 0
1 22
-5 26
-8 -22
4 -13
4 8
1 -8
2 -16
-1 -12
12 17
-10 13
-6 2
3 2
12 -16
-6 -1
-5 -5
0 -14
0 -21
-1 0
-10 13
3 3
8 7
12 7
0 27
6 -34
6 -45
7 -2
6 -12
2 13
-5 17
-2 25
7 -18
11 -11
0 -18
-1 -15
4 0
-5 7
0 6
5 -19
-1 13
1 12
9 -41
8 -33
0 -13
6 25
5 -16
17 -1
-5 0
-4 12
12 2
-5 -33
12 -15
6 8
-5 42
16 56
6 -18
0 17
8 0
6 -4
-5 -26
-2 -6
4 13
15 12
-5 16
1 4
9 12
13 -88
0 0
-1 0
-10 29
6 4
2 8
7 25
2 -5
8 -45
16 -30
-2 -37
0 28
0 12
0 6
-3 -5
1 3
16 -8
11 -22
-6 -21
6 0
-1 1
-9 3
8 1
15 24
8 -24
0 0
3 -5
8 2
-4 2
1 19
3 11
-9 12
3 0
1 -19
-8 -9
-4 -14
4 -18
-1 43
-1 23
6 -16
-3 9
13 -27
18 -12
-5 -27
-2 -6
-9 25
7 17
-3 3
8 -1
-5 -21
2 -14
5 -19
-6 0
1 -5
2 30
0 4
2 -5
3 33
1 -18
13 -38
15 -25
-4 9
7 45
1 30
3 -4
-1 28
-7 -8
14 -28
4 0
1 3
-2 22
4 17
3 3
2 11
14 0
14 -22
6 -31
-3 -1
-2 30
-4 5
8 8
-6 -10
-4 9
8 -21
-15 -11
2 -6
6 -16
7 2
1 19
5 20
-2 23
0 -18
7 -24
11 -33
11 -7
-9 7
8 7
5 7
-9 4
-2 0
0 -13
11 -36
11 19
3 -19
0 25
-18 39
0 0
13 2
0 -1
8 -9
2 -44
1 9
-2 5
6 13
2 11
-1 4
2 1
7 -30
-9 -35
8 5
-5 9
2 26
6 -2
0 2
8 -16
-4 4
-1 -25
26 -24
0 27
2 18
0 43
-3 -2
0 -13
3 4
-8 -24
1 -22
6 -9
8 14
11 22
0 20
-8 53
12 -26
4 -26
-3 -31
3 0
5 5
7 5
1 -10
7 11
5 25
2 -2
2 -1
0 -43
3 -2
-2 0
5 -6
-2 6
16 12
0 16
-2 27
3 20
1 -36
4 -20
4 -14
6 -6
-2 14
4 -1
8 12
6 5
9 8
-3 -21
-9 -24
8 -4
8 12
15 14
0 12
0 12
12 -3
-7 -14
6 -8
12 -15
12 -11
-1 15
-10 9
-2 15
-4 26
6 -30
6 -28
14 -43
6 2
-4 11
0 30
5 13
-7 -2
-4 15
1 -18
-4 -29
-3 -37
17 20
4 7
1 1
0 -35
-2 4
-3 -3
6 -4
0 -26
17 -7
23 -1
0 -2
7 15
0 6
1 19
0 -17
6 -19
2 -39
-2 -13
0 20
2 7
9 28
2 3
0 17
0 -16
18 -40
0 5
-2 12
4 15
-1 4
0 -16
-1 18
1 -7
8 11
1 -24
-3 -13
5 19
14 4
0 -3
-6 21
1 -7
-9 -33
0 -14
2 -22
2 11
-1 21
6 -3
24 16
-9 -9
-15 -1
19 -12
13 -26
16 14
1 20
5 24
0 5
1 -1
9 -13
5 -64
9 0
12 3
19 17
-11 27
0 -16
-8 -9
0 2
3 -34
-4 -24
15 -14
1 -4
13 1
1 35
-2 13
-12 -2
6 20
-4 0
-9 -17
0 -13
-2 -9
0 -7
5 18
-1 8
4 -6
-10 5
2 -7
6 -28
0 -20
-3 15
3 19
0 13
-8 12
0 24
-1 19
5 -20
5 -25
0 0
4 17
0 12
12 17
4 6
4 3
0 4
8 -15
1 -1
-4 -43
4 20
2 18
-1 8
7 -3
0 5
1 0
-4 -31
0 -21
0 -9
8 26
9 20
6 1
0 14
5 -3
30 -11
-6 -14
12 1
-1 11
8 11
9 28
-2 1
-7 8
-1 7
6 4
16 -27
7 -26
2 -2
0 -11
-2 -1
1 27
-1 -5
16 9
7 42
17 -17
-15 -89
12 6
0 -11
5 14
5 -7
-3 2
-1 0
-3 25
-15 1
4 -24
14 -13
4 1
1 12
0 2
0 1
14 20
8 7
18 -9
-5 -27
0 -5
14 14
15 17
11 -1
6 26
-2 7
0 -61
11 -16
21 5
-5 -6
-6 15
-1 7
1 12
4 -39
-2 0
0 -34
17 -11
1 9
-5 6
-3 5
6 24
16 21
2 5
0 -28
-9 -10
4 12
6 1
1 0
5 -2
3 5
-7 -11
2 -30
4 -5
0 -7
-3 26
16 12
-1 5
9 2
-16 -5
3 -12
4 -21
-3 -23
13 14
3 14
-1 2
1 13
12 1
0 15
0 -2
3 -22
20 -27
4 20
-5 -20
-9 -21
9 0
3 11
9 14
8 -7
-14 14
-2 -14
-1 -28
13 -18
8 -6
-7 13
4 7
-3 -6
-4 -3
0 15
1 -24
-9 -36
-4 -34
-4 7
7 53
-16 18
-8 18
6 5
-7 7
6 -28
5 -10
3 -23
-7 6
1 3
-4 49
-2 14
-8 -8
11 4
0 9
-6 -11
-3 -14
6 -17
-1 -5
-2 2
6 -7
0 36
-9 -2
12 -49
8 -33
-11 20
-5 34
7 21
3 9
14 -15
3 -16
1 -9
0 -22
-1 -18
6 3
-1 30
2 0
20 -5
-2 -8
0 -47
15 -49
1 9
-5 -2
12 17
12 -24
4 -2
7 -16
5 -4
6 0
5 -31
1 -18
-11 7
7 -24
5 0
20 39
-1 -25
-10 -34
8 -17
9 -3
-1 -10
4 9
-6 29
-3 13
-5 -11
4 -12
0 -43
3 -20
5 13
-10 8
6 8
