29 9
-20 12
-38 -2
-11 2
28 15
5 -8
6 -27
13 -13
7 11
0 19
-4 -2
35 9
30 0
9 11
-32 0
-9 -31
-6 -9
8 8
29 38
-62 -8
16 -31
11 0
8 6
9 -38
4 -28
0 -16
3 15
3 12
13 12
1 20
-4 -7
-5 1
11 -31
11 -24
-19 31
5 18
-13 12
17 4
-19 24
-8 -25
12 -18
13 -37
-2 -4
11 46
22 27
-16 -4
9 13
-7 5
-11 21
25 -2
0 -2
6 -7
14 -40
-3 -16
-14 13
7 9
9 23
-3 14
-1 4
-14 13
19 -12
-30 -32
12 -4
21 -15
-3 12
-9 21
17 -8
-6 45
15 -6
15 -29
1 -16
0 -2
4 5
6 29
-2 12
-19 28
1 3
-10 7
0 -13
1 -40
1 13
0 25
16 7
-26 -5
0 16
18 34
-7 -14
-1 -29
13 7
5 -21
-5 20
8 31
7 -10
-9 -13
-12 0
1 2
2 -10
6 -37
0 -32
-9 -21
5 28
0 -2
-17 -6
3 32
11 33
7 -22
-14 -41
-4 -8
-9 -2
0 6
12 32
-4 6
9 -16
11 15
1 -54
-3 -6
6 -10
-17 12
9 16
0 16
-4 5
4 -3
-2 -9
5 -35
-5 -21
21 1
7 30
-4 9
0 -3
4 -9
11 8
0 -9
-6 -20
6 0
-2 -9
2 30
-11 17
11 -12
4 -3
12 6
12 -3
-5 -20
-4 -20
13 12
0 35
9 0
3 0
-1 4
0 2
0 -14
4 -17
-2 -6
8 6
-1 8
-2 35
6 -7
3 -8
8 -6
-1 -13
-3 9
7 29
2 -8
12 7
2 15
-3 0
7 -5
7 -27
-11 0
15 9
5 13
0 2
0 16
6 37
4 -26
4 -72
4 -18
-2 48
13 0
3 1
15 1
0 40
5 -25
-5 -64
6 3
3 -9
4 9
19 24
8 -4
-6 -5
1 -1
7 0
-7 -13
20 -44
9 7
1 40
-5 17
6 13
-2 4
0 -6
4 -11
19 -38
-10 6
4 31
12 -8
-9 -4
4 19
6 -12
-7 -22
6 -2
13 1
0 6
1 16
-1 19
4 18
4 5
6 -8
2 -28
-10 -20
0 8
8 4
6 6
4 -1
8 12
6 -11
5 -22
2 -29
4 -9
-9 8
12 34
5 -12
-17 14
0 -14
7 -20
19 -24
-12 -12
3 32
12 21
-8 -5
-8 8
4 -6
-5 -1
-13 -30
14 -27
7 36
2 11
6 -5
-4 7
12 9
-13 -16
0 -21
4 -23
-4 12
18 2
-1 35
0 -2
-1 -2
12 -4
9 -1
3 -27
13 -19
-2 33
1 16
0 -16
-1 -10
3 28
6 11
7 -12
-2 -39
0 -7
-1 -21
-1 0
5 55
0 0
3 53
4 3
-8 -27
7 -13
7 -2
8 1
1 17
-1 29
-5 0
6 15
13 -27
5 -9
5 -31
4 -8
0 16
0 -4
6 5
-9 3
5 -13
-5 -14
3 -26
5 0
-4 -21
3 11
0 -1
4 11
0 -13
1 -17
2 -22
0 -23
-8 0
3 8
2 -1
-2 14
1 -2
8 -19
4 -18
11 -22
11 19
2 -8
-10 38
9 -10
2 11
8 1
8 -17
3 8
11 -17
-6 3
12 19
9 7
3 12
-7 -11
-5 -1
0 -4
-7 -27
2 2
-1 5
11 15
8 30
-15 2
5 9
-10 -10
7 -15
0 -21
7 -9
3 20
-3 3
0 0
15 1
-9 -25
5 -3
4 -12
7 -31
-14 -31
13 -2
8 -2
0 25
-6 -6
2 7
9 -23
5 -43
-1 -30
3 -9
5 23
8 22
-5 -19
9 16
-4 56
9 -24
6 -22
0 -26
-3 -13
0 20
6 28
12 -14
2 -13
0 -6
1 -12
3 -39
12 -17
7 33
-22 7
-4 -3
-5 15
12 -12
8 -39
-1 -6
2 -15
1 16
0 18
7 0
5 -10
7 19
-6 -6
9 -20
-6 -19
1 -23
-5 -28
0 30
5 2
17 -6
6 6
-16 -21
5 -21
2 13
5 -34
-7 13
-2 11
5 0
-4 -5
15 -13
-7 -50
9 6
-4 4
0 22
-1 7
-4 13
18 2
5 12
5 -12
-9 -23
13 -14
-4 12
-13 18
26 24
-13 -9
0 20
16 -6
9 -23
20 11
4 -20
-17 0
4 0
13 31
-5 -2
-4 15
5 -14
-6 -6
4 -32
7 -6
2 7
0 14
0 4
-2 8
-10 -3
-2 -17
5 -17
1 1
14 -9
0 38
-8 17
23 -12
-1 -12
-3 -40
-2 -6
6 -4
0 7
0 27
-8 3
9 -5
-6 22
-3 -28
3 -31
-3 -23
13 -20
3 7
5 0
8 -4
9 14
5 -1
-3 -31
15 -29
8 -24
5 20
7 3
0 -44
11 18
-8 29
14 0
-1 -44
7 -27
-1 22
2 21
3 1
6 1
9 14
-4 -1
-2 -16
3 -19
4 -14
5 23
0 7
9 8
4 -27
-3 0
6 -8
1 -45
9 -21
1 3
0 1
9 2
8 7
-1 -16
0 18
15 1
-6 -48
17 -30
-7 2
7 -6
7 26
5 48
-7 -18
4 -9
2 -21
-1 -25
3 -17
23 -4
1 43
-10 8
3 0
12 -6
-2 9
-1 -10
7 -56
4 -20
7 -6
5 14
2 30
3 12
1 -4
-1 4
-4 -8
7 -29
7 14
6 -18
4 -5
8 5
11 -1
-4 -2
-27 9
8 -44
-1 -12
-6 -10
5 16
29 8
-16 -4
9 25
-7 -19
0 4
-7 -39
-7 5
5 26
8 1
8 9
2 15
-1 6
16 -2
7 -5
-1 -17
7 -2
-28 25
6 26
8 0
4 40
2 -8
4 -68
6 -9
-6 6
5 6
8 2
5 13
-2 6
2 -4
7 0
6 -32
13 -21
0 3
-17 7
7 8
9 8
5 16
13 7
-7 -33
4 -43
-7 -7
7 26
-2 21
0 -3
4 8
9 -7
-13 -13
-3 -34
0 -2
-5 -6
5 25
0 17
5 16
0 -3
11 -33
9 -17
-11 -20
7 -15
6 11
-11 18
1 -11
5 0
3 -1
-2 1
-3 -37
5 -24
0 8
-11 17
0 -1
7 -4
8 -8
-2 -24
0 -22
0 -18
-6 6
3 12
-5 9
7 25
8 -6
-2 -22
0 -1
2 -35
0 -13
19 -1
1 46
-9 7
1 9
5 0
5 -28
2 -11
-14 0
7 13
-7 27
13 0
5 30
8 -8
-5 -20
3 -16
-4 -29
8 19
5 24
8 19
-1 -14
4 11
-6 9
-9 -6
0 -10
21 -2
0 -22
3 21
0 8
12 5
4 -18
13 -7
-17 -32
-4 -10
15 -7
-3 14
21 14
-10 -9
-3 6
-3 -15
25 -34
-2 5
-5 12
4 20
8 -12
15 8
0 -26
2 15
-11 0
11 -5
8 -28
-1 -21
14 23
6 23
-18 -9
-5 28
-14 6
7 -49
0 -24
9 -18
5 41
1 4
7 3
3 -9
13 0
-5 -8
6 -27
13 -36
5 -5
5 19
16 15
2 -3
9 -2
-4 5
-2 34
7 -12
4 14
9 1
1 23
-4 -3
11 -5
-1 -1
16 -6
-6 -14
12 -9
-3 15
2 -1
0 27
8 13
-7 17
5 -1
19 -16
-6 -20
5 -12
12 22
1 23
7 3
1 -2
-1 -13
5 -12
4 7
-1 1
0 11
-20 6
-4 12
-11 16
6 -10
-10 14
8 5
7 -26
5 -36
11 12
-1 19
-9 -6
5 9
-13 14
19 -12
1 -33
-2 -34
6 6
-4 21
-8 3
4 4
1 22
-4 40
9 0
4 -43
1 -15
-2 3
5 16
9 -13
4 14
-6 5
4 12
9 12
4 -29
2 -18
2 20
6 26
3 -8
-6 4
8 -8
2 6
13 -40
0 -22
0 -2
-4 -19
5 16
0 -1
0 5
-6 6
5 -20
28 -19
-1 -6
2 33
-5 26
-4 -10
7 4
7 -16
6 -32
0 -22
2 7
0 16
6 -11
1 -15
3 26
0 -4
2 -12
4 -40
5 -22
14 7
-6 -41
-5 19
8 13
4 -4
-9 -8
5 -26
-8 -15
-4 -3
-2 4
3 32
17 2
0 31
9 0
-7 12
5 4
6 -17
2 -3
1 5
-8 13
3 19
-1 -26
9 9
-11 2
14 -7
0 -32
-1 -14
4 24
6 1
3 -7
3 19
0 32
7 -12
-2 -71
19 7
-9 -13
1 -19
20 25
0 8
-7 5
0 5
6 2
4 -12
0 -40
3 -9
8 -15
4 -16
1 9
0 0
0 -5
9 -26
5 -2
-2 14
-1 11
24 -26
3 30
-9 21
4 4
3 -2
4 -8
0 -34
-1 -13
-1 -39
-19 -10
-3 13
-3 34
2 33
7 8
7 13
5 -9
-2 -16
8 15
0 -24
-4 0
2 33
16 -16
2 -34
-7 -24
1 -12
1 -15
21 54
-4 -11
-6 -7
14 8
7 7
-4 -34
17 -12
-12 -28
6 17
0 18
8 4
-15 27
8 3
0 -7
7 -16
12 -45
1 -16
-9 3
11 -27
-4 28
17 4
-4 1
13 -11
0 11
-4 -21
6 34
0 53
7 -3
0 -41
2 12
12 0
1 0
2 -32
0 -28
1 -3
-3 8
13 5
-9 9
4 17
19 -2
-12 -17
-3 -25
-5 -11
9 21
-6 26
2 22
7 22
11 -4
4 -29
0 -14
-1 -36
13 20
6 16
0 27
-4 -8
8 -7
1 -12
-16 9
13 -51
-15 -15
14 14
-11 16
1 23
20 24
0 8
-6 -20
4 -5
1 -26
17 -15
0 30
0 -16
7 13
17 -10
6 9
1 -4
11 -22
0 -5
4 -6
-7 6
2 36
16 -14
4 17
6 2
-2 -9
0 -19
4 -16
8 -23
6 14
1 23
3 20
14 1
-5 7
-7 7
3 -14
1 -1
-1 18
9 21
0 -11
9 8
7 -14
-3 -8
1 -30
0 -16
0 36
11 14
6 26
-3 -12
6 -23
13 -9
3 -23
6 -28
1 15
-5 28
-2 17
2 27
5 1
-2 -11
5 -28
0 -15
9 -10
-8 9
4 36
9 -26
-1 -17
14 25
-8 -39
2 -20
11 -12
-2 4
3 2
0 1
4 3
5 -5
-1 -18
9 -17
-4 -12
-3 7
5 -28
9 32
0 28
0 5
4 -12
1 -11
1 -15
5 -2
0 -1
6 22
16 5
17 14
0 1
20 -27
5 -16
0 -16
3 4
0 18
3 12
0 23
6 8
7 5
12 -14
0 0
0 -21
6 0
-2 -24
-2 61
-1 7
-4 6
11 -2
-4 0
11 -24
-14 -17
11 11
-3 -2
20 33
-7 -2
4 5
12 0
-2 -13
3 -29
4 2
-7 6
5 9
2 4
2 3
18 -4
-6 -16
6 -28
1 -7
-10 9
26 11
1 -5
-2 -12
1 -14
26 -21
4 -21
-12 -11
0 -3
18 5
-3 26
-16 32
6 -9
14 -19
2 -4
-6 -32
1 6
0 40
17 6
0 14
-2 -6
14 -12
-5 -4
0 -23
6 -11
-2 -13
-2 36
-2 19
1 23
8 6
2 -30
0 -42
0 -17
42 14
-4 6
-7 16
-6 -13
3 3
-4 -7
1 -26
1 -26
5 18
0 1
8 25
6 16
2 25
-12 -59
11 -50
0 0
-8 16
2 5
6 30
-2 -9
0 4
7 1
-5 -3
-1 -26
23 24
-10 7
0 -56
7 26
-2 47
12 -13
7 -5
-6 0
15 29
-7 -60
3 -42
-2 40
-2 -4
0 26
7 13
7 2
-2 28
0 0
0 -8
0 -12
1 -19
6 -1
7 9
-5 33
0 22
5 -17
1 -2
-3 -17
8 -19
-1 -17
9 -23
15 -15
-2 27
2 -3
4 1
3 -23
14 -4
2 -15
6 -5
0 17
6 5
3 14
18 18
4 0
-3 -14
-7 -13
2 -12
12 -14
1 37
7 31
-7 7
-5 -14
17 -36
11 -26
0 1
-3 -1
4 7
0 -17
-6 7
-7 27
15 11
14 -30
-8 -23
-1 -6
0 -3
-14 14
-5 0
5 -10
20 8
0 -2
-5 -30
0 -16
-5 0
2 6
3 2
6 -6
-1 -12
-2 -25
-7 2
2 -15
1 -23
-7 -26
4 13
-2 19
16 12
2 -1
2 -3
0 0
-3 -20
0 -24
-1 -3
7 2
-5 -31
-23 4
6 19
4 -15
6 4
-8 -40
11 -2
5 13
7 8
-12 0
5 -4
3 14
0 -27
5 -29
15 -26
-4 11
1 31
11 16
0 18
-6 -12
-4 0
20 -9
-25 -29
14 -8
3 0
8 33
15 -15
9 -16
4 19
-38 -30
0 -26
0 8
-2 13
0 -17
16 15
7 15
-5 -9
7 -9
-3 -26
0 -38
-14 14
-4 32
3 7
11 2
-11 -4
6 -9
-3 -17
0 -25
7 -5
0 -23
-1 19
19 17
-5 16
17 20
3 -32
12 -27
4 -15
-6 -22
2 37
1 29
6 -8
12 -7
-1 -22
2 3
7 -19
13 8
-7 0
7 39
4 7
-1 0
6 -18
0 -14
9 -1
1 7
0 15
-4 7
6 -7
1 -8
4 -1
2 -15
0 -32
5 -36
-8 23
13 -6
6 21
4 3
7 13
5 -4
7 0
-7 -19
9 -20
5 -8
2 12
0 0
3 17
14 8
-18 18
0 -1
0 -24
3 -13
4 5
-7 4
6 -7
-8 4
-11 16
9 -13
-2 -37
6 -19
8 12
-4 68
-10 31
-3 -8
20 13
11 37
8 -29
6 -45
5 -11
9 -21
16 -22
13 24
-9 31
7 12
4 -23
-11 -10
22 23
19 20
-3 34
1 0
-7 -4
-10 -28
1 -10
5 -5
13 -7
7 18
0 38
11 41
13 -17
-6 -23
0 -2
14 -18
3 -15
-8 19
20 -7
-3 12
-16 12
-4 50
4 22
2 -43
-3 -91
2 -12
3 20
-4 33
0 5
11 -20
0 -30
-8 12
16 -4
20 -9
2 -2
6 17
-4 25
5 25
11 9
1 -15
-5 -38
12 -38
19 -22
14 29
0 32
5 -2
-4 -26
0 1
6 0
-5 -5
11 44
5 24
14 -36
-13 -103
2 -23
-12 55
14 31
8 -14
3 -32
-6 -47
0 23
3 21
-11 46
7 40
8 -24
0 -39
6 -66
-12 -62
9 33
2 60
7 34
-4 34
4 11
4 -3
-16 -76
13 -25
4 11
-11 -8
14 14
16 49
0 19
6 -35
0 -31
-5 -10
13 -40
-8 17
6 21
-3 -7
2 -1
-11 -21
6 5
9 -76
13 -55
5 46
-4 102
7 33
7 -17
-7 -25
6 2
4 -72
0 -3
-3 39
-7 41
5 -32
4 -5
-19 27
11 41
4 -13
3 -55
1 -10
14 69
-2 79
5 -42
2 -59
6 -7
13 -52
-6 -7
6 -19
0 -7
3 69
13 25
2 -11
4 -106
0 22
7 -17
-11 -9
9 7
1 23
-2 15
2 -36
-9 -26
14 47
4 -7
0 -4
5 -24
6 -19
0 20
-2 -21
3 20
-1 34
9 60
2 -78
0 -52
-8 29
11 -2
4 8
11 -11
11 -8
-3 -47
2 -101
0 27
-10 102
6 29
0 -36
4 -97
3 25
2 88
0 8
-3 -20
11 15
14 -3
11 -36
-10 45
17 32
8 11
-2 -59
24 -33
-10 -5
-9 41
-3 -17
0 -34
13 5
-16 65
0 -29
4 -102
1 -17
0 22
2 -39
4 14
-19 -23
1 -10
5 30
1 45
0 -16
15 -54
12 -22
-8 34
4 37
18 67
