2 -26
7 -56
2 -8
-11 11
0 24
3 57
-8 6
1 -88
-3 -88
-8 58
2 46
15 -21
-3 32
3 -5
-3 -19
4 23
-5 -17
0 17
-9 60
2 -62
2 -63
5 18
4 -3
0 60
-7 -27
-1 19
4 25
6 29
-4 -43
4 -54
14 -1
-9 32
0 33
1 0
5 -9
-3 0
14 -50
-4 16
11 -112
0 -13
2 68
5 53
4 0
-3 -16
6 -74
-2 -8
0 34
2 57
4 26
5 5
-3 13
7 1
4 -138
-6 0
-3 38
2 46
13 -36
-2 -11
2 12
-2 63
8 -13
2 -58
1 -27
7 44
13 35
-3 7
0 -5
12 -23
-7 -12
11 -12
6 21
5 43
7 24
6 -93
-2 -12
0 33
13 -40
8 -10
5 4
2 23
-1 9
2 -36
0 0
14 30
-2 68
-10 -24
14 -52
0 -31
4 -18
4 77
-1 -25
6 -56
3 2
-4 45
-1 -52
15 -92
7 28
12 34
-11 52
-4 18
18 -19
4 -5
-4 -55
8 0
6 49
0 22
2 37
16 0
2 -22
5 4
-2 18
0 3
13 43
-7 -32
2 -66
-10 22
2 -24
13 27
13 16
4 1
0 0
1 -43
2 51
0 11
7 2
-5 25
2 -61
2 -7
-2 15
0 -37
0 -16
16 39
-2 30
-6 73
5 32
11 -77
2 -72
5 -17
8 23
6 7
9 50
-9 1
13 0
-4 -12
6 16
2 0
0 13
5 -33
-1 24
8 18
4 -16
-25 -26
-1 -38
3 -13
2 -9
1 -47
1 8
18 37
0 -15
3 -11
-5 0
7 -39
-4 -1
0 71
15 -9
-13 -3
1 29
6 21
11 -23
12 -33
8 -31
17 13
-1 47
9 0
-9 13
2 22
-8 50
1 -46
16 14
34 -29
4 -40
-2 45
7 58
2 -14
7 -23
6 -56
-8 -18
-5 24
-2 -40
-3 35
0 21
0 -35
-1 -9
-1 56
-3 16
-8 5
-2 -45
14 -10
15 11
0 -9
0 23
4 28
6 -27
-1 -75
4 -38
12 46
-1 76
16 9
5 -24
5 33
-12 35
13 -1
4 -6
0 -10
12 -10
-2 34
0 70
5 6
-7 -46
9 -66
2 51
12 -22
6 -64
1 89
13 42
2 24
1 -21
0 0
0 -14
8 -35
0 -8
4 -11
-1 2
-3 33
-2 -31
0 -6
5 8
11 -14
14 -58
-11 -3
3 -2
14 -5
-5 39
-1 -2
2 -43
8 25
-16 0
-5 -35
4 -27
7 -14
2 -23
4 41
8 -16
9 59
2 -32
1 1
3 13
8 -17
13 -19
5 11
-2 56
-2 12
-3 -2
5 1
0 -15
0 -12
-3 -28
11 5
5 4
-7 -10
0 12
0 9
1 8
5 -51
5 -17
0 -17
2 -40
4 -16
-8 19
2 0
5 38
2 -20
4 -42
2 -11
3 -37
2 26
0 42
1 -16
1 -34
9 -21
9 8
8 5
-9 -8
4 -42
3 -25
7 48
3 65
14 -7
9 -44
15 -8
4 -1
8 -23
3 37
-6 19
-8 9
6 -13
15 24
-7 -43
4 -44
-2 -19
3 20
-11 20
-2 -2
9 29
-1 12
3 -11
11 -52
-4 -42
3 36
-2 18
-24 30
1 -3
7 -21
2 -24
16 12
0 -32
-8 29
-7 38
11 -68
9 -22
5 6
0 46
23 -10
-3 -26
-2 8
0 38
1 -1
13 -49
5 16
4 -2
5 -28
-8 -36
7 -16
0 64
-1 62
4 76
-7 -92
2 -55
1 1
1 18
0 -22
9 -15
0 2
-11 2
1 -2
6 40
8 14
0 -2
2 -29
7 4
3 -8
-3 47
7 5
0 -30
11 -47
8 36
9 -15
-5 22
4 17
7 -45
1 -30
3 70
5 -8
16 -30
-2 -26
-4 50
-1 -42
12 -18
6 27
8 46
14 7
-9 -27
20 -21
-14 -47
0 13
-2 34
-1 8
9 26
6 -4
0 -7
0 -7
0 -5
9 -26
-1 -13
26 44
18 14
2 -30
5 11
0 -3
6 -40
0 -46
8 21
1 45
0 -37
0 -7
-2 9
-5 15
2 -3
20 -16
4 0
18 4
6 16
-1 11
3 1
1 11
6 -21
-7 -36
16 53
2 -60
-2 -5
-2 41
4 8
-4 7
4 -22
1 -25
-3 5
-1 27
15 17
23 24
-6 19
-5 42
0 3
-4 -76
13 -30
20 -27
9 31
16 7
9 1
5 5
2 5
0 -47
8 9
2 -6
3 -8
-12 21
20 14
15 15
-2 29
-12 -25
5 -16
-7 -31
1 -39
5 29
5 12
5 -14
-3 -17
13 1
-8 27
-7 -36
1 23
2 40
-4 -22
2 -55
2 45
-9 27
-6 -5
19 -41
11 -67
3 -13
15 31
16 -10
-24 4
23 35
6 26
-13 -7
13 -37
2 -45
11 11
-12 8
-3 40
8 37
3 -9
9 -83
-4 -20
-10 5
16 -23
3 32
0 30
3 36
4 5
-4 -38
-11 -27
6 1
15 34
13 3
-5 31
-2 -36
-11 -28
17 62
5 13
-13 -14
3 -37
7 21
4 60
1 5
6 -34
-8 49
-6 -11
4 -37
15 -15
11 8
0 23
3 -1
-3 12
4 1
9 -7
5 -17
-9 -34
6 -14
-1 14
1 5
-2 15
-3 18
7 -18
9 -65
7 -31
-3 19
21 -19
1 66
8 -7
13 -19
3 6
-15 27
1 -29
-7 -21
0 -24
-4 8
12 24
1 16
-8 11
2 -24
8 -31
6 -19
-1 -43
0 -38
8 42
3 2
14 4
6 13
0 30
-4 34
-5 -12
0 -82
8 9
4 38
0 -46
5 15
2 16
0 -8
8 6
3 -12
-2 -38
9 31
14 36
0 1
-8 -16
-2 8
13 0
6 19
-2 -104
1 -20
-2 19
0 37
-1 37
5 -17
8 -12
16 34
-3 -40
2 -32
-3 46
8 14
12 50
2 -15
3 -10
9 33
0 7
0 20
15 -20
0 -82
-3 -11
4 36
-3 6
-3 -3
0 2
8 -24
6 -15
9 -4
-1 -8
0 8
-8 6
11 -13
2 9
-19 39
5 0
16 -38
-13 -26
-9 -19
-1 17
-6 32
1 29
2 0
15 -6
-7 -3
-3 -36
11 -33
-25 12
4 0
11 -11
8 16
2 34
5 21
2 -25
0 -11
7 -11
-3 -5
0 27
-1 17
15 -21
5 -18
-14 11
-11 33
9 -9
9 -15
-9 -63
4 44
2 55
2 16
3 -14
0 -10
19 -32
9 0
5 29
-6 7
-2 12
7 7
6 -7
1 -7
0 -32
-2 -38
19 5
4 40
9 19
-4 -28
2 -45
14 47
2 -51
1 -15
7 38
14 -38
1 0
-6 11
14 13
-3 41
-8 -40
-5 -52
-4 -25
14 20
-3 17
-9 -44
-1 -12
-4 -9
-1 17
8 -41
24 -16
0 22
-7 6
1 -3
6 11
13 33
1 21
6 6
-12 -44
2 -20
2 -25
16 -11
-25 14
-5 45
-2 11
6 -36
0 -30
-1 -26
-7 22
2 21
-7 -15
-2 4
2 18
4 -7
19 -6
-1 -34
-4 -8
-2 43
0 3
-1 24
0 21
13 16
-6 30
7 -19
6 -12
-8 -13
3 -5
1 -6
-3 30
-2 54
12 17
5 -15
0 -19
6 -33
-5 -1
2 47
6 -7
5 -14
-3 25
5 -41
3 -4
7 -2
0 0
6 -20
11 0
0 52
-1 -27
8 24
3 -15
-4 -21
-8 -25
15 -3
-6 26
0 16
1 18
1 -7
0 -25
9 -53
0 -7
1 11
-1 7
0 25
-6 -27
0 59
7 14
-1 -22
2 -19
6 -3
1 15
-18 3
1 2
2 49
0 8
4 31
8 8
5 -58
3 -2
8 8
-11 -26
5 0
2 13
2 37
5 13
12 -67
-7 -13
8 -53
2 31
7 40
0 23
0 -3
-3 -4
6 27
-5 58
5 -51
-1 -54
12 -22
7 7
3 31
-6 18
-11 -18
16 5
9 -28
0 -16
1 37
-9 30
-12 -1
-2 -22
0 -19
1 39
6 -4
-2 -22
-5 -21
7 32
5 -7
0 16
-11 -1
4 -6
0 0
-7 -14
13 21
5 -44
11 -25
6 0
8 60
12 44
-23 -29
8 0
6 6
8 -19
9 -55
-3 -11
6 12
3 18
3 14
6 9
8 -3
-3 -23
0 -5
-2 7
-15 -2
5 0
5 8
-3 -16
-5 7
8 -4
1 -16
0 8
-1 6
6 -18
-12 21
0 0
3 -14
1 -24
-9 -36
-3 2
6 2
-6 1
13 15
11 14
12 11
-8 21
8 -7
5 -14
4 -60
-11 -19
-7 1
-2 34
-19 3
6 9
-8 32
3 -25
7 -31
-4 17
9 -26
-1 33
-4 1
13 7
2 7
0 32
8 -9
0 -16
-3 -2
5 -16
-3 -5
1 -7
0 32
-9 5
3 -60
0 -27
12 14
0 33
4 62
-2 7
1 4
2 -21
-2 -50
9 -17
9 0
3 15
-12 -4
21 13
-4 22
8 -22
9 -55
9 -33
11 34
-2 54
-2 -31
-2 -10
-9 -2
7 52
4 -58
9 -57
5 -1
0 -54
2 -17
-8 34
-5 32
9 0
9 31
-11 1
2 -39
12 -10
-2 22
13 53
-4 0
8 16
2 -29
-3 -6
-4 -54
-3 -30
13 32
7 83
-4 19
11 -21
2 -12
-3 9
-5 12
6 -44
8 -14
6 39
12 44
4 -16
-2 22
-7 -27
8 -26
3 -2
5 -23
9 18
2 42
-1 1
-6 33
7 20
12 -27
4 0
-2 -12
4 -27
15 26
2 73
-5 -9
2 -47
-1 -23
6 -21
11 40
1 12
1 -48
-4 22
2 28
13 9
0 27
-8 0
3 -34
0 -20
14 6
1 -1
4 2
0 -12
5 44
5 3
-5 -27
6 -26
7 -7
1 -6
7 8
0 26
-3 18
4 40
-6 -46
-7 -44
-1 -2
6 -12
14 14
13 34
-7 2
18 8
18 0
2 5
-1 -8
1 -10
-2 -4
8 15
-35 17
0 3
3 -2
0 38
0 8
-2 -28
3 -15
0 -49
6 14
0 18
0 15
13 28
2 24
-15 5
13 -27
5 -53
11 -9
-7 38
2 23
14 -10
0 1
5 -25
5 -33
5 -8
7 17
5 32
15 26
8 -17
-6 -8
0 0
3 17
5 -20
4 -32
11 -24
-5 27
1 31
14 -29
-9 -17
2 17
2 -20
0 -20
-2 -36
-7 2
1 22
8 -32
11 6
0 1
-10 -38
5 -5
-4 -7
7 0
-3 1
2 -16
-5 12
12 51
0 -12
-3 -19
8 -28
3 22
0 3
3 29
3 3
6 -13
1 -8
3 -23
15 -33
-1 -3
-1 3
0 31
0 11
-1 -3
6 -5
9 -12
-2 -19
0 -16
-5 32
12 57
4 -2
7 -14
8 -5
11 -1
-10 -14
0 -26
7 7
6 25
3 -16
6 13
-3 -27
3 -14
0 -31
-5 -15
2 12
2 4
6 12
2 11
12 27
1 1
0 -45
-3 -34
2 -28
9 32
1 45
1 6
7 -9
-4 -2
0 -32
2 6
3 33
12 30
8 -76
0 36
0 -19
6 -5
13 -22
5 -18
7 -12
-13 -18
1 -5
-7 32
12 7
-2 -3
8 0
2 7
0 -41
7 13
2 14
5 12
7 9
8 18
0 29
2 -4
0 -33
1 -45
5 11
4 22
14 8
6 -24
1 18
4 29
11 13
-3 -20
4 -19
0 -11
5 4
19 19
7 1
-7 -14
-3 -4
-1 -1
7 -10
6 0
5 -4
3 20
-4 -11
-2 -5
6 3
3 0
6 -18
9 -23
-4 6
-8 12
7 13
-1 -5
3 21
2 11
6 -7
0 -30
-5 -31
5 12
8 19
4 -5
1 2
6 9
11 0
1 -50
-8 -18
-1 -8
17 18
11 17
-13 7
21 -5
2 8
-5 -11
0 -30
13 -26
12 39
1 40
0 -31
0 -47
-9 15
7 1
6 -16
11 8
3 -11
3 -4
-11 34
4 11
28 11
-4 20
-6 -32
0 -34
8 7
-4 -25
1 -31
25 9
5 1
9 32
-2 -11
5 -17
-10 22
1 -15
2 -54
13 -3
-2 0
7 35
-5 22
-7 -17
0 -18
-11 -10
6 -5
8 9
0 5
0 15
-11 -32
15 -10
-13 13
0 -19
-7 -8
0 0
4 -49
-2 25
3 31
8 9
-1 13
2 -4
-1 -31
-1 4
0 -1
8 4
12 -7
-2 -2
2 3
5 54
4 -1
8 4
4 -61
12 -8
-3 45
3 -32
4 24
0 20
3 -7
12 -16
14 3
-6 -11
19 -37
7 8
2 0
0 22
4 -2
4 23
8 37
6 -4
3 -47
-3 14
1 13
2 1
12 15
0 38
8 4
-7 -25
0 -15
21 19
7 15
-1 0
2 38
5 5
-1 0
5 -16
4 -32
7 0
4 11
9 4
21 5
-3 43
-9 13
-4 -12
11 -41
1 -24
9 3
-2 29
4 7
28 -22
15 1
0 5
-9 -19
12 -31
13 15
3 27
1 25
-2 0
-1 -1
7 0
-1 -9
2 -13
-1 -21
8 0
13 -6
-12 27
3 9
13 4
11 6
0 1
1 -16
15 -28
-5 -12
-3 0
0 16
5 0
8 11
13 9
-10 -12
11 -32
2 -13
1 9
-2 -17
-5 -7
0 0
-12 5
3 9
4 -27
15 -34
-1 5
0 -7
13 33
-9 7
4 21
7 -4
5 -69
0 -32
15 2
8 18
-3 1
7 4
-2 7
-2 15
-4 -6
5 -39
2 -15
0 33
4 -44
1 -24
0 22
4 43
8 -4
0 -21
6 -54
3 -40
0 -10
-3 -3
0 15
2 22
-13 24
0 29
-2 -43
6 -51
1 3
1 2
5 32
1 25
0 -10
4 4
0 -5
0 -9
-2 -42
14 -13
-1 0
-4 -4
0 40
4 15
1 1
3 -35
5 -7
5 -1
7 13
0 24
3 43
-2 17
5 11
7 0
4 -43
-3 -54
4 4
4 -7
7 -9
3 41
0 18
0 6
-9 -49
0 -18
7 18
14 35
3 17
-4 -9
3 -19
-5 -29
0 -29
17 -23
0 16
5 3
9 27
30 -1
-9 2
9 25
-6 -23
1 -5
-4 -71
0 -36
11 47
-1 42
0 5
16 1
-6 34
-3 -18
1 -33
5 -13
12 -33
5 61
11 13
1 -18
0 5
-4 -29
5 -18
3 -17
3 19
11 12
-17 67
0 1
0 -25
-2 7
2 9
-4 -19
9 -26
2 30
3 44
2 19
12 -7
13 0
-9 -8
-18 -20
12 -24
3 -24
-1 5
-4 -11
2 12
3 -4
2 5
11 20
6 -36
11 -13
0 -23
-26 -7
23 14
13 7
2 33
-2 17
7 14
0 -21
7 -41
-4 -10
6 16
8 -38
6 6
-9 7
8 56
2 -53
2 -40
-15 -22
-5 5
17 12
7 12
-2 0
-2 11
1 0
0 -5
5 -5
5 6
0 19
-1 -7
5 -31
-8 20
-8 11
11 -27
2 -17
8 -9
5 18
7 -12
13 5
3 15
2 0
-5 -6
11 -19
8 -8
-4 -20
0 -3
0 3
-1 17
9 -6
0 -16
7 -10
-2 20
5 -11
5 -14
3 -34
-4 -9
2 25
5 -25
-5 1
-7 0
5 18
6 -43
6 -36
2 -20
6 30
5 7
4 11
2 8
-5 -19
-2 -4
2 -12
4 0
-10 -18
0 1
0 31
-6 9
1 0
9 14
1 17
-5 -34
0 -93
3 -44
0 -2
0 24
4 6
0 5
-7 34
0 -19
14 -44
6 -4
8 -20
1 -8
2 24
-3 5
-1 3
0 4
1 -17
6 -2
5 -41
6 34
-5 12
-1 22
-2 21
5 -26
6 22
6 -22
8 4
3 -50
-2 6
1 44
20 20
-10 -4
-3 1
0 -43
-3 -36
9 -3
-2 -7
8 41
7 5
6 11
2 -4
0 -17
-3 -49
2 -22
14 -9
-1 40
-1 43
-3 2
2 -10
2 -18
19 -7
3 -18
0 -10
12 29
6 12
-5 -6
2 15
-6 -49
17 -23
-1 -26
7 1
6 34
9 14
8 0
11 -7
-4 -43
-2 17
19 -47
0 -30
3 16
2 -6
9 37
2 2
-3 35
0 2
2 30
-3 -24
0 -29
-7 -34
5 42
9 0
0 -6
1 19
-6 -31
4 -32
5 -10
18 1
-13 32
6 9
5 22
-14 26
3 -41
5 -55
-4 -60
-8 46
3 8
22 9
7 3
-6 26
-8 -49
12 -24
2 8
0 11
9 3
-18 0
4 -9
0 14
0 16
4 -22
5 -43
4 0
9 29
3 37
4 -11
-8 12
-2 5
4 4
-5 -37
-21 -54
2 -11
7 22
6 9
-3 -27
1 0
2 0
0 13
0 28
0 13
0 -32
-4 3
6 11
7 49
13 -4
0 -56
-10 -18
-4 0
6 53
8 3
-2 -8
-5 23
6 4
6 -23
3 -7
2 -43
2 -17
4 26
-20 30
8 2
5 18
8 5
2 -8
0 -34
1 -52
0 23
8 24
5 22
5 -9
-1 0
3 -3
-5 -22
-2 -41
12 -16
4 28
5 12
0 -6
-1 -2
7 -1
-1 19
0 -45
2 6
-4 12
9 5
2 -40
4 -6
-8 24
0 18
-1 -6
5 -47
8 -19
0 3
1 34
-16 9
-8 3
-8 35
6 6
7 -35
2 -18
4 -19
-15 -12
14 -6
0 42
-9 15
-5 16
-4 -21
1 -2
3 -20
2 -29
8 -14
-5 -6
-2 8
5 35
5 16
-5 11
0 0
7 -15
7 -7
8 -16
-7 24
11 0
1 -6
8 21
4 3
-3 -24
8 -25
-2 -10
5 16
3 2
4 3
-5 -11
4 11
2 -7
4 -32
1 -38
3 24
7 35
4 22
-1 9
13 17
0 38
9 -18
8 -37
3 -15
2 -13
-9 -11
8 23
7 11
-2 19
13 0
4 -18
-8 -45
5 -2
5 20
6 14
0 7
3 0
3 -16
6 -20
18 -28
5 5
-8 24
-6 -8
4 11
7 15
9 -12
9 -52
0 -14
-5 8
15 -22
1 -22
8 11
1 -5
-2 1
9 17
1 0
3 -7
1 16
3 -27
2 -9
-11 17
2 32
-1 11
9 22
0 14
-1 -39
-2 -17
-1 -13
-3 0
20 21
-1 22
-1 -15
1 1
-1 -21
8 -20
13 -11
6 30
4 -25
-2 5
1 20
0 -19
7 -3
11 4
-5 35
0 -43
-3 -4
14 -8
-9 39
-2 0
-14 -8
7 -20
0 -1
-5 31
11 -16
9 3
4 20
1 7
5 61
12 -5
0 8
1 -7
0 -36
2 -7
15 -31
5 36
-7 -28
-7 27
-6 30
1 21
3 -28
0 -6
1 -23
5 3
-4 37
2 8
5 0
-4 3
0 -5
3 1
1 -29
1 -13
3 52
7 -7
4 0
-2 -2
5 -23
0 -21
0 -6
8 24
8 19
-2 6
-16 33
3 35
3 -47
14 -18
0 8
11 1
5 -28
0 1
0 27
2 28
-11 -9
-7 4
2 7
5 -1
-6 -20
5 -27
4 -22
-5 29
7 -27
2 1
12 21
0 -1
2 -35
4 -22
0 -13
-6 8
2 -7
0 38
-5 4
3 -22
-4 37
8 -29
-2 27
6 13
9 -22
-1 5
-3 35
-1 -6
4 -67
3 -39
-12 -10
12 26
6 12
19 -7
-8 18
-6 -10
3 -28
0 -29
1 -5
0 17
1 18
3 -12
-2 -4
-1 12
8 12
1 -25
6 -1
-4 -4
-2 -17
0 14
0 17
17 8
2 0
3 -33
5 -15
9 5
-1 -1
1 16
11 -35
0 -8
3 20
4 -16
12 -8
-15 -15
4 -13
7 24
5 2
-2 16
21 13
4 -13
7 -12
7 -25
12 -20
1 2
-1 21
3 4
-14 -8
2 -39
0 -15
8 -7
0 -32
-1 31
14 21
-12 0
6 -8
7 -13
-5 16
12 -8
2 -21
8 44
1 0
7 -38
5 36
5 50
-9 -4
14 -30
6 -38
1 5
0 14
0 58
-5 2
2 23
4 -5
2 -54
4 6
1 -31
6 11
-1 25
-1 35
3 6
5 24
-2 0
2 -35
8 -2
24 32
3 20
0 -6
1 15
17 17
-12 -36
11 -17
-1 -26
-1 -8
-3 14
3 23
6 8
8 5
13 4
3 -7
7 -45
3 -25
3 21
13 22
0 11
-13 2
0 21
17 -3
-2 -45
14 -29
3 16
-7 39
9 -2
17 -39
2 9
-21 13
-3 -4
4 -29
8 -18
3 -36
0 -5
-4 21
8 32
8 9
4 -1
-22 19
-23 23
4 -12
30 -5
-7 -22
-1 4
8 38
5 31
4 6
16 -22
-4 -14
4 -2
11 7
0 -8
0 -4
4 9
-1 -38
4 6
-6 33
3 14
4 -34
-5 -54
6 12
-1 3
1 1
15 32
0 3
-5 49
3 0
0 -27
9 -25
0 -17
5 4
-3 69
0 0
-1 -13
-1 12
3 -16
4 -55
9 31
2 28
1 24
-5 -18
-7 29
9 -32
-2 -6
4 -34
5 -30
0 6
-3 15
11 21
9 -14
2 -10
8 -16
6 -6
3 -16
0 0
6 3
5 -8
2 2
-2 38
0 -45
3 -78
-2 -12
6 9
0 20
0 23
2 0
0 19
3 25
-3 -15
-12 -59
4 -34
8 15
7 18
-2 -9
4 18
1 9
2 0
7 -9
5 0
2 -2
4 -34
4 -12
1 1
4 8
3 9
3 30
-1 28
2 -3
3 -22
0 -42
2 5
-6 13
0 8
1 -11
9 0
4 -8
4 -16
-1 -24
0 -8
3 28
1 26
8 0
8 -30
0 1
6 -12
5 -19
3 -30
0 -15
0 11
1 12
6 17
-4 11
1 -5
6 -18
13 -28
-4 -6
1 -3
5 -2
0 -7
8 19
0 6
4 -5
8 -36
1 -14
-4 -17
-4 -7
-2 5
8 35
-6 -9
0 12
1 -5
0 -10
7 -47
-1 3
5 0
5 19
6 7
2 16
-10 12
0 -63
-1 -30
15 -2
6 2
0 36
6 43
-1 42
18 11
-10 11
-2 9
0 48
20 -44
-9 -64
5 -16
1 -22
2 47
1 11
8 -15
11 16
0 -19
-17 11
13 -12
-8 7
-4 4
3 -3
14 -6
11 7
3 8
9 -9
0 -47
-2 -35
0 28
-3 55
18 22
2 -1
-1 -8
-8 -32
4 -15
5 24
6 19
0 59
8 -14
8 -16
6 25
14 -3
-6 -39
19 -31
-1 21
3 1
-17 12
1 7
-1 25
1 -8
3 -14
-8 -29
-3 5
-2 -4
9 29
2 1
7 17
9 22
5 -9
0 -26
-4 -22
0 -1
-4 25
4 19
-5 -11
19 4
6 -8
6 -19
-2 -6
8 4
5 22
0 -6
0 -3
0 3
6 -12
0 -24
4 -10
4 -2
9 2
-4 12
-10 -12
-5 6
5 -6
17 -4
5 0
-3 -16
-9 -11
14 16
27 5
-1 15
-6 21
1 34
-1 -11
6 -19
5 -20
3 2
0 9
9 45
3 13
5 16
0 7
-8 -45
12 -4
9 -16
3 -55
-3 21
3 21
7 -11
-5 14
7 14
2 -7
-2 -23
1 13
-2 4
8 32
7 19
4 1
4 -33
0 -46
7 -39
4 -24
1 15
2 2
-5 16
8 -32
6 0
-1 18
4 16
-1 -44
16 -4
5 2
2 -10
2 -7
1 26
7 38
7 9
-10 -17
13 -27
0 -18
0 16
1 17
19 7
-3 24
-5 -26
1 -1
8 -5
6 -44
9 -51
6 49
-2 -7
4 -11
-3 -18
-3 -8
-2 -23
1 9
0 -10
-1 2
3 40
8 -16
6 40
-2 -8
8 -34
12 4
11 -46
1 9
5 11
16 11
1 -26
-2 20
4 -15
1 12
2 -20
3 -2
0 5
-1 2
7 16
7 -4
3 9
-4 -12
1 -1
-6 -17
5 11
5 4
15 2
1 1
-1 9
-1 -12
2 -12
-1 -23
6 -5
2 16
1 2
13 -11
7 20
1 3
2 -41
1 -35
-1 -2
-4 8
-10 -22
-1 16
2 23
6 5
5 -18
8 3
6 -9
2 -18
5 2
-1 11
8 6
4 -11
9 -6
19 -29
-11 -46
3 -21
18 1
-4 1
5 18
-1 19
1 14
-2 1
13 -8
-1 -16
3 -2
6 0
18 38
1 -6
-14 14
6 -15
7 -11
0 -29
6 -18
5 33
5 45
0 -25
6 13
3 0
1 -21
23 50
0 -6
-2 -22
9 -9
6 -3
4 15
-1 9
5 -1
6 36
-3 -18
0 -20
3 -10
13 -17
3 4
3 12
-10 -22
5 3
6 6
5 25
8 -2
-2 -13
-1 -24
1 -5
4 -24
-2 -14
-11 41
2 -19
6 24
-2 -7
-9 -52
0 -23
-13 -21
7 29
0 28
0 -11
8 4
1 6
2 -37
1 -31
7 -21
0 34
2 49
1 23
1 -16
5 -21
-6 -39
4 -51
18 -8
-2 -15
1 23
6 18
4 29
5 -1
5 -12
18 -22
3 -9
-2 0
5 19
17 28
-11 5
2 -7
3 11
5 -36
2 -6
6 16
-1 57
1 56
-6 22
13 -33
0 -8
-8 -20
-9 -32
3 -10
-3 11
1 16
3 12
7 20
3 50
-4 -20
6 -53
6 -20
1 34
-2 9
-2 -1
4 9
13 18
4 -35
-9 -33
22 14
-4 8
-8 21
-2 3
13 -3
13 -8
12 8
6 -19
-15 -23
1 12
25 18
0 21
1 8
8 -8
19 15
1 -28
0 -13
6 -24
-13 -19
13 41
15 9
13 7
13 15
6 15
-6 -34
-9 -9
-3 -18
18 -6
16 1
0 -12
5 30
-6 -14
-8 -24
6 -8
-3 -4
-2 22
5 17
5 8
5 28
-4 1
-5 -10
6 -22
-4 -20
4 6
2 38
0 -9
-5 17
3 24
0 -2
0 36
1 38
-4 -58
-3 -7
6 -42
6 4
-15 70
5 27
-1 -4
-1 -19
5 -17
5 -31
1 -24
-2 16
7 -4
23 1
25 21
2 6
-16 -30
12 -30
8 -15
4 15
2 21
-24 0
7 -15
-5 -13
2 -47
8 -27
0 -12
-14 33
-4 27
-1 -2
14 -35
27 17
0 -4
-11 -15
13 -44
16 -21
-15 12
-10 13
-2 48
15 24
26 18
8 -36
-8 -41
-16 -7
17 46
15 3
-2 15
-1 23
-7 27
0 -37
-10 -51
-25 -27
5 24
5 54
6 5
-3 -1
0 -6
1 -7
4 -38
5 -3
12 29
15 -27
12 30
-3 18
4 15
0 0
18 -57
-19 -38
-3 5
27 45
5 21
-7 -16
1 15
5 43
8 -35
26 -22
31 -9
-14 -10
5 52
17 -3
-18 2
-12 25
9 -19
-8 -3
17 -19
0 -36
1 11
3 22
-1 6
24 -38
2 13
7 27
1 -49
1 -29
8 22
-2 59
-8 -4
16 -41
27 7
2 -25
-5 -17
-17 -53
2 27
12 46
0 25
28 -17
-7 -1
-9 -23
-17 4
4 -21
1 18
20 2
-19 20
5 -15
12 0
-3 -28
9 -14
-7 -23
-1 -35
14 19
38 18
-9 3
-8 5
-7 14
-3 -2
7 -9
0 -20
4 -44
14 7
-27 32
-2 9
18 0
24 -13
4 -8
-9 -5
-9 -13
-9 35
0 57
9 -18
20 12
8 15
-13 -1
13 -19
11 -13
16 -12
-12 6
-7 -33
-15 26
1 20
18 3
22 1
