15 -2
-10 -35
-6 -16
-9 -16
26 33
-8 -7
-2 3
5 -4
16 17
-15 11
-9 -17
13 -41
26 -9
7 23
2 13
7 1
2 -9
-4 2
-11 -29
0 4
-1 -10
-1 6
8 8
-2 31
4 4
-14 13
21 -26
6 -6
21 -25
8 -3
6 36
11 -14
15 6
-22 4
18 -36
8 -14
8 -17
3 -8
0 23
-18 -2
11 7
21 -7
18 41
1 -20
5 -17
-7 -33
-14 7
-9 19
-2 2
4 20
-8 19
-11 -3
18 -41
0 8
-6 11
0 35
12 -16
20 -24
17 23
5 -12
5 -12
7 -19
-15 -10
2 5
-18 16
-9 26
2 12
27 -1
2 -29
-2 -8
-4 -17
2 2
-5 -14
30 -7
8 11
13 6
-15 0
-12 -5
1 0
7 -35
4 11
2 6
1 15
12 17
-5 -2
3 -26
9 -16
20 -10
-7 11
9 26
-2 15
-5 5
-11 14
26 8
4 -27
-2 -17
-7 -9
5 -6
-7 7
1 14
8 24
9 27
-12 -25
16 -27
15 -14
13 -8
-10 20
7 8
7 2
14 -6
17 15
-24 -22
-12 -13
-4 -19
-15 -18
6 -21
0 0
18 4
18 -4
-10 14
1 -1
-2 19
17 -41
3 -18
-15 18
-14 -21
-9 11
15 40
20 -1
12 8
-1 -20
15 -27
0 13
-10 38
5 -3
21 9
-3 5
4 -12
15 -45
6 -18
-20 -45
-1 20
-5 26
7 6
25 34
13 -45
-12 -17
-9 -5
13 -6
7 -1
14 15
-4 1
3 0
-9 -2
-22 7
11 30
18 -36
13 -19
9 0
-7 -22
19 16
0 7
8 0
-21 0
-5 12
9 -38
7 -10
3 -19
4 22
-1 27
1 21
-3 -7
-3 26
0 -30
2 -19
32 -10
5 5
-3 21
-20 21
2 -14
-4 -13
18 25
0 -5
6 -25
21 -9
28 1
2 -2
-10 18
-1 -11
4 13
-2 -16
-9 -55
8 -36
-4 -11
8 12
19 61
0 -7
-11 0
-4 15
14 -19
8 -36
8 8
-4 19
0 36
0 -13
-19 19
8 -8
11 -22
15 -46
13 17
-38 -1
-9 8
9 14
16 -5
5 -13
-1 -20
2 -36
13 -41
0 11
0 24
-4 20
8 5
13 16
5 28
3 -36
-20 -36
-12 0
-16 50
25 -35
22 -20
0 45
16 -25
-23 -5
20 -5
16 -8
16 -12
-8 34
-27 17
17 -15
2 51
18 -10
7 -36
-8 -16
13 -12
-9 2
11 16
0 -10
-4 2
-6 -2
12 -25
9 -12
4 -23
3 2
2 9
29 7
1 -4
-25 15
-12 -11
-2 -47
6 -52
20 -18
9 26
-18 1
-18 -16
-2 -26
8 -25
18 -1
2 -13
3 -6
3 9
-3 -7
8 5
14 18
-7 14
-3 -15
0 -26
20 -14
2 -7
5 2
-7 -8
7 12
2 15
4 -16
6 -4
-3 -49
0 19
-11 8
-2 39
4 0
3 -6
-3 -3
8 5
1 -48
3 -19
7 -17
15 54
5 14
1 6
-2 12
2 -26
-9 -52
2 -18
6 -48
6 2
-6 28
0 -1
12 4
15 16
16 15
9 0
7 -10
-6 -30
7 -8
-5 19
-6 -1
6 26
5 7
-1 -22
14 -42
-8 -9
4 21
3 22
0 -18
1 -5
13 23
13 6
13 -28
-13 -1
-22 -45
-15 -6
3 24
16 -2
9 4
8 -10
-6 -22
4 -40
17 -19
-1 27
6 25
14 -19
13 -3
-10 0
-15 -9
-14 13
24 -25
9 -11
7 15
-2 1
0 18
15 26
0 17
-3 -42
-13 -20
2 -6
2 -27
-3 53
3 41
8 21
6 5
18 -3
-12 -39
13 -4
6 15
11 13
1 6
2 17
-3 -33
8 -28
4 -23
0 -20
0 20
23 2
6 -4
-13 12
-25 18
3 -27
16 -33
44 -33
14 1
3 11
-8 46
8 11
-7 8
16 18
-9 -11
-3 -33
-3 -8
-2 4
7 31
7 -20
14 -17
4 4
-2 7
13 -25
6 -38
-4 -6
-1 28
7 13
-13 18
3 51
19 -13
22 0
-1 -31
-2 -50
16 22
-7 26
-4 -2
2 21
0 8
7 -26
13 -31
4 -24
2 18
-5 26
-8 9
-11 11
9 5
0 -14
-12 -34
-2 -25
26 15
28 22
-2 0
-33 0
-2 13
3 -5
12 -39
15 -27
0 -36
-5 -30
6 -2
18 15
11 11
12 26
-3 -13
1 21
3 -49
-5 -7
1 23
-1 9
8 5
3 -14
-17 -11
4 5
1 9
16 -40
5 32
-12 -3
-2 3
-5 5
26 17
32 50
12 -67
0 -33
-7 -14
3 -6
6 25
5 3
5 -15
4 3
-4 16
-8 -43
-15 -50
21 -5
6 16
-22 12
8 5
13 6
11 -2
0 -26
6 -51
3 -5
16 9
12 30
0 -9
15 27
19 -8
-4 6
2 -21
2 -45
13 -23
16 62
-12 0
2 -8
3 11
-6 21
1 -28
1 -24
-3 -26
19 29
31 48
7 2
-16 5
-17 4
11 11
14 0
7 -56
0 4
-7 14
-3 28
9 21
7 11
5 -7
8 -44
-17 -14
8 -12
-15 42
2 20
11 2
0 16
11 -1
17 -18
0 -9
-11 56
4 -14
19 -24
-12 11
-2 4
5 -14
-1 9
-9 -2
5 -8
13 -25
9 -11
3 12
-9 30
13 11
19 -2
12 -22
-39 -26
4 1
0 -5
-4 15
15 38
-13 20
30 -6
14 -28
-6 -40
-34 3
-31 23
-6 30
8 19
16 -12
14 -1
4 -4
4 -28
1 -25
8 0
20 9
-10 7
3 -4
-6 27
-2 -3
-5 -29
0 -17
27 15
14 -9
-5 6
-19 22
11 26
11 -11
-1 13
-1 -13
3 -11
19 -14
12 -10
1 -4
1 18
4 -12
21 25
15 50
4 3
6 -34
-5 -29
11 -14
-9 17
8 32
3 26
5 5
3 13
9 -13
-9 -41
1 -25
15 23
11 21
3 23
0 17
-1 21
-16 -24
-6 -51
13 -27
9 -13
8 19
14 -11
7 1
-5 38
-20 6
18 -26
1 -27
6 -22
-16 8
1 24
14 -15
0 9
-3 25
-3 4
17 -28
14 -37
9 -19
-10 37
-5 13
-8 15
-1 1
0 -29
-3 -34
14 0
4 11
8 0
16 15
16 4
-1 -3
-11 -5
5 -35
-4 -27
-6 -14
-8 0
24 28
1 21
-4 8
-10 40
8 -22
2 -60
2 -22
19 4
1 20
-10 0
-15 -8
14 20
17 22
13 -10
-8 -9
-21 -28
-11 24
2 37
14 7
6 23
8 -13
4 6
-3 -46
1 0
-3 31
-14 4
3 22
8 17
7 22
11 -16
-7 -51
11 -9
21 9
15 4
-2 -1
-20 4
-8 -5
17 -8
22 -18
9 -17
11 -3
-18 0
-7 13
5 18
27 0
18 -4
-1 5
-27 -1
-11 -31
9 -43
14 4
9 -29
9 53
21 -6
4 15
-3 17
-4 0
-8 -28
-6 -37
13 22
8 39
7 3
-14 -35
-4 -33
3 69
2 36
28 -34
23 -12
-1 9
-21 37
-35 25
5 -46
16 5
2 1
-6 -12
6 0
3 26
3 7
-1 -4
-13 -14
-6 14
6 0
13 -35
3 -31
-2 -4
-4 21
11 39
4 17
-1 0
15 18
-5 35
-5 -48
-7 -16
5 -26
-11 2
6 -2
0 6
2 17
24 3
34 -7
3 -20
-27 -25
-16 0
13 53
-3 -12
7 6
-1 14
-1 0
9 -27
-6 -27
20 4
19 12
11 19
0 12
-10 1
5 -11
5 15
23 -8
-9 -17
-7 -21
2 8
23 1
4 -8
-18 7
-6 -14
7 22
9 12
4 -39
1 16
4 12
6 -6
9 -16
3 20
3 23
-3 12
0 -5
-4 -60
13 -28
21 25
-6 30
-11 14
23 -8
4 1
-14 21
-13 -2
6 -14
27 -21
5 0
-10 -11
-11 40
-9 30
0 -22
18 -42
19 -21
-10 -19
11 8
0 18
5 0
6 3
11 -4
17 -8
-7 -39
4 -45
6 -15
11 -11
8 5
33 19
9 27
8 -15
-13 -54
2 -43
30 12
13 16
-5 12
-21 -8
5 17
8 2
5 8
-2 -34
1 -21
7 12
8 6
19 18
17 13
3 -27
21 3
-11 24
-2 -53
-24 -18
-2 5
4 17
17 8
14 -48
-24 24
-10 35
14 -29
48 -44
20 -6
-17 35
-9 15
9 8
-4 6
-5 -16
-3 -18
0 -36
2 15
0 -12
12 26
13 -6
0 -5
-1 -4
-23 6
-4 -28
1 -8
-2 -33
17 18
-1 -3
19 38
11 29
-3 16
-32 -9
-7 -28
11 -37
-1 -11
8 24
-7 36
1 11
0 3
-5 -8
-1 -21
-9 -18
-1 2
9 32
11 1
30 -4
-18 -2
-31 3
0 34
20 4
25 -9
25 -25
-3 -18
2 29
0 27
1 19
-2 46
2 -25
5 -27
-22 -29
-5 9
0 -11
7 9
23 11
6 -10
-7 25
1 30
5 -21
1 -29
19 11
-3 13
-3 13
-8 0
1 28
0 -10
-19 -17
5 -24
0 -24
21 1
4 15
0 0
9 22
11 -23
7 -16
-11 -40
14 -26
4 11
8 21
-12 30
0 19
-5 -2
-2 -41
15 0
2 -18
2 14
17 -3
-24 12
9 7
18 19
2 4
4 -10
21 -37
12 -28
-10 8
-3 18
0 18
16 4
-5 -7
-28 -27
-10 -32
11 -21
9 13
1 17
-2 -5
4 36
6 -16
-9 -1
-18 -41
4 -17
18 -11
18 22
-9 25
-17 18
-10 2
-7 -5
19 -8
14 -35
14 -12
-7 -13
-21 -5
-7 -13
14 -13
31 28
7 39
0 -3
0 -35
1 -27
3 -49
7 -15
0 -18
18 32
8 6
-2 27
0 32
-9 8
4 -3
14 -30
9 -37
-3 -3
1 29
-17 20
12 22
0 18
-12 4
-5 -13
15 -13
9 -2
1 15
1 1
4 0
1 -6
18 22
18 60
-10 -17
-4 -45
0 -65
-3 -16
14 6
5 9
7 24
15 -2
5 -3
-4 -17
0 -27
16 -6
-6 14
-4 30
16 8
18 24
-8 0
9 -22
2 -38
0 -31
-17 15
-6 25
9 28
-2 -4
3 -15
12 28
0 24
5 -30
19 -2
16 -1
9 11
-6 8
-16 2
-3 32
1 -32
0 -41
6 -26
2 12
12 -7
0 18
3 -6
4 3
8 -14
12 -14
2 -13
0 9
5 26
-11 24
-20 14
-6 30
30 43
1 -2
3 -14
3 -29
2 -32
13 4
13 22
6 7
-9 5
7 -4
11 16
-18 -32
0 -25
1 5
18 11
-11 13
7 6
11 23
-3 -23
1 -4
-6 -7
-7 6
0 -30
-9 -5
-26 45
-9 41
37 -9
13 -3
1 -14
-27 22
-5 -19
9 -40
15 -12
11 0
0 46
5 4
7 -12
-3 2
-1 2
4 -39
3 2
4 -1
8 12
-5 -47
1 33
5 19
6 -20
4 -25
0 -26
13 -5
9 31
12 -3
-3 7
0 -5
3 11
-2 -35
-3 -2
-4 8
2 21
7 -5
7 9
3 31
-1 3
0 -18
23 -2
7 -26
0 -6
1 -10
-4 11
-14 27
-6 34
13 -9
23 -17
3 -24
-3 -7
-16 -2
9 12
7 12
5 4
17 0
6 -14
7 -29
-8 -23
-4 6
5 24
-6 25
21 3
29 7
-3 9
1 -11
0 -22
9 -12
0 27
7 14
-4 9
0 -2
-1 -36
-19 -15
13 -29
5 -47
11 -8
12 1
-4 19
-12 -5
0 -8
4 18
12 -20
3 -2
0 -13
0 19
8 5
0 0
5 -13
7 0
9 -21
0 -35
-4 -19
-2 -4
9 -2
12 17
6 13
5 18
7 5
-1 -16
7 -4
-17 -9
0 -7
0 -4
0 -17
5 20
15 30
-2 3
4 8
0 -10
-31 -37
5 -8
30 24
9 19
-7 6
5 8
4 -25
-16 2
12 -16
12 -7
0 -4
-6 -18
-10 4
-3 1
8 -7
24 6
1 24
1 -15
1 -50
9 -20
5 12
4 3
-5 26
18 16
-2 8
1 0
-7 -8
11 -25
0 24
2 -3
7 -34
16 -20
18 -12
-4 38
-17 34
-3 13
-25 13
-3 -20
20 -16
9 -15
-6 -6
6 7
15 -25
-3 -2
-3 21
-1 4
1 1
0 -14
13 -11
-4 -7
2 -8
0 19
-10 23
9 26
8 -18
4 -30
-28 13
0 8
11 -5
12 -30
12 -23
9 13
2 2
0 21
-8 39
11 20
-3 -29
12 -44
-7 -1
-10 0
1 35
3 5
8 26
3 23
-8 -14
-4 -57
-5 0
14 18
2 7
-7 0
-6 7
9 56
6 -32
6 -38
19 -38
2 14
24 32
-5 -11
7 -6
-3 7
-8 5
8 14
28 -23
-4 -40
0 -11
24 6
1 15
-17 13
-7 20
15 7
7 15
0 4
0 -34
-2 1
12 -12
22 12
13 26
17 31
-11 -27
0 -48
18 0
9 -27
0 37
-14 13
-3 1
3 17
15 40
18 -18
8 -17
2 -5
-2 8
-1 -3
6 18
-1 -12
13 -20
9 18
-3 -20
2 -30
8 -12
12 -8
-1 9
-26 4
-5 26
16 0
18 27
0 -47
-22 -61
-5 16
8 3
23 36
3 0
1 -7
1 -23
-6 0
-14 -6
-11 -2
25 21
3 -19
15 24
-13 5
11 34
-9 -2
2 -2
-7 -41
12 -38
0 -4
3 35
0 6
1 31
11 -3
0 -26
15 -15
5 -7
1 -36
-7 31
5 47
9 -17
11 -11
2 12
6 -19
0 -22
9 -6
-2 34
8 17
11 -6
2 72
6 6
-9 5
11 1
-4 6
5 -34
8 -10
-6 17
-1 -27
-2 -15
-7 23
12 15
-1 33
7 34
0 20
17 -40
8 -32
1 -14
-21 12
1 18
0 26
-11 37
9 0
3 -9
0 -23
5 -5
11 9
8 0
16 5
-3 22
-15 14
-10 32
0 -44
1 -28
2 -16
9 28
-1 9
-2 40
-2 17
19 26
17 -58
6 -16
-3 -17
13 -19
-12 -15
-15 -22
-15 0
23 25
22 21
-16 4
-7 5
0 -49
5 -33
-4 -2
16 9
5 18
7 4
-3 30
5 32
-1 -30
9 -2
5 -23
7 -30
4 -30
-1 -14
9 15
0 -2
20 38
16 41
-13 -19
-50 -64
-20 -19
2 -8
17 -12
15 11
-10 20
5 -8
5 -6
18 -3
14 -32
6 -28
-1 -6
-10 -35
-3 35
3 2
11 8
-1 -6
-17 -23
15 -29
13 -9
8 0
18 24
5 1
1 6
-9 5
2 -1
-2 -8
17 -14
8 -27
-3 32
-8 -5
11 -1
-1 23
9 -9
5 -5
11 -39
-8 -9
-1 -7
-4 14
12 5
19 11
13 14
9 -43
0 -24
11 -14
14 5
8 -6
-4 6
-1 12
-10 0
13 -12
-4 -26
5 -28
12 -31
5 42
3 24
3 -4
8 -10
9 -22
7 2
-3 -24
-5 -19
11 44
8 -4
3 7
2 17
-12 0
11 -17
2 -12
-5 -27
13 8
1 26
-7 21
0 16
-5 22
6 0
-2 -4
-6 -26
0 -18
5 31
-7 0
-12 9
-1 0
3 18
6 -18
7 -19
-2 6
-2 -8
3 24
9 -1
0 22
4 -9
1 -18
6 5
2 -40
16 -21
12 11
3 21
-13 -3
0 25
8 7
3 -25
2 -5
2 -14
2 -23
2 3
7 1
17 -2
6 12
-23 15
0 -15
19 -25
0 -26
12 13
14 4
2 30
9 0
24 -5
-4 -12
-34 -41
-10 -10
-2 -12
14 0
3 -1
0 14
5 11
-9 31
18 -4
3 -39
1 -22
-1 16
2 15
-13 7
-1 -3
9 33
-2 -17
-5 -11
-8 -16
-10 -13
11 29
8 9
9 -6
6 16
13 4
-17 -34
-2 -41
-3 -27
-8 9
21 -11
11 21
-18 20
-9 -12
20 -4
19 -11
9 -31
-11 5
22 43
19 34
-8 11
-28 0
-2 29
9 -13
0 -34
-6 -6
-5 14
4 16
5 1
6 18
6 2
-15 -20
-15 -25
-3 1
16 7
2 16
-11 52
-11 8
14 21
15 27
6 2
5 -9
3 -23
8 -12
-3 -10
0 -3
14 21
-12 0
16 19
24 35
-1 3
-19 -36
1 -27
8 14
0 1
0 12
3 13
1 4
-9 -4
-4 -23
3 -21
14 -31
9 -8
-4 36
5 16
3 24
4 29
9 -27
-2 -13
8 -27
7 -1
8 -5
6 11
5 9
0 11
0 0
6 -30
7 -30
5 -3
2 30
8 25
6 16
7 6
9 0
-7 13
11 -15
-5 -20
3 -1
1 32
0 17
2 3
0 30
8 -11
-2 -36
2 -27
19 28
-7 5
5 19
1 6
-4 7
1 7
1 -6
5 -18
6 -27
15 -12
1 -5
-7 19
14 -5
3 33
5 -1
-3 -5
7 -17
-12 -32
5 21
4 0
-4 22
-3 24
3 -1
1 26
5 0
7 -28
13 -46
-10 -27
1 -1
7 8
17 35
2 6
-3 -3
-1 -9
6 -18
3 -15
0 21
12 14
2 4
6 8
0 5
-1 -4
-8 -17
3 -32
-17 2
11 8
6 11
9 7
5 12
6 -8
14 -27
15 1
6 -17
7 4
6 9
0 21
-5 12
-6 4
-3 -15
-6 -22
7 -25
-8 -21
2 34
11 34
11 0
2 24
2 -9
2 -42
6 -36
5 15
0 9
3 28
4 5
1 27
-5 -59
9 18
9 -35
12 -11
8 15
-1 0
0 3
0 14
13 9
7 6
5 -51
3 -1
3 -3
2 4
8 2
-11 -1
-7 39
13 -2
-13 -6
6 -33
-3 -11
-6 -8
15 14
8 2
7 19
-8 13
0 -31
16 -21
20 -21
-4 6
-6 12
-5 -3
4 5
7 59
12 32
5 -38
9 -50
-4 -15
0 37
5 12
9 8
13 11
2 20
-2 -48
5 -36
2 -5
14 -13
17 35
-17 9
7 -6
1 12
0 -18
3 -25
12 -12
8 6
