-9 30
-4 -25
13 -27
12 -21
2 -18
3 -23
-4 20
4 24
1 23
9 6
3 11
-9 4
-5 -30
8 -13
6 -8
2 -25
16 46
-6 -2
7 -39
-2 -44
-12 30
18 16
0 5
1 7
1 12
6 -5
-2 -12
3 -24
13 -30
-2 0
6 -23
9 6
2 27
1 -47
1 -22
0 -9
-4 3
9 29
18 48
39 -14
4 -28
-7 22
2 7
6 -11
5 4
12 14
3 -4
-13 6
-4 4
5 2
5 -52
2 -49
1 23
1 5
-4 -28
12 -6
5 23
-1 1
-3 -40
1 -41
-2 13
0 7
2 1
6 17
-2 58
7 41
11 -66
2 -114
-3 -8
0 34
13 7
-11 -26
2 8
0 2
7 18
-8 58
11 -10
7 -63
0 -9
5 -40
2 -9
0 22
0 -8
-8 1
8 7
13 24
1 32
3 15
-4 4
4 4
8 -24
-4 -33
-3 -15
-2 -9
0 4
0 0
-1 35
4 28
-2 0
0 -3
4 22
7 -6
-5 -112
1 -93
-1 4
2 49
-3 51
18 20
0 -40
8 -38
4 2
-1 7
0 -5
0 -10
-4 3
-2 18
4 -47
-4 -49
5 -35
4 -19
8 33
-3 41
12 8
2 0
0 -23
3 -35
6 -41
-27 -34
3 6
1 18
-8 -3
5 7
0 87
-10 12
-4 -101
0 -57
5 41
1 26
0 1
-1 -17
0 -2
3 43
3 16
-5 -22
0 -16
-2 12
-8 124
3 60
9 -83
0 -111
2 -25
0 -16
-2 -18
9 -33
0 -19
-5 1
4 41
12 64
1 37
3 13
5 -20
3 -23
0 -54
4 -14
-4 -34
2 -9
7 12
3 15
4 27
0 -9
5 3
0 22
-3 7
3 -73
7 -89
7 -6
-8 0
-7 13
0 32
-2 11
-4 -24
4 -12
7 -20
5 -5
-7 58
2 40
5 4
4 -38
0 -66
6 -12
1 40
4 -3
-3 -6
-4 26
-2 39
3 0
15 -20
-5 -29
5 -8
6 19
-1 21
2 1
2 -25
-11 -30
-5 4
11 -22
15 5
1 6
-4 4
-3 11
0 -14
4 28
-1 -3
12 -63
7 -14
-3 39
4 -3
-2 -65
6 -23
18 25
13 8
6 0
14 12
-2 -26
5 -52
6 27
-6 38
-1 -46
15 -67
0 -8
-1 -4
2 23
7 20
-4 18
1 34
2 -4
7 -64
5 -24
-7 13
0 6
1 -4
-5 23
7 4
-1 35
0 -10
9 -49
-1 -15
-3 -18
-3 12
7 25
18 -4
-2 -38
-4 -2
6 -3
11 -6
-9 -23
3 13
-12 27
-8 24
14 18
11 -43
12 -133
-5 0
4 58
0 13
-2 16
2 -15
0 -10
1 -25
6 3
-8 29
9 -12
3 5
0 16
-2 -2
4 -40
9 -31
8 -54
0 -25
3 32
4 42
-1 41
-7 43
0 -43
4 -80
12 -70
0 16
-7 41
-3 -32
7 -80
11 -11
6 -10
4 1
6 77
2 -14
2 -87
1 -58
2 54
8 39
0 6
0 -4
14 8
0 -26
6 -63
-5 -9
-10 33
0 60
2 15
-4 -33
-4 -44
8 -43
4 -1
4 24
1 27
-1 0
5 -22
-6 -10
2 -22
4 8
1 2
-6 5
7 -7
13 4
9 13
0 -2
-8 -8
6 -105
5 -29
0 61
8 -4
-3 0
18 9
4 0
3 -67
21 -73
7 -8
0 30
-8 32
0 32
5 -34
8 -12
8 17
3 -37
2 0
4 17
14 -13
-4 -31
-2 -29
2 -15
8 18
7 47
4 33
0 -32
7 -43
-5 -33
-2 -11
-6 55
4 45
-2 30
6 -99
0 -126
6 -21
8 86
4 63
0 -26
-3 -78
1 -20
-3 3
2 -9
17 22
2 21
3 55
-6 21
2 -39
5 -59
3 -52
1 -12
4 26
-1 8
5 -4
20 -16
16 1
5 24
-1 81
3 28
1 -92
6 -131
-2 -25
-1 45
6 26
-1 0
-4 -23
0 5
12 18
0 51
5 42
12 31
2 -55
13 -61
-1 -51
3 2
-3 5
2 0
-1 -26
0 -2
-5 53
15 28
9 -18
3 -30
7 -15
6 -40
4 -31
-6 13
-6 18
2 0
0 25
7 24
-5 -11
6 -25
8 -24
6 0
4 6
3 6
7 -17
-4 -12
2 6
9 -28
1 -45
1 -46
5 17
8 30
9 0
3 22
9 30
1 3
0 -10
6 -73
12 -47
7 -19
4 6
12 35
1 19
3 -16
0 -58
-2 -26
3 8
5 62
-5 18
-2 -12
-2 -21
5 -14
4 24
-7 -5
1 -23
5 -24
0 -18
0 22
-1 0
-1 0
3 -37
-4 -32
12 -14
5 28
-3 39
23 40
-1 -8
3 -61
-1 5
6 88
0 14
1 -96
-1 -129
7 -64
0 44
8 65
14 26
-2 -7
-7 -29
-2 13
-1 25
7 48
-2 21
3 -59
5 -29
8 -5
-4 -15
-9 -29
2 -12
14 -6
6 12
7 48
5 17
-1 -55
0 -6
4 19
-5 -27
-3 -34
12 -14
4 -2
0 40
1 75
5 22
0 -83
0 -111
3 14
1 1
-12 -17
13 0
-1 -7
0 4
11 24
3 45
-7 40
-2 -6
0 -26
8 -19
12 -16
-6 -35
-3 -36
1 6
5 -9
3 20
3 -27
14 -24
3 -30
11 -4
4 32
-3 1
-12 -24
9 -11
11 40
4 61
1 -5
-3 -102
0 -50
7 9
15 16
0 -15
12 -32
8 3
-1 -27
-9 -8
2 21
-1 24
1 26
5 0
2 -7
-4 45
1 17
3 40
12 34
6 -48
-1 -145
3 -77
20 4
1 47
-2 11
0 -6
4 7
7 47
12 23
-6 21
-6 5
-1 4
0 -42
2 -56
0 -39
6 -30
12 4
4 16
5 9
-1 30
5 41
12 -11
6 -87
-3 -51
-1 16
6 27
-3 0
8 0
6 -21
12 -23
3 12
5 22
-1 23
-3 -21
3 -12
4 6
11 1
0 29
12 -12
-4 -68
-4 -67
0 -23
23 21
6 37
0 7
3 -24
0 -10
-5 4
7 45
5 28
14 -15
-10 -42
-3 -16
12 2
12 -36
11 -13
0 43
8 16
-15 -72
3 -46
9 42
0 67
4 -22
-3 -37
-1 -36
2 -16
8 0
-3 36
-1 36
8 24
5 -22
0 -57
1 -10
-2 -17
1 -45
6 -2
4 18
-6 34
-2 32
3 17
-4 -79
6 -114
5 21
-8 50
7 47
6 30
5 -17
-4 -38
-2 -33
1 -5
3 24
1 43
3 -1
3 -51
7 -25
8 -4
11 5
-1 7
1 21
3 -31
-6 -38
2 0
1 22
-7 11
0 27
3 8
7 -26
5 -45
8 -32
7 -17
4 15
4 27
13 9
-2 27
-6 18
-2 -35
1 -89
4 -77
3 18
3 83
-4 28
-4 42
9 66
3 5
1 -179
-1 -196
5 53
9 140
-7 26
-7 -50
-4 -60
-1 -24
17 15
14 81
7 61
-3 9
-3 17
-1 -41
7 -33
4 -47
5 -36
-5 -18
-5 7
0 30
11 33
-2 57
14 -18
-4 -47
0 -30
-3 -20
8 39
2 46
0 -39
3 -70
3 -59
0 3
-2 15
9 7
0 -9
8 -41
-2 -6
0 24
-7 49
-5 58
9 16
-3 -68
2 -94
-2 -39
0 2
17 6
7 4
9 33
3 74
9 -41
2 -34
-2 -32
5 -36
-6 -41
-5 2
1 39
17 -4
4 -6
9 -5
7 15
2 33
0 20
2 9
-4 -19
0 -12
2 -25
11 -27
-2 -4
4 26
13 21
-5 27
6 -27
5 35
6 32
-2 6
7 -42
0 -86
8 -46
4 8
-4 12
0 -7
1 16
0 29
-3 -8
6 -25
1 -31
11 -54
7 23
4 85
1 -4
18 -103
1 -84
0 -30
4 38
-5 53
-2 57
-1 32
3 3
4 -38
-11 -47
-2 -17
12 22
-3 -2
-1 -59
14 -29
4 23
2 33
8 8
8 -15
1 -50
-1 -27
0 20
-4 -2
-8 -20
4 1
-2 1
-5 0
0 25
-4 21
13 -13
3 -7
6 -43
2 -26
0 3
-4 -18
-4 -3
4 -6
15 27
-1 39
3 30
-7 -20
8 22
9 0
9 -52
0 -63
0 -51
-1 8
-1 13
0 21
1 18
9 4
2 16
1 109
-7 81
-5 -126
-4 -228
-6 -42
2 59
3 53
8 3
4 -37
-13 -61
0 -53
0 -31
4 -7
6 7
0 4
9 17
-6 1
-8 -6
-2 -14
9 -34
6 -35
4 -30
9 4
-3 42
-3 47
5 -40
5 -53
0 -26
5 19
-3 -9
-2 -41
-1 -13
5 -7
14 2
6 7
1 13
3 19
0 61
-2 147
0 -14
0 -169
1 -193
5 5
6 67
15 38
18 -14
-4 -30
-6 4
-4 29
17 74
11 56
-19 34
1 -25
-4 -72
5 -66
12 -29
7 -9
8 -2
7 5
0 15
11 60
5 37
-1 -61
5 -86
5 -14
2 1
4 14
9 0
7 -15
1 11
-6 4
6 12
-1 -71
6 -11
-8 11
4 3
5 0
-2 9
17 21
11 -12
4 -37
5 -45
1 -16
1 48
-9 30
6 13
1 -35
0 -35
5 -2
5 19
17 -2
-3 15
-1 -1
0 0
0 -22
0 -14
1 15
-1 -10
5 32
1 33
7 2
-2 -86
6 -94
6 17
-3 12
-4 -4
9 -19
-5 -7
11 50
-2 58
2 -59
4 -14
14 -2
11 13
5 -46
2 -28
2 1
6 39
-2 65
4 37
17 -75
0 -65
0 -55
8 25
-3 31
-1 -19
6 -20
17 3
2 23
0 34
0 46
3 25
-4 -72
-3 -39
3 -11
-4 -9
-6 -21
2 -13
7 21
2 19
3 46
3 34
-3 15
-4 49
4 75
-8 -49
5 -109
0 -118
15 21
1 39
-5 0
6 -5
3 -16
1 27
0 53
2 22
-5 35
7 57
4 28
0 6
6 8
6 29
0 -12
-5 -91
1 0
4 7
-3 1
1 -22
5 4
-2 14
8 6
12 24
2 17
1 -29
-11 -5
3 -1
2 -3
-2 -24
-1 13
0 -3
2 -55
12 -47
16 22
3 55
-1 49
-1 21
2 -67
6 -103
0 -129
-5 38
0 75
-6 26
2 14
5 24
5 15
5 -36
7 -34
3 6
0 37
-3 40
1 -4
2 -19
-3 -37
3 -16
-7 75
16 13
8 -48
5 -22
0 -6
0 24
8 -19
20 -36
5 -46
-7 -7
0 46
6 82
6 20
-7 -18
4 -72
0 -27
1 12
4 -5
-2 -14
-7 12
-11 15
12 17
4 -31
15 -20
0 -12
-1 12
-2 -8
6 -21
20 -71
-1 -76
-1 -22
3 6
-10 41
-4 22
9 -53
7 -43
-1 -5
-4 0
-7 38
4 -98
-2 -73
14 -15
9 -7
-12 2
3 0
7 15
7 7
9 -1
6 -89
-4 -99
-11 -39
-1 26
-6 13
9 -22
5 -45
3 -44
5 6
-2 29
8 37
-3 1
-5 4
17 -27
8 -91
0 -68
1 -41
-1 -3
-1 17
0 8
2 13
-8 -77
7 -78
-2 -15
3 27
-2 -11
5 -61
-1 -40
8 -12
-2 -5
-4 -2
1 -2
1 -6
4 -20
7 -12
4 -22
2 -32
-5 -31
-9 7
9 -4
13 12
-1 6
9 -19
13 -78
-3 -85
5 -6
4 2
-3 -25
0 -31
2 -26
-4 -15
0 -10
17 -2
7 0
-2 13
-1 -7
1 -13
-6 -55
-10 -159
-5 -32
3 51
9 26
-7 -30
1 -37
7 -35
-3 6
-2 -56
-1 -150
1 -51
1 48
-4 33
6 -27
17 -74
21 -32
5 -8
3 41
5 -10
5 -15
21 -20
-1 -20
-3 -20
-1 -21
6 -2
-10 -4
-3 -28
4 -97
3 -32
11 20
18 12
-3 -20
-3 -48
0 -44
5 -22
16 7
5 47
-7 33
1 -88
6 -80
6 -51
1 -16
-5 -15
3 -6
-1 -4
3 -36
6 -8
-5 28
-10 9
-3 -18
2 -33
-2 -21
4 -1
-4 -6
-4 -8
6 -42
17 -26
0 -9
1 -10
-4 -51
-1 -32
6 -24
8 -42
6 -4
7 -2
7 -4
2 1
-2 -21
2 13
2 19
4 -51
3 -98
0 -31
1 0
4 -5
15 -31
0 -22
-8 6
6 22
7 -26
19 -33
18 -34
-5 5
-3 8
11 -46
-1 -42
-6 -16
0 -71
3 -33
2 5
1 4
-4 -4
-1 -1
4 16
14 -8
12 -85
1 -89
11 -29
-4 3
3 11
5 -22
3 -35
2 -13
0 70
0 179
18 -9
14 -301
3 -147
0 7
3 67
7 -5
1 -44
-5 -73
5 -4
14 48
3 97
0 124
6 73
4 -196
9 -250
0 -54
1 29
-3 5
3 -27
-2 -15
3 -1
0 23
-8 67
3 82
11 -57
5 -174
3 -76
2 -17
-1 -15
5 -29
15 -9
1 46
-8 40
0 -12
3 -58
6 -31
3 -54
0 -46
12 0
1 -5
0 -41
4 -9
7 20
1 -4
4 -9
0 36
3 -14
0 -63
-1 -85
-6 -104
9 -43
4 30
11 8
9 -12
-3 7
2 87
-6 21
-8 -179
0 -110
3 14
7 27
9 -1
4 -45
9 -43
-3 -5
0 5
6 21
15 29
-2 8
1 -33
-4 -46
9 -46
5 -44
-7 -33
4 6
2 2
8 -10
1 -8
4 -141
0 -24
0 12
-1 2
13 -17
2 -20
-2 -9
5 -13
-1 -24
1 6
3 4
-1 -26
-2 -8
-3 -21
2 -46
6 -38
3 -30
6 -11
13 -8
-4 -40
0 -25
0 -43
9 14
6 -1
-1 -20
1 -49
-3 1
-1 1
3 -51
16 -66
5 24
4 30
5 18
-4 -19
4 -34
13 -29
-1 0
-2 1
0 36
0 32
7 6
-5 -26
-2 -1
-1 -1
-8 16
2 -23
12 -26
-1 20
0 -6
0 -7
9 -19
2 -3
0 -21
-3 -6
6 -5
-2 -3
6 6
0 7
7 11
3 5
16 5
5 -2
1 -51
2 -29
3 -6
6 41
16 17
4 -48
-4 0
-3 -11
7 -4
5 -22
0 3
0 20
1 22
-6 12
-5 3
13 -19
0 -21
9 -33
6 -23
4 15
1 3
1 -2
15 -10
-3 2
-4 5
-7 20
7 5
0 7
0 -21
6 -18
-20 -13
-12 -18
28 2
23 -34
1 1
-5 1
0 -5
6 4
1 14
8 -4
-2 -15
-1 -2
-16 -15
-7 1
13 -10
34 -15
13 -14
-3 -4
-5 -12
0 -18
12 -3
0 -1
1 -20
-7 -9
-1 1
2 22
6 -12
11 2
0 -20
5 2
2 -2
0 2
4 -5
-9 18
0 -8
-1 9
-2 2
2 3
4 -8
-1 -14
-11 -12
5 -15
0 -9
19 -16
9 0
3 0
0 4
2 -13
5 -17
-7 -14
0 -16
13 0
17 -8
0 -23
-11 -14
-1 -17
-4 23
6 -9
3 -8
2 -4
-5 18
0 -12
11 -13
4 -1
7 0
-3 -19
5 -6
6 0
9 27
0 -8
0 0
7 -1
-9 5
2 -16
12 0
0 -20
1 4
0 -5
3 -2
8 0
15 0
-1 1
-4 -8
0 2
-3 2
5 -18
0 2
2 -1
5 19
0 6
8 17
3 -8
-5 -45
2 -23
-1 3
2 9
-6 -13
0 -11
0 19
3 1
0 14
1 -2
0 13
-3 -9
1 2
3 -5
3 23
-4 0
3 6
-7 -6
-1 -5
4 -16
1 -16
5 7
3 21
11 -19
0 -7
-5 -6
2 -7
4 -5
5 -27
13 -4
-4 -10
4 8
-1 -8
3 -2
-5 14
6 -26
18 -4
-1 5
1 16
0 -20
7 -27
2 -13
9 -3
3 -18
0 -2
0 5
-1 19
2 -4
24 -12
6 -10
-2 24
0 -4
0 -22
7 -3
7 19
-5 0
-3 -10
8 -8
0 -13
0 2
-13 5
8 5
2 -26
4 -28
7 0
13 6
9 20
2 2
1 -24
-3 -16
5 -8
12 -10
-4 33
-9 22
-6 -14
2 1
12 27
0 -22
3 9
6 0
7 -3
-4 -27
2 0
8 16
4 -10
1 -12
2 -20
0 -12
4 -1
2 24
0 20
12 -15
7 -9
4 2
7 -13
9 -9
2 -9
-2 -12
13 5
4 -18
0 25
-13 20
-1 -3
4 -4
1 -2
4 -43
3 0
6 -22
11 -9
1 -4
17 25
-4 4
-6 4
13 -2
-8 -15
0 -12
-10 -4
-2 2
12 -5
-3 -9
15 -46
22 -9
14 22
-2 12
6 0
0 -26
-2 0
0 0
1 -1
4 0
-5 -7
-7 20
9 -2
5 -8
11 19
6 9
3 1
-2 -27
-10 -5
-8 -6
6 -15
3 13
1 -9
3 5
-3 -19
-4 -10
2 -21
8 1
5 0
6 -10
0 14
-3 -12
4 -9
-6 -2
0 -1
7 -25
3 -7
7 13
2 19
2 9
0 -15
1 -44
