-29 -3
-25 -10
12 5
-5 18
6 -1
24 23
-33 -16
-16 -15
13 8
34 -5
-45 7
-20 -5
-8 12
1 2
0 8
-5 8
-19 8
-5 -1
1 -10
12 5
6 -12
-1 11
-13 8
-7 1
-10 31
-11 21
0 -1
-5 -8
14 -14
1 4
3 4
-4 25
-4 11
-9 -15
1 17
-14 27
6 -11
0 5
-13 0
11 12
0 1
-2 -5
-4 14
-25 23
-14 0
-16 -11
-3 -9
8 29
-25 7
2 15
13 21
-16 21
27 0
-4 0
-3 -4
-1 4
-5 -11
7 2
2 15
-9 40
13 22
-7 -2
-22 -26
16 -18
5 -16
0 -14
-2 19
-12 37
-14 25
1 -7
4 0
-7 -1
-5 -14
-2 0
-8 3
5 16
-6 -9
-16 8
-17 20
52 7
-8 -20
-16 4
-25 6
6 -13
32 -15
-18 21
0 37
-31 -3
6 8
1 0
37 -1
0 -21
-36 -8
-6 9
1 14
-14 -1
-3 -21
0 -5
-30 5
-1 9
-5 17
-7 22
2 2
1 8
13 8
-3 16
-14 0
-39 11
-21 -3
0 -10
-5 -1
4 -5
-6 30
-2 13
12 -16
-12 0
-19 7
8 -21
-2 -6
-10 3
-13 2
-27 2
1 16
-12 -22
19 -2
0 0
-5 1
2 11
-14 17
-13 -6
20 25
19 -1
-11 3
0 4
-25 13
-5 -11
-18 -23
5 -3
4 9
-9 20
-4 2
20 18
-1 3
-15 -30
-8 14
40 -8
-14 -2
3 8
-5 0
-4 32
-9 29
-4 11
11 9
13 7
0 -14
-6 -11
-19 16
0 2
-12 3
-4 4
0 -5
-7 -28
-2 -5
7 4
-9 -6
-12 5
15 22
4 0
-33 17
-19 -7
-12 7
49 -12
-17 1
-16 -4
-16 -13
22 -10
-7 12
6 34
7 -6
-1 0
-15 3
-5 3
-15 2
-55 26
4 15
34 19
-1 2
2 3
-20 -13
-23 -3
3 20
38 -7
-1 31
-7 14
-2 -1
-7 8
-9 -12
-8 22
-1 -4
4 29
1 -7
2 14
-8 -6
-6 -12
-6 2
4 1
-7 8
-10 3
6 3
-18 -4
22 14
-4 23
-13 1
-15 1
1 -4
1 11
-1 -9
-14 -14
-9 -3
4 37
3 12
-12 8
-9 -7
-5 3
-2 1
-15 28
-3 1
2 6
9 11
1 2
-14 -10
-3 -15
-1 -17
-3 0
-15 16
6 42
-12 42
0 7
13 -10
-16 4
-8 11
12 5
7 7
0 9
7 32
-26 16
-7 20
-10 -2
-3 0
-24 -4
9 -15
-28 4
-4 21
5 8
-2 25
-6 -7
-13 1
4 12
6 4
4 -13
-2 4
-3 1
0 -4
-15 2
0 2
7 4
1 7
26 -1
1 -14
-11 4
-10 5
-1 -29
-8 0
-7 16
-11 9
1 11
9 -16
-33 -20
-1 -15
-8 8
-21 4
24 11
-5 4
-18 8
23 17
-3 -6
-5 -5
3 -2
-51 18
21 9
19 9
-35 -13
8 0
0 4
-17 2
-10 11
-2 -2
6 3
-7 -8
-5 13
-15 0
0 5
-8 -12
-5 -7
14 24
-6 11
0 -4
-20 -6
11 7
-7 5
7 -11
-8 -2
-12 -12
9 -6
-23 13
20 3
-30 26
-11 7
27 4
-18 0
-28 -4
42 -1
-21 5
-22 17
-15 6
-7 4
-6 -1
-2 -4
-7 -9
2 -10
-6 -3
-19 21
-8 14
0 1
2 2
7 -6
-5 -14
-2 -12
4 15
-11 23
-18 17
7 17
3 -1
-8 -6
8 11
-6 -8
-16 -6
-17 2
-9 9
9 -2
0 14
-12 25
19 -9
-4 -4
-6 8
-17 5
6 9
-9 15
9 2
16 6
-7 5
-18 6
8 2
-16 11
5 -7
-8 3
-2 1
-20 -3
-19 -13
40 1
-10 0
-2 -11
-8 -4
0 31
-1 20
8 31
-12 5
-15 -19
-10 -4
14 -15
-8 0
-12 1
-7 25
4 22
-23 27
-3 -6
-1 5
-1 -6
0 -5
-6 -4
-14 4
-21 8
4 27
3 5
-16 -1
-1 -2
-4 13
0 -2
1 -2
-2 5
-9 5
8 21
43 1
7 2
-41 -4
-40 -7
37 13
-21 2
-3 28
-14 19
-3 8
-18 -3
-5 -1
14 2
-13 -4
-5 0
-11 9
-10 1
5 -22
-4 23
-10 -2
8 -13
0 25
-18 21
-1 2
3 9
0 3
-7 15
-13 21
-2 -18
0 -24
-15 -7
-14 0
-6 22
6 5
13 3
-6 6
-1 -3
16 -2
2 5
7 -4
20 34
-18 27
2 0
8 -8
-8 -2
-4 -14
-24 -9
-8 19
6 9
-3 6
-2 7
5 -15
0 -8
-6 -7
-2 -3
4 4
-9 25
-10 17
1 14
11 30
-1 14
-13 -6
-2 4
-3 5
-2 11
-4 17
-1 22
-7 -29
-8 -6
-5 -10
6 -3
7 18
-12 -29
36 -12
-14 -6
-8 37
-13 9
-12 -5
-4 3
-4 -19
-20 -20
-14 0
-6 63
-18 27
8 5
-3 4
14 5
-8 -18
-3 15
2 7
-5 4
-5 3
-6 0
-8 22
3 -14
-12 -36
-6 5
-8 0
-6 23
-8 5
0 5
4 4
0 16
0 -7
-8 7
-11 0
3 19
-1 6
-16 11
-3 -1
1 11
13 4
-3 4
15 0
-2 -7
-4 -1
-9 -4
-2 0
-1 5
1 12
-5 7
-9 -4
12 11
-10 -17
-17 -7
-10 7
-22 18
3 6
22 30
-14 32
-21 4
-2 -8
-1 -5
-23 -1
19 11
3 22
4 8
-12 29
-16 -10
0 -39
12 -8
-9 -10
-8 1
15 12
1 9
-5 0
-9 31
-11 -16
-10 4
0 -2
-6 9
7 1
-7 8
-7 3
-6 -14
-10 36
4 20
22 0
-3 -13
-20 4
-14 14
1 -3
13 37
-1 -6
-7 1
-2 6
-22 7
-3 5
-6 0
0 -5
5 43
-16 25
-4 11
-3 9
-5 12
-1 -1
6 -1
1 7
1 -30
-7 16
-1 29
-26 37
1 16
4 3
-4 2
-1 27
-5 -31
3 13
-5 1
-10 17
0 9
15 2
-1 8
-12 -23
0 1
-9 -12
-4 52
2 16
-5 -12
-1 -1
-14 -1
-7 -21
-9 12
-3 23
7 -23
0 -15
-4 34
-4 -19
-13 0
1 7
3 28
-7 -27
-8 -7
-2 12
19 -5
-11 -13
-8 25
-4 41
-9 -5
-24 -1
0 -20
18 8
-14 -15
-17 29
8 33
-9 19
7 9
6 -12
-18 -3
-9 -25
17 16
-17 14
-9 -7
13 0
-2 11
-6 0
-2 3
-9 -1
-3 2
9 -24
0 5
-10 20
-3 -10
1 11
16 -17
-4 7
-11 6
-1 -9
-1 18
-1 5
1 2
-33 29
-4 7
11 -15
-19 3
-5 4
-14 -10
-16 -9
-6 3
2 3
15 -12
-8 4
0 11
-17 -14
-15 -7
-10 -7
22 -8
-7 -6
-10 2
-6 16
15 6
4 1
-6 15
-2 0
6 -2
-2 15
13 0
-19 -40
-3 9
-3 38
-11 1
8 30
1 -35
-3 16
-9 -8
-4 -6
0 14
-7 6
1 4
3 -17
5 18
-1 19
-15 -10
-10 15
1 23
13 24
-1 -9
-5 -18
-12 -27
-4 2
-8 -9
1 3
6 -12
0 16
-12 17
-9 11
-2 4
2 14
-5 -6
-4 -2
9 13
3 3
-11 1
4 22
-2 -8
1 4
-7 -7
-12 -7
-14 -3
-5 22
-7 6
0 33
-7 18
16 3
8 -6
2 1
-1 15
-5 17
-15 5
-7 8
3 0
0 0
-7 -3
3 -4
-5 -13
-6 -4
-13 3
4 -2
-4 13
-4 15
-14 8
-7 14
-3 -13
-1 -12
-19 12
-4 -17
15 7
-19 9
-9 26
5 11
-6 -15
-8 -4
-3 -6
-8 -15
-8 -2
11 -3
-4 -15
-16 9
5 22
-10 -5
-6 -5
-12 -13
-13 11
4 -19
9 11
-13 11
-7 2
-2 28
-6 -17
-6 -2
-10 -6
-5 1
11 5
-12 -5
-14 15
20 3
18 -17
-16 -3
-30 11
-2 8
-3 20
3 11
-11 -14
-9 -3
2 6
4 -10
-7 0
-2 8
-1 -13
-1 -12
12 -15
-25 2
-5 6
-2 -16
-3 33
2 -5
0 -20
-2 -19
-1 -6
8 -6
0 -3
0 14
2 1
-2 -37
-4 -87
0 -48
1 26
0 57
0 32
-3 -2
-13 -23
-2 -30
-4 -30
-7 7
0 57
1 132
-15 29
-7 -33
9 -95
0 -14
-7 -11
-14 43
0 103
6 38
-5 32
-13 78
0 22
4 -134
-11 -127
3 -86
-8 28
-9 94
-2 56
-4 -27
-1 -30
0 6
-12 58
-4 71
-9 35
1 23
1 -12
5 -19
0 -28
-3 -28
-2 6
1 -2
-5 21
4 28
1 42
-8 15
3 -29
1 -6
-6 -39
-3 -75
-1 -29
-17 32
4 54
-10 -7
-12 -40
1 41
0 50
-5 -19
-5 -6
0 -26
-17 42
-8 27
0 -2
-3 16
-6 39
0 54
-8 13
-4 -36
-2 -39
-12 -5
11 17
0 53
-12 7
-8 33
-11 57
3 8
-13 18
-5 -78
-7 -12
0 51
-6 53
11 -10
-17 -51
-11 -37
3 58
-17 53
-7 97
-9 14
-5 -104
-3 -100
-5 -33
-7 5
6 43
-8 24
-9 -25
1 15
2 44
-7 40
-2 14
0 -44
-8 21
-5 -2
8 -1
-18 0
-12 -6
-9 22
2 -11
0 7
-6 78
13 26
-4 -3
-17 -21
-9 -57
5 19
0 64
3 47
1 -26
-5 -46
3 -15
-9 -15
5 -2
-17 -1
-3 -23
1 -2
-4 34
-23 25
-1 36
-5 1
-7 -5
8 0
-7 -4
0 -5
-3 13
-10 31
-8 31
5 -25
-4 -83
-4 -45
-9 25
15 60
5 40
-15 13
-9 -30
-4 -53
0 -73
-10 84
3 98
4 24
-13 -2
-2 -8
-3 -8
11 17
-9 13
7 41
-1 41
4 -5
-1 18
3 0
14 -27
-3 -44
-5 -47
-6 37
8 43
-5 26
-3 -3
6 -51
9 26
-20 -2
-8 5
-3 15
0 8
-13 3
12 -28
-11 -10
-3 18
0 46
7 19
-21 -44
12 -45
-1 -68
-3 -13
-4 59
-11 48
-10 35
5 -46
-1 -110
-10 8
-2 48
8 18
3 31
7 38
-1 -24
0 -52
0 -61
7 27
0 34
0 17
-1 -10
-9 -5
-4 5
0 2
-10 30
-15 12
-1 -8
5 -23
-16 -11
-6 -1
6 -32
-4 -61
-4 -20
2 106
0 98
0 48
-16 -106
0 -101
-8 -73
-6 59
2 92
-7 58
-5 -6
0 -43
7 -32
1 8
-4 50
12 81
-16 15
-5 11
-4 -13
0 -38
-1 -88
-17 -11
2 25
5 36
-1 64
-9 0
-5 -32
2 -34
-6 -40
-5 27
-7 65
-11 41
-4 8
-3 -3
0 0
6 -39
5 -41
-3 -7
-8 17
-4 71
-14 59
3 11
7 -50
0 -123
0 5
-10 55
0 17
0 29
-9 -51
-10 46
-7 82
-11 70
-14 -62
-5 -129
-7 3
4 84
-5 59
-4 5
-3 -22
7 11
3 23
-6 40
-6 47
-8 28
-14 -13
3 0
4 0
-1 -25
4 0
-3 -1
-7 -24
-3 33
7 -1
0 48
-7 -2
-2 -19
1 -14
0 -65
-27 -20
16 0
1 8
-6 39
-5 15
0 57
5 21
-19 -2
-7 -15
17 -41
-10 -87
4 -24
11 21
-31 33
-9 0
7 64
8 28
4 25
-2 -121
-3 -9
-9 80
-1 58
-7 6
4 -25
4 -28
-3 9
7 41
-9 2
-9 -29
5 17
-4 21
-6 27
5 -29
-3 -61
-3 -47
-10 4
2 -23
4 21
5 54
-1 50
-4 18
-5 16
-3 -44
-8 -62
3 27
13 69
-3 67
-7 31
-18 -10
-1 -83
-4 -65
0 11
-9 130
-2 42
-2 -22
2 2
-2 34
-2 35
-6 65
-5 37
1 33
9 17
-10 14
-21 -7
1 -24
1 1
-7 38
-8 47
-3 54
-10 31
-1 -4
0 -26
4 -22
-6 7
-10 42
-6 42
-4 0
0 -14
-15 1
0 -20
-1 44
-9 0
0 -4
-3 -12
-6 6
-6 24
-5 -11
-5 -19
6 25
3 61
-9 56
23 -6
8 25
-11 87
-15 48
-1 1
-1 -57
-7 -17
-13 25
0 49
4 7
5 36
0 38
-4 17
5 6
7 -24
2 33
-9 35
0 23
3 44
-6 3
-5 -8
-2 -42
11 -1
-6 25
-8 42
-6 37
-8 59
-4 16
5 25
0 24
-5 25
2 59
-24 33
-1 -8
-2 8
6 9
3 25
-3 59
-3 63
0 4
1 -13
-25 -35
-2 -6
-6 58
3 50
2 27
-11 -11
2 -6
-1 -2
-4 31
-12 47
2 24
1 42
-6 15
-20 7
12 6
-2 -10
-10 31
-5 29
0 27
-4 33
12 5
-20 -32
-3 20
-9 8
-3 36
2 17
-4 55
4 53
-25 25
-6 35
-12 -12
-3 3
8 40
2 -3
-7 17
3 -1
-14 48
-1 41
-1 0
-10 -6
-5 -17
-11 48
-7 61
-1 -20
-3 21
-5 26
-4 74
-6 21
-7 8
-1 12
11 -44
6 24
-3 40
-4 40
-9 -15
9 17
4 -3
12 19
-8 61
-7 48
-5 5
9 12
13 -47
-4 2
-24 -7
-11 -15
-6 37
-8 48
-16 37
-11 41
2 15
-3 43
-6 6
-10 -13
15 -14
11 -38
-9 -8
-9 25
-15 26
2 6
-7 11
-16 31
-6 28
1 9
-10 39
-7 6
-4 3
-8 6
0 -12
-7 16
-10 37
-3 9
9 25
1 14
-8 4
-8 1
-4 -1
-10 -9
-11 -13
3 0
-9 35
-5 17
-2 -7
11 -16
-12 21
0 4
-6 -5
-9 2
0 8
-11 -27
6 46
-5 19
-1 -8
-9 11
-11 -22
2 6
-8 2
-5 40
-5 6
-12 -4
-4 -27
-12 9
5 -12
-5 -52
-4 29
-3 33
-10 -21
0 8
8 12
-7 14
-9 0
-1 13
1 42
2 0
-22 -53
0 54
-1 47
-9 25
0 11
-5 -65
-15 19
-9 24
-1 2
-17 9
-8 39
14 0
-1 -43
-10 -16
-3 23
0 24
-7 38
-2 4
2 0
-7 -42
0 -32
-12 25
-9 44
-11 18
1 -3
13 -10
-15 29
-8 41
1 -51
-2 -20
-2 -34
-3 -53
6 9
11 16
0 -20
8 -20
-6 22
1 43
1 17
-2 13
0 -10
-5 13
-9 -7
11 -10
12 -18
1 -15
-8 18
3 50
-13 0
-3 -3
-7 4
16 17
-3 12
-4 -5
1 0
-17 5
0 7
16 14
-14 -10
-4 15
-5 27
-3 9
-13 -25
5 -27
-2 4
0 9
9 4
-10 16
0 25
-6 -30
2 -39
-8 -25
5 24
-3 33
-4 2
-11 -12
-4 5
-8 -2
5 13
11 16
6 -5
13 13
-2 3
-17 24
-5 47
-8 4
-2 -24
-7 7
-10 8
-8 23
-19 41
-6 5
0 -13
-7 -31
-2 -39
0 2
0 12
-5 21
0 4
-8 -7
2 -2
-14 5
2 -2
0 30
-8 -17
5 -15
5 23
-33 25
8 25
8 -7
-14 -45
-8 3
-2 41
0 15
3 9
-17 4
-11 -19
1 -42
-3 -65
-5 -10
2 41
-1 45
-14 24
1 6
-7 -7
-11 31
2 -1
-3 30
-4 30
-1 5
-10 -2
-9 -37
-2 6
-3 6
-1 11
-9 37
-3 52
-3 3
8 8
0 -26
2 -43
-7 0
-1 7
-9 -9
-4 17
13 24
-8 0
-11 42
0 21
-4 -4
0 -11
-3 -39
0 -30
1 20
-9 11
0 1
-7 -10
0 -34
-2 -34
8 9
-9 24
-9 20
-17 -50
-8 -29
2 15
2 38
3 2
-13 1
-8 16
-3 8
4 16
-4 0
-3 -23
-10 18
-7 56
-7 41
0 -12
0 -96
2 -67
-1 1
3 45
-18 22
-3 23
-8 -8
-4 -2
-3 37
3 19
-17 12
-15 -22
4 -11
-6 -18
-10 -17
-11 -8
5 -25
-2 19
-12 47
0 66
-7 33
-1 13
-10 -44
-5 -9
18 7
3 -9
-10 -45
-5 -10
0 21
6 23
2 8
0 -15
-21 9
4 51
4 44
-22 -16
-5 13
0 -22
12 -6
-9 31
-1 -15
3 -16
-6 20
-7 -1
-8 -38
1 0
3 -3
5 19
-10 7
-16 11
-1 -17
11 5
-7 -17
1 -20
-3 -36
1 -18
9 25
-8 24
-13 -2
-3 45
14 1
-6 0
-9 -2
0 13
4 15
2 -2
-18 -31
-5 23
-4 9
-15 -33
1 2
-7 15
-4 23
-15 39
0 -2
-11 5
3 27
-7 0
-1 5
-7 -15
-11 -2
-8 5
0 23
0 25
-1 40
-13 -17
-11 -18
-6 12
-5 14
0 32
-3 -23
-5 -29
3 -28
0 -10
3 23
-11 -1
-11 -7
-2 29
-2 -9
-7 9
2 0
-27 37
4 3
7 8
8 -15
-5 30
-6 59
-4 -12
-17 -14
0 -46
-5 -22
0 57
9 57
-14 -36
-2 -45
7 3
-13 33
-3 33
2 29
8 -24
-8 -18
-15 15
9 -4
-5 -15
-6 -18
0 40
-4 21
4 14
-10 13
4 42
-11 -10
-6 -30
-18 -51
-12 -44
-9 24
-6 23
-3 6
-7 -15
-3 2
5 -20
-5 22
-10 13
0 13
-5 -21
0 12
0 2
1 -18
-6 -46
-8 -26
-10 12
-2 -21
-7 39
-4 35
-2 19
-12 13
-3 -14
9 6
0 11
5 -14
-7 6
-7 2
3 14
-9 9
-14 2
-10 -18
1 17
8 51
-2 28
-2 -17
0 -57
-4 -32
1 43
-3 8
-6 -5
-4 -11
-10 -6
-6 16
0 21
-2 22
5 -15
13 -21
-15 -19
-6 0
-15 26
0 16
0 -5
-24 1
-10 15
-1 3
-11 -36
9 -18
31 0
-33 42
0 -20
-22 7
8 -4
-5 16
12 26
-2 24
-15 21
-9 18
-3 -12
0 -34
11 -4
0 17
-6 2
0 19
-18 45
-1 28
-10 -31
13 -48
3 4
-24 29
-6 29
-6 -31
-5 0
-19 -9
-4 7
5 34
-10 60
0 -8
1 1
-28 -47
-19 -31
24 -21
0 13
-12 3
-6 33
-4 29
-3 -1
1 -15
-1 -20
-5 16
-9 -52
5 -25
3 9
-1 26
-4 43
1 20
17 20
14 -41
-3 -5
-11 52
-5 20
1 5
3 -35
-14 0
-1 -16
2 -4
-1 15
1 13
-1 40
8 3
-9 -41
-3 -19
7 12
-1 24
-1 9
0 0
-14 2
-13 -37
14 -9
-9 -2
-21 60
12 -8
-16 -8
-9 8
-8 28
-4 39
14 40
14 -3
-16 -4
-8 -36
4 -62
9 43
0 11
-3 29
-10 -44
-1 -18
-2 41
-7 33
-17 15
0 9
7 -2
-11 -40
-3 13
-1 -2
4 17
-2 -6
-12 2
-10 49
-3 -10
-10 -11
-2 -27
-5 -2
0 22
0 17
2 -3
-15 -34
2 -25
-4 50
-5 41
-4 -7
-12 -4
-4 -6
-7 -25
-8 31
-6 -37
6 12
2 18
-10 25
2 26
-7 36
2 43
0 -19
0 -9
-4 15
-11 -1
-6 -18
-28 -16
6 2
8 4
-4 0
-8 -18
-4 28
-11 35
-7 2
-22 3
-5 -18
-5 -15
-7 -14
-2 -19
-1 0
0 -5
-9 15
-7 -29
-3 -9
4 20
8 24
-3 49
-7 20
7 -9
-13 -18
-17 -37
-10 -1
-7 25
8 25
-13 7
-12 17
-6 1
16 -9
-3 1
-12 13
-13 -13
-7 -13
3 26
-3 18
-9 18
1 13
-1 -3
-7 -23
4 39
-11 38
-6 11
0 -21
-12 -30
-3 -1
3 7
-9 16
2 14
-8 32
3 35
0 27
2 11
9 -6
-10 -8
-7 36
-6 -4
-6 -9
-5 16
-4 12
-4 -25
9 0
-1 27
8 -7
-12 24
-3 0
-5 26
-2 13
5 2
-4 17
7 -8
-15 -29
-8 1
-6 -5
2 -4
6 27
5 6
-7 25
-11 -2
-6 5
-2 25
-15 -12
-4 -23
-13 -13
-3 8
6 13
-12 37
6 -7
-6 -13
-20 -27
9 32
-6 35
-23 -11
0 -46
-1 -10
12 -7
7 14
-13 14
2 37
-8 19
-7 -18
5 -7
7 -1
-11 -11
1 2
0 5
12 16
-6 22
1 2
11 15
-15 15
-2 60
4 29
-3 -20
-10 -35
-12 -52
0 -8
1 49
-6 32
4 -27
3 5
-1 27
-12 -2
-8 -18
-11 8
6 -36
2 -10
2 -19
-1 40
0 26
-4 21
11 14
-4 -13
-7 -27
-9 0
1 36
-6 38
-7 11
-7 -52
-1 -19
0 -34
-14 -3
-16 82
18 55
5 22
-2 37
-3 -3
-11 -43
-11 -21
-11 6
-1 37
12 45
-6 12
-1 2
-5 -32
-6 11
-7 -39
13 1
15 16
-8 16
-5 0
-8 -7
-6 28
5 26
-1 -9
-4 14
-17 18
-1 -6
3 1
0 -46
-6 -23
0 -21
-8 9
5 -7
4 1
-11 -8
-16 22
-4 -4
-2 14
0 26
-9 -24
-16 -20
0 -68
-6 14
-11 40
-13 38
6 25
-3 17
-8 23
-11 -15
9 9
-18 23
0 -30
-9 -6
-10 -10
-9 29
1 -9
-5 -24
-2 14
14 1
-10 32
2 -1
-8 25
-1 -42
0 -2
-4 19
2 0
-5 12
-10 12
-11 -9
-2 -18
-13 8
0 14
-9 38
-14 26
-9 40
-2 -9
-9 -49
-4 -2
-10 9
-5 11
-5 5
3 -12
-1 27
6 41
-5 -20
-10 -20
4 13
-6 56
5 21
-13 -2
-8 -17
-14 25
-10 -2
1 -34
-5 -6
-12 7
-9 12
-3 36
2 -26
3 -13
-1 11
-14 -19
8 -22
0 5
-1 -5
1 21
3 23
-10 9
23 22
2 -15
4 0
-9 -6
1 28
-1 31
-4 36
-4 7
-13 -25
-8 -3
-3 -16
1 -70
-8 70
-5 46
-10 8
-17 -15
-1 -24
-4 29
7 -22
0 -9
-4 24
0 0
-1 -11
0 19
-6 -2
-5 1
-6 3
-5 15
-12 12
-2 -31
-9 9
18 26
-8 31
-11 13
0 -34
-7 -39
-3 -33
-13 13
8 40
-3 16
-6 0
-4 21
8 20
7 -14
-4 16
0 23
7 31
0 17
-23 -15
-15 -29
-20 -4
-9 -16
5 18
-10 -23
-21 27
1 13
-3 25
-8 5
3 0
-9 9
-1 -1
5 2
-4 36
-12 38
-7 -40
-3 -40
-19 -24
9 44
14 33
-10 3
-7 6
-16 -7
-4 -15
0 42
23 29
-7 14
7 9
-15 -10
-10 -25
-4 -14
-8 3
-3 7
1 39
-2 25
-7 -6
-9 40
6 -2
-19 -32
-8 -29
0 -31
-14 21
3 40
-17 11
0 -16
-6 2
3 -23
5 4
-6 -2
-10 36
-4 -4
16 -2
-5 0
-9 13
-10 25
5 30
9 35
-16 -72
2 -22
2 39
-16 21
8 31
-11 -14
2 6
0 13
3 -10
0 -6
15 26
0 40
15 12
-14 20
0 -30
-25 1
-13 -6
-6 -5
18 2
0 16
-10 -18
-10 -21
2 14
-7 30
-15 -6
-9 -20
-14 9
2 26
3 12
-8 8
-6 -10
8 -19
-4 9
-2 -6
-5 0
5 -14
-4 22
-4 -12
-1 43
-1 58
5 0
-4 9
-10 -40
-12 -3
9 -23
12 11
-16 52
-20 54
6 5
-15 -5
5 -12
-7 17
-2 43
-4 29
-11 16
-7 9
3 -3
-12 -23
-14 -34
5 13
15 20
13 4
-22 3
-9 7
-8 0
-15 31
-9 9
-7 -84
-2 -51
0 12
-3 4
-2 63
4 -1
0 0
1 -21
-3 1
-4 33
-10 12
-5 3
3 16
12 3
0 15
-3 38
0 26
-1 -4
6 12
-2 -106
4 -21
-13 36
1 49
-18 6
-8 -16
-2 -10
0 -22
1 35
-1 49
-2 36
2 14
0 30
-6 -11
-10 -9
0 -39
-7 -16
-15 -17
-8 30
-5 31
-2 -4
1 20
-10 -2
-4 39
-8 -25
6 -19
2 -16
-4 16
-9 -11
-3 -27
0 4
-6 -8
4 5
-3 48
-2 14
-2 30
-8 43
16 51
3 6
0 -26
3 -47
7 -9
16 30
-12 44
-7 19
-6 -8
-5 -66
4 -49
-3 45
4 0
-3 19
-9 -16
19 1
2 2
-19 -3
-5 22
1 26
-6 23
6 -19
-5 -27
-12 33
9 3
-7 -10
1 -11
-3 -45
-7 5
-11 -10
14 -15
12 29
0 17
-9 41
-12 13
0 11
-5 -21
1 -69
-7 -15
-3 32
-16 28
-8 13
8 -7
-12 17
-9 6
4 24
9 40
0 43
-16 -29
0 -23
-4 12
-3 -17
2 14
-6 -4
-3 7
9 42
-1 46
3 24
-9 -25
-2 -10
-4 6
-5 41
-5 5
3 15
2 0
-10 -6
-5 -42
0 2
4 36
-1 23
-8 0
-4 16
-1 -26
-1 7
-9 -39
2 -9
-7 4
1 27
5 15
0 36
-10 -21
-1 -26
14 -38
-7 -5
0 34
-17 35
-5 8
-19 -8
0 6
3 0
-2 32
3 47
-1 11
3 -12
-4 -45
-13 -17
9 -14
-2 0
1 17
-3 22
-24 21
-11 0
-20 2
-4 -5
5 -13
-1 -5
-3 -14
-8 -14
-6 -2
-10 -9
-4 26
-8 0
-2 25
-1 0
3 -5
-5 -51
1 -70
-10 -17
-6 32
0 28
-13 25
0 32
-12 7
-15 3
-4 17
-2 4
0 -1
-4 -6
-1 30
-12 16
-8 -38
6 4
4 24
-4 -12
-5 53
-3 3
-15 27
6 36
1 -5
-2 11
1 -22
-9 -31
-4 -31
1 -45
-4 16
3 75
-1 6
2 -37
-1 7
-6 14
-5 1
-5 29
-1 8
-6 4
-9 31
-5 4
-4 -34
-6 -35
-1 -4
-5 9
17 19
9 26
-14 6
0 32
-1 2
2 30
-6 14
-2 -42
0 -82
-3 -33
-9 24
-9 30
0 39
8 2
-6 -28
-8 -17
0 0
-8 25
-12 33
-5 44
-5 8
-2 -34
2 -17
-9 12
-5 5
1 32
1 15
-13 -18
-3 -30
5 -27
8 -15
3 -11
-6 43
0 35
-16 0
15 17
9 15
-14 18
