-11 -2
-32 11
-26 -23
38 -15
-4 0
-10 7
0 30
-20 -21
3 -26
27 13
0 23
-16 11
-31 23
0 12
34 0
-41 -5
-2 -33
-1 35
-12 26
-29 -11
1 -31
-37 -51
25 14
22 36
3 16
-13 -31
-46 1
-20 75
73 3
13 28
-75 8
-10 7
29 7
-3 6
-4 1
-4 -3
-25 18
5 34
15 13
-3 -15
-67 -44
2 -29
25 -6
0 13
14 45
17 -14
-21 -18
43 -20
-21 -41
-41 0
22 2
0 14
16 21
-46 43
-26 51
23 50
-32 -14
-16 -92
5 -43
-30 -29
155 21
-30 28
-33 -9
-108 12
96 26
51 53
22 48
37 0
-83 -22
-31 -31
-19 -10
7 -22
48 -4
42 -17
-9 -22
-65 22
-25 31
3 58
14 64
-10 27
32 -41
-81 -49
28 -2
-36 -9
-39 30
49 -31
13 0
-58 25
-32 19
11 38
78 24
-54 11
-19 -5
-14 -28
26 -26
34 -11
-1 14
-73 -19
11 1
18 -1
-42 -14
22 25
3 24
-62 21
-34 36
92 34
-15 -40
7 -25
-39 -28
65 -33
-60 23
-1 22
33 22
39 24
-21 37
0 -8
-12 -56
-15 -58
-34 30
52 3
2 22
-13 40
-27 23
110 25
-24 21
-8 74
-21 43
-1 19
9 0
-43 -11
100 -15
-67 11
29 20
3 -4
-14 32
-36 37
66 14
-85 61
25 34
69 -2
-23 -31
-29 -46
-33 12
38 30
-21 17
-8 37
-21 -4
52 42
-55 8
8 34
-6 34
-116 11
65 27
42 18
64 18
-30 -2
-14 -5
-43 21
9 -56
15 -15
-63 46
-5 20
-12 35
-40 37
33 23
-34 44
-14 54
12 53
-1 -44
-16 7
6 20
-47 3
24 -34
-23 5
35 7
6 31
-40 21
22 14
-21 55
41 27
-25 -25
-37 15
26 -22
-29 20
-9 50
32 0
-38 46
24 36
30 41
-10 19
-41 -10
18 -27
41 -20
-43 2
-14 56
-27 9
14 14
4 12
-18 43
-3 27
-8 50
24 23
-41 11
-11 -11
62 -6
-31 62
-12 -6
18 16
1 7
-12 -6
49 -21
0 22
-67 34
23 13
-9 70
-7 32
-1 -11
-12 15
-15 -2
-2 18
-7 28
44 19
-47 26
0 12
5 34
-11 -22
-59 -8
65 13
-42 49
41 -13
-3 35
-9 17
-39 -3
6 -21
-12 -6
21 5
13 8
-37 -25
-18 34
-14 17
8 62
23 42
-35 32
9 24
-9 -6
-7 1
-19 3
3 42
13 82
15 13
-14 -16
-11 -53
16 -27
2 41
-20 55
-37 19
-25 20
96 21
-43 22
-22 39
2 11
-2 12
-8 31
-3 21
-4 2
2 3
-22 20
-3 -7
-21 23
7 21
19 13
0 15
-12 23
9 44
4 22
-15 47
-30 31
-16 20
46 -3
-22 -30
8 -3
-10 30
9 23
-13 56
-6 56
-17 17
11 6
3 -47
-25 -39
6 1
-21 37
-3 84
-1 45
6 39
0 32
11 26
13 29
-30 60
-5 32
55 23
-36 8
-26 18
2 -23
-1 -10
1 3
2 34
0 26
-10 -2
-18 31
32 25
0 15
-30 26
14 4
0 26
-14 11
6 12
-13 20
11 28
-18 36
70 28
-51 22
-13 9
38 -22
-10 18
-17 47
5 18
-53 1
28 23
-15 3
22 57
31 46
-60 -8
-12 5
-16 28
28 -12
12 3
-1 20
-40 68
2 18
-9 6
-31 38
57 45
-43 28
20 29
-19 15
20 26
-7 -3
-2 5
-16 46
5 20
-18 7
12 26
-36 29
-3 42
34 20
-3 12
5 -2
6 46
-14 17
3 25
6 25
-17 -35
-25 -19
13 -4
-5 16
1 22
-20 9
4 -12
-7 18
3 24
-10 65
-4 31
11 -21
-11 8
-24 26
-26 1
118 11
-57 51
20 -47
-2 -64
-19 47
-7 26
9 20
-29 -2
-36 25
-8 33
-21 58
0 41
-14 32
2 12
0 15
-16 -12
0 7
37 -12
-9 33
1 44
-25 33
-10 30
25 20
-16 29
-9 -2
-29 27
27 -6
-4 -46
-21 12
3 -20
-6 -36
15 26
-22 15
-14 18
37 23
-21 19
-7 15
-7 11
2 -18
4 -16
4 -28
-12 -39
1 25
-26 42
28 20
-29 -2
-6 5
19 -20
-1 15
-1 27
-13 31
-13 5
-1 -46
16 -1
-30 15
-16 17
14 39
7 9
-29 32
26 -32
-20 -27
12 8
-18 3
18 9
-13 -7
0 -7
-23 -9
0 -6
3 20
-5 -3
-3 9
-2 0
-20 -27
-15 -8
0 7
-21 -4
1 13
-8 35
11 11
28 -5
-73 -7
59 -5
-12 13
-2 0
-9 22
-10 -10
-5 3
-3 1
-27 -1
-9 29
17 12
0 12
-11 2
1 -2
-22 -59
9 6
-22 54
20 4
-8 -51
-43 -41
16 0
-10 33
0 45
-6 18
13 44
-22 5
-8 22
25 23
-27 -21
4 -6
2 35
-5 16
-1 0
7 11
-11 19
-10 -37
18 -5
-13 -10
-13 0
0 -18
21 15
-8 -1
-9 -8
15 5
-6 -8
26 29
-5 -23
1 20
-23 11
-3 6
-7 11
-19 28
-3 9
2 -19
-16 -4
-10 0
11 -27
-10 37
-5 28
-8 -39
21 -13
-21 -23
0 -16
-3 4
-15 12
-18 51
25 20
0 -4
0 5
-42 12
-7 6
-8 -2
-4 -4
-3 29
1 13
-6 8
-41 14
12 -25
-14 -5
14 21
-21 8
-15 0
22 -6
-4 31
-31 13
-11 25
0 -2
-17 0
-8 -47
6 -7
-9 33
-16 6
-14 17
24 20
-10 -22
9 -3
0 -4
-39 38
39 36
-6 23
-4 11
-12 -16
-11 -21
4 34
0 40
-9 19
-13 15
13 -45
5 -48
-17 6
-5 37
28 -8
-30 -30
7 8
-15 21
-7 0
0 15
-3 3
6 36
8 21
-26 11
2 13
-11 48
-9 -9
0 -32
-12 1
4 -18
-15 4
-2 1
0 27
0 21
1 -42
-7 16
9 6
-8 1
5 -4
-14 26
9 23
-2 -21
-6 -10
-8 -36
0 -15
7 36
-15 45
-9 -11
18 12
14 -20
-17 -11
23 14
-4 32
-13 25
-18 14
16 -18
-16 12
-22 -5
20 32
-35 -16
-4 -21
5 -16
0 15
-31 14
-8 -11
1 -3
-17 14
3 -3
3 -4
-2 18
-16 9
0 -16
-6 -26
13 8
2 17
13 22
-18 33
-5 -7
-5 11
-18 12
5 -49
-5 -1
19 -10
-9 0
-4 14
16 11
-8 -32
-10 -21
-1 -9
-5 -6
-1 -29
-15 5
23 -7
26 4
-32 -13
9 -2
-13 12
-4 9
6 -6
2 14
-10 1
-19 39
-8 35
4 32
-5 -22
-7 -5
5 37
8 7
1 6
-8 -41
-13 -16
0 14
-11 20
6 18
1 8
11 -8
-21 0
5 -1
-2 2
-20 17
13 18
2 13
-9 -9
0 4
3 0
3 15
-2 19
-4 9
-11 -6
2 -11
31 8
-19 12
-8 -26
-14 -28
13 12
-13 11
-4 3
-6 25
-11 8
-13 -9
-5 -2
1 -30
-4 1
-10 3
11 14
-39 36
16 -13
-2 5
-9 -3
-11 -4
11 -12
-10 -6
-24 2
7 33
8 -7
-18 19
-1 9
43 6
-10 -11
-4 5
20 0
0 14
-18 15
-24 -10
13 -8
5 -1
-4 -35
-17 -13
2 -7
-25 6
31 -8
-20 6
-3 -4
18 15
-11 18
-14 2
-15 11
18 -11
-6 21
6 -13
-9 16
-2 18
-12 -19
15 32
-23 -1
6 -17
-6 2
-9 -21
1 -6
-7 6
-2 18
-3 -1
-24 5
17 -31
-10 -8
-9 -15
0 13
-19 1
-4 -3
-9 24
-4 -7
-1 17
-1 9
-7 5
-12 -19
-1 -5
0 12
2 33
-13 4
-2 5
-4 4
-12 30
-31 -2
28 -19
-22 2
-1 11
-4 26
-3 6
-22 -10
9 21
-11 -40
-8 23
-10 -3
19 20
4 15
-12 -3
-10 8
13 -3
-33 -10
6 28
-3 20
-8 -31
-8 6
-17 17
26 9
0 35
-22 -39
0 -7
11 -10
-11 25
1 37
0 0
-2 -2
-2 7
-7 2
2 -37
-8 2
-6 -5
-8 -28
17 1
-17 7
-7 7
-6 -5
3 11
-4 -7
-14 23
6 -12
13 15
-8 70
5 -15
-10 7
-17 -57
-1 -44
-25 0
-15 38
-10 22
17 -11
-3 -29
2 64
-5 11
-21 3
-2 20
16 -35
-14 -29
-9 16
13 -3
-2 15
-6 14
1 44
-2 -30
0 13
-21 -14
26 4
-14 17
16 65
-9 -29
-5 -5
-9 8
-25 33
18 -26
30 6
-10 5
-7 21
20 -12
-3 26
-1 11
2 -55
-3 19
-15 -20
16 13
-1 23
-5 -9
-25 26
-2 -15
-11 12
11 -5
18 1
-25 4
-6 -12
-12 19
13 22
-15 -38
2 -11
9 -9
-16 -9
-2 48
-3 27
0 14
1 -18
-14 22
0 54
2 32
4 -1
-20 25
22 7
-10 -10
-10 42
1 -23
1 -7
-2 27
-1 -3
-8 22
4 3
-1 11
-10 22
-2 -9
-2 24
-3 16
3 -3
-8 -26
14 -19
1 -6
-8 44
0 -2
-13 7
-23 27
4 -32
9 3
34 23
-24 -20
-19 2
0 16
-8 16
-14 18
19 40
-11 -10
6 -57
0 31
-17 44
12 -7
0 -29
1 0
-5 -25
6 -8
-7 -28
-2 -12
3 35
-6 47
9 -17
-7 28
-19 -11
5 -21
0 -28
6 -1
-22 -11
36 45
-5 -7
-7 -19
-14 33
0 29
-5 -8
-25 -21
36 41
-15 33
-1 -27
2 -1
13 37
-4 22
-15 -14
1 -34
-12 1
28 11
-53 11
11 17
16 -5
3 -9
-34 -3
17 15
-6 -25
-22 8
5 8
-20 -12
3 20
19 -16
-5 -24
-7 -13
-12 13
2 -5
-9 -5
9 -2
-8 -18
-9 17
-2 21
-5 19
4 3
-8 5
-18 31
24 -6
-2 -6
-1 45
3 16
-24 -9
-35 -9
4 2
-6 11
-1 -12
-10 14
-5 11
-9 12
-12 22
13 -4
-7 21
-4 4
-4 -8
0 -10
-3 -10
-8 -22
3 3
6 48
-9 -23
16 11
-6 25
2 -41
-23 -15
34 6
19 47
-33 -4
-21 -36
6 27
-10 0
-7 -4
12 19
-1 -12
0 -3
-2 -15
-1 21
-8 4
-8 -26
-10 15
-9 9
35 -24
-24 19
-13 5
-2 12
-1 0
-9 -10
2 16
1 23
0 3
-2 9
-1 -12
0 -36
-3 -21
-16 46
-2 5
-2 1
-6 -15
-14 -9
-11 -13
5 42
-9 8
-3 12
-4 25
-12 -43
6 15
-9 4
23 -31
-18 19
-25 18
14 13
1 4
-12 -10
5 5
12 24
-5 12
-1 -19
3 -7
-7 28
-3 -19
-8 -3
-14 19
6 -22
0 12
2 -11
-6 -6
-7 23
-9 14
16 37
-21 6
-3 -11
13 3
-4 8
-18 0
-7 -12
-2 -4
24 19
-7 8
-14 44
3 -28
-8 -10
-5 13
1 -9
4 1
-9 29
1 -10
-15 -2
-6 -1
-4 6
1 -34
-2 16
9 19
-13 -16
1 -3
-1 3
-1 3
-11 5
9 14
5 -27
-22 -9
1 1
-19 -3
7 1
-12 -11
-7 7
4 52
-8 -8
0 -4
-7 7
-2 -4
-10 4
14 -5
3 -19
4 18
0 -1
-5 0
0 3
-5 12
2 36
-26 0
26 11
-10 -4
-8 1
16 16
-11 22
14 11
-2 45
-22 -9
1 17
-19 -11
0 0
1 -6
-17 26
-22 -14
12 5
-26 14
29 -6
-22 28
-10 3
5 -10
-2 30
-15 8
4 -7
3 -12
-10 -13
-9 17
0 29
-4 22
15 12
-16 12
-9 8
34 34
-43 -34
2 -1
6 21
35 16
-10 -2
-4 3
-21 -2
2 -4
5 40
9 1
-1 -25
-6 19
-26 4
8 6
-30 -13
8 14
-5 -9
-5 22
-1 9
-21 2
-2 9
2 17
-2 1
-2 21
-6 59
0 -18
-3 -14
-9 -7
12 22
-6 15
-7 24
-2 -9
9 4
-14 27
-15 -14
1 -17
-5 -2
0 -8
-4 19
15 -2
-10 3
7 25
-14 8
0 -41
3 12
-3 1
21 13
-23 -13
3 36
-6 28
-13 9
4 27
0 5
-8 11
-15 23
-8 13
-2 -7
-4 -4
-14 1
1 5
2 -10
-5 14
-15 -8
0 20
9 27
-7 15
8 0
-14 61
-6 -3
-6 -18
0 -15
-21 0
21 30
-1 0
4 0
-21 5
-20 33
24 0
0 26
-23 11
-6 1
-3 -12
-5 -9
11 4
3 -18
-7 21
-9 5
-8 -25
0 -3
-17 -19
7 30
-10 34
-10 -15
3 -13
7 14
-17 -13
13 -6
-8 1
-12 -1
-8 37
4 16
-4 3
-2 26
-2 -1
-13 -14
-2 -6
-10 -21
-18 8
-1 11
-10 -6
8 6
-5 -11
6 -10
-6 1
11 -26
8 15
2 11
-10 -19
-16 6
23 2
19 5
-30 -13
-15 -13
5 12
-7 18
-5 -10
3 17
-13 0
-4 -13
6 2
-1 0
-5 0
-6 -13
-5 24
-3 24
-3 6
-1 0
-8 1
-14 -7
-9 -12
-17 -23
-2 37
-10 41
-17 0
25 -31
3 5
-10 -5
-3 38
4 -6
-4 -6
0 -17
7 6
-17 3
15 -2
-6 -5
-10 -7
3 0
-3 -10
0 25
7 -14
-4 0
-4 17
-11 14
6 -7
4 -11
-6 22
-7 25
-2 -17
6 -32
-1 45
3 14
-4 17
-3 -3
8 -24
2 -1
2 -1
-9 35
-12 18
4 -6
-22 -2
-4 6
-9 -8
-4 -8
4 -9
0 -17
7 7
-12 -12
-9 -2
13 26
-18 -5
18 2
0 -30
-13 15
0 9
-20 13
-4 31
5 3
-7 -21
-13 20
-12 -23
12 -2
-3 38
3 0
-7 0
-6 -3
-8 21
-11 51
-12 18
-5 13
-5 -14
-15 -9
-12 6
3 -25
-4 22
2 16
-2 -8
-3 -11
1 38
-15 -27
8 1
20 5
-2 -33
-11 -13
-6 -4
-2 -9
1 8
-8 28
5 -6
-13 0
23 -22
-22 -3
-6 4
6 3
-6 15
-18 6
21 46
-12 -11
-3 0
-8 31
-4 -19
2 16
-4 11
-6 -19
-4 4
-4 1
4 6
-7 0
5 -14
-8 -4
-15 7
-10 6
9 -3
2 2
14 20
-15 -16
-15 14
-4 30
34 12
-26 42
0 13
-21 1
12 14
-12 24
16 -19
-9 -18
-6 -32
0 9
-2 0
1 6
-3 -2
-20 -13
-17 -2
25 -7
-19 17
-7 3
3 15
-4 19
4 1
-1 -20
-4 6
-2 18
-1 -6
-12 25
-9 1
2 -11
0 4
14 -5
-12 -5
-24 -11
24 -2
-15 23
-16 15
-10 -6
2 24
7 19
-21 -11
17 4
-5 11
6 -10
3 -14
1 14
-7 19
3 14
-1 14
-17 6
6 13
-16 51
2 -2
-16 -14
-6 0
-1 15
-12 5
21 3
-5 -8
-11 -50
-6 26
-1 9
13 0
8 27
-1 -24
-6 1
0 -8
-8 11
-25 -9
5 -23
2 12
17 6
-9 -6
-4 1
-6 15
4 -6
5 53
9 23
-13 -30
1 -6
-5 57
-1 16
-18 11
29 22
-3 11
-10 -22
-10 3
12 5
-3 0
-17 12
-9 17
5 0
-16 6
21 13
-8 28
-42 -24
5 -6
20 26
4 14
-47 20
16 7
0 -2
-24 7
20 14
0 -3
-3 -35
1 -17
-2 -1
-12 25
-1 16
-4 -5
12 13
-13 -18
-22 -32
12 0
2 26
21 0
-10 -14
-16 -2
-5 -3
-7 1
-31 5
-7 27
11 1
2 19
-16 -8
-8 -20
-24 7
-9 12
0 -15
1 -1
7 23
-7 -4
-14 19
35 15
-33 16
-2 0
-18 13
-10 -27
15 32
1 7
-11 8
-20 13
5 24
-6 12
-10 -7
-6 15
4 -23
-6 26
-25 0
-35 -12
30 -5
20 13
-20 14
-35 -1
0 0
33 -7
7 -3
-42 -10
45 17
-21 17
-11 8
-13 -7
-2 -5
-1 3
-15 30
33 -2
-43 16
-13 13
38 6
-6 5
-20 -1
-7 5
-14 -34
-4 23
54 30
-44 -18
-11 -20
0 15
-14 9
2 2
8 2
-2 -17
-3 -2
-1 8
7 11
-20 1
9 1
0 0
-4 -33
-4 38
-2 4
5 1
-3 -3
-1 20
-1 3
-1 27
-11 38
-18 -9
-21 -19
11 36
0 -3
-13 -34
-11 30
-7 22
3 1
-35 2
42 -3
-20 -35
-1 8
-6 42
13 -2
-18 -21
-3 13
5 25
-7 -22
-9 21
9 18
-20 14
-14 35
-23 -8
8 -49
23 43
-6 39
8 -27
-25 -8
0 -8
18 19
-11 8
-6 16
0 0
-29 -19
14 17
0 0
3 0
-10 22
41 0
-25 9
1 4
-26 39
-2 1
5 -41
16 -16
-17 33
-17 9
-30 29
13 -2
1 -11
-15 -4
16 29
6 -33
-38 -26
34 31
0 0
-2 -4
0 30
-6 8
-11 -11
-11 -5
9 -1
-11 26
-22 -12
4 16
-1 9
9 16
0 -18
-15 24
15 -2
-6 -12
-32 -12
2 12
38 21
-22 25
-24 -15
4 2
-16 9
-3 -4
5 11
-23 0
33 24
-3 14
12 32
-43 -8
-18 4
11 -2
4 -16
11 2
-15 33
-7 24
-21 -5
13 1
8 -22
-7 -2
13 4
-6 -17
33 9
-14 22
1 18
5 0
14 3
-23 -12
-19 -4
16 22
5 -7
-29 15
24 16
-45 0
2 -33
4 4
12 26
-23 -11
39 -10
-11 -1
-35 9
0 29
24 24
-6 -24
-13 -10
2 17
-18 3
25 -2
0 3
-15 23
5 49
-24 -10
11 0
-5 -22
-6 3
0 2
1 -4
-12 46
-68 -2
-6 22
14 -8
-12 13
11 -7
-23 26
-1 6
0 4
-10 3
39 8
-19 -14
-14 1
8 0
-9 2
1 28
-27 0
-22 -16
18 24
29 16
-28 -7
4 -2
-11 -33
22 -14
-21 -2
22 -1
19 8
3 30
8 23
-15 35
-4 9
-10 3
3 0
6 -31
-5 15
6 21
-13 -4
-16 -1
-8 -18
30 -5
-24 -5
9 -9
-13 11
-12 19
9 27
6 -10
0 -4
-4 0
-17 -5
4 -23
32 -5
-13 -13
-11 16
-22 14
-9 -9
-4 44
-2 -26
-15 1
-9 -11
-12 -31
-3 57
36 -17
-51 11
-9 29
5 -13
0 -22
17 5
-18 9
-13 6
45 17
-31 0
-8 26
-22 27
6 23
9 -50
2 -4
-32 -1
20 -7
-67 5
3 20
39 20
12 23
67 -13
-50 -19
-66 -8
18 14
24 29
-4 -13
13 4
-9 18
-18 0
60 17
-33 4
-8 -28
-18 1
-4 -8
-5 5
-8 31
-5 5
-5 -2
-32 21
23 4
-17 -18
94 -12
-25 8
-84 18
11 8
-3 -39
15 -18
-5 26
-44 -33
8 -7
-45 8
11 25
-40 -10
-26 32
20 -8
-23 -1
-12 34
0 -38
-8 -37
-7 24
-29 27
14 0
5 13
0 17
-8 -2
3 11
-16 6
-24 3
6 -1
21 -13
-3 -5
-31 17
4 26
39 11
-76 0
39 -21
-7 -7
-6 -8
2 6
1 7
-11 42
-1 -9
14 1
-4 16
12 -13
13 -9
-22 8
9 8
-59 -9
33 9
23 5
7 4
-1 0
-36 7
11 -8
-19 0
51 17
-22 32
-13 -3
-11 4
9 16
-18 -1
11 -21
-13 -17
-22 -11
14 12
28 2
-1 -2
-17 -14
-12 -38
-7 -25
-16 25
-16 21
5 13
-11 -26
-13 6
-20 13
-8 3
-8 -11
-7 -18
-4 -16
-19 -32
18 -23
-5 15
-21 29
16 7
-4 0
-55 -14
-6 -18
2 -2
50 2
-33 -3
0 4
-5 24
14 -14
-1 -1
0 13
-21 -7
-11 -3
1 3
-4 -2
21 19
-36 9
7 5
8 4
-9 6
2 -2
-2 -4
4 -3
-4 17
0 29
14 0
-24 -18
-6 2
-17 -9
8 23
6 1
-9 25
-27 27
3 -6
-2 13
-31 7
15 17
-9 3
-10 1
4 -12
-3 -37
1 -5
-17 11
1 22
2 0
-20 4
-13 2
14 15
-41 25
13 3
5 -6
1 28
-33 20
-15 18
15 -10
4 20
0 18
42 15
-45 11
-9 -1
17 -7
-13 -14
21 12
-20 -8
-17 4
27 1
-4 13
-25 -22
4 -3
14 11
-29 -11
8 16
0 -1
4 4
0 -3
-5 19
9 36
0 5
-1 -10
-3 2
-3 -2
-4 32
0 7
-7 14
13 -9
-7 -2
-10 6
-12 8
-7 2
-6 0
0 21
3 -17
-4 16
-3 0
-10 12
-4 0
-5 -9
-6 -12
9 -2
-3 25
-5 -13
13 -22
-3 7
-19 12
-7 17
-3 -5
0 4
-13 -9
-9 -2
0 -6
-4 9
0 14
5 22
-1 1
0 0
-1 -4
-3 -2
5 -8
4 2
1 -19
-4 12
-7 37
-2 20
-3 5
-6 14
1 -5
1 0
-6 27
-4 -7
5 26
-6 4
-11 -9
-6 9
-1 -2
8 14
-6 0
-16 -6
4 5
-8 30
-2 11
-3 1
-2 -2
-3 -24
-1 -11
-1 22
-8 17
1 23
-2 -1
-11 5
1 27
2 -30
4 -20
0 21
-7 4
-1 6
4 0
-8 -7
-4 3
3 -11
0 -5
-10 -11
-11 9
0 0
-8 19
-3 12
-11 12
12 -16
1 -13
3 2
1 16
-12 24
-8 16
6 6
-17 3
1 30
-3 -11
-12 -7
-17 8
0 -15
-7 11
-1 -14
0 36
-2 -25
-10 -10
-6 3
7 -7
-11 7
-14 7
-12 0
-4 -6
-10 11
-5 -7
3 -21
-3 -10
0 8
-5 0
-7 21
-7 14
-7 4
16 -4
4 3
8 -11
8 -3
-3 18
-9 7
-20 0
3 37
-1 -10
-9 11
1 -13
-12 13
0 -1
-15 -16
-8 21
4 17
0 9
-7 -2
-16 -8
1 -14
6 -17
-2 2
-2 16
-16 18
-9 20
-1 -17
9 -14
-3 3
8 5
-3 -1
1 13
0 -22
5 6
-13 24
-4 -34
3 -6
-5 0
9 14
7 5
-11 6
1 36
8 -9
11 4
-5 2
-15 -4
-25 -26
-12 15
32 -8
