-4 54
14 -26
39 52
-9 19
-26 31
-5 9
-5 33
8 -18
0 15
14 15
-32 -55
-24 -44
2 52
9 59
-6 -6
-10 -66
6 -19
25 -18
-17 26
-4 1
-11 3
-28 -37
39 15
-1 15
-18 5
-28 17
-14 26
-23 7
-24 1
-14 43
33 -8
6 -18
9 11
-3 46
5 12
-3 0
-7 13
20 26
-28 15
-33 -41
-9 -136
-6 -5
5 32
9 65
7 22
-31 -96
-12 -90
-12 25
1 85
0 35
-29 -7
6 -19
0 35
24 62
-9 25
-10 -59
-7 13
-14 -35
-14 6
-2 32
-14 4
6 25
17 23
-4 35
5 30
-9 25
-7 -21
3 -55
15 -30
16 79
42 67
-22 1
-27 -12
-5 -10
15 -7
-15 89
-27 -11
-6 -34
-25 26
9 64
0 61
-9 -12
11 -68
-4 -13
6 5
26 40
-7 7
-23 12
-23 27
16 26
0 70
1 36
16 -46
0 -117
-26 -68
8 33
24 41
18 44
-4 3
-25 -10
-17 -20
-14 62
-2 60
-2 40
-12 8
38 27
25 -14
-8 -1
-1 -59
-31 -26
-25 -4
6 39
-27 27
-51 17
-25 32
-13 11
3 -27
24 -10
25 -27
0 32
18 53
9 2
-2 -94
-19 -19
-34 50
4 39
20 43
-4 0
0 -61
4 -63
2 6
-16 40
-22 32
6 19
-30 -14
-10 36
14 69
7 64
8 -66
-4 -206
8 -10
12 88
0 40
-22 13
-30 -60
-37 -14
-17 49
53 95
13 33
-18 59
-1 -8
-40 -14
0 -71
-1 -11
6 -18
5 52
-14 15
-11 6
-11 29
-9 14
27 56
20 18
-6 -12
-12 -48
-4 -28
-11 23
-13 45
-5 1
-27 -36
-18 -13
18 47
34 8
-23 37
-27 56
0 138
-13 77
-11 -58
6 -161
-21 -184
29 12
14 82
-19 81
-10 -2
-14 -16
7 -5
-13 -41
30 -33
15 -16
-32 21
-38 41
-16 -15
5 12
6 -34
-2 23
-11 3
-12 -52
-5 -117
-4 -13
21 33
-1 39
-16 53
4 -31
-20 -5
-6 18
-10 6
-14 -19
5 -78
-19 -74
-27 -7
-32 32
14 -8
3 -19
-7 -45
-7 -57
22 2
52 20
8 -1
-19 8
-12 48
-4 -12
-17 -55
-11 -8
-30 24
-19 81
27 27
2 -50
-9 -119
-32 -44
0 0
24 24
6 -34
0 -22
-32 8
-4 23
-22 27
18 40
3 16
-7 -14
-12 -41
4 -15
-6 -35
-20 -32
-25 -13
0 6
2 18
-14 26
-12 11
-2 31
3 46
-10 -59
-12 -160
5 -27
24 38
9 19
-5 -18
2 -18
-52 1
7 55
31 38
1 -22
-15 -79
3 -53
13 40
-9 4
-1 -23
-1 -30
0 -17
-11 9
-10 28
-2 52
-23 3
-6 16
-1 8
17 -3
-23 -58
8 -148
-8 -25
-9 62
5 34
-12 -1
-10 -35
1 -18
0 6
-5 1
-22 20
-5 37
23 -8
11 -36
0 -12
-13 -6
-12 7
15 24
-7 2
-11 -62
-9 -83
6 18
0 -10
4 7
11 -27
0 -24
-14 19
-15 -3
-13 18
8 43
-6 12
6 21
-8 11
-11 -26
-7 9
1 15
6 -14
-3 -12
22 -26
0 11
-23 15
-9 -8
11 -42
-14 7
-9 -8
-15 8
9 -119
-16 3
-13 19
-1 3
3 -53
2 -111
-8 -2
5 30
1 44
-19 15
-19 0
-18 -41
-15 -125
65 -83
-22 27
-18 34
7 24
-6 0
0 -20
-7 -10
-25 -6
-10 -38
-13 -16
-12 -1
4 -20
15 6
16 -2
8 20
-1 2
-22 -2
-12 -3
-16 35
4 -2
11 -31
-11 -79
-2 -15
-1 43
3 -7
-22 -35
7 -23
-15 -27
-4 -4
9 16
-16 22
-9 55
-1 -13
-10 -48
-5 -67
-11 -13
8 -2
-1 -8
14 1
-23 -25
-5 36
5 -16
9 -19
7 -20
-30 -50
2 -41
11 1
7 7
-2 -10
-11 -1
-10 -11
0 -38
-3 3
-4 19
-3 22
-26 -7
0 -44
-6 -28
0 -9
-5 1
-9 -14
12 -39
3 -32
-6 29
-8 8
0 -16
-5 -5
-6 -7
-25 -28
-3 -11
20 -1
20 9
-8 8
-3 1
-10 -6
-4 2
2 -26
-2 -19
0 -17
-25 -5
-2 24
7 0
13 0
-9 -17
3 -1
-15 -21
-15 -19
-1 -21
6 4
4 4
-9 6
-9 -12
1 3
-17 -20
-5 -16
13 -6
-1 18
7 3
1 -1
12 13
6 -19
-13 -39
-11 -23
6 0
0 1
-1 3
12 24
-17 -30
-5 -21
-34 26
1 0
2 -20
-19 -7
0 -13
38 -9
-9 7
-33 -9
-14 5
0 -31
-7 -6
-14 -6
0 -17
3 -15
15 -25
-21 -24
-18 9
-3 3
5 8
6 -7
-1 -17
-2 13
-7 -7
16 35
-17 6
-5 0
-3 -69
4 21
-5 -2
1 -30
-14 12
-9 21
-10 -6
5 -23
7 -4
25 5
-4 -18
-8 -18
-5 5
1 7
-7 -48
-21 9
0 -15
0 -37
7 -3
-10 -10
1 22
7 -17
-19 1
-16 -23
8 -16
-14 18
-15 0
1 -23
-7 -18
2 -5
5 1
-24 15
-2 -26
19 -6
-4 8
-5 -6
-5 5
-7 18
17 -16
0 -1
-5 -49
-15 -19
-3 -29
2 -46
-5 -5
5 32
-3 -1
-10 15
-16 -1
-11 -1
22 -25
-13 -17
12 -25
-25 -9
-18 -21
-6 9
-8 3
5 12
17 15
-4 -9
-14 4
0 -10
15 42
-11 -2
-19 2
-11 -15
-5 -26
-1 -38
-8 -17
0 -15
11 40
-8 28
-9 -13
1 20
-22 -1
2 -3
-14 33
-14 -4
-15 -80
-10 -32
-2 -32
-20 19
4 14
1 -9
8 -64
-7 -12
-6 -4
-4 33
-22 65
0 27
-3 -64
13 -36
-14 -125
-20 -9
-8 2
-9 -13
-1 -18
7 0
-6 25
-6 0
-4 1
-2 56
-15 -26
-12 -20
0 -26
0 -6
-14 -76
14 -38
6 -16
-6 -28
0 -7
17 -21
-10 -24
-4 -77
0 -29
-9 -1
-5 -19
-16 2
-5 53
22 74
-18 110
-24 -63
-17 -148
-1 -140
16 -49
4 70
-12 77
-12 -20
-12 -49
-12 -28
-13 -8
-2 57
5 64
2 104
-10 2
2 -59
-6 -51
-19 -129
0 -57
5 -22
-3 52
-17 94
0 39
-14 35
-17 0
8 0
25 16
-1 17
-2 30
2 -93
-11 -107
-7 42
-1 22
-8 -25
6 -35
25 -21
-21 -7
-10 6
-3 13
-2 19
12 -7
-7 -41
-11 -45
3 -36
9 -10
-9 -33
6 17
-11 1
-4 7
4 4
5 -101
1 6
-7 -10
1 -5
-6 -28
-8 5
-18 4
-6 -25
-11 1
-5 11
16 5
7 19
-13 -38
-19 -25
-7 -11
2 23
-5 -34
2 -6
14 1
4 -9
-13 37
-11 4
11 -37
-1 -46
-22 -28
-2 21
4 -9
0 -3
-7 -5
-12 -33
-17 -20
0 19
-1 47
8 -15
0 -3
5 -61
-19 -29
24 -23
2 -25
-4 -23
0 -10
-16 36
-11 18
-8 5
-13 26
-16 -37
8 -9
5 7
2 -7
-8 -36
20 -43
-1 20
0 26
8 5
-6 -27
-4 -42
-13 -43
14 11
-8 17
-18 -16
-13 -14
-11 -13
15 -7
-17 -15
-17 -5
9 -12
12 4
-17 0
-7 15
-6 23
-6 -14
6 -67
-12 -50
-14 -1
-6 27
-1 20
-1 -53
0 46
-5 -5
-5 -9
5 -57
0 -48
1 -6
-9 0
0 8
-7 -24
-6 -39
-14 30
-10 19
-8 18
-3 25
3 47
1 -1
-10 -8
-5 -2
15 -29
0 2
-24 57
-9 -28
-2 -60
-5 -41
-10 45
-3 -10
2 -40
-9 4
0 -2
0 -27
-7 -6
-2 9
-3 27
-12 67
-2 7
-22 -51
8 -46
0 -19
6 28
-9 33
-2 35
-6 -40
-7 -50
-5 -53
0 -30
5 20
-4 15
1 -10
0 22
2 -22
2 -9
-12 4
-15 -13
1 12
19 18
13 -46
-18 -31
-10 -67
-18 -10
2 15
15 -12
18 -23
-23 30
-9 4
-10 33
16 11
8 -8
0 -6
-6 14
2 -43
1 23
3 22
-3 -38
-11 -14
8 0
5 -21
4 8
-5 -3
-2 11
-12 -10
4 -20
-4 -27
7 0
0 64
3 30
-32 2
-6 -18
1 -56
0 -38
-8 -8
-3 3
-2 37
-3 23
-8 -36
-4 -37
-7 -8
-5 32
-12 9
13 1
-7 -12
-4 -40
16 17
-13 -22
-1 -5
-13 0
-11 -48
-25 -39
-16 -1
-2 -24
14 20
43 -33
9 0
-29 -5
-40 -5
6 -16
0 36
-16 17
0 -31
0 -85
-28 -42
-10 17
13 -5
12 9
0 -7
4 -5
16 6
0 24
-2 23
-14 17
-19 -19
-3 -47
4 -17
-2 -30
-1 33
5 46
-14 -17
-9 -5
-1 -3
7 -36
2 -27
0 6
-2 19
-16 -2
-13 -11
-24 -10
3 -46
-7 -18
1 12
-1 27
-11 -5
-1 0
9 -31
0 30
-3 -14
-31 -22
-6 -39
-14 32
2 0
2 12
-6 15
-3 -4
-7 -42
1 1
5 -2
-14 -31
-10 -17
-4 4
-21 -11
3 -23
-17 -1
-8 -27
7 15
15 -5
42 -42
-12 0
-13 14
-2 -44
-13 -9
0 -13
-7 -7
-6 23
-21 44
-12 16
0 6
-4 -31
-1 -44
-2 -40
6 44
0 -22
0 -15
-16 -31
-15 24
5 17
-1 11
-20 59
1 -26
-4 -53
8 -9
-20 40
-11 20
5 -35
-5 0
-2 58
-6 -20
-6 -56
7 -12
-3 33
-7 0
-6 -10
-14 -15
23 -39
0 -32
-17 6
-9 -15
-1 24
0 -5
-4 18
2 -13
-13 -26
-30 -28
11 -30
5 -7
-1 4
-7 67
-4 25
-4 -19
-4 -47
-13 -36
6 11
-14 41
5 28
12 -50
3 -38
-7 -34
2 8
-20 17
-8 -23
-4 -45
0 3
-1 -25
-15 -5
-3 15
-11 -6
8 0
-8 -2
-2 -2
-7 -18
-4 -48
-5 -18
4 -19
-1 -23
1 6
-12 7
-11 -46
0 -40
2 3
-6 28
-9 36
-11 -14
17 -35
-7 -2
6 -3
18 -24
6 -24
-8 -14
-5 2
-1 -2
0 0
14 1
20 2
-41 4
-7 -29
-17 0
0 -43
27 30
-8 2
-11 -6
-12 -40
-3 -32
6 -27
0 22
9 18
-29 32
-15 -9
-1 -56
2 -14
2 20
-6 48
-7 -72
-6 -22
0 -23
-7 12
-6 -17
-7 1
-16 14
3 28
-9 -40
-2 -9
0 -29
2 19
2 -44
0 19
15 0
2 6
-10 -69
1 -47
3 -19
-2 -5
2 42
-6 13
-12 -51
-2 -41
-11 -33
1 -12
-8 50
6 31
3 6
-7 -44
3 -27
-10 0
-3 1
0 0
-6 -12
1 -6
-13 -6
1 3
0 -7
-2 33
7 -6
-9 -17
-6 1
1 -61
-6 -13
-4 62
-5 3
6 39
-8 -21
-14 -19
-2 -24
-7 -27
-10 -33
-2 2
-1 0
7 15
-10 -36
-8 -20
-19 72
-4 1
6 -10
-9 22
0 -50
13 38
-8 -4
-10 28
0 -31
2 -65
2 -17
-2 -1
3 24
-18 -38
-3 -12
-9 9
2 6
-4 -16
-15 -94
5 -30
-10 -12
2 54
-8 -1
0 6
2 -29
0 -50
-12 -8
-6 -10
-2 17
-6 11
3 -8
-12 -13
0 -25
-13 -17
2 -2
4 -37
-3 -22
-1 18
-11 -2
-3 -14
-2 -11
5 -3
-8 53
-7 -17
4 19
-1 5
-2 -11
-4 -19
-10 -21
3 24
9 9
-4 -17
-2 -32
-15 -80
11 24
-20 2
-12 -9
0 -6
0 25
2 5
-1 20
-1 -67
11 -16
-16 -31
-25 8
-7 5
0 15
14 -4
-9 -28
-7 -8
0 0
7 -28
0 -14
-1 -35
-16 7
-2 23
5 -14
-2 -34
-6 3
17 -13
0 -60
-4 -37
7 -29
1 25
5 22
4 -16
-1 -79
18 8
5 -12
-30 33
-21 17
1 -26
23 6
-12 -33
-13 -19
-5 -3
-1 -45
-3 -36
-1 0
-3 6
9 5
-5 18
-13 -6
-2 -11
0 26
1 8
0 2
-2 6
3 -31
-4 -19
-5 -30
-3 -49
0 -15
0 -4
0 -41
6 -3
3 31
3 50
-9 29
-8 -9
2 -20
0 -18
-7 -34
4 3
2 14
-2 5
-13 -2
-21 -41
-4 -62
-3 -35
-2 -14
-1 12
-3 -10
3 -20
-3 -30
11 6
7 30
2 -46
-6 37
20 -5
5 -4
-8 34
-9 -28
8 -14
0 -33
0 -40
-4 -40
-12 31
-4 -4
-15 12
-8 -9
-7 -13
-6 -7
-2 3
-3 -22
-2 25
2 24
-1 -16
-3 45
2 -15
0 -63
-8 1
-19 -6
-7 6
0 0
-12 -1
-8 9
-6 -11
4 14
5 1
-1 -17
-8 -28
-1 -7
0 5
0 -44
-5 -39
-13 0
3 12
-8 33
-26 20
14 -34
-16 -39
-3 0
-4 -15
-15 27
1 9
-7 -40
0 -6
-21 -10
0 12
-17 -9
-7 -39
-2 11
-8 -61
2 -44
0 -3
-4 -2
11 13
6 -61
-2 -49
-26 -21
3 13
-23 -33
-9 7
2 42
-7 9
-8 -4
7 -40
-17 9
-23 -14
-5 -30
-5 -29
-1 -20
1 16
14 -5
-16 -38
-19 -12
-5 0
2 -21
-1 9
11 1
-11 16
-3 22
-8 4
-24 -82
12 -46
6 -8
-20 1
11 -3
-1 9
7 -6
-9 -4
-9 -6
0 -9
-13 0
0 18
5 -12
-8 -10
-11 -14
15 1
-8 -14
0 -37
-4 -36
-3 -10
-2 0
-10 6
-1 40
-1 36
-1 34
-5 -49
-5 -37
-6 -18
-1 -7
-6 -7
-9 11
0 -12
13 -2
-2 -20
-11 -3
1 -1
12 -6
-11 2
-23 9
5 -13
3 8
4 -11
-16 -8
-6 -19
-3 -14
-5 -10
-2 24
1 -12
-2 -30
2 42
-1 -14
11 17
9 3
9 -44
-7 -22
-3 13
-2 12
1 37
-5 2
-8 -3
-10 -24
4 -71
-1 19
-4 31
-10 15
-12 11
-8 -16
-1 52
0 -27
-7 -7
11 -26
9 -47
-5 106
-7 3
0 -56
-8 -58
-2 0
-4 2
-13 -2
-11 27
-8 18
-2 -54
-12 0
6 -9
-4 -55
-1 5
-3 -21
-9 14
3 -12
-38 -6
3 -2
1 18
-44 28
-3 1
-5 -17
11 0
-4 -4
-7 -24
6 -24
-5 -1
-3 -37
5 -2
-2 -3
7 42
-1 -42
0 -48
-5 22
-16 -13
-12 -4
2 -39
-3 8
-13 25
1 -29
2 1
-1 -19
-9 14
-15 41
13 1
-10 -45
-6 -16
-11 -42
6 22
7 12
4 13
-5 3
-16 -17
0 -33
2 0
-20 94
0 -38
5 -28
-20 -15
-8 -19
3 21
12 38
-2 -24
-35 -2
-3 4
1 15
-13 -20
4 0
-20 17
-12 -16
7 -38
-15 -14
-11 -24
-6 18
0 -9
6 4
-9 -65
-2 -14
-4 34
0 36
-9 4
-6 -15
8 -30
8 -45
-5 -21
-1 -13
1 19
-14 7
0 2
4 -24
-7 -8
-16 -6
0 8
1 16
7 5
-2 -37
-1 19
1 -7
3 -34
-6 -11
-16 -15
2 -5
0 -17
8 -22
-20 19
-11 -3
-8 -41
6 12
3 -22
-6 -23
-9 -40
8 -6
-2 -21
-2 40
-17 0
-9 -41
-6 -26
3 38
3 31
9 -26
-6 26
-5 -4
-10 1
-4 -28
8 18
3 12
11 -64
-9 -11
0 -15
5 12
-5 -11
-1 65
-10 19
-19 12
0 -46
1 -17
0 -1
-14 -18
-2 -23
-5 -18
-1 -29
2 -36
-9 -10
-12 0
-11 -4
3 20
-16 20
-6 -12
7 -12
-7 34
-7 -2
-8 -15
3 9
-16 -28
-3 12
14 17
2 8
-11 -15
-5 -13
-8 19
-9 -6
-4 -28
9 -59
6 -30
-10 -27
-2 -15
-8 12
-8 0
-3 -5
-6 -16
22 11
-19 21
-1 -25
0 -2
-18 -8
-5 -23
12 6
-4 -52
-11 -59
14 18
0 0
0 -10
0 -10
-2 7
7 -6
0 -29
12 11
-3 17
-4 -1
-19 3
6 -41
-9 -14
-2 -1
-5 3
-3 -6
5 -2
-1 -18
-8 -4
-3 -7
-7 0
4 7
0 30
-9 19
-2 0
8 -54
-3 -2
-12 -25
0 1
4 -15
7 29
1 0
-41 -34
-5 -21
-6 -25
8 -35
-12 17
-2 -9
-2 -66
-2 -11
-2 -8
14 -23
-13 -20
-5 -8
6 45
1 48
-14 13
-4 -34
-4 5
-7 -31
0 7
-6 2
-5 -32
-8 -3
-7 25
-4 -33
-18 41
0 -20
-1 18
-3 -15
4 -40
-1 -4
0 1
-25 -38
-18 6
-6 23
-7 -18
23 -31
2 3
-20 9
-2 -8
-11 9
-4 -5
0 11
4 -15
-22 -22
-2 -46
-25 18
-11 13
0 -2
-24 -13
9 -12
-2 50
-11 -24
1 2
-4 -26
-14 -25
0 -9
0 39
8 -32
-8 -21
7 -18
-5 -47
3 -47
-8 21
-5 -2
-15 -2
-7 -28
3 -26
4 -12
-4 -18
1 6
0 -2
-6 -68
15 -28
-5 -17
-1 -17
-29 23
2 7
8 -25
0 -15
-7 -52
6 -22
-12 6
-3 15
-16 31
0 2
2 -1
-7 -8
-10 -34
-9 -10
-9 35
15 -32
3 -10
6 -30
-1 -10
-4 -6
-10 -7
-2 -39
-15 -25
-3 -18
-5 8
9 -23
-6 9
-17 5
-20 -8
0 21
8 -17
6 -9
-17 14
-11 -18
-11 -13
-2 -15
-4 -3
0 7
7 -10
-18 -32
-6 -19
-7 6
-12 -15
15 -47
2 6
0 17
-17 -32
-4 -11
6 -1
-1 13
14 -10
-13 50
-9 4
-1 -17
1 -8
-12 -57
-2 0
-5 -17
8 12
-2 -12
0 19
3 18
-22 9
3 -5
0 1
-9 -7
-6 15
-5 -9
0 -24
16 -44
16 -48
-9 -51
-16 2
-1 -1
1 -3
0 4
7 7
8 5
1 17
-12 8
1 -6
-10 -1
12 -12
-2 6
4 -18
-2 0
-15 0
-4 3
-6 -36
-5 -2
-6 3
-8 -26
-9 -3
-8 -9
1 -17
0 -30
-4 4
-2 0
-8 -1
6 13
-4 4
2 -5
-3 -22
-10 -20
-5 -43
3 -15
9 35
-14 -12
1 5
2 2
-2 28
-10 -20
-4 -35
5 14
-11 -16
-1 -17
-16 -23
-10 25
-1 12
-7 8
-19 15
-1 12
9 -20
-13 -16
12 -9
-7 47
-5 -68
-12 -7
-4 23
-8 -5
0 18
2 -15
0 -6
-3 14
-3 8
-23 -24
-10 -27
-14 -52
-11 -19
-6 -40
-16 27
4 14
-10 16
0 4
-3 26
-9 16
-18 8
-6 -35
0 -23
4 -16
-3 -20
-11 31
1 -10
2 -14
-14 0
4 0
4 -6
7 -14
-18 30
-18 -48
4 -6
-15 43
-8 11
8 -8
-18 -5
-11 -69
-17 -54
-1 51
0 89
-4 -10
0 -25
2 -20
-15 -48
-12 -3
-11 -2
-5 -19
-3 -28
16 -25
-2 -19
-18 22
-5 4
8 -6
-17 -9
-9 4
-5 12
-7 12
-6 -8
-3 -27
-11 -2
0 6
6 -13
-2 -18
-14 15
0 -17
-9 16
0 22
3 -5
-2 -19
-11 -3
0 -57
-16 -17
-4 -17
-1 -6
7 -27
19 3
-1 9
5 -32
-13 -43
2 -20
-7 38
-12 41
3 -6
4 0
-6 -21
-14 -21
3 -7
-3 -9
0 -4
-4 -7
-7 -2
13 3
0 1
-9 14
2 -15
-8 1
-3 -19
-4 -9
-1 0
-4 -11
-8 -14
-5 -11
-7 -6
-1 -14
-1 -12
-10 -33
0 -18
-2 -10
-4 -4
-16 -4
-1 -7
-1 0
-4 -37
0 -15
-4 -3
-7 27
26 11
-9 -14
-2 -11
-5 -25
-17 -11
6 37
0 33
9 -36
7 -9
9 -28
-2 -8
-3 -19
2 54
-10 -28
5 -39
-18 22
-2 28
15 25
-6 -14
-2 -3
3 -27
-6 -36
6 -27
-6 0
-9 -33
-9 7
-7 25
6 18
-14 13
-3 9
2 -16
-11 11
18 -23
-11 -6
-50 0
6 7
0 -39
-16 -27
0 -25
-2 -9
13 22
-1 36
2 -16
-6 -14
-14 -11
18 0
-3 -65
-6 9
-1 0
-3 0
9 9
11 11
-5 -5
-2 -28
-5 20
2 -5
9 2
-6 -31
-4 -11
-3 -25
14 -19
2 -35
-4 -31
0 -2
-9 -34
6 2
-10 32
-1 49
18 53
5 4
-7 -18
0 -41
-29 -102
-7 -26
-3 20
-1 81
0 -22
0 -5
-8 -4
-4 -32
3 -39
-1 7
-3 -2
-13 7
-9 1
-6 -27
1 -15
0 -10
-11 -32
-17 -23
-6 -8
-7 7
-7 -13
2 -30
0 -9
-4 -10
-6 -7
1 0
0 -24
-6 11
-7 5
5 15
0 -26
8 -33
0 -28
-7 -15
-12 25
-8 -53
-11 -40
-17 -21
8 34
6 24
-2 -7
2 -33
0 36
3 -30
-3 -17
4 -3
-3 36
-11 -11
9 -18
-17 16
9 -49
-5 39
-7 -33
-2 7
-9 -36
3 -14
9 -13
-7 -57
-3 -46
-3 52
12 -24
1 2
-4 -7
-13 8
0 0
-11 -18
-7 11
-5 8
1 -34
3 11
-2 0
-6 4
27 -1
-17 -6
-1 -21
-7 -6
8 -7
-1 -2
-12 -15
-1 -3
2 8
-2 41
0 17
-4 2
1 -31
6 -64
0 -33
-11 -5
0 39
2 21
-4 -25
-5 -24
9 9
-10 -7
-4 -5
3 -1
-14 4
-4 0
-2 1
3 -15
-6 -18
-13 -25
11 -31
0 19
0 0
-4 -2
1 6
-18 -4
-3 -7
-6 0
5 0
-21 -11
-9 -37
-1 -43
1 9
-9 -21
16 -28
-8 -14
0 35
-11 4
0 -15
-10 -1
-13 -1
2 -4
2 4
-10 15
2 22
15 -11
-4 -26
0 -21
1 -3
9 -7
-12 6
-1 -2
-9 -22
-7 -33
-8 -16
3 22
-4 3
-13 7
-2 29
-12 0
-6 8
13 -16
-14 29
-14 -6
-3 -11
-11 -26
5 6
1 -18
-2 26
0 1
-7 11
-7 -30
-13 -54
-13 -9
-11 21
6 -13
4 -36
-10 -15
-10 -1
-5 -46
0 1
-4 -29
4 6
-8 13
-3 9
0 17
5 13
0 11
-16 -16
1 -86
2 -26
-32 0
9 -52
4 18
-1 -5
-4 0
0 -8
-5 0
2 -13
12 41
-13 73
-8 -12
-1 -53
6 -4
-12 -6
2 -1
-8 -22
-1 8
2 -9
-9 -1
-6 0
-2 3
1 6
4 -13
-9 -1
5 -16
0 0
-6 -15
0 16
-1 8
-5 3
5 -31
11 -19
-25 -16
-3 52
0 -6
-2 -18
-3 22
-6 5
-4 -28
-22 -24
7 6
9 -24
-3 -6
-6 -41
-6 -21
16 14
-2 -3
-6 -18
-17 -6
-6 -43
-3 -37
0 -14
-10 68
0 47
-12 -12
6 -13
-12 -16
-3 -51
-4 0
11 1
-11 -6
-9 6
-4 23
15 4
2 -13
-10 32
-2 2
4 -29
0 -8
7 6
-7 -12
2 11
-14 23
-4 21
-6 25
-17 -40
-6 -2
-7 -4
-6 24
-5 50
-8 37
-27 1
9 -1
-6 -40
2 -25
3 35
3 9
-6 4
-17 -8
-9 39
-10 24
-7 9
-6 -11
-5 14
-10 7
-16 -14
-6 -33
6 22
-8 36
-6 -11
4 19
0 2
-6 -18
-5 22
-4 19
-2 22
-1 -4
-5 11
7 -27
-2 -13
5 -5
3 -2
-5 41
-13 29
4 53
-1 18
-11 16
-4 16
-8 27
-4 -6
0 -12
-4 3
1 -11
1 9
-8 24
-6 -19
2 22
2 6
-1 -13
-15 14
1 37
-4 43
0 -1
-8 -72
-5 3
0 -4
0 0
3 3
31 17
-16 37
-22 33
-4 31
1 -47
-4 1
-3 29
7 -21
8 -16
0 5
-14 32
8 31
-8 19
8 -68
-18 2
-12 -9
-1 19
6 45
5 21
3 -11
-18 -10
12 9
6 -46
-19 0
-2 0
-5 51
6 37
11 -34
-13 8
-12 -12
0 -9
-8 7
0 12
0 -16
0 22
-1 25
-1 26
-17 27
-9 13
2 -2
11 -42
17 15
-4 3
-28 11
2 8
-2 -8
-13 22
7 20
-23 -20
21 -18
-36 0
-20 -8
-1 0
-6 24
-24 51
-2 -18
8 -25
-3 3
-15 21
8 7
-6 45
0 30
-4 -17
0 13
2 -2
-16 -1
1 -11
-12 25
-16 31
-9 -8
1 18
3 -14
-1 0
1 0
-2 -17
-11 18
5 -18
2 38
-7 53
5 18
-2 -8
4 -2
-14 15
6 25
-1 22
6 20
-4 -16
-10 -17
-6 38
-15 24
-6 -24
0 -26
-18 2
8 -5
-3 61
-9 2
13 9
-14 28
-1 17
-11 22
-5 -10
-9 43
-4 25
4 1
-3 6
-15 2
1 11
-6 -6
0 -8
-5 -13
-4 30
-4 27
-4 15
-13 23
-8 15
0 -18
-9 -25
2 -23
0 4
-3 22
3 11
8 -1
-14 9
16 7
-10 -6
-14 -7
-2 3
-2 20
-3 3
-4 14
-7 19
-6 26
5 -7
3 5
-12 -17
-4 39
-5 -9
-9 -11
-10 2
-7 -15
-3 -12
-21 -8
8 2
-5 35
3 8
0 27
-17 18
-14 22
-3 -6
5 0
-2 -21
-13 -10
-3 -12
