-17 2
-21 -28
-26 -10
-11 -29
15 -47
5 11
43 23
-15 -23
-11 0
11 -40
0 -9
-5 31
-19 33
-12 38
-2 -26
12 -42
-32 -42
-8 -26
1 11
-5 -52
2 33
5 8
-11 -139
8 -56
35 28
-4 70
-15 -24
-5 -67
0 -25
11 -28
-16 11
-3 -5
-14 -20
-6 5
0 -2
13 -4
7 -19
-4 -12
-7 -16
-7 -2
-3 -18
-11 -52
22 11
-9 15
-5 -35
-17 -75
0 -44
-3 -19
-15 -71
1 -11
-14 -50
0 29
6 -23
-2 -7
-8 9
-8 -53
-7 -31
2 -48
7 -50
-22 32
-15 33
-4 0
-16 -99
-10 -54
-16 -25
-9 46
28 15
-6 -17
-4 -15
-16 -68
-2 -23
0 -28
36 39
-13 -6
-11 -18
0 -31
-11 -82
15 -2
-3 7
-4 -26
-6 -63
23 -35
-3 -8
-31 -14
-5 -22
17 -12
11 15
-5 -11
-10 -27
-1 -55
-11 -15
-2 -43
2 -41
3 -27
16 -13
12 4
-11 -15
-17 -28
-5 -39
-19 -45
0 -4
6 -10
-1 16
-19 29
-37 -9
27 -63
27 -38
-16 -23
-27 6
-24 19
2 18
-1 -26
33 -19
7 -20
-8 -51
-5 -23
2 -27
4 5
-10 -35
0 -7
-14 23
-15 -17
-7 -59
8 -28
22 -40
-4 -56
-6 7
16 5
12 26
-16 -27
-8 -54
9 -62
-10 -3
-15 8
-1 -21
-2 -41
28 -29
9 -12
-9 -39
19 -6
-9 -20
-4 -39
-4 27
-25 -35
-14 -3
0 -21
31 -30
12 -8
-30 13
-23 -32
-18 -25
9 -39
12 -71
-10 -54
-5 30
-5 -20
1 -30
2 -31
-6 11
-2 34
-18 1
0 -19
4 19
5 12
-15 -16
-8 -46
-6 -23
0 -45
-8 17
-10 -4
11 -7
-4 -16
-5 -9
3 -8
-6 -44
-6 1
-9 87
-12 -40
-26 41
2 1
13 -23
22 -11
-8 -50
-17 -69
5 -32
7 19
-11 22
-14 -20
-14 -22
4 4
4 7
4 -13
5 32
-22 65
-5 -7
20 -3
37 -57
-8 -25
-15 -23
-4 -13
0 -27
2 26
-24 4
-20 0
3 9
4 -1
17 -18
3 -5
-25 -30
-10 -14
2 37
3 -35
-12 -65
4 11
-7 18
-1 8
-11 2
6 -6
2 -84
-4 14
-4 1
-1 15
0 -2
-14 -30
-25 -9
-11 -40
-10 -34
-5 15
0 104
-13 26
-19 -14
-12 -139
-4 -43
3 22
3 4
-17 61
-10 -40
-2 9
-9 14
2 35
12 32
-3 -23
-17 -53
-16 -36
-7 2
17 -41
15 5
-10 -16
-17 -1
-6 -19
17 -23
-11 -21
0 23
1 5
-11 -12
-4 20
-12 -6
-3 -80
-11 -30
1 25
-17 7
17 -12
18 -29
4 -17
2 18
-5 -16
-12 -54
-3 -25
-12 -15
-9 23
-12 -6
2 23
-3 4
4 42
19 34
-1 3
9 -12
-1 -36
-32 -39
2 -75
12 11
-17 24
5 7
1 3
-10 -5
-1 -3
-8 15
-3 11
3 3
-3 -23
-4 -34
-2 -10
-6 18
5 -40
-5 -9
-8 3
25 6
-1 1
-12 -21
-15 -35
-17 -6
4 -47
-5 9
-15 -20
-14 -52
-15 -11
9 20
-3 -13
11 -6
-3 2
-11 9
5 -35
-7 0
14 53
-9 -23
-4 -82
-14 -37
12 36
5 53
14 -46
3 -57
-29 -28
-1 39
-4 49
-4 -9
42 -14
-28 -29
-20 -36
-4 -2
21 4
0 -21
0 -5
-16 -17
3 11
-6 -16
7 2
-19 -3
0 17
12 -10
0 -7
-11 3
-10 12
3 23
1 14
-7 -23
-2 -52
-5 -19
3 30
2 5
-13 -52
4 11
-1 3
-1 -32
-10 -51
2 18
-8 40
-7 8
-12 11
1 -4
12 8
-11 -23
0 4
-17 -20
-10 0
-5 -24
19 -15
-2 5
-5 24
-21 0
-11 -20
-9 26
20 -35
7 -15
-26 -53
-4 5
0 29
3 22
-8 -7
-13 -31
-24 -88
6 -15
-8 30
-7 17
11 -6
-4 -1
-3 -22
12 0
5 -55
-17 -61
-14 -40
3 40
-9 2
-4 -25
-6 -45
17 -48
-4 -31
1 -4
-4 34
4 -3
-2 -26
-17 12
-4 -1
6 -13
2 -7
-9 -51
-7 -63
-3 -7
-11 7
-7 14
-2 24
-3 -17
-14 9
-5 -11
5 -34
-8 -43
7 -36
1 16
-3 23
-8 33
-34 -35
-7 2
20 8
-4 -10
-15 -26
-11 27
-8 -28
12 -19
-6 40
-21 29
-1 2
6 21
6 6
-7 17
-18 28
11 -2
24 25
-17 -6
-24 0
-11 16
0 16
0 4
-14 -17
-3 -26
-2 -28
-4 0
-2 70
0 45
-4 -4
-3 -30
0 38
-6 -24
-7 13
-5 2
-3 51
23 16
7 -16
-9 17
-5 -7
9 -27
-1 35
-10 24
-15 23
14 -3
-20 3
-13 3
5 -7
37 -19
-13 7
-30 31
-4 7
0 19
3 22
-6 3
-13 -11
7 0
8 -36
1 -11
-7 -75
-4 -50
11 50
0 17
2 33
-10 1
-13 -30
0 23
-5 -8
1 32
4 68
-12 2
-11 -20
-5 14
28 -17
0 -33
-19 -18
-23 57
-2 47
1 27
9 8
-20 -12
-9 26
8 -32
0 -21
-10 36
-26 -27
17 2
-8 -5
-24 45
-9 36
30 -30
24 -42
-11 2
8 -40
1 -41
-11 100
4 -3
1 4
14 -12
5 4
1 -8
-9 15
-25 -13
3 21
24 -9
26 6
-7 18
-21 23
-10 6
19 14
-2 8
-15 -17
-13 32
-4 59
-4 16
0 -14
5 36
-18 -59
-5 -11
-5 -24
14 18
0 27
14 57
-19 27
-9 -24
-2 -40
13 -24
22 3
-5 -9
-10 28
-9 23
-5 11
-6 -2
2 45
-15 2
1 -1
22 27
-10 11
-14 4
6 -54
12 36
-7 5
0 5
3 12
-10 1
-13 42
-2 14
17 2
-2 -9
7 -15
4 24
-2 -30
5 13
2 -36
16 24
-11 0
-2 40
-16 48
0 9
-2 -22
0 1
-4 -12
-17 -9
-5 46
-7 16
4 20
2 -29
-6 7
-14 -12
-15 -2
35 27
0 21
-6 36
-11 2
2 12
2 -21
0 -22
-11 -10
-1 0
0 19
3 21
-18 3
-7 -12
-2 31
2 22
-4 17
-6 -10
0 14
-11 11
33 -16
-1 -29
-14 17
-5 5
13 29
3 15
-18 -5
-24 -17
1 7
-21 25
0 30
4 -8
-12 28
-7 8
-18 -58
-20 -17
4 -23
0 -12
0 18
7 15
-9 24
0 20
3 -23
1 28
-14 48
0 16
-11 -54
-4 -48
7 19
36 19
49 17
-28 -3
-19 -11
3 22
6 -17
-9 23
0 21
0 40
0 5
-12 30
-12 -3
-9 48
9 25
-9 -26
20 -1
0 7
-38 13
-13 0
15 -37
-8 13
-9 20
-5 11
3 -29
11 5
-4 12
-6 11
-7 23
0 30
19 53
20 -2
-11 -42
-18 -5
-2 11
-2 23
-9 -3
-1 -15
0 3
-19 53
-12 2
-2 1
17 12
-14 17
-15 46
0 6
-17 -6
-2 37
-1 -35
-2 18
0 23
-9 0
-15 17
-14 0
-11 13
19 -37
-2 48
8 -26
4 -13
0 60
-11 -28
-26 29
-14 46
6 0
6 12
-5 22
-6 -3
-15 5
-5 8
-5 -4
1 21
5 -1
20 -62
2 -3
-8 -8
-19 -3
-18 22
0 73
1 72
8 5
-20 -25
-12 -72
-11 9
-11 61
3 59
2 4
4 -5
-3 8
0 15
-18 20
-11 6
0 23
24 15
-2 -34
0 11
0 25
-4 7
-10 22
0 11
-3 -17
-8 17
0 -23
-18 26
-11 27
-6 -12
23 -36
-8 -24
-7 0
-9 33
7 -5
-8 6
-11 37
-5 -12
-20 16
7 21
5 11
-12 -15
-10 26
5 48
0 30
-17 27
-13 22
-8 -4
-12 -31
13 3
8 31
0 4
-18 -18
4 17
-17 20
-17 19
-16 16
-5 3
-12 -27
-4 9
-10 36
-9 -22
-5 2
7 -20
-6 -6
5 16
-10 39
-10 12
-3 -2
9 28
-4 31
-4 28
-1 -11
-11 -12
4 0
26 58
-20 -28
-1 -25
-5 53
0 -13
-16 34
3 -16
-13 7
6 1
-1 -16
4 -20
-6 12
-9 43
-3 6
-12 11
5 46
-9 -12
-14 -23
-10 -8
-15 11
-17 68
-10 40
5 -52
-2 -64
-13 -53
-21 -22
-17 27
-4 60
11 -1
-9 26
1 42
-18 73
20 15
14 -26
-10 -3
-5 22
4 18
0 14
1 -21
-10 25
-19 6
-9 -1
1 4
-1 36
-17 7
-13 24
2 1
0 4
-3 1
-2 -27
-2 1
5 24
-3 39
-15 35
7 -2
21 -39
-4 -16
-13 -40
2 18
-4 33
-3 60
-12 -18
-4 -2
2 -23
1 9
-18 -1
-8 40
0 79
-6 7
9 5
-6 -27
0 21
24 30
-23 -22
-12 2
-11 -30
-9 -1
-5 39
-8 16
-18 23
19 16
-12 31
-9 -1
-8 -15
21 -65
5 -8
-10 11
0 -1
-2 -32
6 -18
-12 -10
-17 -9
0 -21
-6 15
-9 -1
15 -36
-4 -27
32 -11
-4 0
-24 1
5 -32
0 -5
23 12
6 9
-2 2
-4 11
-2 16
-5 22
0 -39
0 -14
-16 -21
-13 -7
0 -43
15 -12
3 28
-3 15
-10 -7
-7 -47
0 20
-7 0
2 1
-6 13
-18 -19
-5 -32
0 -48
2 -50
24 18
-10 15
3 7
-7 18
-2 4
-4 -16
-14 -75
2 -87
-12 40
0 0
1 4
0 24
-10 4
-5 21
0 -11
8 -8
1 -6
0 -10
-16 -5
-22 -31
8 -3
11 29
-8 -19
-10 15
-6 -6
5 -7
-26 -19
-9 20
5 -12
-1 -34
-15 -6
-1 -87
15 -41
-4 -39
-4 -35
-12 0
-14 -28
19 -13
4 29
-4 -3
-16 -16
-7 -43
-10 -21
-28 8
-9 13
-3 -15
16 19
7 1
-20 -34
-4 -58
-4 -60
0 33
-4 2
-10 0
-15 8
-6 -14
-5 9
-18 -10
4 3
0 -22
-9 11
-4 -14
-5 -4
-2 -10
-16 -8
3 -27
-3 -4
7 -35
0 -3
-1 0
-6 1
-15 18
-12 -18
1 -19
-8 -19
-17 -36
-12 37
-15 -23
-7 -9
-12 -7
-11 -21
6 15
26 14
-6 -12
-13 -33
-15 4
-8 -20
-8 -16
9 -19
-7 36
5 21
-27 -29
-9 -11
9 6
27 -29
-2 0
-20 12
-3 -18
-1 -13
-31 1
-6 -28
0 -16
0 -3
-1 -2
-2 5
-17 9
0 8
24 1
-5 -31
0 -31
-4 -41
-11 -5
-5 -50
8 -32
-3 -12
19 38
1 26
-4 19
-17 -17
-15 0
4 -15
4 -20
-2 6
-4 0
-20 -13
8 17
-7 -18
9 -70
-13 2
-5 30
-7 -24
9 27
2 7
-2 -4
1 -35
-18 -39
-5 -19
1 -40
31 -5
-8 41
-19 -4
-5 8
-1 0
-4 -40
-3 -19
-6 -25
-3 0
-28 -12
0 12
-1 14
30 -31
-12 -10
-29 3
-13 -37
7 -12
-1 50
-6 27
-9 14
-1 -8
-15 -23
0 -42
-3 -32
-2 -22
-9 34
-3 18
8 -18
-2 -17
-6 14
-5 8
4 -36
-2 3
-8 7
8 16
-10 -61
18 -24
-3 -4
-11 -24
0 -46
-16 -12
-10 -2
2 5
9 14
6 7
-5 8
-14 12
-15 -19
-8 -31
-11 -3
-13 16
15 12
20 3
13 -5
-13 -23
-13 -18
-6 13
-5 0
-8 -18
-9 -10
8 -33
-6 0
-21 -21
-10 -9
25 21
3 -5
3 8
-2 6
-10 12
-10 -42
-11 -12
-8 -21
2 26
7 -3
-14 8
6 -18
0 -28
4 -31
-11 32
-5 13
-3 -16
5 -43
-2 -51
-8 -44
1 7
8 30
-6 1
-7 -6
0 -32
-8 -30
-18 -5
-13 3
30 4
17 -29
-23 61
-3 -12
-9 -57
-2 1
5 -34
-9 -33
-10 12
-4 -34
-8 7
-19 41
3 -28
20 -23
14 -56
-9 -14
7 -2
-9 1
-6 21
-4 -18
6 24
3 9
-8 -10
-1 -29
-7 -4
6 17
-5 -17
-13 -47
-5 -19
16 -24
25 3
-18 -21
-15 15
-15 -17
11 -31
-11 6
-14 9
-6 20
-10 -19
-11 23
-4 -38
-3 -29
12 -50
-5 -16
-12 4
5 -1
2 -4
-6 9
-19 -13
0 -31
0 -20
22 1
-17 -29
-8 2
-3 -8
-11 -19
-4 -7
-13 5
14 -37
5 -28
-4 3
-15 -13
-20 -24
11 50
13 13
-6 -14
-25 -18
-11 -12
-2 -38
0 14
-8 -15
11 6
-8 -27
-5 -10
-9 0
1 -29
-10 -16
-7 35
-9 -8
6 -36
0 -15
-2 -11
8 -10
-11 4
3 -29
-6 -25
-10 -5
0 18
-2 -22
-9 29
-22 4
-18 -21
-3 -41
24 -34
-5 26
-15 27
20 20
-11 13
-13 -31
-8 -13
-6 3
-5 -24
-2 -17
22 9
-4 -22
5 15
-9 -2
-15 -28
-9 -14
26 -21
6 3
-34 -4
-11 -64
-6 17
6 15
17 -7
-6 0
-11 -12
-6 0
0 29
7 29
0 2
13 -11
-22 -23
24 -40
-14 -12
3 14
-2 -5
-8 17
-14 9
2 -18
20 12
3 -9
-8 1
-6 30
9 -4
8 -8
5 51
8 -10
-15 -16
5 -8
-17 39
14 -9
-3 2
6 -9
2 -62
6 -17
-17 38
-12 -31
-12 -2
-6 -12
-8 -17
-5 -44
-23 15
-12 19
0 6
-8 14
-4 3
12 -1
1 -21
0 -23
-6 -31
2 -2
-6 11
2 -17
-10 -24
-4 7
-1 22
-4 4
-12 0
-1 -11
-9 9
23 5
16 -32
-28 0
-5 -6
11 -10
2 0
-16 -3
-12 21
20 -84
-6 -41
-5 1
5 -24
-7 -15
6 25
-4 1
11 25
3 -24
-16 -11
-18 -22
-6 -11
-4 -7
17 -42
4 0
0 0
-5 -1
0 -8
0 42
0 19
13 -23
-9 13
-3 0
-5 14
-5 -66
-8 -31
-11 -6
-6 34
-9 9
-11 -54
5 -16
51 41
-17 -18
-11 -9
2 7
-8 17
2 -11
-10 -47
-1 -41
-11 -6
-2 -9
-4 4
-49 18
-10 -52
25 -41
-11 12
5 -39
-14 -20
-28 14
3 -54
-16 33
-8 5
27 -19
-10 -31
-9 -27
-26 42
3 22
32 -20
1 -77
-30 7
-31 31
2 7
-6 17
-8 9
7 23
1 -14
-16 -14
-14 -28
23 -15
12 25
-25 0
-28 20
-11 20
-9 -35
4 -50
0 -17
-14 -11
3 -11
-26 -23
7 -38
-1 -20
-7 27
0 8
-10 4
0 -6
2 2
17 9
-19 12
3 15
5 -45
12 -31
-7 -55
-20 -6
20 9
19 4
-27 -10
-36 -26
-6 -15
20 -41
11 -11
-12 14
17 -18
4 -40
-42 -15
-23 17
5 -16
12 -27
-9 -52
5 17
-15 8
-2 8
11 -26
-7 17
-11 36
-1 -6
-14 -72
16 -12
-9 -29
-5 -35
20 33
-34 0
-8 0
-5 -30
2 16
-4 2
-18 -13
-8 -22
-6 9
-5 -11
3 13
-8 -18
-11 -19
-7 -11
2 -19
8 -62
-3 2
27 20
-13 4
-18 51
-13 -12
-2 2
-11 -4
-4 -4
-7 -12
3 14
33 -7
-14 -15
-2 -5
29 11
15 29
-2 -6
-31 -8
-4 43
-12 -7
17 -7
-25 44
-8 33
19 23
-12 -6
23 -19
-7 12
-9 30
-5 -20
-13 33
-10 -14
-5 5
13 14
-6 -13
2 -22
1 -37
12 18
15 -3
-12 15
-16 5
-24 -17
-2 21
17 -28
-1 6
-15 13
-1 -34
6 -25
0 -5
-2 6
6 -31
-20 -7
-17 -44
-10 26
9 -17
11 -10
0 54
0 -8
-3 -9
-7 -28
-15 1
6 -23
-10 -10
-1 -23
-5 -33
-5 40
-8 33
-17 20
1 1
22 4
-5 0
9 -67
-14 -48
-7 -13
-11 9
8 24
-19 9
-25 -2
1 -69
27 -9
-4 -8
-9 13
-8 37
-8 32
-6 27
5 -16
-5 -58
-14 -32
4 -21
5 -17
-6 44
-7 41
-11 -34
-6 -60
7 -9
0 -68
-8 -18
8 -19
5 -22
-26 17
5 16
-4 -27
9 -28
0 -12
6 -15
9 0
-12 30
-8 24
-18 -9
0 -47
-3 -36
14 14
28 -35
-35 -7
-18 -14
-5 5
-12 22
-2 -3
-1 -11
2 -2
-8 -26
-6 -34
0 0
-14 -12
15 11
-12 -4
15 22
1 -15
-1 -19
-15 -21
5 -42
-4 -5
-8 20
1 -6
-14 -38
-8 -18
-12 0
2 -14
0 -5
-17 -26
11 15
-9 6
7 -12
27 8
-6 13
-20 -16
-1 -22
-9 37
-15 -12
2 -23
-9 -14
-14 29
-1 -8
0 1
-7 -12
5 -5
-6 -8
-2 2
-4 38
-3 -9
-14 -14
-6 -17
9 -4
11 -48
-3 -13
2 0
4 -45
-20 3
-6 5
9 22
-5 0
0 0
-11 -83
-15 -3
0 -17
-2 21
-9 9
-17 -22
-1 -9
9 8
-12 -54
-20 -1
-12 18
0 -60
-7 -1
-12 27
-14 -15
12 7
-6 3
4 -31
22 -2
-11 16
-30 -20
-1 67
15 -15
6 52
-12 -12
-1 -32
-8 3
-15 36
-9 8
7 -31
14 -13
6 31
-30 -34
-2 -54
1 -11
-3 0
-12 -16
-3 35
-6 -26
-4 -16
-6 -1
-2 -24
-12 5
11 -13
2 20
-21 -18
-11 0
0 -1
36 -24
20 -40
-13 -36
-23 -16
-9 1
2 -24
0 0
-17 6
-14 6
-18 -10
26 20
5 -12
-17 14
2 -3
14 4
0 3
-13 -34
-2 -40
-19 -17
5 -7
1 16
-6 -5
-9 -4
-4 -1
-8 -5
13 -18
-4 -19
-13 -14
-4 -14
3 9
6 14
4 7
-6 14
-22 5
-3 -10
12 -46
14 -56
-6 -15
-48 -9
16 76
13 25
-10 6
-5 -3
-7 1
-7 -5
-8 -28
-9 12
-7 -19
-12 -3
-5 -2
-26 -10
-8 -13
-3 -21
0 -22
0 -27
-13 1
-11 19
5 2
-14 -16
-13 -98
-16 -27
0 -21
13 -20
-5 28
-14 35
-1 -13
-6 -8
-38 -29
-9 -38
11 1
9 -14
-13 0
-11 -5
15 -18
-13 -8
-18 -11
1 0
-19 -7
0 14
-15 -6
2 -38
11 -4
8 35
5 39
-12 -55
-5 -21
7 -71
-7 -12
-10 90
-8 -21
-6 -7
11 3
-14 -11
-14 -31
17 3
29 -29
-9 -15
-12 -31
-11 88
-11 -13
7 -4
28 -14
-9 0
-12 -15
-1 -62
-18 -2
-6 -2
14 -5
-8 -37
-15 7
-13 27
-12 -13
-9 -30
1 1
0 33
6 -2
-8 -18
-13 -26
-10 -14
1 -28
-13 -20
-11 -7
0 58
4 8
0 0
-2 -27
-6 -47
-19 -20
16 1
4 30
-4 19
4 -46
4 -37
0 16
4 7
-8 -31
-10 -20
-11 -20
-12 -12
-7 0
29 -24
-6 -21
0 5
-7 -1
-8 12
-4 -27
-8 -23
-14 -23
-6 -2
-8 -15
-8 4
-2 -11
6 12
1 -32
-16 -4
9 -25
1 33
-10 9
-5 4
-10 5
-2 50
-3 -42
-16 21
6 -39
17 -32
-6 27
-7 -6
25 8
5 -39
-2 -23
-12 -17
-10 11
-13 -34
0 2
-7 11
-8 -6
-8 38
-13 -13
-3 -31
3 -15
4 4
-4 22
2 2
-5 0
0 -23
2 -18
-9 -35
-12 -39
-8 13
-7 0
3 21
-12 -2
-12 -3
3 -11
-7 -22
20 15
-13 -19
-8 -33
-1 -50
5 -6
0 0
-5 -37
-7 6
34 11
-25 -39
-14 -6
-2 15
-9 -1
13 -10
-7 9
-16 -21
-9 -31
-4 -31
4 -41
-17 -13
-10 20
-1 36
-1 23
-11 -16
-9 -9
-1 -25
-11 28
-2 2
-18 5
0 -17
-10 -3
8 -34
-3 -21
-14 -41
0 21
1 0
5 -19
-13 -20
-15 -11
0 1
-8 0
0 -34
-13 -21
-7 8
2 -1
-7 -5
0 -1
0 16
-7 16
-7 -22
14 -33
-5 -17
9 -25
-22 -30
-32 14
25 6
20 18
-8 7
-17 6
-15 -20
7 -28
3 -31
-11 -23
-3 -7
-6 -7
-12 2
1 2
16 -30
8 22
-7 -29
-15 -19
7 -16
4 -50
-3 0
-13 17
-15 -44
-14 29
4 -5
1 -22
2 -5
-11 -30
-12 -5
-13 0
5 21
8 12
-16 9
-19 -34
-7 -15
32 12
9 -3
-23 46
-14 -24
-17 -7
-7 -26
3 -25
-2 -61
-14 -6
-10 4
-7 -10
9 25
-8 18
2 -13
2 -50
5 6
-6 -8
-8 -22
-4 24
4 -20
5 -12
-1 -4
-4 21
-1 3
13 -32
-8 -17
-5 -13
-6 -7
-2 22
4 -8
-12 25
-4 -12
5 -33
15 -20
4 24
0 15
1 14
1 8
-18 0
0 -18
-1 -4
-2 0
0 -10
-6 -2
-5 -18
4 14
-4 -1
-2 0
-5 -14
-3 1
-28 -11
-2 21
-17 19
0 -12
-11 -21
-7 -21
-12 -14
-4 26
-15 -24
8 -6
-4 1
6 13
-11 39
1 -12
-7 4
-4 -41
14 -51
-19 -11
-9 -32
-5 -6
-3 -27
3 12
-6 13
0 5
16 -49
-5 16
2 13
-3 5
16 -22
-19 -24
-18 -5
-2 -3
-7 -35
-5 -32
8 1
24 -20
-9 -41
-18 -10
-7 -21
1 0
8 -21
-4 -28
-9 -8
1 5
-5 3
-3 -23
-6 3
0 1
17 -20
-2 -10
-5 -36
-8 -3
-1 5
2 17
-4 -6
3 -2
1 -23
-3 -36
0 -27
-4 -21
15 -21
11 -3
-20 30
-10 15
-1 -12
0 6
-11 -19
-11 -17
0 -27
-1 -9
8 3
-21 18
-8 29
-9 -3
0 -43
-1 -30
-10 -21
3 22
-2 4
-8 19
-17 2
4 6
9 -11
11 -22
-4 -14
-25 -2
12 2
6 -10
-7 -13
11 -38
-6 -5
-11 -11
-10 -19
-21 -14
-6 -1
0 -1
2 -27
0 48
-11 -58
-6 -32
-10 4
-10 -5
-8 11
-13 -52
-2 5
-5 -16
-7 9
-13 -2
-2 14
-4 -4
11 4
-15 0
-8 -16
-1 -4
-6 -20
-9 -2
-11 -1
-2 8
16 -4
2 1
-29 -10
7 -9
4 -12
-10 7
-17 13
3 0
-2 -5
-1 -56
8 -20
-18 -3
0 -15
-2 -11
6 11
19 9
-16 4
-14 7
-8 -7
7 -23
0 -19
-10 -7
11 15
6 -13
-8 -15
-11 -9
