-5 2
-3 0
13 -3
-16 34
-3 -35
-15 -7
-28 -34
25 -40
8 -45
-6 -22
16 -1
23 34
4 15
5 -12
-8 -15
6 -76
0 -2
7 59
-22 -9
0 -25
-19 -21
-4 12
11 2
0 26
-2 50
1 12
-8 -65
6 -81
-7 -62
-4 -18
0 14
-9 -14
3 -17
3 3
3 8
-11 19
-20 25
2 43
-5 8
5 -63
-13 -62
-12 -61
14 -5
0 -20
1 9
3 13
0 -7
3 -12
-15 -38
-10 24
-13 -6
4 -36
-17 -29
-17 -12
2 -10
-9 9
-23 -7
5 13
-2 0
-3 -17
-17 -71
0 -3
-1 20
-7 -13
-12 -16
1 -14
1 -1
-17 2
1 -33
-5 20
-1 9
7 44
8 0
-14 -62
-3 -83
-20 -65
-3 57
3 35
7 21
9 2
7 -14
-14 -23
-8 28
-11 -14
-7 -9
-7 -5
-4 -10
16 -20
-6 -34
-7 -30
-6 -23
-6 -10
8 1
-1 7
-30 7
3 -20
1 -6
-13 30
8 -12
-13 -29
-8 -43
-8 -1
-9 -4
-7 5
-5 -6
-23 -15
1 -19
-3 -38
-1 25
-12 -3
-4 8
-9 4
13 -17
-5 -2
-24 -6
5 -67
-5 -36
-11 -54
-4 -57
-9 15
8 59
11 -4
5 21
-24 -15
-10 -4
-7 -44
-2 -32
-4 27
-16 25
-3 21
38 -9
-11 -20
-8 -16
-3 -28
-5 -42
-5 -46
-10 11
3 -9
6 0
-4 -47
-23 12
-3 13
15 -11
-1 -12
-14 -16
-14 -53
0 -3
-5 4
-8 4
3 27
6 -6
-15 -14
6 30
3 -6
-3 -26
2 -24
2 -7
-18 -43
-11 -49
3 43
-1 23
1 8
3 -11
1 -16
0 -16
-10 21
-9 7
7 -18
-7 -25
-4 -3
-4 -12
-5 -11
4 3
-17 8
-25 -22
-7 -2
28 -23
-5 -27
-6 -1
-26 0
0 3
5 -7
-3 -24
3 33
1 -31
0 -42
-8 -58
-16 -4
2 17
15 3
-15 -22
-4 -23
-11 -22
-1 -4
-18 -11
-1 -12
0 13
2 13
2 -57
0 -64
-15 -16
7 5
0 -15
1 -6
8 28
-1 50
-7 15
3 -7
3 -32
11 -26
-11 -41
-1 -21
3 -5
22 12
-26 -25
-24 13
2 -6
3 -25
7 4
6 43
-1 19
2 4
-3 -27
-6 -25
-13 -24
-9 0
11 -36
0 0
-16 -1
-7 -8
0 -12
2 -13
5 -43
9 -25
-10 -7
8 -4
14 0
-31 8
3 -19
15 14
-13 13
-6 -14
-9 -63
-10 -98
5 -37
-9 17
-6 14
0 -25
-7 6
-3 -17
-4 11
-6 -4
-10 44
1 -23
11 -36
-6 25
-14 -15
5 1
3 8
-17 -16
-4 -51
-9 -23
1 -22
-18 5
11 11
17 -12
-6 -24
-9 5
-2 -2
0 -24
-7 -46
-5 -27
0 -9
-3 11
-14 0
-2 -7
-15 -16
0 -24
-23 -6
2 -11
-11 17
-9 21
1 42
-11 -11
8 -76
-4 -102
-16 -61
-3 42
3 42
-3 -11
5 -7
-7 -6
0 -15
-1 -13
3 -5
-3 1
-5 -7
3 0
-7 -42
-2 -14
-1 -30
-8 59
-11 -11
-15 -60
-2 -49
-9 -76
-3 -7
1 23
-3 14
-16 6
-3 -2
-6 -2
-4 24
-5 -28
2 -6
-6 -17
-1 -12
-6 -19
-7 -47
-7 -20
5 7
-7 -9
-5 -42
-9 -11
7 -24
-8 25
-1 19
18 6
-19 -15
17 0
-12 -19
-7 -25
-1 -14
-20 -14
-18 12
-1 7
11 -9
0 -20
-4 15
-1 -12
-12 -16
0 0
5 0
-2 17
17 27
5 -22
-1 -57
-5 -45
-5 -12
5 18
-17 12
-2 13
0 -17
-6 -44
-30 25
2 -3
-13 -12
0 -6
-5 4
-6 -40
-2 19
4 -39
6 -20
3 8
2 31
4 46
-19 -8
0 -50
4 -65
1 -15
-11 13
-1 18
8 3
0 -2
-16 -8
-3 -32
-3 -42
-2 -19
-16 -6
0 0
-12 -5
0 -25
0 -11
-2 -3
-11 -26
8 -31
4 -40
-18 -11
-16 -17
14 -31
-16 -4
0 47
9 -18
-2 -31
-6 15
3 -14
-2 -23
-16 -16
-3 -16
-6 -4
-10 36
-6 -29
0 -26
2 -18
2 -31
1 -4
1 14
7 32
-11 18
-2 0
0 13
-13 -36
-2 -58
5 -35
8 -24
-13 30
-19 34
-7 12
19 -8
-4 -24
0 -37
-3 -36
-15 -18
-16 -11
-3 -10
-15 -11
0 -25
-7 -25
-25 -27
5 -28
-4 6
8 18
-14 15
-5 28
11 -8
2 3
-3 -8
-9 -18
2 20
-2 27
-14 31
-4 20
-1 -11
0 34
-3 -12
-6 -46
0 19
0 -9
-3 1
-12 28
-5 20
29 -4
0 -15
-20 14
-4 16
0 20
-5 26
0 -1
-5 -1
3 -8
6 19
-16 11
0 -45
-3 -41
-15 4
0 35
8 33
-24 -29
-25 19
-4 25
5 26
-3 0
-13 -5
-18 -21
17 31
3 13
-11 6
-10 15
2 -15
-1 -61
-8 -7
-2 15
-13 36
-1 35
7 0
-7 -15
-12 -42
-17 -41
-1 18
-5 37
-5 39
-1 1
1 9
-6 37
-17 -6
-4 -18
-4 -18
4 7
9 -8
-14 36
-6 8
-5 18
0 41
-3 16
-8 22
8 -43
-3 -98
-1 -38
-5 35
2 56
-23 20
1 3
-6 -36
-5 -5
0 6
-8 -4
-2 21
5 -28
3 -16
-17 -7
-3 8
-7 -10
3 6
-10 -13
7 -8
-4 19
0 33
3 55
0 11
-35 4
-5 -9
14 -5
-24 -22
28 9
-9 19
-8 8
-1 40
0 12
-20 24
0 -7
-3 -10
2 -15
-18 2
-12 -5
0 6
-13 1
-8 5
12 -49
5 -22
2 80
0 13
0 -2
-4 -21
0 5
0 27
-4 15
-3 -9
-1 31
-13 -29
13 0
8 -32
-3 -15
-11 32
1 27
-5 25
-9 -4
-3 9
-4 13
7 31
0 31
0 0
-11 5
-1 0
1 8
3 36
-14 17
-6 8
23 46
-2 54
-7 1
-3 0
-2 -3
-13 -9
-2 -31
-12 16
-1 20
-4 11
-18 32
-2 -34
0 -65
-1 -11
16 -9
-22 35
-8 6
8 20
-12 29
-4 30
-2 2
-4 -7
3 -40
-9 -4
3 19
-10 13
-12 0
-4 14
8 6
-9 31
-5 52
1 30
-2 4
-2 -55
-9 -59
1 -17
-7 5
-12 -2
-11 -5
26 19
-18 -11
-8 3
-4 38
-17 35
11 23
-1 23
2 60
-10 42
0 -15
15 -60
-26 -41
7 30
-12 76
-12 34
-1 -35
-4 -33
-9 -16
-8 48
-3 75
-8 39
0 26
-3 -62
-14 -43
-10 -19
-16 -18
2 31
1 46
-5 28
13 6
-4 6
-17 30
-20 20
3 11
-17 26
9 -7
5 -26
-10 -41
-4 -15
0 31
-2 27
19 15
-27 9
-17 37
8 -14
7 31
-9 -39
1 -47
0 3
0 31
0 -10
14 -23
-10 -6
-16 18
-18 26
11 9
5 -23
-13 -25
-7 -5
11 -3
-11 35
2 9
0 -3
-13 2
0 76
-1 30
-12 36
-16 23
-21 -16
-4 -32
2 -74
2 -16
-15 39
-4 42
-53 -5
98 -19
-26 5
-21 14
-11 18
7 28
-4 12
-5 -10
7 -21
4 -14
-2 -7
-28 4
4 1
18 -9
-3 -104
-11 -39
1 14
-2 0
-4 -3
-6 -25
-8 -32
-5 -28
-2 8
8 -16
23 30
0 31
3 2
-21 -50
4 -60
16 27
-7 24
-3 -7
-5 -17
3 -38
0 -43
0 20
12 25
-4 -53
-1 -2
-13 -45
-2 22
0 20
3 -7
-2 -12
-15 -17
-3 -6
2 -13
9 -13
-11 49
0 -21
-3 21
11 -2
-7 -16
5 -15
-12 -43
-6 -17
-10 -25
5 -13
13 -20
-1 -9
-6 6
0 31
-5 15
-16 9
0 -69
2 -24
-11 2
-18 40
0 -7
0 -10
-25 -30
-2 -3
-1 17
-7 -4
-13 7
13 -56
-2 -27
-2 -17
2 5
0 12
0 -11
-5 -2
-7 -24
14 -8
-5 -8
-11 0
7 3
-11 -20
0 -12
2 -54
-6 -22
2 -34
-2 -8
-2 -3
9 -6
-14 5
-10 8
-10 -6
-13 -61
-1 -55
11 0
-1 8
-17 -11
3 0
-1 -1
11 23
-9 15
0 -20
-3 -22
-8 -91
-5 -1
-9 31
-3 28
0 -6
-14 -23
-4 -6
-8 -25
-1 -15
0 35
-10 29
4 2
-4 -39
8 -21
-15 -23
-12 -15
-5 -34
-1 -15
-6 38
0 26
-8 15
-4 -26
-5 -7
3 -44
-2 -35
-15 -61
-18 38
4 12
6 -15
6 -21
-9 -7
-8 8
-8 3
-2 16
4 -9
-13 -13
-6 -8
12 -12
-12 26
-5 0
-3 -14
13 -72
-9 -54
-24 33
-7 36
-4 1
-8 6
30 -25
-14 -34
-17 -59
22 -17
-7 4
-6 14
12 9
0 -16
-19 -34
-8 -11
-17 -10
2 23
-11 21
-21 0
-10 -45
-4 -11
6 -22
-5 -32
-10 -23
-16 -45
-4 26
5 8
16 51
1 -25
-2 -50
-52 20
-12 8
19 -36
11 -50
-22 -81
-3 -18
-9 23
-3 46
6 28
15 9
-4 -36
-4 6
4 19
-17 27
22 -43
-23 -31
-5 -21
-3 -3
-6 -8
-6 -10
2 -6
-16 8
-12 -8
9 2
11 -28
0 2
5 21
0 -11
1 -33
2 -51
-2 -31
-9 3
-6 42
0 -30
-6 5
0 -4
-5 -9
-11 -55
14 -24
-4 3
0 -12
-11 -25
8 -6
4 17
-2 13
6 -32
-6 -23
-18 -30
1 -33
-1 -51
-10 -38
-16 -5
-1 -7
53 16
0 -7
-58 -5
16 22
-2 17
26 -5
-32 -28
-8 -66
6 -63
-17 -79
1 11
2 0
-2 0
4 -16
-2 -26
0 -41
-9 -9
3 -8
-7 5
-8 16
3 -23
0 -5
-11 -14
8 34
-6 -21
-3 -39
-8 -81
5 -45
-1 4
-2 41
1 -12
-9 -31
-8 34
-4 20
6 -15
2 -22
2 -3
3 -30
11 -26
-22 -21
-4 -5
-3 -10
0 -18
-8 -4
-20 7
-6 -13
-13 -13
12 -22
23 -2
-8 38
-3 20
0 -4
20 -17
-25 -30
3 0
0 32
-5 -15
-20 -35
7 -10
1 -22
0 -34
-2 -10
-16 -7
-9 14
2 -16
-3 0
-4 28
-8 9
-4 -40
-15 -8
5 -8
-8 -25
-11 -2
0 -22
7 -17
-8 -31
1 9
-18 21
-17 19
0 -21
-29 -52
26 -46
-7 -52
-19 22
-10 14
-4 11
-2 -2
-13 0
9 -21
-26 16
-24 62
11 -16
7 -1
-8 -72
-11 -78
-16 -4
-8 3
-16 8
0 -36
4 -63
14 8
0 33
-1 20
1 18
-6 -7
-7 -12
-10 -8
-5 -26
-3 -6
-2 1
-11 2
-3 -14
31 -4
5 -2
-20 -46
-4 -44
-17 -50
15 2
-4 20
-17 14
-2 -1
0 0
23 -43
-22 -26
-12 31
3 7
-3 1
-10 -10
-2 -24
1 -33
0 -12
-6 -44
-20 6
38 1
-8 5
1 -10
-4 6
-17 -46
-13 -47
-10 -33
2 -11
14 5
-6 32
-9 9
-19 -29
4 -19
-9 0
-19 7
8 11
0 16
4 8
-12 -13
0 -7
3 -23
-1 -37
6 -29
4 -26
0 5
-3 16
-8 -21
-8 -5
-5 -23
-3 -8
-4 -11
-4 -44
-12 -26
-4 -7
-1 23
-7 -22
-22 -10
-8 -21
-4 -55
2 -11
0 11
-1 16
-10 -9
0 -13
-1 7
14 22
11 -7
-19 3
-4 -13
4 -18
-7 -29
1 -8
12 -19
-27 -8
-10 -2
15 9
-5 -2
-7 -8
-16 16
-19 -7
40 -6
-25 -31
2 -4
-4 -46
-6 -24
-5 0
0 7
4 -13
-7 22
1 -7
-7 -32
-5 -23
-10 -44
4 -24
-10 -2
15 1
-2 -31
-5 -14
9 -25
-2 14
-15 30
-6 16
-3 -12
2 8
-4 24
-15 18
-9 -11
-5 -54
0 -41
-6 -49
-6 -20
0 -10
-17 -1
11 13
9 0
-17 -22
4 2
1 -2
-8 -4
13 -16
2 27
-8 -8
-13 -30
-41 -24
-28 14
33 3
5 -22
-9 -22
-8 -38
-2 0
-10 32
15 -12
-3 -2
-6 -47
-3 -45
-25 6
-10 -4
21 -15
-25 -6
22 -16
0 -13
-13 8
-7 22
2 -26
-7 -34
0 -9
-2 0
7 1
-22 -18
0 -49
-8 -42
13 -20
6 7
-4 1
-13 -6
0 -31
0 -32
-11 26
-2 24
-10 -9
5 -1
-19 -39
-2 -23
-1 11
-7 -9
0 -13
3 0
-5 19
24 9
-1 -41
-9 -25
-10 9
-9 -12
-1 -7
0 -14
-10 -58
-11 -15
2 -6
4 12
-12 -23
1 -15
-1 11
-2 -14
-9 23
-21 -1
-11 -11
7 -4
-21 -16
17 -39
-29 -49
-33 -27
40 34
-10 20
0 -11
-17 18
-6 -20
3 -13
-2 -7
7 -6
4 11
0 -9
-20 -13
-15 -4
-2 -26
-4 -21
2 -28
-17 -7
-8 2
-3 -11
0 19
5 -40
-15 21
-4 -21
-6 -94
-2 -36
0 -16
21 25
-10 2
-8 -15
-7 -20
-4 -19
-22 2
2 4
-15 21
-1 0
6 5
0 8
-21 3
1 29
6 -19
-17 -34
0 -35
7 -22
-2 1
-18 22
-37 28
20 -11
37 -17
-7 -27
-13 -45
0 -35
-10 3
5 38
-4 -18
7 0
-12 14
-4 -20
-1 -55
-2 -48
0 1
1 8
18 23
4 18
-8 -31
-1 -14
-24 -17
-4 -8
0 4
2 24
-3 -26
-2 0
0 14
-3 -17
-6 -44
0 -23
-7 -30
7 13
-21 20
12 -23
9 -23
-9 9
-12 -5
-5 3
2 -14
-21 -59
17 -19
-1 2
0 8
-6 22
-5 -19
-3 -40
-2 -41
2 14
0 2
4 8
-18 6
-2 0
8 -31
11 -9
24 0
-10 -8
-9 -4
1 1
7 -5
-1 -13
-24 -24
-4 3
-3 -37
-4 -5
-12 8
-1 16
9 32
-2 14
11 0
-16 -22
-16 12
-7 14
-12 -13
17 -3
5 6
-11 9
-7 -25
1 -24
-6 -53
6 -24
-3 -4
-7 -13
-16 -33
-12 -25
33 30
-4 15
-4 21
6 0
0 -59
4 -38
3 -18
4 -2
0 -2
-1 1
-8 -5
-10 -8
-1 6
0 -12
1 -3
-8 2
1 -21
-6 -42
-2 -42
-10 -11
-4 -1
1 -5
-9 3
-6 -3
7 14
-4 5
-10 -4
-5 -41
17 -8
-12 -11
0 -58
-4 -35
1 -5
5 -5
-5 -17
-16 -29
-9 -34
9 -21
-5 -3
-2 2
-7 -31
-17 -6
0 -24
29 -12
2 6
-12 -3
-15 -23
-9 26
8 0
0 -19
-9 -39
0 -18
0 -8
9 -6
3 3
-7 -5
-12 -12
-2 -20
-5 12
-8 -10
-9 -20
4 -24
-12 11
-8 17
0 16
-10 0
-7 -45
11 -57
2 13
-9 8
1 -9
-3 -26
-15 -33
-10 -2
1 15
-7 -35
-5 0
-2 18
0 13
-2 -8
-10 22
-3 7
2 -24
4 -28
-11 -16
-8 -10
0 -2
-14 -14
-7 -28
0 -24
-12 -29
4 -21
-9 27
-5 12
15 3
9 5
-23 -7
-5 -26
2 0
-1 0
-4 -15
-2 -11
-5 -13
5 -14
-11 -31
-23 12
-13 0
6 27
-13 -36
-5 -28
5 41
4 -22
2 -13
8 3
0 -12
-5 -14
1 -5
11 -42
-15 -24
-8 3
4 21
0 -29
-8 -24
0 3
-4 -12
-1 -39
-1 -15
3 2
1 27
-2 -14
-3 -3
-9 -5
1 -4
-2 2
-8 -1
-16 16
4 -33
6 -39
-5 -9
-24 -11
-4 -34
9 -27
-16 -14
-14 -5
13 7
0 18
-6 0
1 8
3 -14
-1 -28
1 -19
-7 -58
4 -18
3 22
-8 9
-9 -27
-5 -62
3 -23
-5 -3
-23 2
-11 -18
-7 -12
-3 8
0 15
-1 -21
-5 -13
3 -9
-16 -32
1 -31
-16 -11
0 -18
3 -8
-10 -32
3 -1
-4 -1
6 -28
3 -13
-8 5
-8 1
1 -8
-1 -12
-9 -9
7 6
-2 -14
-1 -1
5 -21
-2 -17
-3 -7
11 -29
1 -3
3 26
-6 2
3 -1
-6 -27
12 5
0 3
8 4
-1 -6
-18 -19
0 -30
-9 -18
-10 -2
-18 19
-17 7
-6 -5
-6 -16
-1 -52
-8 -33
-3 -13
0 13
-4 3
-6 0
-3 -30
-5 0
-4 -30
-2 -56
9 8
3 -8
-8 22
-2 -19
-3 -13
-1 -40
-5 -33
-4 39
0 17
4 -11
3 -12
-18 -25
1 -19
0 -8
-12 3
-8 15
-12 3
3 0
-14 -37
0 -7
-12 -27
-7 -14
4 6
5 -6
0 16
-7 -18
-10 -19
-3 -22
-24 -11
0 1
4 6
0 -13
2 -10
-4 -9
1 -3
-10 -14
-10 -9
-2 -13
-4 -1
-5 -11
1 -7
-2 -1
0 -31
-17 -27
1 -54
-6 -1
0 21
0 17
-4 19
-4 1
3 1
9 9
-8 -5
-17 -7
0 24
5 45
-5 2
7 -11
-7 19
-13 8
5 -18
9 4
-8 -7
0 1
-8 38
-2 -9
11 17
0 -2
-5 -55
-5 -19
-18 -1
0 22
-2 -21
-11 54
-8 12
-8 0
-9 -2
-3 -12
-8 5
0 -15
-11 26
7 -8
13 -4
13 -20
-8 -6
0 21
-16 2
-4 6
4 15
7 8
-7 1
-17 -12
3 6
-1 5
0 -1
7 6
-4 26
-6 9
-4 -8
4 11
18 2
-15 -13
0 -39
-15 -28
3 0
-5 15
-4 -1
5 32
-7 15
-5 -6
-6 -34
5 -8
-8 28
5 36
2 20
-9 2
12 -10
0 21
-9 32
-6 -14
-7 6
-6 25
2 9
-4 -32
-4 1
6 25
-1 -3
-24 -18
-12 -4
5 -1
13 11
-9 19
-15 8
-4 -5
-5 -1
14 -7
-11 23
-8 9
-8 60
0 12
-3 15
0 8
-5 8
-9 5
0 -12
17 5
-15 -5
-16 -1
-4 21
0 5
-6 35
-13 5
9 -9
-2 -12
-9 -16
1 1
-1 7
7 0
-2 13
-1 20
9 15
-4 -8
-11 -9
-19 0
20 17
12 24
4 37
-9 12
-10 -26
1 -11
-2 -5
0 -15
1 17
-2 20
-8 18
-16 15
0 18
0 -22
-16 11
6 24
-1 13
-9 -10
-7 -7
-7 2
-16 -18
-19 28
11 -3
-10 -14
-9 0
14 0
-17 11
-12 -7
9 8
5 4
-9 12
-16 8
-13 14
0 2
2 14
-13 25
-8 17
-5 -4
-2 -17
-7 18
-2 3
-1 -2
2 -2
4 1
-6 30
-7 -19
-12 -17
-7 -25
1 -15
5 -11
-13 44
5 26
-6 -11
-7 -9
-2 25
-3 37
-11 20
-5 13
11 -6
-17 16
-14 0
0 -28
3 17
-2 -9
-4 4
-10 -4
-6 -9
1 -4
-8 7
-10 4
0 29
3 19
-9 -4
-13 5
5 12
6 13
-2 26
-7 -4
-18 0
-13 -38
-4 4
8 0
15 -9
9 5
-11 -31
-11 5
1 12
-7 -5
5 -10
-9 33
-14 -9
-5 -4
0 17
-1 17
-1 19
-5 -6
-8 44
5 6
3 -10
-7 -6
3 -10
-2 1
-23 11
3 -1
3 8
-9 3
-4 6
-4 -9
3 -6
-15 -6
-8 -13
-1 -4
-6 8
1 19
-3 7
-7 -3
-10 -20
-4 -11
-6 18
-11 31
-3 1
1 -7
-3 0
-9 -15
-8 14
-3 0
2 -13
7 6
-10 0
-24 9
11 -1
-3 6
-9 1
-6 19
-10 -15
-2 -8
9 7
-9 21
-5 23
-3 -2
2 12
4 18
-4 -1
6 -11
-14 3
0 -2
-13 1
-12 1
3 42
-1 -2
4 -17
-7 -11
-3 7
-1 -5
-5 13
-5 14
-10 11
3 -9
-5 -15
-7 9
1 -19
-4 -8
-1 -29
-2 65
-5 13
-3 0
-12 -5
-5 1
9 -19
-1 -7
-4 -20
1 15
-9 14
-8 14
-6 -4
-2 24
-6 0
3 -9
-5 14
-8 26
-5 -9
1 25
-9 -2
-9 3
5 -22
-7 -12
-8 25
-4 19
6 20
-7 -19
-17 35
2 -31
-2 -46
2 -17
12 25
-30 23
0 -3
-7 27
-8 14
-5 4
-16 9
-1 -30
5 -2
-5 -10
-12 5
-8 8
-12 -3
1 8
-6 16
-5 -8
5 0
-6 -12
-12 12
-10 0
2 -1
-23 25
-20 4
-2 27
-5 6
-1 3
0 2
-23 0
4 14
-4 0
-2 3
-11 -1
-22 -27
2 2
-9 -16
-4 22
-2 21
-4 -10
11 5
0 -28
-5 -11
-6 21
-10 -25
-5 3
-6 15
3 17
-5 25
-2 34
-15 -24
-12 5
-6 -22
5 -13
-2 -2
-7 2
-14 0
-1 8
-7 22
0 36
-1 18
4 23
5 9
-5 29
-4 -1
5 -20
4 -45
-6 -10
-3 12
-3 -13
0 4
-3 -5
-2 13
-8 2
-10 -6
-12 13
8 -22
-1 4
-10 15
-13 -44
-1 19
0 16
-3 31
6 27
-9 21
-11 22
21 4
23 19
1 -25
-24 2
-21 -12
17 11
11 13
-7 1
-12 5
-9 -3
0 4
-5 -34
0 -8
-6 -5
9 13
-2 1
-6 12
-11 -39
-5 -17
-15 23
-2 17
5 12
-6 20
-9 -4
0 -3
-4 3
8 1
23 -3
2 -2
2 28
0 4
8 -15
0 -47
-12 -16
-13 0
5 -3
1 12
2 3
-8 9
-6 21
6 27
-6 22
-3 21
-2 18
-9 -4
0 3
-10 -5
-19 2
-8 -8
-5 17
-19 28
-2 0
3 -1
-12 -19
-9 2
-1 24
-7 14
-16 -15
3 13
4 -6
4 -7
-3 -9
-11 -32
-3 -5
-7 15
1 -5
-16 -18
-8 15
-5 13
26 5
-15 -3
-5 -9
1 -16
-5 -15
0 32
3 4
-12 -2
4 30
3 15
-1 17
-7 17
6 36
-8 22
-7 -14
1 -21
0 -8
0 11
-9 6
4 27
0 -25
-2 -27
-5 0
-1 16
4 26
-3 0
5 12
-15 -21
4 -15
-2 22
3 -8
-2 -12
-8 7
6 19
-3 25
-4 -18
-4 23
0 1
-5 -4
-15 0
-5 5
7 4
-13 -1
-4 1
14 8
-1 14
0 24
1 8
-7 22
-15 -16
4 -31
-12 -11
-2 -13
-19 -2
9 20
-2 0
-19 -6
0 19
-4 14
0 18
-1 14
-12 11
-3 27
-20 -1
-3 -7
-2 -19
8 -14
6 -23
0 8
-7 30
-7 5
-7 5
0 19
-10 4
-1 6
1 11
6 -34
-9 2
-3 9
0 4
-6 -5
-5 47
0 18
12 -28
-5 -16
-9 6
-3 1
-2 13
-5 25
-5 19
1 0
-2 9
0 -29
-9 3
-1 -7
-10 9
-6 15
1 7
-10 1
-2 0
13 11
-5 -43
-9 -12
-12 -10
-2 28
-11 14
-8 14
11 4
5 -7
-8 5
-7 23
-6 -17
-4 -25
0 18
0 34
-4 9
1 33
5 -30
-3 -1
-11 3
-9 0
-4 22
2 3
0 0
0 20
9 -13
-1 -33
-4 2
-15 42
-2 1
-7 4
-12 3
-3 5
0 11
0 -18
-5 -7
6 -9
3 12
-2 29
-8 12
-9 -18
-6 27
-5 3
-1 -13
4 -2
-11 11
-1 9
6 20
-5 12
-1 2
2 17
-4 -6
14 -7
-12 -4
-4 6
-1 -1
1 14
3 0
-8 12
-5 38
-1 -9
-15 -16
-6 -4
-6 5
-15 28
-15 30
22 3
-7 -32
-38 12
0 -13
3 2
-7 2
26 0
-29 -5
-10 -25
-9 27
13 20
-15 17
-6 -38
-6 5
-38 -31
15 18
-8 36
-9 51
-23 32
0 -17
-1 -61
-2 9
-6 38
-2 14
-5 44
-5 -3
-6 -8
-2 -39
0 0
-6 11
15 17
-12 27
0 28
0 -6
-11 21
-1 -21
1 37
-1 -4
-12 9
-3 -23
-6 13
-11 -7
-5 38
2 -30
-18 -43
0 1
0 33
2 26
-6 -10
-4 -1
-21 -14
-6 4
14 -1
34 33
-4 26
40 -26
-54 7
-26 9
13 0
11 34
-40 6
-31 -1
33 30
-46 -12
-17 -28
28 -13
-10 20
14 18
56 19
-28 0
-29 -27
-6 -23
26 27
-24 -5
-37 19
-10 24
-6 33
0 26
3 -46
-6 -62
-7 13
6 54
-4 -4
-13 17
5 20
1 7
-2 23
-17 43
-23 -18
2 -7
-10 -28
3 47
0 16
