-12 82
0 104
-9 51
-2 -15
4 61
6 -31
-14 7
-13 76
-6 129
12 40
-20 -90
8 0
15 33
-2 32
-22 97
-18 136
2 80
-18 63
4 87
-7 -71
25 -195
13 -23
-8 72
1 139
-9 124
-8 84
-2 58
0 -23
-1 -234
-7 16
0 193
12 95
6 55
-23 -2
13 76
-7 99
-11 -52
-10 22
-7 167
-11 120
-13 -28
-4 -77
-1 -1
-6 87
11 62
0 15
-13 -17
4 50
-11 41
-4 21
-4 -21
-4 35
-4 33
1 6
-13 83
-9 138
-3 148
7 111
-11 -9
-6 -204
0 -107
6 -12
9 96
-5 102
-8 17
-5 23
-6 74
-23 175
-9 169
21 -75
15 -123
0 -34
5 12
-34 91
-1 28
-17 0
-8 50
-7 39
-20 66
-6 97
-2 24
-11 64
-4 -5
-19 -33
19 -16
0 49
5 116
-19 58
-2 -42
-2 89
-13 121
8 -46
-6 -1
4 60
-12 -6
-8 -168
3 46
-8 139
-17 113
-1 91
-9 113
23 -18
2 29
-9 -77
-7 89
-4 5
-10 33
-4 72
13 31
-4 -25
-21 45
-14 32
7 84
-1 190
5 160
-12 -85
-1 -183
11 12
-13 49
0 49
-7 100
23 55
-12 -18
-18 36
0 62
4 125
7 77
-10 -81
-12 -30
-22 23
-9 132
5 86
-14 -12
-6 58
-1 131
11 60
-3 25
-3 -101
-4 -92
-6 36
-2 92
-3 134
13 107
-6 -24
-7 -131
-8 -20
4 132
-8 112
4 45
0 46
-3 -14
1 67
-12 80
-2 30
-9 -45
-6 48
-1 84
4 12
-19 35
0 -10
-4 -31
-10 6
-4 61
8 99
13 111
3 35
2 -8
1 23
-12 51
-3 6
1 -149
2 68
9 120
-11 114
-10 168
3 32
0 -170
0 -125
-12 83
-13 173
0 117
1 40
-4 38
-16 90
11 102
1 50
5 16
-6 -96
-16 -20
-7 64
8 22
2 48
-16 -7
-2 83
0 117
3 30
-2 84
2 58
-8 -33
-3 33
-10 9
-4 31
6 52
4 18
-8 24
6 57
-5 88
-7 20
-3 -6
-2 40
-2 80
-16 -1
-10 -124
22 -103
15 -60
-6 67
1 112
-10 44
0 29
11 59
-9 -39
-10 -32
-4 66
-4 138
-6 55
-10 -57
5 103
6 136
-6 -74
-10 -118
-9 9
0 76
-10 53
-17 58
-12 114
-4 174
-11 -144
-4 -235
-17 16
4 148
-7 80
2 76
-12 15
-16 -3
-5 16
-5 35
0 95
-2 91
13 49
-7 38
3 60
-9 20
-7 -101
4 -143
12 61
-19 116
-3 84
-23 12
-2 -8
19 15
9 -1
-10 15
-21 42
4 120
-5 46
11 -138
0 -84
5 11
9 45
-19 101
-9 -13
2 1
3 61
14 58
0 50
-8 47
-7 -20
-3 52
4 6
-9 39
-9 -80
1 -23
12 -35
-23 30
-11 82
-10 104
-10 120
-15 76
7 -90
13 -170
-18 -68
-10 141
-13 133
-4 51
-1 -35
-18 -31
-6 12
0 50
-1 110
-12 65
9 49
-1 4
1 -28
-16 -24
-5 -64
-4 -21
9 54
6 76
-14 50
-5 15
8 31
-5 37
-5 -18
-10 -27
4 29
6 -4
-24 76
-1 0
-15 -68
7 -42
1 -5
-4 145
-4 70
-13 -46
0 39
-4 8
-2 -4
0 16
-14 33
-12 1
4 -3
16 30
-11 8
-8 76
-7 101
1 35
-8 -33
4 -17
-5 5
-20 43
-1 91
1 31
-11 8
-5 35
4 19
8 1
-13 57
-7 62
-4 32
-11 3
-4 8
-9 -15
-3 58
0 85
-5 115
7 -5
13 -135
34 -44
-6 2
-1 61
-6 24
-17 -1
-2 16
11 64
3 55
5 36
6 28
-20 41
-4 15
2 -49
-15 -50
-13 -11
2 55
0 62
-8 49
-12 23
0 15
0 52
-20 12
-15 -24
16 -19
15 -27
-20 112
-2 53
6 5
-18 59
-5 23
-13 -12
-25 14
0 55
-7 -5
8 8
-9 21
7 -12
-12 41
-5 48
17 93
-3 33
0 -77
-9 -76
-3 63
-2 52
0 27
-1 -19
0 85
-4 85
-8 -89
-13 -27
9 -66
-4 92
16 28
5 24
-2 -20
-26 -13
-3 27
-1 132
-15 136
2 89
-2 18
-2 -8
-6 -95
2 -80
-8 18
-9 -57
9 65
13 39
-11 82
-1 56
-8 -27
4 -48
-15 111
-8 69
11 68
5 26
0 16
2 -22
-12 -202
-3 3
-4 94
0 60
-7 3
-1 39
-4 -5
-17 -17
-6 7
0 14
3 22
-6 41
-3 76
-1 9
-1 -43
-13 34
-3 27
-7 7
-12 64
-15 103
-11 -20
-9 -27
0 60
9 114
-11 35
7 -53
-1 -62
-3 -117
-4 33
-17 59
-5 86
19 129
3 110
-19 61
3 -28
3 -39
-3 -65
-7 34
-16 46
-6 0
-4 13
1 38
-6 36
-4 105
-6 133
4 0
0 -150
1 -113
4 86
4 83
-6 14
-12 6
4 -21
-1 -5
-12 108
-10 81
11 14
-9 38
-8 27
1 8
-8 -21
0 -109
-19 0
12 105
5 120
14 101
15 -4
-3 -85
-6 -29
-4 -83
1 20
-14 25
-8 55
-3 38
-3 69
28 19
-9 26
5 15
3 42
-11 40
-7 51
-10 128
-15 14
1 -35
-5 51
-3 -181
3 -18
-11 94
-9 144
4 35
2 37
-5 33
-6 -43
-5 -79
2 66
-8 144
-8 56
5 -91
4 -53
-9 53
-3 63
6 25
-12 60
2 90
-17 -100
-5 -45
6 -1
-1 -122
-3 -12
-10 118
0 39
-3 -16
-10 -49
-11 -16
6 47
8 110
11 141
-8 53
-4 -81
0 -62
-2 -33
2 -11
-8 30
-2 6
0 57
-6 110
-9 32
-15 -31
5 74
8 -95
0 -61
3 96
-12 -34
-4 -5
-7 52
-9 97
-3 104
-13 83
6 41
-5 -50
0 1
-13 -33
-1 15
2 -14
11 -6
-5 8
-10 12
-11 55
-4 102
1 134
7 49
-1 -165
-1 -120
5 -57
-2 21
-8 -45
-4 -10
-5 44
-4 53
-8 20
-5 70
4 90
-14 -21
-6 -77
-3 -74
-11 35
-2 32
-17 8
5 0
-23 24
-14 45
3 53
2 51
0 -120
-11 -34
-8 -39
-6 30
-6 0
-12 14
0 0
-8 17
20 97
-17 108
-3 27
-3 -125
12 -78
11 87
-17 62
-9 14
-2 -24
6 -32
-8 0
-4 84
-4 -3
-1 51
-3 -9
2 39
12 0
-18 -48
-5 -59
-3 68
-2 110
-27 101
1 44
-4 -141
-7 -147
-6 -108
-4 31
-13 61
-9 71
4 15
-6 15
-7 46
-11 -35
8 -19
-10 43
-10 -14
-11 -4
-5 62
21 20
-13 -13
-8 -12
34 -37
-19 -114
-10 0
-5 87
1 95
-7 51
4 19
-3 -77
4 -192
-11 -66
-23 121
7 128
8 65
6 -28
-3 -46
-12 -55
4 35
0 11
-15 19
0 24
6 149
1 210
-11 -76
-14 -284
-20 -69
-1 15
-1 62
-13 -2
-7 -1
15 2
5 54
-25 90
13 139
-2 61
-11 -60
0 -225
2 -76
3 48
-7 0
5 16
-3 38
-2 23
8 21
-20 -13
-18 3
-2 74
-15 11
0 -46
-3 -36
-4 -39
-14 55
-9 96
-18 90
0 -252
7 -96
-8 -52
-10 56
5 62
-1 -14
-6 4
-3 4
-11 105
-8 231
-7 123
-11 -87
-13 -234
0 -165
9 71
-2 29
0 -9
3 -2
-1 30
16 112
-11 43
-6 53
3 68
7 -32
-1 -48
14 -89
-10 -50
-5 -35
15 82
1 108
-1 80
2 32
-4 -102
-11 -106
-13 -111
11 -27
-16 106
6 16
13 1
-14 1
-4 -5
-7 19
1 142
1 69
-12 20
5 63
-4 -45
-9 -143
4 -272
-1 32
-4 133
-20 74
-2 -33
-23 9
4 21
0 32
-6 72
-16 70
-15 -16
-5 39
20 -29
9 -6
2 0
-6 11
-6 -17
-2 -58
14 2
9 27
-2 -36
0 2
-2 31
-19 29
-18 -25
-7 -63
-15 -77
4 35
-5 91
-15 -20
4 34
-12 11
-9 -117
1 -71
0 39
-4 0
7 -24
7 32
0 14
3 -39
-5 11
-10 4
-7 -11
-6 -27
21 -66
17 -35
-10 5
-11 -20
-9 -4
0 0
9 41
14 26
-12 22
-15 -45
-9 -49
-15 28
-3 -7
9 -38
5 -50
2 22
-4 0
-18 -12
3 11
-12 4
-14 68
21 13
31 -23
1 18
-3 -60
-8 -72
-4 25
11 27
-14 11
-15 24
-13 -20
-14 -78
-10 -16
-13 16
7 -21
-2 0
-3 30
-1 -28
0 -41
-4 -9
-11 17
-13 44
20 22
-6 13
3 26
1 18
-8 -149
-18 -201
-2 30
11 69
8 24
5 0
-1 -18
-13 -1
-3 20
4 68
7 0
-11 4
-13 -16
4 -20
-3 0
-9 -17
2 -37
0 -71
-8 60
-17 -17
-7 20
-9 15
-13 -26
8 -10
11 -60
13 -5
-2 35
-4 46
7 0
-13 -26
-12 -58
1 -40
2 -11
1 1
-3 21
-3 1
-6 -25
-18 -21
2 4
7 -2
-6 1
-8 4
0 -66
-11 -8
-4 -7
-5 20
-6 -4
-2 -19
0 28
0 -47
-14 -59
2 71
-2 9
-2 -48
7 61
3 51
-9 3
-9 -150
-4 -53
-3 58
-10 2
12 -8
-17 -27
0 -22
-13 7
-26 39
0 36
-10 -64
5 -9
-4 13
0 14
15 -72
9 -49
-5 -24
0 34
-4 18
7 23
-15 34
-5 -16
-6 2
-17 -33
4 18
2 -63
-7 -85
-6 1
1 22
7 6
-21 0
1 -13
-12 -35
0 -8
-2 -2
-14 30
3 6
3 -34
-7 11
-2 -25
6 8
-13 -32
-13 -37
0 14
3 4
-6 12
-4 -30
-8 30
1 -70
-14 -70
-10 -13
1 44
16 -10
0 -25
4 -17
-9 24
-2 13
0 13
6 -19
-14 -83
0 -5
-1 6
-11 0
0 -15
1 13
-32 21
1 24
-9 -43
-2 -36
0 16
-13 41
-5 -6
-3 -42
2 -22
-16 -69
-3 55
-4 33
-9 11
-11 -3
2 -79
-6 -58
-5 4
2 -35
11 -4
-11 -2
-6 77
0 -17
6 -9
7 -41
3 -30
-11 48
3 -19
-9 58
-10 1
-8 -95
1 -57
-1 -20
-1 9
-5 52
-1 23
-15 -88
0 -40
-9 -19
11 69
-1 38
-1 -12
0 -4
-4 8
-14 -23
-8 -17
-10 4
-11 -47
-4 -10
-1 -39
-10 -20
-7 33
-8 49
-5 24
-2 -21
-9 -25
-15 3
13 18
-4 -68
-6 -41
9 -12
0 -18
-21 -2
5 47
-8 47
-17 3
0 -53
-2 -69
-9 -57
-23 -7
-2 12
-17 14
-3 -19
0 32
-7 54
-1 91
0 -10
8 52
3 42
-1 62
3 -50
-4 16
-2 26
1 11
3 110
12 -31
5 -319
-15 -254
-3 137
-12 193
0 87
-2 -72
-8 -22
-9 -47
-14 19
8 80
-14 106
-10 -24
-6 -7
-8 -58
9 -49
-6 -50
-2 -45
8 -33
-3 47
-7 73
-8 -8
-8 -2
-7 4
-2 111
-1 25
-7 -266
-2 -192
0 14
0 112
6 61
-4 -2
-5 -62
-4 -45
4 44
0 80
-3 48
-6 14
-10 24
-6 1
3 -69
-4 -55
2 35
1 -14
-1 11
-2 -79
0 -135
-3 26
9 12
-5 70
6 35
-1 -39
7 6
0 24
-4 56
-11 121
-8 -33
5 -149
0 -157
-4 -24
-6 24
0 90
7 0
-1 44
0 0
-10 51
-4 64
-3 -10
-12 -83
0 12
7 -24
-3 -89
-1 -37
-12 -4
-9 7
3 31
4 28
-2 41
-9 7
-5 -70
-1 -49
-3 -13
-1 56
-2 -26
1 -37
0 5
-22 34
-5 22
0 27
-6 -9
-6 23
-6 -20
3 -45
-6 -79
-13 -149
2 -45
-14 71
6 60
1 -12
2 25
-7 21
-9 25
3 19
6 32
7 26
2 -149
-31 -110
-4 -34
7 15
-3 14
-20 -81
-13 -52
-12 -47
-14 -31
2 5
2 -8
-19 45
-18 -43
-12 -40
2 -22
2 17
-8 -41
-4 -10
0 35
-4 36
0 -20
-3 -130
12 -103
-3 37
7 15
-13 52
-18 -5
0 32
2 12
-5 -1
-28 -59
-7 -47
5 71
-2 25
-2 -22
-2 -54
-10 -43
-2 26
-1 14
-17 18
-3 22
-8 7
-6 5
-3 12
-1 -16
-4 -85
-6 -73
0 7
-13 19
3 54
0 -10
-7 27
-10 -2
-26 22
1 -56
0 -127
-11 -43
-10 59
0 9
-2 2
-1 -56
-6 -40
-22 38
2 68
-1 -25
-8 -11
-3 -101
-12 12
2 88
-3 -29
20 -10
-9 -37
-13 8
-1 -11
-5 -20
-13 25
-6 24
-9 -31
9 -110
3 7
-4 23
4 -21
28 -50
-10 -18
-2 -19
8 18
0 -26
-6 26
11 -5
-12 21
-12 26
-9 17
-1 -57
0 -74
0 2
-1 -49
-6 -20
-3 -11
-9 61
11 -22
-1 -19
21 -31
-12 6
0 -6
6 47
-5 25
0 81
8 41
2 -108
0 -201
-24 -81
-6 90
14 119
-16 20
6 -35
-1 -50
-6 -43
-2 2
2 23
-2 45
-11 29
0 -22
-2 3
12 -39
-5 -100
9 -20
-7 25
-12 55
-6 12
0 -40
-11 -5
-15 -39
2 -46
-2 11
-12 36
-3 -22
-4 -76
-9 6
-13 -30
18 2
-6 -11
-10 -37
-6 -4
12 -18
-5 8
-20 20
7 71
2 -18
-14 -48
-12 -3
-2 -47
-7 -17
-16 -40
1 60
5 48
2 -17
-12 -21
-7 -126
-9 -40
-13 48
-4 3
0 13
-15 -70
2 -66
9 62
-11 26
-3 26
-3 3
8 2
-8 -15
-2 -41
6 7
-10 0
0 0
-4 48
0 25
-5 -143
9 -94
-4 84
-1 36
2 -11
-4 -41
-19 -4
-4 -30
1 -6
-3 -57
-4 11
5 25
3 -17
4 -51
4 0
-7 -3
-3 0
-27 44
-2 -2
-2 -41
-5 -2
9 27
-18 20
-3 44
-5 -67
-12 -47
-10 -79
1 -49
-3 80
0 41
-13 -10
-4 -58
-9 -50
0 42
0 52
-7 1
-2 -17
-2 -26
1 -10
8 3
-5 -87
0 -83
-2 -32
-1 41
-7 77
-22 45
-6 23
-18 17
0 0
-3 -35
3 -44
-10 7
-8 -13
-13 -15
3 -18
6 -10
0 0
-7 0
-8 9
-9 34
-7 72
-2 -5
-3 -157
-2 -236
-2 -22
-7 82
30 60
-6 -36
-9 -3
0 3
-5 25
7 74
-20 73
-11 21
-9 -36
-4 -57
14 -87
-11 -97
-8 -7
-12 53
13 29
11 15
4 -12
-5 23
-5 -32
1 -38
-3 -15
0 43
-6 11
-14 -40
1 -54
-15 -31
-5 22
0 28
-2 58
-4 52
-3 -19
-1 -50
-6 -125
8 -39
-2 -13
0 29
-17 31
-4 54
2 29
8 -77
-5 -74
-9 -25
-5 19
-5 -13
0 23
-5 0
-7 -54
-2 -8
17 22
0 26
-12 3
1 -11
-3 17
9 -3
-4 -58
5 -56
4 4
-19 38
-11 -23
-1 -14
-3 -2
-3 4
1 -36
-5 -96
-1 43
0 -10
4 -69
-4 0
0 -19
2 33
-3 38
-11 33
-2 -7
-7 0
-7 4
-5 -1
-3 21
-1 -16
-8 -86
5 -39
1 30
-3 37
2 -2
-6 14
9 -37
-5 -16
-5 34
0 79
-10 -39
0 -60
8 -79
-7 -9
-5 -46
-6 -32
-9 -39
-6 -24
-1 12
1 61
-8 43
-32 -70
-1 -228
6 -3
-3 19
-7 68
1 23
9 -58
-6 -8
-2 76
0 45
-29 1
0 -22
0 -11
0 1
0 38
2 34
1 7
-2 -167
1 -177
4 9
-11 108
-3 57
-3 3
5 8
3 -22
-2 -35
7 0
-36 12
-4 24
-11 24
3 -30
4 -46
-10 -45
-7 -16
3 3
-4 8
8 33
8 1
-12 -187
4 -78
-1 58
-9 55
4 -53
-11 -25
-14 2
-7 58
-5 -21
-2 -52
-4 -66
-5 50
-4 69
-1 -19
-11 -94
-24 -16
-7 -4
-6 69
-1 40
-5 66
-2 -9
-6 19
2 -3
9 -83
-8 -146
-12 -51
2 5
15 84
3 32
-7 -5
-11 8
-3 39
-13 -47
-7 -93
1 -23
0 4
9 38
-7 0
-14 -24
0 -18
-15 -32
6 7
-3 43
-2 -6
4 9
-12 -28
-2 -39
2 29
3 34
2 -38
0 -109
-2 -20
-6 66
-17 70
-2 -17
1 -50
-3 3
2 -6
-8 86
-13 115
-2 -82
-9 -99
7 -132
-18 -12
8 58
1 -1
-3 -31
4 -18
-18 -8
4 69
-5 40
-3 35
9 30
-3 -38
-15 -47
-12 18
-6 -13
-5 -16
-4 -15
11 -4
-3 25
-12 -6
5 3
-9 11
-5 -3
-10 -47
4 -7
-4 -7
-9 45
-6 3
-22 -3
-10 -30
-4 24
-7 17
-11 40
-13 -27
9 0
5 -153
-22 -29
0 -31
-14 50
-11 -53
-15 -21
3 0
-6 -12
0 62
-4 57
-6 46
2 33
-8 18
-9 -26
12 -145
-1 -92
-10 -8
12 27
12 23
3 4
0 29
21 29
4 0
-19 32
-5 24
0 -11
-5 -42
-16 -31
7 -29
0 18
7 25
-9 27
2 -12
-16 -18
-2 -46
0 0
-9 -33
2 -33
15 45
2 -11
-12 30
-9 19
5 12
0 -47
-10 -21
-8 28
1 11
0 -50
-10 -18
0 15
0 -7
-5 55
-10 28
-5 -22
-3 -50
-2 13
14 -123
-29 -47
0 25
6 15
-11 -11
-14 -3
-10 -24
0 64
0 4
8 28
-10 -7
1 -5
-15 -24
-18 -22
-1 -52
-3 29
-3 36
6 17
-14 3
-5 -105
-4 -54
-6 -86
-15 -23
2 22
6 21
-2 7
-10 -24
-12 -30
-1 16
-6 27
-14 8
-8 -1
11 25
-4 -8
5 -29
-1 17
3 0
-3 -3
-1 46
0 -15
4 -67
0 -29
12 -2
-15 48
-6 2
-2 -16
5 -12
-4 -12
3 39
-3 0
3 -24
-1 -21
-2 -25
-9 -3
-7 3
-3 -39
-4 -31
5 36
8 24
-2 -19
1 -21
-7 -45
-8 4
-10 -23
-7 -29
-1 13
0 -32
-1 37
-5 48
-3 6
-1 -87
-11 -68
-8 -11
-1 -18
-3 45
-3 -18
-3 -23
-8 13
-5 34
-5 14
-12 -47
-5 -20
-19 48
1 -27
-10 -35
2 -10
7 -5
-6 -11
-1 -12
7 -9
-12 34
0 0
13 -35
-2 23
-10 -36
2 -7
-10 -21
-12 -21
-6 2
-9 66
-11 -27
2 17
0 0
-11 -46
1 -18
1 -17
5 -19
3 22
-10 -19
-1 -13
-2 -7
-2 -9
0 -39
3 -2
-2 -11
20 -25
-10 -12
-8 -4
5 5
-6 11
13 9
-4 0
0 -13
-2 4
-10 -11
-6 0
8 -44
0 -30
-3 -12
0 -21
-11 -9
-7 45
5 0
6 -32
-5 -21
-2 -12
-4 0
-8 -12
-11 -35
-1 -26
0 -1
4 16
3 -6
-3 -3
6 20
-9 -15
1 41
2 11
0 -42
-1 -33
0 2
-3 22
11 -5
-3 -7
-10 -4
15 -11
-7 31
-8 -12
-15 -15
0 -10
-10 -1
-4 -13
11 1
-2 -49
4 -53
0 -20
-9 42
19 54
-6 39
-14 -6
-8 -73
1 -49
-10 12
-6 -12
6 32
-4 2
-7 -35
1 -52
-13 23
1 -18
0 -11
-2 -2
6 -32
-10 19
-3 7
0 -34
-2 -22
-5 -16
4 55
5 24
5 5
2 11
-8 -3
-16 -31
4 -139
5 -3
6 65
0 0
-3 11
3 15
-17 -43
-11 15
3 37
-7 19
-10 -46
-17 -48
14 -94
2 -81
-14 14
4 48
9 6
9 -14
7 -12
0 -5
-6 27
-12 52
0 12
-22 -52
-10 -21
-8 -23
-17 28
-14 -17
-1 42
-3 -47
-10 3
-9 -63
-16 -77
-23 26
-17 -141
-10 -103
-2 62
-7 9
-25 0
-7 24
-11 72
-14 79
-12 -25
-1 -101
14 -75
7 45
-7 45
1 -33
-9 -80
-7 -8
-11 34
-25 36
7 -11
18 -4
-20 26
-9 -45
-7 -16
2 -17
9 -8
5 7
-9 -9
-38 -4
-13 16
11 -1
17 52
-6 2
15 -60
16 -136
-21 -3
-50 39
-6 -7
30 4
-13 105
-33 -6
-89 -19
-2 -224
88 -9
39 104
-2 -11
-30 -26
1 -33
29 35
0 22
-51 -39
-42 -17
-15 83
-18 116
7 13
-18 -70
6 -139
17 -123
18 25
19 43
16 39
-5 -41
-18 -14
-13 13
44 21
27 45
-35 11
-38 -25
-5 -41
21 -10
17 -21
-14 -13
-32 -64
0 8
37 109
1 115
-23 -26
-30 -197
11 -161
-1 20
-23 55
-39 31
12 -46
0 -26
49 -15
8 35
3 54
-25 5
-24 -19
14 -28
0 -24
-16 -5
-50 -9
-40 -45
32 13
6 -52
-23 1
18 23
8 -24
16 25
-2 13
16 2
-7 -49
9 -23
-12 -7
-7 1
0 40
11 -23
-14 -33
-19 -21
7 -5
-18 -29
-26 -18
-17 36
6 -17
39 -160
35 -81
6 -30
-8 -1
-3 -30
-35 -29
16 -68
17 0
30 16
-43 7
-46 4
8 -25
31 5
16 -36
-17 -24
-16 -48
-17 -46
-6 -9
7 -29
-4 -18
-3 -2
-1 16
-6 -12
-14 -22
0 -53
23 -37
-18 -2
0 -9
18 1
7 -16
4 -60
-25 -61
6 -18
5 15
13 -5
