5 0
8 20
9 -2
9 -7
3 -20
2 -23
1 -27
-2 -7
-1 12
1 9
11 -9
-3 -20
6 -10
-2 -14
0 -23
19 4
0 -8
15 -23
-2 -14
4 3
1 -10
-4 -17
7 -36
0 -34
2 -4
0 5
13 -3
-4 -8
4 -5
-5 -2
12 -4
11 -20
-5 -32
3 16
1 6
-1 7
5 -1
7 -1
-5 -21
6 -17
0 -24
-1 -7
-5 9
-8 -5
11 7
4 14
4 -5
0 -19
-2 -18
3 -1
4 15
2 -1
6 2
6 -43
2 -23
6 7
8 -16
-2 0
0 -17
1 23
2 9
-10 5
-3 0
7 -7
13 -20
5 43
12 1
0 -29
-11 -11
-7 4
8 14
13 26
8 -29
0 -38
-7 -3
-1 -34
-6 30
5 0
-3 9
0 1
8 -23
9 -16
2 2
-6 -15
5 -7
0 1
7 -7
9 -1
7 -41
0 -1
-6 -50
9 -43
-10 -15
4 32
0 -8
3 6
24 -15
-9 14
-6 -34
-3 -12
3 2
6 -6
3 1
11 17
0 30
13 1
-6 -29
8 -36
3 -63
-1 15
2 9
12 -27
6 -22
-17 -4
-8 -39
18 -45
16 1
2 20
-14 8
-1 9
15 6
13 -9
6 -19
6 -20
30 -9
6 -4
3 15
-10 -6
22 17
28 -22
-3 -29
1 11
-4 -26
4 -18
-1 -15
1 -3
-2 -36
0 15
3 0
8 -19
-2 -31
4 -40
-7 -7
6 -3
9 -1
-2 18
1 -8
7 -12
-6 -16
2 -42
0 -15
-1 -34
-2 21
-8 9
15 -4
1 -33
2 -11
-1 -26
-6 -21
3 -18
0 6
-2 19
3 18
9 -1
-5 -14
2 -3
3 -34
3 -44
-1 0
11 1
51 7
-9 20
-10 31
0 3
3 8
0 43
7 -36
-3 -16
-8 -9
0 6
6 -7
11 -3
4 -8
-2 -12
-5 0
11 -20
2 -35
-4 1
8 3
1 5
-1 -5
15 -4
12 -19
9 -22
-7 -20
-14 -30
22 -3
6 28
-10 12
-9 13
1 7
15 -57
-5 -18
-12 -8
3 22
0 -17
15 7
1 7
9 -6
-13 -45
5 -12
4 3
3 -27
0 7
1 25
2 11
-1 2
3 -44
-8 -13
15 -22
4 -18
-3 9
-6 -11
-4 34
-8 -14
15 -9
18 -20
0 -21
-5 5
6 0
-6 3
7 13
0 -1
5 -7
-1 -15
1 -32
2 -28
0 -31
13 34
3 6
9 4
1 -11
4 -17
-3 -20
-4 -22
0 -5
12 -4
6 23
4 12
-4 -13
5 17
-4 -34
4 -48
5 -24
-7 -6
6 8
2 27
3 -2
2 0
13 -23
6 -11
0 -13
5 -17
1 0
5 0
2 -30
1 6
-2 0
-5 -3
11 -65
-7 -3
-3 -13
9 6
-2 19
4 16
-5 12
0 -9
-1 -20
7 -17
3 9
9 -12
15 -2
2 -19
7 11
-3 2
-18 -7
3 -8
1 -4
0 -9
8 -8
9 5
4 -10
9 4
-5 4
4 -33
15 -10
1 -8
0 0
-3 20
6 28
-10 -20
-2 7
6 -14
18 -27
-2 -18
-8 -3
5 5
1 -8
4 7
9 8
2 -19
-16 -14
-10 -11
40 -7
-21 -24
5 -22
0 5
6 4
5 -6
2 -25
5 5
-3 -13
0 -26
8 -27
9 -20
1 -5
-12 -8
-2 6
-2 -6
-7 -20
7 7
-4 0
-4 -20
-1 -37
1 -14
9 1
-11 3
-7 -3
0 -3
3 -3
12 14
6 -8
-4 -30
-4 -12
3 -13
1 19
-7 -1
-1 11
3 -47
-6 -26
1 -34
5 -20
-8 0
-5 16
8 -12
-4 -2
1 -11
4 0
5 -21
5 -28
-1 -1
-1 27
-7 -5
8 0
3 -12
13 -17
-2 -46
5 -3
7 -18
11 -5
3 52
-2 8
-9 -14
15 -28
-1 -9
0 -19
0 -4
2 -13
-3 33
-3 -8
3 -20
4 -3
9 -29
4 -16
-3 0
1 -24
-1 -13
0 -1
0 -11
5 5
2 -10
-2 -34
-4 0
16 -41
11 8
2 -2
0 3
2 18
4 -25
1 -12
0 -13
-1 -25
0 -18
16 1
0 4
0 -11
6 -15
0 -20
21 -42
0 -17
-3 -14
9 7
7 6
-8 7
2 13
23 -17
2 -36
6 -30
7 -19
-6 5
4 5
12 8
-3 13
-6 -13
8 3
0 -20
-7 -4
4 -21
-1 -12
4 -10
2 5
15 22
6 22
4 -31
-2 6
3 -12
13 -9
17 -18
3 -10
7 -27
-28 27
14 -31
3 20
5 -23
2 -24
-9 -31
21 13
-3 -27
2 12
8 8
-1 -8
9 -12
2 -19
-1 -13
2 -23
-3 6
1 17
1 23
0 25
-4 24
-4 22
5 -15
9 27
-2 -2
2 -7
9 -7
0 24
13 48
6 7
12 -3
-4 18
9 -10
6 -28
5 -4
-9 -1
0 36
1 29
4 7
23 36
8 -19
13 -38
7 14
-13 29
2 -8
0 -6
0 14
1 40
2 -32
0 9
-7 -5
-2 7
4 27
0 25
3 17
0 9
9 4
-7 0
2 49
4 -9
9 4
-5 -16
3 -2
1 29
-4 8
0 33
0 23
-2 37
0 15
-3 20
9 -13
8 -4
-11 -1
-15 -9
32 26
1 9
-4 23
6 15
4 5
-4 -16
13 -2
4 22
6 -15
1 11
3 19
4 -3
-3 13
2 -81
1 3
3 0
1 26
0 32
1 16
0 47
4 -6
3 -10
0 1
13 -5
6 38
-11 1
-3 6
20 24
3 27
2 -4
8 -20
-1 1
6 -2
6 -3
8 25
1 9
3 27
7 19
14 -4
-11 -2
-4 2
11 16
3 -4
-3 6
6 1
0 20
-7 -20
31 3
-6 -4
-5 34
4 27
0 -5
7 30
-3 -10
4 35
2 3
3 23
-4 12
6 26
4 11
4 15
6 25
15 14
-6 -4
2 -2
2 -10
9 -27
15 26
-1 16
1 14
2 12
-1 20
0 -11
4 -1
-4 0
7 28
4 29
8 30
-1 25
0 0
3 -26
-6 -9
20 26
-3 31
-11 1
-27 2
20 14
5 3
7 13
-1 -9
-3 -40
4 39
8 15
1 15
11 2
3 3
-6 2
-3 -46
3 -5
0 -9
3 9
6 25
6 0
0 41
4 -6
8 4
4 4
8 20
-1 26
-9 5
-1 32
14 44
1 -42
3 22
-8 -10
5 13
5 3
-8 2
4 23
16 8
-8 21
9 0
9 -24
2 -17
2 16
1 21
6 17
7 5
2 25
5 25
1 -12
8 4
3 -8
-14 -4
-5 13
17 21
0 30
0 -30
7 23
-6 -25
14 -14
-9 13
0 22
4 11
-3 3
-2 -3
5 -8
-1 -37
7 -4
9 33
3 -5
4 -8
23 -17
7 53
4 41
-3 -5
0 -2
4 5
-9 -9
1 -16
7 13
2 39
5 39
5 1
8 14
-4 9
-1 19
2 -24
4 -23
-6 2
-2 26
0 23
0 30
-1 -9
0 0
0 0
21 0
-1 -17
-3 8
3 5
1 19
6 9
6 40
8 4
12 -2
4 -17
-4 -7
4 0
6 1
-2 26
-5 12
20 5
-2 -9
-10 -28
0 0
7 21
0 7
2 15
1 15
7 12
0 3
1 3
0 -12
4 -23
6 34
0 1
20 29
0 0
-4 20
-2 2
3 -17
-4 34
7 -9
3 0
1 22
3 6
1 -5
-9 16
4 1
3 5
2 0
-4 -17
-6 11
7 0
5 51
1 25
-6 29
23 1
-5 -1
-1 -2
0 18
1 27
16 -4
-1 -8
0 0
6 17
-5 19
-9 -11
7 -5
-4 0
6 9
0 25
2 20
-2 38
5 -29
2 2
8 1
1 -29
0 19
0 0
1 20
1 13
1 36
1 7
2 -12
3 0
3 -6
9 16
-1 8
4 8
9 25
5 -3
3 3
4 -34
18 5
2 9
7 21
6 4
0 34
15 -19
-4 6
7 -3
9 19
3 -4
2 -3
9 15
13 37
-9 14
-3 7
0 -3
12 -25
1 7
7 -13
5 16
-8 5
-1 48
2 -7
7 1
6 18
-1 -6
5 -24
1 -1
13 2
13 -12
4 3
8 -5
9 -3
3 47
-4 -11
1 13
9 19
9 21
-5 2
7 4
8 26
-6 -21
8 -13
-1 -19
-4 29
8 3
-1 -3
5 24
8 39
-10 -11
0 -19
5 -9
8 7
2 21
0 5
5 13
-1 -11
6 17
2 18
-1 1
6 -11
17 -1
-4 29
-2 33
5 66
6 -8
-8 -27
12 14
1 -1
5 9
5 53
6 -1
-4 -11
0 25
5 -3
12 12
2 -4
0 19
-8 -3
-4 15
0 17
9 26
6 1
9 -33
0 -2
16 8
4 14
4 1
11 -3
3 37
6 4
2 -7
2 -8
2 0
2 35
-5 -11
5 29
-1 -8
0 20
0 0
13 -3
-9 -7
1 1
23 11
-9 1
0 11
2 19
9 -3
6 17
5 -6
3 -22
0 24
0 16
-1 33
3 18
0 -2
16 22
6 -1
8 -14
0 34
1 41
17 -8
-5 16
-4 5
6 -1
-5 4
0 -14
3 2
-2 6
2 30
6 8
-1 32
2 3
5 -1
0 -5
8 -21
-2 7
11 23
-3 26
-9 -5
1 9
6 16
-6 -14
7 -7
0 4
0 47
-5 20
20 1
0 11
-10 -8
2 9
9 -4
0 3
-4 -6
1 13
0 59
7 17
6 39
-9 30
-1 -2
1 -5
8 0
-6 -8
3 -4
5 22
6 26
5 30
0 -28
0 -8
12 -3
6 -10
7 -52
6 7
0 11
-2 28
7 -16
4 11
-6 13
-1 -13
14 32
0 -8
-7 36
-3 4
4 27
24 -33
2 6
-11 5
1 -1
-6 23
-13 2
6 12
0 5
0 7
2 -10
-3 3
0 2
-10 9
5 33
-6 17
4 28
0 6
5 18
18 -15
-5 -20
-1 13
16 -3
5 7
1 20
-4 21
2 27
4 23
1 -5
6 -15
5 19
-5 36
-1 3
-5 18
2 15
0 11
4 6
1 -11
19 6
5 0
-9 18
-6 7
4 21
4 48
9 14
2 12
1 -22
3 -4
0 -4
-4 17
16 2
-1 23
5 32
0 -9
4 -25
0 6
-9 -11
-5 46
5 7
7 -5
3 -6
8 -3
1 -12
2 7
0 6
-10 18
4 11
7 9
6 21
8 -27
8 33
-3 -12
4 3
13 -8
9 0
12 6
-7 20
14 20
5 15
3 19
-7 -19
6 -26
15 18
-4 -4
1 40
7 20
5 7
13 22
5 -7
0 -25
6 -19
-6 3
-1 -4
12 31
-6 7
7 13
-7 31
-2 9
26 -12
-5 -16
-2 -2
5 33
12 26
-2 7
3 33
0 23
8 15
-2 0
-1 0
7 -18
-2 -2
5 28
12 17
2 7
-4 6
-1 22
-4 1
-4 -18
11 -3
19 -4
-2 17
1 25
14 23
-7 8
-6 19
0 -29
-1 -21
5 -13
0 -37
0 32
0 29
-1 28
-2 0
2 1
9 -2
21 0
4 1
6 -4
0 32
8 14
-4 33
5 -7
8 3
0 -5
12 11
0 47
4 24
3 11
7 17
-3 0
-8 -10
4 -25
0 -12
9 33
1 0
9 5
2 19
-3 4
24 8
-7 -18
9 0
11 24
-2 25
5 -3
-3 32
6 9
-3 -9
-4 -12
17 9
3 -4
2 31
-2 18
2 17
1 1
-2 12
-12 -12
6 -17
0 -8
3 25
14 13
-3 13
-16 0
4 8
16 -5
1 4
4 -8
1 33
-5 0
1 -9
8 46
6 1
4 11
11 -43
1 -23
3 9
5 -7
4 25
4 0
6 13
0 24
0 23
1 6
-1 -17
5 2
5 4
-4 33
20 -3
5 6
-3 3
2 15
-6 18
1 -22
2 -47
5 49
-6 33
0 8
2 20
0 0
0 29
7 -16
28 -9
11 0
11 -11
0 30
-2 26
1 24
-2 -1
5 0
13 5
-7 -28
-7 -4
9 21
3 24
6 9
6 26
-6 9
-7 -14
3 -18
20 13
-1 9
1 6
2 21
11 -7
-2 0
4 9
0 17
-4 -25
8 -3
2 5
6 13
-6 -4
9 3
5 11
-3 -16
-1 7
28 -3
5 7
0 9
-5 34
3 4
1 15
7 8
14 -11
5 6
0 -7
1 3
-2 17
4 14
-7 11
0 13
6 27
-11 -10
0 5
16 -18
9 19
2 15
11 7
0 -10
-7 -5
12 0
4 -17
6 -27
8 28
13 24
4 24
-6 21
9 0
-1 13
2 11
-1 -24
7 1
6 -10
9 2
8 57
-14 -7
-2 -21
15 18
6 9
2 -13
1 -21
2 21
6 -13
-5 9
-2 26
5 1
11 -6
-12 3
8 -8
2 -25
0 69
-13 1
3 7
2 -3
-6 14
24 0
0 -24
27 -19
2 -12
6 26
-1 24
11 27
-6 -13
21 4
4 -12
0 11
-2 28
8 0
5 -34
0 13
0 16
2 9
5 4
12 4
-11 6
14 0
6 -4
-1 -3
1 28
-13 25
-1 11
-1 2
8 4
16 -6
-2 -12
-6 -8
-7 11
9 14
0 -5
0 0
4 23
1 -8
6 -8
2 8
2 7
0 -30
-1 14
-7 -28
34 13
12 22
3 0
8 -14
-4 -1
-5 18
6 13
-1 12
3 27
-8 -9
6 -21
-8 -19
4 12
5 -2
6 -8
2 38
4 12
-1 3
0 47
4 17
2 2
5 -5
2 -14
7 18
1 19
3 1
5 32
9 3
-1 24
0 -10
8 -24
5 -10
0 30
6 25
5 29
11 -14
9 -8
5 3
4 2
-3 -13
-4 -9
7 -6
8 19
0 2
0 13
0 20
3 54
0 137
5 61
4 -49
-3 -97
8 -122
2 -79
-4 5
-1 59
4 -4
9 -20
1 -29
0 24
1 74
15 113
7 75
-3 71
0 47
6 -4
2 3
4 -19
-2 -26
-5 23
0 -10
15 50
0 20
4 16
26 25
3 -12
-8 -22
1 3
0 3
-8 23
6 0
2 -14
8 0
-1 -5
1 -16
5 -12
7 2
4 1
-1 15
4 9
-11 -7
0 30
0 -13
11 -6
9 -3
-4 17
-4 26
-6 14
4 20
13 1
0 0
-2 -1
6 7
-1 3
0 6
0 15
5 15
3 6
26 23
-6 13
6 -20
2 -11
-1 -9
12 2
-6 -6
0 36
2 13
3 12
-1 17
-5 -27
-2 -15
7 -13
5 34
20 5
0 28
-1 17
-1 -14
8 -11
2 -3
0 26
7 21
3 -4
-7 26
1 -1
5 28
2 4
0 0
5 -24
4 16
-6 24
-32 27
15 19
0 0
12 2
11 30
6 -25
0 -17
4 -6
-5 18
0 12
6 -1
7 -6
-5 -10
5 -3
5 -29
6 9
1 11
16 32
-2 12
0 41
0 -19
3 7
4 -18
6 -24
0 2
-2 -3
16 26
-15 35
6 0
-2 -6
3 14
8 -2
6 3
-3 36
-2 -13
-2 15
6 26
11 -39
-11 0
4 -4
7 -17
4 31
6 6
8 40
1 28
0 43
1 -3
0 -9
5 -7
3 15
7 -12
2 5
5 19
3 36
5 -11
-3 2
0 -15
-1 -6
0 11
-3 44
-2 6
4 6
5 37
0 29
5 -2
4 11
3 -2
3 23
6 23
-1 1
0 26
1 -12
14 -16
-3 -8
-8 25
9 -5
4 21
4 -10
2 16
5 12
2 -18
2 -5
5 -9
-8 -7
1 25
18 38
0 6
-2 2
-2 25
-5 5
-2 -55
-6 38
12 17
5 -28
5 29
-2 22
-1 9
3 -13
-2 -26
2 9
-3 22
0 30
15 28
3 13
-2 -11
8 7
2 -6
9 32
2 2
-1 28
17 25
-10 30
-1 4
-1 3
2 -11
1 13
2 40
9 18
13 16
2 5
0 20
6 20
0 -1
3 -13
2 15
-2 -15
13 0
-8 21
0 22
0 30
-4 17
-1 -24
8 -25
4 35
-3 6
3 17
12 7
8 13
-5 19
1 -4
3 2
2 -1
-5 56
12 -8
9 41
13 34
1 -13
6 -1
1 -3
5 -22
9 6
3 13
12 37
-6 7
4 26
0 0
0 -15
6 -12
4 33
6 4
4 -17
6 2
4 23
1 16
9 14
12 45
9 -3
2 -21
-2 -16
15 5
1 18
0 -1
5 37
-4 4
0 -6
-3 36
12 -3
6 -7
11 15
0 2
9 -4
-2 -39
4 25
1 19
1 -22
2 2
6 -4
13 4
-3 15
0 15
3 25
3 9
2 8
2 -33
0 33
-1 -11
24 -7
4 17
0 25
1 -10
2 6
7 2
0 -29
-3 -7
4 2
2 -7
2 27
9 13
-1 38
1 31
5 0
0 -25
4 12
4 29
8 -6
12 22
0 18
6 25
5 -28
2 17
4 -9
1 18
8 25
-2 14
6 25
-16 17
4 26
5 24
16 19
2 -20
0 -14
0 21
5 0
1 -40
17 65
8 42
-4 -18
0 18
-7 -18
4 11
6 -26
2 -12
8 17
-2 -5
-6 27
0 34
11 17
3 28
0 -45
0 -11
-7 -10
-1 -14
-3 8
1 36
17 37
0 -6
-2 16
-1 -14
-5 5
6 -16
14 6
11 11
7 -3
6 8
-4 -1
3 -21
4 7
-3 4
2 2
9 6
2 29
6 22
-2 19
5 -7
1 23
7 -19
0 0
-5 21
1 20
3 -13
-1 0
1 18
8 -1
5 -1
2 -5
6 8
-6 4
4 0
2 3
0 0
0 -1
3 14
5 -35
-8 -11
3 -3
2 3
-3 6
-1 -2
-8 37
6 1
0 -18
1 -4
5 -5
-1 28
0 21
14 34
-3 5
8 7
0 4
-1 -14
-8 -8
11 13
3 9
-4 6
0 -10
5 -1
17 -8
17 7
8 0
-2 -4
0 48
-15 1
3 20
9 26
-1 24
6 11
-1 -25
-5 0
-7 -4
-6 5
19 36
6 17
7 -5
0 -7
13 23
-3 -17
7 2
-4 22
-3 32
-9 6
15 12
5 -1
-1 -23
0 -15
14 -31
0 34
-11 -3
14 -1
13 29
-4 -6
7 25
0 -5
8 5
-1 -10
0 14
0 2
11 -11
2 3
-10 1
4 25
6 4
4 6
1 22
0 -2
4 25
5 19
29 2
-4 -35
0 -3
4 11
3 -2
-9 12
5 30
5 0
13 -3
6 17
0 -8
14 -16
1 16
5 19
1 16
-1 33
2 28
1 20
-6 -43
2 -17
3 0
8 5
0 24
5 14
-2 13
-1 -23
-3 9
3 3
4 1
0 35
2 -14
8 -4
13 45
3 6
8 -11
-5 -24
1 -23
-5 3
4 11
9 15
2 -3
-6 35
8 34
16 20
-1 -16
-6 -13
6 -29
0 16
3 12
2 9
-1 14
3 -14
6 7
-2 19
4 -44
0 -10
18 -28
5 51
-1 -7
15 -4
4 17
6 8
0 -20
14 9
1 14
3 0
1 -16
4 12
14 18
-4 25
4 4
6 -7
8 3
1 -7
3 -3
-3 8
-1 14
3 24
19 5
0 26
2 -11
0 -19
11 5
4 65
8 17
-5 18
-1 48
3 12
-1 -13
-4 -4
-8 -20
14 -9
3 3
11 -5
4 31
-1 14
4 23
14 0
11 1
7 0
-2 -1
0 21
5 8
0 13
0 25
2 25
1 2
5 3
9 8
-1 18
-4 7
5 31
0 17
0 -11
14 2
0 4
-4 -19
0 -20
-7 9
0 16
2 20
6 22
-9 0
14 9
6 -23
5 6
1 12
-1 -14
7 9
2 -9
-6 43
8 8
3 20
6 6
6 1
3 -12
6 0
-2 0
3 25
-1 19
2 -14
3 12
22 9
5 -4
-6 12
0 3
15 31
11 -19
3 -12
4 -43
-2 11
-4 2
-1 27
4 7
-8 0
2 -4
12 -60
0 19
-7 -24
2 17
4 -1
-11 28
-6 11
6 20
7 39
0 -14
11 3
1 -15
5 9
2 12
-6 13
2 24
-3 -1
-7 2
2 -7
32 2
-3 24
-5 -12
3 12
-5 22
4 38
0 7
1 -1
4 4
0 0
-1 3
1 15
0 11
2 21
0 12
7 14
0 8
1 -28
-4 -8
4 6
9 12
7 19
9 18
7 18
2 -3
-10 -44
-3 33
0 6
5 19
0 29
-7 7
8 -20
-6 18
3 -15
0 19
6 -2
4 17
4 20
9 30
0 9
-7 -12
-1 25
0 -27
0 2
1 17
18 -10
-4 11
0 19
3 16
3 -13
6 20
4 -21
1 25
3 6
6 22
0 5
4 9
-11 5
19 -5
-5 29
-11 1
6 24
23 3
11 7
-3 14
-6 -5
-1 14
0 -37
0 3
6 -5
-7 6
4 17
4 23
15 -7
-5 -14
1 -4
5 -23
14 -4
2 0
0 19
5 14
0 22
2 2
1 -26
9 6
-4 -4
-3 6
7 28
-1 17
4 26
3 -6
8 6
-5 -17
2 2
6 9
1 18
-7 22
6 0
6 0
-1 21
8 -2
0 -9
5 0
1 24
4 0
8 31
5 45
0 -3
0 -12
-2 -9
3 2
3 -7
8 41
11 0
2 11
8 21
7 -16
6 -9
0 -24
-4 23
17 33
1 -6
-2 21
7 14
16 -24
3 -3
-7 3
6 8
3 1
1 41
-4 16
7 22
8 1
4 -6
-1 -14
2 9
3 17
-2 15
1 7
2 24
4 2
14 -13
-5 4
4 3
-6 6
5 44
6 -4
-3 18
11 17
2 -12
0 1
-1 -23
4 -2
2 -2
6 31
3 18
2 27
1 -1
-1 -5
1 0
-2 4
3 6
8 -4
1 31
0 21
