-3 -3
1 19
15 13
-3 -4
1 -11
3 14
11 -18
2 -2
0 5
2 17
-3 21
2 44
-5 7
5 17
5 -10
0 -3
2 -1
-5 26
2 21
-2 18
7 -4
8 5
5 16
9 16
1 5
0 9
9 22
0 33
-7 13
0 -7
4 0
2 -21
-2 -15
-8 -4
8 11
7 26
1 27
6 19
2 -7
3 -31
-4 -13
5 -7
5 16
1 9
8 12
2 -4
-6 14
4 -6
9 -33
8 -29
2 1
1 20
2 22
4 24
3 9
0 12
4 8
2 -3
14 -6
1 0
-5 12
-4 21
7 1
3 11
3 34
6 5
14 -18
3 -4
0 17
9 41
6 7
-10 -4
1 2
12 8
1 28
3 -18
1 -1
12 -3
0 30
0 20
4 19
0 29
4 29
9 -13
7 -8
3 -2
4 -2
-10 -7
-3 22
0 36
7 13
-1 0
5 -34
7 -8
12 -4
8 -5
11 20
1 -2
0 3
-15 12
0 -11
4 -6
0 2
2 0
8 0
-3 -17
-1 16
3 26
9 2
2 -13
5 28
7 -8
-7 3
5 3
0 8
1 31
-1 44
4 1
4 -2
1 -5
-1 -9
4 6
2 -8
2 30
0 15
6 7
-3 0
1 12
4 8
4 -15
0 17
4 17
0 6
-8 17
2 8
3 -1
13 18
0 14
-3 19
12 3
-4 14
1 35
0 17
-2 14
-2 4
6 -3
8 -35
-5 -47
0 -7
0 1
4 14
0 6
0 37
4 26
1 0
5 -14
-2 -13
0 2
0 12
-4 11
6 32
2 15
3 -10
1 -15
-9 26
3 -11
7 29
5 23
-2 -9
-4 -15
13 -5
0 17
8 -11
-3 0
3 -27
1 16
-1 35
9 41
4 23
1 5
12 -3
-3 -2
-5 5
1 25
2 28
-4 17
9 -1
4 0
11 -7
0 3
0 15
7 21
8 3
1 26
-16 16
5 -3
-7 -4
4 -27
4 -2
5 51
12 25
6 28
0 -3
-8 22
9 4
6 -7
-3 0
-3 16
9 24
11 38
-4 -14
-2 20
13 14
8 -24
-1 -1
3 3
11 6
5 0
3 1
2 19
11 0
0 -9
-5 -32
8 -5
-5 0
-1 -8
2 3
8 16
7 14
4 -1
5 -27
5 -25
-6 17
4 20
0 46
1 7
0 -14
-1 2
12 3
9 -6
1 -1
13 24
-3 49
-3 -9
-6 23
-4 -1
7 -30
4 -10
-1 -8
4 14
-2 24
0 2
0 0
8 4
2 13
-1 -7
0 -14
0 12
3 20
5 9
0 6
0 5
8 8
7 1
9 0
7 -7
5 -41
0 30
7 23
-4 48
5 0
1 -10
7 -17
1 1
5 32
-3 31
8 -5
9 18
3 27
5 -3
-7 -4
1 7
5 14
-1 27
0 23
-4 8
5 39
-1 8
11 -19
1 -17
5 4
1 19
12 29
0 23
-12 -40
2 17
6 -22
1 -21
4 -20
6 11
2 23
3 30
5 -10
2 11
9 -12
7 -5
7 -13
1 -5
2 8
9 18
0 31
-3 20
-1 12
0 8
4 1
0 33
-1 -15
0 24
1 13
1 8
9 11
0 -21
4 2
0 -12
3 22
8 9
2 25
0 25
3 7
-4 -9
6 -6
17 -14
4 -1
6 15
6 28
0 21
-1 1
5 4
6 0
-7 -9
-3 4
2 16
26 11
-1 13
0 17
4 30
-2 0
0 -13
7 0
-4 5
6 13
5 20
0 31
7 -34
0 21
0 -10
-5 -9
0 30
4 18
4 38
0 1
9 -10
1 35
-2 -4
-4 -10
-1 15
3 -36
-2 33
11 6
-1 34
-1 8
-26 -19
3 5
2 -8
23 20
5 -7
3 15
11 23
-2 -6
-2 12
3 -19
-1 -2
9 1
14 28
4 5
0 19
0 28
1 12
-4 -11
-2 -13
3 -2
0 7
6 0
-1 7
0 19
7 20
2 -2
-5 -16
1 -22
6 -19
4 8
1 33
-1 2
7 5
3 14
-10 29
2 -7
0 -1
8 21
-2 30
4 5
0 14
6 1
4 -18
8 -20
8 -27
8 15
2 11
5 11
3 25
7 5
6 20
-1 -8
8 2
2 6
5 0
-1 26
-1 4
8 12
6 4
0 8
-15 -26
2 27
0 27
0 3
1 6
8 6
0 40
0 5
-1 1
-1 14
0 20
3 24
5 36
2 -9
1 18
-2 9
5 -13
0 -21
4 -5
5 25
5 12
12 5
6 29
2 -2
-2 -19
1 -2
2 31
1 -11
3 20
0 22
1 13
-6 32
3 0
0 -9
4 -20
4 5
4 26
4 -9
0 22
5 19
1 11
0 -15
1 -13
2 4
1 28
4 14
4 36
-2 8
2 26
0 -5
1 8
8 21
0 -6
1 14
6 51
4 11
5 -9
0 39
3 3
-4 -19
5 17
3 20
0 14
2 31
-4 11
4 -1
-7 0
4 -20
14 -12
9 -3
-2 -2
6 28
0 18
4 2
5 -4
6 -7
-5 -2
5 18
0 -8
6 29
-6 -13
5 34
2 20
0 -34
7 16
3 -12
11 17
2 -22
0 2
11 38
2 26
4 15
4 -12
-3 34
-6 28
1 15
7 -12
4 0
-2 9
4 20
5 20
0 3
0 13
11 0
2 -24
11 -19
3 27
0 43
-2 2
-1 46
17 14
1 22
0 -5
-1 19
5 -29
3 -19
6 -8
11 52
6 14
1 16
0 17
13 21
-6 -11
3 0
3 18
-1 7
13 19
0 26
5 12
-32 -4
2 22
7 4
1 -10
2 -2
3 8
0 9
0 2
-2 21
-3 6
2 1
3 -45
0 8
2 -11
6 30
0 18
8 27
5 5
8 -28
7 5
3 -7
0 -28
-30 41
1 25
5 22
1 35
0 -5
11 1
2 2
12 -24
-1 -2
1 8
3 16
7 13
-1 23
0 -40
0 -18
0 -17
3 13
2 5
1 36
4 21
0 -4
0 7
-1 21
-1 -4
5 -3
-1 4
0 8
-6 -9
0 15
-6 13
3 1
23 -19
-9 4
-5 8
0 9
7 19
0 -3
1 28
1 -6
13 -1
0 -26
11 -25
-1 -3
5 19
1 1
-6 26
14 -11
4 -2
9 -22
1 -2
11 -14
14 25
0 29
0 22
9 25
-3 -12
3 -12
7 -21
11 -1
0 23
-13 13
5 16
-6 7
2 15
1 -13
-2 -14
11 4
9 -3
4 79
9 23
0 4
4 23
0 -13
2 -3
-1 0
2 -11
3 0
0 37
-2 5
-3 -7
5 7
3 0
1 -18
2 -3
9 0
5 -7
-4 39
6 25
0 0
4 -10
1 -19
13 -31
3 5
1 18
4 37
-2 40
3 16
-5 -13
7 -2
5 -11
11 9
2 41
1 13
8 16
1 14
6 -7
0 0
6 -25
-1 5
2 -13
13 28
-8 19
9 13
6 11
-5 12
6 5
11 -17
5 -11
2 -21
1 16
0 -17
-6 38
7 30
-3 3
2 -31
0 -12
1 -14
3 -24
0 9
1 32
-4 32
1 15
-9 17
3 -12
23 -12
8 12
1 3
-4 7
6 11
6 27
4 16
1 -10
0 45
4 -34
0 -18
0 14
3 16
-6 20
3 2
11 16
-2 -2
11 -5
5 -25
0 17
2 22
4 26
-22 29
4 27
-1 -8
4 37
-2 -25
9 2
-4 45
2 19
12 37
-16 43
5 -16
8 -27
8 -9
6 5
-1 25
3 18
0 13
6 5
-3 7
5 23
0 -15
-5 4
9 -18
3 8
-3 17
4 12
12 8
7 38
0 -19
-2 -12
3 2
1 3
-13 0
0 46
11 13
4 20
-2 19
4 24
0 -14
1 -2
4 -48
1 58
5 50
-5 20
-10 -1
8 32
0 8
2 -11
3 29
4 -1
7 18
4 23
2 2
-7 -11
-4 -24
0 22
-4 -11
4 -3
-2 26
2 16
0 16
7 48
-2 9
-1 -31
6 -5
-6 6
3 56
-6 9
0 -3
3 13
8 28
0 -18
20 0
0 2
0 -21
4 58
1 -16
4 13
-1 2
-2 -17
-2 -16
3 -11
14 -18
-6 1
0 1
8 35
9 9
-1 30
-11 7
7 -14
1 11
0 0
8 -8
-3 29
0 0
-2 -10
0 25
1 2
0 -32
9 -17
6 0
0 44
3 6
5 1
5 34
0 -12
5 -7
13 -20
13 -13
-9 -25
-8 0
5 1
0 36
5 26
2 9
13 7
1 -12
6 -1
3 -6
2 -17
3 29
7 7
0 9
-4 11
0 -11
0 -8
1 -4
2 2
1 23
1 34
-5 32
13 -2
0 -4
4 -7
-2 -3
8 11
2 21
-5 -1
0 0
1 0
7 -3
13 -7
14 5
3 -10
2 -4
13 35
2 -1
-3 5
9 4
8 6
9 3
8 -29
5 -8
2 -15
5 1
2 41
0 -3
13 21
9 11
2 9
7 -5
3 21
-2 15
-2 15
7 8
-6 -11
6 -4
5 -2
1 3
7 5
0 29
3 11
-6 14
0 16
7 43
5 55
2 -20
9 9
-20 -24
9 -5
-3 19
-1 18
-10 15
9 5
5 -2
4 -5
-34 -22
0 -14
-1 51
7 -16
5 24
8 15
5 0
-6 6
8 -12
2 -20
3 12
3 -11
5 0
-3 8
11 1
5 24
-1 45
9 15
25 -28
-6 12
0 -10
4 -23
8 -34
4 14
1 29
5 -1
11 0
2 -7
1 -35
0 20
6 18
1 1
5 3
4 -1
8 1
-6 -10
-1 -11
6 7
14 12
-1 36
1 32
0 1
-2 0
0 -11
7 1
5 15
9 41
14 17
2 3
-2 17
5 0
2 -3
6 -13
0 18
-1 8
13 21
0 3
-2 19
16 -4
9 -16
12 6
2 7
5 15
0 1
-5 -2
7 18
-7 25
0 -25
-1 -1
0 15
-7 -17
3 1
6 20
6 29
5 28
0 4
2 -18
-1 -12
-1 -16
3 31
5 18
-4 19
9 25
4 14
4 -17
2 -47
-3 13
5 23
11 47
8 16
0 6
1 47
3 -19
7 -12
-3 0
2 -4
-1 0
0 -24
-5 30
13 27
6 9
-4 -4
3 -17
-2 -14
4 7
1 4
7 45
7 2
3 15
16 17
13 -2
6 -4
-9 -26
0 28
2 19
3 25
9 6
13 -27
4 -18
-7 4
2 9
1 37
4 21
0 30
1 23
0 -6
-4 -32
-8 -3
2 -14
3 8
-2 26
27 26
-3 -2
0 2
0 17
0 -12
1 -7
2 6
3 23
20 25
-16 14
-8 4
8 22
8 26
0 -15
5 6
1 -3
-4 8
6 19
-3 14
25 -39
2 1
-3 5
-2 4
0 24
2 40
13 22
1 21
17 11
0 27
6 -3
0 -21
21 -12
-5 0
8 13
8 38
26 26
-25 7
-4 23
0 -12
7 36
-1 -16
-2 -1
12 5
9 6
2 23
4 17
6 7
7 4
-3 -31
-4 8
-1 13
-3 16
3 15
5 14
0 6
8 -15
5 -14
8 -2
1 39
0 21
0 33
0 29
0 18
-2 0
4 -27
12 -17
-2 18
2 26
9 5
6 27
1 29
3 -22
-6 -4
8 18
5 14
7 4
12 20
-13 22
11 31
5 30
-8 -8
-3 -34
12 -17
5 -12
-5 44
6 13
2 1
3 46
11 -13
5 -3
-1 1
3 19
0 14
-1 26
-9 15
6 -3
5 31
2 -7
5 -2
1 -9
0 -6
7 17
6 29
-13 -1
0 -9
9 6
9 -13
-18 -6
-2 -4
6 23
3 14
-4 34
13 22
0 11
-5 -14
-5 -29
8 1
5 20
8 44
-7 16
3 27
4 6
-5 26
13 -20
0 -9
0 -9
4 27
4 34
-9 13
8 28
6 15
0 -2
6 -33
3 -17
5 22
14 -5
11 11
13 25
-5 -3
0 -13
12 29
0 -16
-5 2
5 -2
8 23
3 8
4 -7
7 13
2 3
1 -59
3 6
16 20
0 5
5 2
0 -1
13 1
-4 13
11 12
3 -4
-11 8
11 1
1 -4
0 31
20 22
-3 -23
6 25
-6 0
5 -23
0 -10
6 1
-4 42
-4 26
12 8
-3 16
5 -7
0 -2
-1 -19
1 -26
7 31
-3 22
11 11
3 18
2 59
-11 -59
0 -42
3 -19
0 2
-5 21
0 35
8 22
9 -1
12 0
11 -10
0 -2
-1 2
1 23
8 22
16 7
1 30
9 42
11 -10
4 11
7 -8
1 -1
-9 25
1 3
-1 11
14 9
7 -40
-1 16
3 -9
4 0
2 -13
0 6
-5 21
-11 43
18 2
0 7
1 -1
11 -15
3 2
5 0
4 -1
1 9
1 -6
6 12
-1 -6
4 4
4 -22
-1 -16
0 11
5 25
2 29
-8 20
5 13
2 6
-5 41
8 -5
16 -15
-16 11
0 7
0 8
-3 25
14 -7
16 -10
0 -1
-2 -18
-9 -3
-9 -7
11 -7
13 28
3 31
5 14
2 26
7 12
2 6
2 -10
-2 9
-8 12
11 39
7 1
2 14
8 -7
-2 -38
3 -8
6 -1
0 -4
-2 -12
-2 -8
-5 0
3 32
-1 0
4 -31
2 -19
2 15
-1 4
1 24
-4 7
6 3
8 8
-2 4
-3 -20
3 -23
-1 8
0 34
11 20
-4 26
5 0
3 -8
-1 -17
6 -20
0 52
-3 29
3 23
2 22
11 37
1 -25
0 -21
-2 -11
4 17
-1 19
11 7
0 20
-10 -9
5 16
-1 -14
6 11
2 8
6 7
-7 44
-1 17
-2 5
2 16
-4 1
13 -24
0 -9
2 27
0 1
2 6
4 26
0 25
9 -10
6 -21
-3 -5
-3 -17
5 8
-3 13
1 1
5 16
5 12
5 16
9 1
6 11
0 -19
0 3
11 1
0 33
5 22
-2 -14
0 4
4 -27
0 -20
4 -1
4 20
8 13
-1 5
-1 -1
-1 -24
3 19
6 -33
-3 -12
1 4
-5 20
6 37
0 29
0 19
3 4
-4 1
-2 14
-2 3
9 18
-3 18
5 12
1 25
5 -14
-5 -5
-1 18
9 5
2 33
8 0
4 17
8 44
2 1
-4 1
2 -17
0 -46
5 16
0 36
0 38
9 -5
-2 -10
-2 20
0 6
3 -8
-1 0
-1 1
-2 -1
0 14
0 6
7 17
3 -1
2 -30
9 14
11 16
0 11
0 31
-1 16
4 24
-4 5
8 -16
4 15
-1 0
-2 11
6 29
9 19
8 -4
0 20
-1 -32
-10 -10
3 0
-6 1
13 33
2 12
9 -9
13 19
-5 -36
0 -7
-3 -4
-2 40
13 17
9 20
-7 27
-4 0
6 -6
4 15
1 1
1 7
0 13
7 14
-10 5
-2 37
-13 -2
9 -18
-7 6
-11 14
-5 12
1 5
-2 35
-3 15
9 14
7 4
3 -6
0 -25
7 -10
3 20
6 -13
6 -2
-4 28
11 1
1 -11
-1 -29
5 -23
5 15
-2 6
8 7
14 6
1 13
7 17
0 4
-2 -30
12 -25
4 28
9 20
2 27
-1 0
2 5
3 13
8 8
3 -3
3 -3
5 21
14 6
4 5
0 30
0 0
2 20
4 -4
-2 -5
0 6
-2 26
8 20
-3 17
9 8
4 -2
7 -31
-7 -9
6 8
6 26
-1 19
4 23
3 23
3 0
1 -20
6 -11
11 9
5 9
7 12
5 5
2 8
4 20
-6 1
-5 13
0 -6
9 -11
12 26
-5 4
-2 -17
5 -9
-2 12
3 20
3 16
4 7
4 0
2 5
2 -17
-3 8
2 -12
8 26
4 13
4 33
-4 25
22 20
-4 2
0 -22
2 -8
4 1
6 17
1 0
2 15
9 -3
4 11
6 6
5 -10
0 14
0 24
4 43
2 -2
9 42
6 33
5 0
-7 12
6 13
6 -2
4 5
5 27
0 18
11 26
7 0
3 -30
3 -14
1 12
-1 34
-6 36
14 4
5 14
9 -13
1 1
-2 -38
0 2
3 2
8 -1
2 13
3 20
1 3
0 12
11 -29
9 23
-12 21
-1 17
-1 22
-4 42
13 3
9 -19
7 -19
-4 4
12 3
0 0
-1 25
4 23
4 46
2 31
3 -49
5 -5
3 -23
-3 21
4 37
2 39
6 8
8 1
-1 6
0 -22
-5 3
-5 -8
4 22
4 28
6 18
8 12
8 -17
6 -12
5 7
0 18
0 19
0 13
14 0
-6 -2
-8 14
2 -24
4 -4
-1 7
3 -8
7 12
-6 -8
7 34
-8 32
0 0
12 14
0 2
0 7
0 -1
-3 -7
-10 16
-4 11
2 27
2 -11
-2 0
0 -2
3 -13
-1 -8
8 8
-7 24
-2 15
18 30
1 4
6 0
0 13
0 -16
-3 13
1 28
5 59
-5 -15
2 -12
1 12
5 12
0 -4
2 9
-1 -7
-1 -5
3 25
4 17
2 31
1 -26
3 21
2 36
1 -27
-11 -13
0 18
2 28
3 16
-4 19
5 0
1 -32
2 -11
-8 16
-6 8
6 32
-3 27
2 41
3 8
4 33
7 -2
4 0
1 17
0 9
11 0
-3 -9
-4 -2
4 16
12 30
4 23
6 20
25 5
4 -20
1 -3
3 -31
1 32
1 13
12 15
3 27
3 15
2 -12
0 -2
0 -16
-1 -16
5 35
8 19
-1 0
7 5
4 6
7 -11
-1 -25
0 -42
12 -22
-4 -11
6 0
3 19
-2 27
5 31
8 29
6 -11
-9 -12
1 -2
3 4
15 28
-1 13
-8 17
-7 13
-3 11
8 -9
4 -18
6 -3
7 36
3 9
-1 41
-4 11
5 -20
0 -2
1 0
8 4
1 8
4 1
-5 20
1 28
-1 19
7 -20
-5 4
1 -10
4 1
0 12
9 37
6 -4
3 16
1 -4
3 -6
-3 3
0 -10
12 8
7 11
5 41
2 -4
4 13
2 -17
1 1
3 -23
5 33
-2 -24
9 -4
0 19
5 -38
-2 6
1 -7
9 -5
0 -11
-5 5
-3 33
-4 23
15 22
4 -20
0 -31
-6 5
4 -12
4 -22
5 42
5 45
5 -1
3 7
1 1
0 -6
7 -8
0 19
-15 2
0 29
0 3
6 27
0 20
-6 -1
0 -11
3 14
0 22
0 3
1 -23
9 18
-2 8
-1 -11
9 -8
0 23
-3 8
-2 7
0 4
6 4
11 12
4 -8
14 -11
-4 -10
-5 2
6 17
-2 34
3 30
-2 22
11 13
-2 -8
12 -10
6 7
3 9
1 6
-2 8
-5 3
7 43
6 -24
1 -8
3 -1
4 33
-2 -2
2 19
3 35
2 6
19 5
8 -9
4 5
-1 -19
2 29
9 8
-3 20
9 27
0 14
3 -2
2 -2
-5 -9
2 24
5 1
0 4
0 11
-1 13
-5 -1
0 9
3 -6
4 1
-1 15
-7 26
8 15
-3 9
-3 -3
6 4
7 -27
0 18
1 37
0 14
-2 9
0 23
-1 6
-7 0
24 -3
6 17
4 15
-2 6
3 36
7 24
4 -22
7 14
-4 -4
-1 5
6 -4
8 0
4 17
-3 22
2 15
2 23
-3 -18
0 -34
6 9
11 8
1 30
0 28
2 6
-4 45
-4 -3
7 -31
-7 -5
4 19
-6 -5
-5 30
14 3
9 -1
1 -8
0 1
2 -7
6 41
4 2
9 64
0 34
4 -22
0 24
2 13
-6 -24
4 -44
-1 28
8 21
0 18
0 7
9 8
6 28
6 -17
8 -4
-4 -19
-4 4
11 7
1 14
-2 39
0 21
3 -46
-7 2
-4 7
3 0
3 6
2 13
5 5
6 -5
-1 18
5 -15
1 -1
0 19
8 11
2 16
6 3
0 -5
4 17
0 8
16 20
6 -14
-5 -22
-6 2
11 -49
1 -2
12 -52
3 37
4 42
-1 3
-2 -15
4 20
9 -15
2 -1
0 6
-3 -15
-3 -3
9 0
2 2
-5 11
0 -4
5 -11
1 -33
11 -1
7 20
-6 24
6 13
-4 6
4 17
7 -11
6 -5
0 -4
0 4
4 30
1 31
0 19
8 3
0 24
4 2
-4 -11
2 -6
0 8
3 20
0 8
3 15
4 20
0 -2
1 -29
0 3
4 20
0 13
0 2
0 20
2 3
-3 -29
29 6
-2 4
0 16
-3 14
5 31
0 -29
3 30
7 1
-10 -15
-2 1
14 -10
1 20
-9 20
-6 32
7 7
8 19
7 15
20 -17
-7 -16
-16 12
17 55
9 19
-8 33
6 4
5 24
0 -7
7 9
-6 3
-2 11
0 40
-6 33
24 1
3 1
-9 47
0 -27
0 1
19 -7
-6 8
-8 38
6 24
8 7
20 17
0 -43
-18 2
34 -3
0 38
3 2
-2 3
4 31
-3 20
19 0
-23 -25
3 -28
19 12
17 1
-9 3
1 30
-10 27
7 55
-6 5
9 -5
4 -20
11 0
13 14
1 6
5 0
1 -51
0 -16
4 29
0 14
2 9
-3 9
2 33
-2 13
0 -11
2 43
2 21
5 -17
2 -12
-10 -11
0 32
0 26
1 -20
8 -4
5 -3
15 23
0 4
2 -10
1 11
-15 4
1 20
-3 16
2 -4
5 27
0 0
13 -19
-3 -19
0 14
5 16
-2 37
4 -3
4 22
1 6
-1 -12
8 -4
11 19
-4 2
3 4
9 28
6 -6
-13 -11
-14 -10
