27 31
-5 -41
-17 8
24 11
-2 12
-10 -5
35 -11
27 17
-20 19
2 13
-1 19
50 -15
-6 -4
-50 -22
0 -56
46 12
-9 -3
-6 11
-20 23
-7 8
102 -26
-43 -6
-23 -36
27 1
6 11
-45 19
74 -21
-3 8
-28 -38
-32 20
67 -82
1 9
28 33
3 1
-28 -13
-9 -41
-24 1
95 -55
-41 4
3 0
41 -1
-49 -10
-20 -11
59 -8
-8 0
-21 -39
47 -39
-6 -28
35 -13
-24 16
-87 12
46 20
91 7
-56 -8
-51 1
-23 -31
42 -15
46 -13
5 1
23 -29
-43 4
-4 -19
43 12
32 -36
-39 6
-56 7
-70 6
45 -1
93 -6
33 2
2 -15
-89 -17
-7 -24
52 -12
52 12
-33 30
-57 -18
-25 17
112 4
-4 -20
-42 -30
17 -15
23 13
12 38
99 9
-31 4
-29 -39
-78 15
-53 -41
49 -1
73 7
-27 15
-22 14
-16 0
20 32
33 -33
65 -39
-69 -25
-2 21
77 -5
17 -3
1 -9
37 -8
-10 -12
8 -5
-9 -29
6 -21
-9 -15
41 -12
24 2
3 4
19 21
-8 -20
-50 -5
12 -12
-11 28
-7 -17
50 -8
25 20
14 -30
-4 -17
-20 14
3 5
-37 28
91 -26
-14 -9
-17 0
-17 -5
7 12
40 -4
-54 -18
36 35
-19 19
40 -56
21 -35
24 -31
-9 -6
35 29
-8 -29
-39 -15
41 -2
53 -8
29 9
-89 -11
20 3
38 4
-13 -7
-23 21
71 16
-12 -3
-11 2
-24 -21
-35 -30
60 3
-14 25
-8 3
-2 -27
-13 5
-19 8
49 -24
21 -32
-18 -8
20 -25
14 -3
27 14
68 7
-76 6
-18 -46
25 -35
18 -2
22 -43
8 -5
-7 38
14 -5
9 1
4 1
13 7
26 -40
-13 -14
6 -12
37 16
-14 19
-8 -9
17 -1
9 2
3 -23
-17 -46
-19 -38
15 6
1 37
-27 26
4 26
-12 11
-18 -27
12 -59
19 27
-15 0
25 9
-17 -10
30 4
-9 -14
18 1
-16 -8
15 2
-9 -85
-53 18
92 -27
6 6
-59 8
34 23
-2 -45
1 -31
-19 25
-16 -50
64 8
-16 -11
-7 5
8 -11
12 -86
-21 -25
3 11
29 -46
-4 -93
-30 8
19 20
-22 18
9 -34
57 4
-20 -41
-30 -1
47 25
-12 8
3 6
-8 -7
2 0
32 1
-22 -25
-5 -15
25 -30
14 4
-8 14
-62 -29
21 11
0 -2
11 -12
7 -18
-8 -5
-9 8
-5 35
52 30
-5 12
-66 -6
41 -21
7 -25
-23 -22
23 1
26 27
-9 0
-32 16
23 -43
12 -6
26 -10
-20 -26
-1 -19
1 16
-6 -20
29 -17
32 4
-8 -6
0 -18
0 13
12 -41
0 -5
5 -1
-23 5
5 -7
44 36
-36 -12
-5 0
14 -43
-4 -51
25 4
-11 -12
-9 -7
6 18
22 1
-2 -20
-20 -20
24 -27
5 41
11 -12
0 -11
-13 0
0 8
8 3
12 18
0 -48
21 -9
-52 52
32 -30
-7 -11
-8 57
45 20
7 -3
-25 -29
33 -15
-15 23
-21 -30
106 -24
-103 2
6 17
3 -8
12 -30
15 -17
-23 7
-28 17
55 9
-2 -16
4 20
-4 -21
32 2
8 -39
-30 -30
63 -25
14 28
26 56
-61 -2
-17 0
20 -1
30 1
4 3
-24 -54
-9 36
27 -5
50 7
-40 5
-2 20
32 -39
1 -52
-47 13
66 18
-11 -31
-4 29
24 34
-15 -26
5 -19
0 -37
28 13
18 -6
-44 18
-5 28
-6 -9
-9 9
-1 3
-8 -45
63 -32
-48 6
17 35
4 -5
-8 -39
-7 16
24 0
37 9
4 -29
-22 -9
0 29
3 -13
12 -12
-10 9
2 27
47 -30
-31 -28
-7 -37
-11 15
13 -41
17 -20
-14 17
2 33
4 5
31 33
-23 5
27 -49
-14 -23
-17 6
-8 27
55 -9
-42 9
-9 -31
-33 -37
14 -1
21 0
3 -7
-71 2
-6 -1
90 7
-55 -24
-3 3
-28 -33
-4 -8
22 6
-4 20
13 -21
36 11
-46 75
-35 -19
24 -99
11 -19
-12 -1
27 11
16 -16
-18 26
14 1
-63 15
47 34
36 -22
-8 -32
-11 -6
-10 26
-4 40
66 -4
-106 -19
25 -37
23 -34
13 37
-12 33
-2 -23
-7 -1
14 29
-8 51
26 -4
-5 1
-34 23
38 -2
13 14
-7 -1
22 14
-24 44
15 30
-37 -12
27 -3
13 3
2 41
5 -34
-23 37
20 13
40 29
-66 -14
-1 -12
30 -25
-1 4
-12 15
4 7
13 9
40 34
-15 33
-63 5
-4 6
4 5
50 18
-21 -1
3 3
-6 29
6 36
1 28
20 4
-23 -43
40 0
-47 -3
-40 -7
3 20
59 39
13 -25
-11 8
6 22
7 -23
51 0
-42 11
18 3
-10 8
23 -8
17 22
8 -1
-18 -4
5 20
5 -14
-10 23
-19 6
24 5
35 31
-8 23
-20 -33
0 -21
18 5
-8 -4
47 14
-36 7
18 51
38 45
-19 -18
-6 25
-4 0
-19 12
49 -31
8 13
-20 27
18 17
-6 7
-20 15
3 -1
-7 -16
-18 1
1 20
-32 1
11 24
-1 17
23 6
2 11
57 -31
-36 9
19 -9
17 11
-79 21
39 12
11 36
-37 12
17 -12
7 -1
14 -29
2 3
6 46
7 70
-3 12
19 3
2 -19
-30 -21
3 -8
13 5
4 32
6 22
-70 28
28 12
40 -1
-9 16
-20 0
3 17
27 13
0 21
9 37
9 -1
8 -47
0 26
4 1
6 -7
-10 4
-4 16
14 42
21 25
9 36
19 -47
-48 2
17 23
21 18
2 38
-17 21
24 23
4 71
14 -4
-21 -16
52 -14
-12 -1
-35 0
-6 31
35 13
34 -32
-25 16
-19 16
9 -23
22 -20
-21 15
-4 8
34 12
34 40
-43 11
-20 -62
15 -12
15 32
-18 22
-1 45
-9 5
0 -20
24 42
-16 13
11 33
2 -26
-7 39
25 -21
-8 13
-12 32
-19 34
35 26
2 -33
1 40
-3 8
-2 -9
32 -1
-10 -16
-22 63
28 35
20 -23
1 -30
-14 -14
-21 30
22 28
-19 77
42 -6
-11 -12
-3 43
-9 7
-19 11
-17 -32
16 14
49 7
-27 29
2 26
36 38
9 11
-56 0
4 13
16 -49
-7 22
11 42
43 38
-33 -6
-2 -3
17 27
35 -42
-20 19
4 19
9 0
-15 33
17 15
-15 29
6 -10
-10 -28
1 -4
12 5
-12 26
27 -10
-29 11
-10 24
52 2
17 11
-56 1
51 -42
-9 8
5 37
34 -2
-26 33
-31 12
44 15
-29 -20
20 11
6 -5
-21 37
-5 11
25 13
73 34
-61 11
78 0
-56 -8
1 19
36 4
13 54
-28 34
23 0
-34 30
33 -26
42 1
-19 17
-14 45
26 20
30 11
6 29
-50 -6
33 -2
-11 0
0 20
44 5
-29 23
1 45
6 4
17 44
-15 -3
-10 15
-10 -5
26 -10
9 20
5 -9
29 18
-18 34
5 3
3 0
-1 -2
-40 -7
38 17
1 6
34 13
-52 -25
17 32
1 -7
7 -16
19 19
18 25
-49 16
-19 36
26 -20
11 19
-19 54
79 -9
31 -20
-40 -11
-51 23
18 33
13 -13
49 12
-32 54
-12 -5
29 11
-19 -6
-27 -9
-5 33
26 -26
-39 41
23 54
41 20
-1 -42
29 -7
-113 2
-1 14
73 36
0 16
-16 16
0 34
16 25
0 -9
1 2
-23 -17
12 28
19 -18
17 -12
-17 3
39 8
-47 7
-16 29
27 7
24 16
1 -10
-14 18
5 14
-7 13
26 19
27 7
-21 20
-30 22
69 24
-1 5
14 11
-54 -23
106 43
-41 -2
-78 -29
19 0
17 14
8 25
-5 67
-25 -3
15 -7
24 4
42 1
-54 -73
17 7
27 37
3 6
-2 12
2 28
-6 23
-34 -32
18 13
7 21
1 20
-4 2
28 18
7 33
-24 -22
6 -23
14 20
6 39
-18 33
0 -16
55 -4
-11 -4
16 16
-3 41
6 4
-5 15
73 16
16 12
-28 40
-26 54
23 -12
-3 14
0 2
4 -7
20 29
11 21
-27 20
-6 32
18 44
41 0
17 -31
-57 -12
44 36
0 21
13 44
13 -30
-39 6
-3 -9
31 3
21 13
-43 13
5 15
4 62
27 11
-3 -56
-10 40
9 8
-17 -8
43 -8
25 11
6 56
-9 -10
15 38
0 5
20 13
14 -3
-24 54
-8 26
-19 0
0 7
30 8
-20 38
21 -12
-2 -4
4 -16
42 3
-82 18
32 8
27 53
-20 -47
5 23
-4 32
-11 24
3 -26
26 -20
-19 -5
21 29
-19 18
58 5
-3 5
-20 31
-13 8
16 0
19 -18
2 -4
8 -7
-5 15
3 35
-24 14
19 20
-5 -18
20 11
-33 11
-25 -27
35 45
25 31
9 23
3 15
5 13
-38 44
-16 -4
71 39
36 14
-43 22
19 7
-35 26
-1 13
28 -1
4 0
11 -16
-9 49
7 35
4 11
-6 -5
-2 25
48 19
-9 -29
-3 6
0 12
-16 2
9 40
-3 26
18 13
-1 8
3 -9
18 19
-41 7
50 1
-33 43
-3 -5
2 -5
9 24
29 -14
-16 -14
5 -35
-3 32
11 34
8 -7
5 -2
-5 14
49 -5
-20 55
8 -15
-24 19
2 1
17 65
22 -17
2 7
0 26
1 -18
8 -7
-27 -16
-12 33
4 52
1 34
-10 0
0 -5
9 43
4 13
-19 30
-6 -17
5 -16
-9 34
26 47
36 13
-1 5
-23 23
12 1
23 20
21 42
13 28
-29 16
-3 57
29 68
2 0
-31 -40
0 30
12 12
9 -19
16 -9
16 29
42 25
-77 6
-5 -8
24 32
54 -18
-33 -1
18 50
-19 63
6 41
0 9
5 -13
30 -12
46 7
33 -28
-29 5
16 3
-5 34
-11 36
11 -22
2 4
0 2
22 -3
-3 1
20 26
-7 15
-8 12
24 16
5 13
-19 -3
-51 0
107 18
22 41
-43 42
-71 -32
17 3
11 -19
19 6
-4 7
42 6
-33 0
-35 -11
22 18
32 30
-57 -8
3 16
-20 4
29 -16
39 -46
-5 7
-46 5
18 12
21 -12
25 33
-34 23
7 -2
21 23
-9 -11
45 6
-24 40
-33 -1
49 33
-12 -25
-24 5
37 20
4 -25
-30 19
14 -28
69 8
-123 14
37 5
28 49
4 39
-8 24
-22 -8
27 -1
2 -13
21 18
16 30
-1 -2
-17 31
35 -1
24 -2
-54 0
1 -15
17 -1
-20 -20
44 61
-16 21
-7 -36
19 43
7 -6
6 1
-24 -9
-1 -8
18 22
49 -24
-2 0
-44 25
58 -22
29 15
-12 7
-44 -33
59 17
-21 16
-14 26
35 47
-15 13
-23 12
0 14
-6 9
20 7
-20 -19
13 12
-5 19
-6 17
3 17
30 35
-27 -20
49 3
-8 12
-4 43
-12 7
20 38
-20 21
45 23
-21 4
8 -8
40 -2
-11 -15
7 39
-24 39
19 -11
33 8
-84 19
23 -12
0 0
14 13
-14 21
8 9
19 23
-1 11
-36 0
91 39
-8 -27
19 -7
-23 -29
-1 -18
-20 23
38 55
-29 49
-11 -36
13 23
7 46
6 6
-25 -7
0 13
20 12
-36 35
0 -6
-23 6
20 18
2 6
-21 -8
19 -2
-6 0
-3 15
-15 0
0 23
-1 12
-13 -16
26 -57
-4 30
-1 -7
9 16
9 23
-9 11
-3 -31
0 -12
-7 21
-5 -2
30 -5
-47 -13
0 31
-7 5
14 -8
41 5
-3 16
-26 -2
-5 8
27 45
-23 19
30 8
-27 -26
8 57
0 -122
22 -15
-3 13
14 -5
3 43
23 29
-16 16
-2 48
18 -20
-30 3
9 0
-11 32
34 27
-5 -9
-12 -3
-7 27
62 3
6 -11
-22 -8
-1 22
13 55
-7 -1
12 28
-3 42
-35 -6
15 -48
0 9
-13 -19
5 0
-1 2
22 22
15 5
25 -5
-27 17
9 15
11 -27
-26 11
71 14
6 37
-17 0
-17 51
29 17
33 -31
-28 -6
-44 -24
52 45
-21 22
18 9
-11 5
-2 7
0 0
25 -9
-24 -23
15 -2
-24 39
4 40
31 -34
-3 27
-9 26
21 -3
15 -1
8 -3
-15 48
70 33
-21 34
7 25
-8 -14
0 -29
-19 -8
20 36
25 -7
0 50
11 -15
-4 7
-2 18
30 29
16 -3
-28 -25
-20 30
-12 40
73 13
-30 22
-32 31
17 4
24 -5
13 -9
26 23
-28 -5
-8 27
7 17
9 42
7 -4
40 18
-11 -34
1 -4
16 37
-4 -12
0 40
-9 8
25 -1
-22 -15
43 -6
-33 26
13 -22
6 -27
29 30
-36 51
39 18
11 15
-10 -3
21 -16
-17 9
6 -24
5 -18
45 30
-31 6
5 25
6 13
23 -13
-5 -5
-31 -7
42 1
-54 -7
0 31
14 4
-6 0
31 -4
-28 -3
18 -20
9 -11
7 5
-10 11
0 40
21 7
-22 13
26 -19
24 12
-22 6
-26 21
59 43
4 -7
-45 16
1 50
55 -22
4 -9
-21 17
-8 15
-5 -13
7 52
6 25
-7 52
5 16
0 26
1 -4
-11 7
-5 0
-4 40
4 -7
15 31
19 3
-29 -34
-26 -22
6 31
-10 -11
125 28
-49 17
-12 11
54 19
2 0
-5 -6
4 7
29 -15
6 49
12 24
-3 30
-17 13
-21 14
5 -35
19 13
3 6
-5 -6
-2 24
25 0
-7 -19
-27 1
55 7
-21 6
-12 -11
13 -16
35 -9
-44 -34
14 -7
52 30
-59 -17
16 -19
57 -17
-27 -17
26 1
-13 18
4 38
-19 8
1 12
15 -14
7 -42
-10 -1
-27 -40
24 -22
-25 23
53 2
-17 -5
25 -23
1 -10
-50 -26
1 -13
9 -35
2 19
35 40
21 -5
-55 -3
-30 0
23 -3
17 -27
6 -40
2 14
-16 -30
-36 13
25 -5
12 -13
20 -7
0 -43
-18 -28
8 0
-5 -15
-1 13
1 -17
20 -6
6 6
-15 -2
-12 -31
14 29
-37 14
30 8
25 -11
-27 4
30 0
19 -27
-18 -13
3 -14
-9 -23
19 -4
5 5
11 23
-42 3
30 -17
-15 -5
16 -4
-10 34
15 -4
-26 -15
36 5
0 24
8 -6
35 -36
6 -27
-22 -1
40 -9
-34 -38
27 6
29 14
-13 29
6 0
9 -47
-19 -25
7 -14
32 16
-13 -6
-38 -3
50 -12
-11 -11
14 6
-6 0
27 -46
2 -25
-30 0
32 -18
-5 -4
7 -23
-7 9
39 -9
12 -8
-13 -16
-9 9
8 -9
22 7
-22 34
5 0
17 15
-8 7
1 -47
-3 -4
-1 15
18 -17
20 13
-13 11
-19 16
8 -15
27 13
5 -35
19 -8
-71 14
17 25
-20 -3
16 -17
27 2
12 -20
1 -8
-5 -17
-10 11
55 -4
-21 25
-11 -4
7 -1
-30 -25
41 17
44 2
-48 -3
-14 -9
15 29
19 -11
-5 6
-34 -37
-18 -12
37 -23
12 -9
15 -20
-19 -6
8 0
31 -4
-24 3
-7 49
6 -27
23 -6
-28 -19
53 -16
-11 19
5 -3
-19 -15
20 -57
18 4
34 11
-31 -15
20 -37
-43 26
1 49
48 0
-3 -15
-21 -13
36 -32
-22 -9
-19 31
47 -19
-18 53
12 -9
-8 -50
4 0
20 -20
17 -4
-26 19
15 -32
2 15
34 23
-50 -32
7 -22
-5 -14
-16 14
37 22
29 -24
34 -26
-98 -5
9 29
42 -25
47 -12
-35 -17
4 -18
31 3
-12 23
-11 -5
8 8
5 -13
-26 -23
34 -36
-4 8
-20 -29
6 -33
-1 8
8 25
14 1
-15 24
8 -47
12 -50
19 -65
-19 52
-21 37
16 30
0 9
36 12
4 -18
-25 -13
12 -21
16 0
12 23
-4 12
4 -22
35 9
-37 -21
5 -18
5 -7
22 7
17 41
20 20
-30 -38
0 -26
-10 -7
-19 -24
41 -33
-6 -23
28 -29
-2 9
-37 20
-2 14
42 -43
-5 0
-2 3
3 14
-14 29
4 15
15 -3
3 33
1 -9
23 -39
-24 -49
8 -67
49 -6
-15 -24
3 -24
30 0
2 21
-35 9
23 -11
14 0
-19 24
30 -11
-12 -4
-77 4
32 19
35 1
5 -8
26 -24
-43 -19
0 -1
17 36
-8 23
-10 -36
13 -30
27 -4
19 -15
-28 -21
-18 39
20 -8
25 16
-28 -17
58 26
-43 -34
18 -12
13 -31
33 1
23 -33
-52 46
16 24
43 14
25 32
-38 -9
1 -27
7 -4
5 -30
23 -11
25 -24
-20 2
17 0
20 0
14 14
4 -1
-43 -10
27 9
-1 -9
5 3
4 6
15 -76
-26 6
-42 -12
52 -9
35 42
-35 58
-24 52
18 -28
-16 -23
3 -29
22 -33
-58 23
5 33
16 75
-21 32
17 30
5 -29
-1 -3
33 -83
-18 -17
-25 15
22 -35
5 -9
7 20
13 47
-23 17
-38 -36
21 -17
49 23
-41 20
16 -22
-6 -58
-16 -18
9 -20
5 32
4 51
9 49
18 -29
1 -9
-51 21
0 11
23 -30
6 -32
-4 22
54 -33
-3 -56
-6 -35
47 -52
-15 30
-10 23
27 95
34 -55
-35 -39
0 -66
22 -41
8 42
-57 65
53 124
-7 -9
25 -124
-34 -75
-4 -3
14 56
-8 69
-16 -26
8 -89
8 -51
-28 -8
20 44
40 -31
-16 73
-5 66
28 -97
16 -52
-75 15
32 51
6 -42
-10 -14
14 62
54 -3
-77 -133
-7 -92
43 -6
23 117
-22 60
19 -32
-31 -60
17 -68
-20 -5
-9 15
18 -46
-5 49
6 7
37 20
17 15
-8 -11
6 -62
-21 -75
25 -46
-4 74
15 137
-7 -64
29 -67
7 -34
5 14
16 -6
-10 14
-30 -5
5 -34
8 18
46 -36
-24 -18
23 4
-14 -35
-4 27
22 44
29 -9
-21 -71
-10 0
5 6
24 61
-38 41
32 -54
22 -87
-28 -66
5 -11
-12 20
39 68
-18 87
3 -105
-9 -163
13 70
2 48
-8 91
0 -16
4 -72
-16 -2
-28 -10
67 -39
-4 4
-41 17
21 25
22 5
14 -53
-12 -95
-23 0
29 52
-2 -21
40 13
-28 -28
25 13
5 -11
6 112
-25 89
-8 5
-1 -30
27 -137
5 -37
-12 2
44 19
4 56
-15 67
-51 -1
25 -96
-1 -133
32 34
22 115
-19 55
5 -73
22 -47
-34 26
1 33
13 -28
27 8
-12 7
-5 8
-13 -15
17 -4
13 89
-10 7
2 -76
32 -76
-33 3
0 -9
21 4
13 47
-12 -2
9 14
-12 -47
41 -107
0 3
4 44
33 27
-89 19
73 -5
-18 -16
-16 -35
11 47
40 77
-32 -28
24 -76
-15 -49
13 59
35 -15
-33 -8
-7 -55
31 5
-10 33
34 -2
-5 4
-34 -3
-9 15
11 20
9 -26
1 -28
-6 -36
13 -73
0 49
25 33
-30 -53
-5 46
15 30
-17 -10
9 -24
-1 -19
39 44
-26 34
-11 -10
0 5
-1 36
29 0
18 -82
-9 -11
-31 -4
-22 11
25 -59
23 -54
-10 50
17 -8
-7 41
39 13
-40 -96
-12 -20
33 -3
51 31
0 8
19 -2
-28 32
27 33
0 4
39 -24
-12 -58
-38 3
15 85
21 -1
0 -117
-34 -68
-1 -8
-4 36
15 101
3 28
12 -22
29 -126
4 2
-9 34
-3 -19
15 -14
4 32
-32 3
27 -1
18 -38
8 104
23 2
-27 -87
-21 -64
-5 -49
26 7
3 62
25 -10
-23 -32
-20 30
50 92
-40 -33
-21 -62
7 38
-11 12
-1 -31
6 22
-30 -18
61 5
-28 6
-3 -40
36 35
-20 -9
8 84
28 41
0 -52
-40 -11
25 -29
0 -49
19 -65
48 -18
-41 68
-37 -27
55 -28
0 -11
11 34
-4 19
-4 -15
4 23
31 0
-37 19
13 6
5 -13
12 -7
-14 -31
3 -35
-12 -4
48 19
-7 -8
0 20
22 -22
-26 -38
-8 -2
14 66
15 -7
-18 -76
-9 93
-2 9
56 -105
-17 -51
-17 32
4 27
-3 12
31 -69
7 -15
-4 82
4 76
-8 -20
8 -47
28 31
9 -16
-57 -79
5 9
14 19
20 -19
-18 -5
45 -28
1 17
-12 -21
-10 -35
6 -44
28 14
20 36
-33 2
22 2
-11 28
-3 28
-8 -34
-31 -120
53 -19
6 -1
9 71
-13 30
-23 -24
0 7
5 -64
0 -6
-3 -6
2 17
-23 74
22 17
34 -11
-8 -7
-13 6
-1 2
-1 0
17 2
23 13
2 18
-11 -59
33 6
-2 43
-4 28
14 -62
3 -43
-6 20
29 19
14 -31
16 -36
-32 17
-4 38
17 25
5 -37
13 -81
16 18
27 17
-7 37
-29 -4
11 15
11 -24
13 -30
11 6
-7 6
-23 -15
4 57
65 -19
-26 49
-19 15
1 -145
6 -98
5 76
9 33
-7 11
-17 52
6 -1
29 -2
4 -52
-12 72
-21 -96
-1 -25
8 46
4 31
6 -53
12 55
-16 -34
28 -25
-7 16
-8 -19
18 -79
18 -19
-20 67
40 32
4 39
-3 -27
7 -94
2 -44
29 44
-41 -5
-11 36
12 9
-9 -60
6 -39
8 -19
0 20
34 59
-1 49
-37 30
-2 -80
61 20
-7 6
-8 -60
-2 -27
26 38
-8 45
-26 -10
51 19
-38 12
24 -36
-18 84
8 2
44 -114
-40 -2
3 -7
14 -26
18 -60
-19 29
-20 47
2 6
22 -10
-16 18
7 -38
2 -69
3 43
-23 44
0 19
26 -68
-9 -71
7 -51
7 57
18 64
-39 -8
12 0
5 27
24 28
-42 4
-1 -110
39 -15
-8 30
6 -51
2 -19
15 24
0 -15
-5 41
18 33
5 -44
-36 -56
-10 -4
5 42
4 -80
1 12
-3 50
5 -21
-14 -82
28 -2
0 24
12 28
-5 -4
