-1 19
1 5
6 16
-4 26
-6 6
-7 -12
11 -27
4 -10
6 23
14 3
5 32
2 9
2 3
-3 34
-6 0
1 -31
13 15
-8 25
1 16
5 30
2 30
0 20
0 -14
9 -14
12 27
5 9
2 24
9 41
1 17
4 14
1 -4
2 -10
-5 11
9 -9
2 24
-5 3
0 17
5 20
0 -19
1 15
0 -1
0 9
1 1
3 50
-4 33
1 17
0 -38
13 -3
0 6
5 -20
9 8
4 0
2 29
-2 18
7 22
4 20
1 1
7 2
2 20
0 6
8 23
0 42
-4 18
1 12
2 7
1 38
1 -15
2 5
3 16
6 24
8 22
-1 0
0 18
12 25
-1 25
-4 -20
-7 16
0 18
0 31
0 16
9 26
13 17
0 -14
3 -19
0 18
2 18
0 56
1 16
1 11
2 11
-6 6
-5 -12
-7 -6
-1 -14
6 -15
0 17
9 4
6 18
0 -22
5 24
1 -18
4 12
1 27
2 19
7 23
0 37
2 18
0 -7
15 -13
2 -1
-1 8
0 9
-1 -29
5 16
5 26
4 -22
-1 -17
5 -13
16 46
0 -4
2 12
3 26
5 25
5 -7
-2 -3
-3 -9
-10 2
2 -7
0 34
0 6
6 6
2 6
0 -22
-5 6
3 9
4 29
-4 54
3 -20
1 -14
11 30
-2 -5
-6 -9
0 12
19 11
5 14
3 39
3 9
5 16
2 -15
7 21
7 0
1 3
1 20
5 41
-5 -8
4 7
6 -3
4 5
2 6
11 1
2 31
-11 17
-6 11
-1 7
5 0
8 36
2 -13
5 0
1 -14
-5 20
5 32
1 24
17 -8
1 -34
0 8
-7 14
2 22
0 41
5 6
6 34
0 32
12 50
2 -1
11 -23
4 -25
0 5
5 33
2 4
2 26
8 -3
7 12
3 -6
2 -22
2 1
6 18
7 -26
7 38
2 24
8 -4
2 27
-7 -16
2 -11
14 33
5 32
1 8
11 53
4 0
8 -32
-3 1
8 -14
2 -5
2 25
3 29
-2 20
13 -53
4 0
0 28
-1 -11
7 -1
2 68
-5 -7
0 25
3 27
8 30
0 -31
-2 -4
4 27
-5 -39
-1 -44
9 72
-12 48
4 -26
0 -12
3 -8
7 18
1 -5
11 17
1 38
3 9
3 29
0 24
4 13
0 0
0 -14
-1 3
0 -26
4 17
-15 -10
6 4
9 30
-4 9
22 9
-22 -5
5 14
9 6
11 15
-2 -1
-2 30
7 5
-4 4
2 0
4 -4
4 -15
-3 18
4 35
13 23
-6 -2
8 5
-5 35
1 2
0 -16
-2 28
-4 14
-1 12
0 14
1 50
7 29
-4 -34
3 9
-2 21
7 -27
3 45
0 6
6 0
1 -22
14 5
11 4
-8 -6
-4 2
3 6
-2 3
18 9
-3 37
8 -12
11 -13
-1 32
-2 -14
5 33
1 12
3 31
20 3
7 -29
0 -22
-6 2
5 -5
4 15
4 23
7 16
-5 -8
22 -29
5 38
8 -5
3 -19
2 0
0 67
-6 3
5 29
0 -13
0 -14
6 -6
9 -1
1 1
-3 0
6 33
2 15
6 18
4 -6
6 -13
0 -7
-7 -1
4 37
18 -15
0 45
1 27
2 0
11 -34
5 -1
-12 15
5 21
14 34
4 -6
1 0
5 -11
-3 -6
7 -21
-2 -17
3 37
5 29
-1 11
0 39
-1 3
7 17
1 -2
6 17
7 5
-2 3
6 -11
3 3
5 18
-2 15
-22 -5
-1 -42
4 0
0 -8
2 15
0 23
3 42
0 17
0 8
-8 -24
-9 2
-5 0
11 55
4 52
-2 36
-4 5
6 16
-2 -3
3 -12
2 -22
8 53
0 54
5 -8
3 11
-8 -23
-2 76
5 -14
3 -9
4 4
11 6
0 36
5 7
-3 -6
5 3
3 0
5 0
3 -3
8 40
3 4
2 37
1 29
4 13
2 -12
0 -9
5 -13
8 5
0 4
-5 -3
0 49
5 17
8 6
0 -33
-2 -3
-7 19
8 -20
11 57
-3 20
5 18
8 2
2 25
0 11
-4 28
6 38
7 30
4 27
2 11
1 5
-4 6
4 36
2 -5
5 -4
1 0
2 33
3 31
-11 18
0 -1
-5 3
9 -31
5 -5
4 0
0 17
-3 31
-23 3
-2 18
-3 -2
6 9
6 6
3 9
-6 5
2 12
4 -64
0 34
2 45
-3 7
5 -9
2 -10
5 -19
4 30
-1 29
1 22
2 23
3 -3
-1 -3
0 8
5 -26
5 16
0 21
-2 2
16 15
-4 -23
1 18
3 -5
1 -13
15 48
0 17
0 13
-1 26
9 45
6 13
-1 -11
3 1
4 -8
12 -35
-7 12
3 27
4 5
0 15
5 2
6 -16
1 0
3 2
-2 9
3 28
3 6
-5 3
5 17
6 4
-3 33
2 -22
-1 -43
8 31
1 34
0 25
-3 0
2 2
6 -39
-1 -15
5 -6
-9 -16
-3 40
13 28
-5 -19
7 12
-12 7
25 7
7 25
1 -11
0 9
-2 24
5 15
5 28
-3 15
-2 -6
4 -24
2 15
0 1
0 9
1 -4
6 20
6 18
-2 -6
0 0
-1 3
0 21
3 8
3 23
11 -3
3 6
3 45
-11 1
3 -33
6 -7
6 14
13 22
2 48
0 8
1 -2
9 -29
-5 -10
2 12
4 15
4 16
11 4
-1 22
5 20
1 13
-5 -24
0 -8
7 29
0 -26
7 47
0 20
17 38
2 -34
0 -12
4 23
1 15
6 -14
7 60
4 -4
2 3
3 20
-3 -10
0 13
-9 15
1 -20
6 18
1 56
0 29
8 8
-2 -3
3 -3
9 -4
9 13
-1 18
5 -4
4 32
4 17
-17 13
6 -17
0 -10
11 12
0 -3
4 37
9 17
-11 17
7 28
12 12
1 -18
1 12
4 -3
4 -14
0 29
4 34
0 39
4 7
9 0
-1 14
9 18
-4 30
0 39
3 -2
-9 -4
2 -2
9 -4
-10 -6
-5 30
0 2
-2 20
0 12
0 23
6 38
6 1
0 -12
3 -26
-2 6
3 14
2 16
-3 1
0 14
7 11
2 29
3 -18
-3 0
4 33
5 16
3 23
0 35
0 11
8 17
3 -25
-10 -3
5 15
-2 31
-10 -7
0 24
5 34
1 -6
-6 -14
8 -3
9 7
-8 18
9 7
-2 1
0 45
-1 -3
2 12
8 -34
0 18
-11 31
0 8
2 33
-2 16
8 2
1 12
0 -47
1 29
0 30
8 -61
1 7
7 23
-2 -1
0 -17
-4 15
7 9
5 2
3 14
3 36
3 6
-3 12
1 4
0 0
3 7
5 7
0 4
0 19
-3 11
4 43
4 19
0 -13
3 -38
8 -3
5 12
-1 5
5 31
-1 27
0 -26
0 9
5 -5
16 -7
0 14
6 13
8 17
2 27
3 6
4 28
9 -3
3 -18
0 12
4 0
-1 12
0 45
-7 11
-1 2
2 -3
-2 -10
0 4
7 -8
2 32
-3 42
6 12
-24 -5
6 -13
2 27
7 -13
6 8
-1 15
7 32
1 24
8 32
9 17
0 28
3 -11
4 15
0 14
-8 16
5 39
-9 1
6 19
-2 -31
1 29
0 8
6 -5
0 20
5 -4
4 -13
1 44
0 15
-3 3
14 -38
15 15
-1 32
7 46
0 -15
-10 36
5 17
3 -3
7 -8
5 26
6 2
-6 8
-4 23
4 16
14 -6
-8 3
5 7
5 -5
6 11
-7 28
7 21
8 6
6 4
-1 9
-7 18
6 -1
2 4
7 2
5 -32
7 23
5 1
8 16
0 28
2 -4
12 12
9 -29
1 -8
3 18
0 36
6 15
-2 18
7 8
4 -20
1 -1
0 25
12 15
5 8
0 3
-6 -14
3 -5
15 5
8 19
9 -16
2 11
7 -2
-6 36
-8 -1
1 24
0 1
6 6
4 14
0 -51
5 -12
-8 4
6 -3
-1 34
-2 49
8 28
7 31
9 28
0 29
3 -17
17 -1
1 8
3 27
-3 20
-1 15
-2 3
0 14
5 -15
3 -13
6 4
14 22
-12 29
-7 5
4 9
-2 -1
9 27
5 15
-3 -13
7 51
-5 -51
4 62
2 26
5 6
5 18
0 -39
7 18
-14 -8
11 3
4 68
3 -10
-1 -2
5 1
9 33
-14 -9
6 0
4 -4
-9 11
0 26
1 3
4 24
2 -19
14 -31
8 28
2 -13
5 -11
1 -29
9 11
-4 36
3 25
3 4
5 13
2 -4
7 -2
-2 9
0 -2
2 7
4 24
8 6
1 46
-2 -3
14 -11
1 -11
1 6
0 5
-6 5
5 29
8 -9
6 7
-4 -1
3 -20
5 2
0 17
7 15
5 -26
16 29
-3 16
-7 3
9 -21
13 -10
3 4
4 32
12 49
-4 0
-4 -19
13 -2
4 -32
4 11
6 19
3 21
2 -15
15 51
4 20
-1 11
2 3
13 8
9 4
2 -14
-14 -4
13 8
0 24
6 52
0 44
-5 9
1 -22
1 3
2 -8
6 11
8 5
1 -16
6 1
-9 23
-3 -8
0 -21
8 -31
4 53
7 17
0 65
-3 9
5 8
-8 -15
3 -12
0 -5
2 -36
0 22
0 4
14 43
-1 41
-1 -39
0 11
7 -26
-3 22
3 -2
-4 14
5 -45
7 43
4 40
0 -20
-4 -6
-2 -21
-1 8
0 12
4 33
9 40
-1 6
4 6
-3 32
3 -36
0 13
0 -9
2 21
5 20
0 1
2 8
1 5
7 6
1 -10
0 19
-1 22
2 24
-1 11
0 -16
4 56
6 -37
-3 9
6 38
5 21
-5 -1
4 2
0 -8
4 20
0 31
2 -11
12 -27
-12 -22
9 27
7 0
1 23
2 33
2 5
8 -13
9 -7
5 16
9 30
-12 4
11 9
4 -5
-8 6
8 0
11 -8
-5 47
-3 -19
5 27
3 27
8 19
2 -23
0 -22
7 -13
17 -25
-8 30
5 19
-4 46
9 -27
11 27
0 20
7 13
7 -4
0 19
7 0
0 22
7 1
6 8
8 6
-2 8
2 -10
9 -6
14 -20
-3 13
0 21
0 16
3 -8
-6 8
-8 0
13 -15
9 2
0 25
0 -16
0 -2
0 42
0 13
11 62
5 -19
5 -19
5 -48
0 21
1 26
3 19
0 4
0 27
-3 2
4 4
2 7
7 5
3 0
5 -6
1 25
1 16
1 20
2 33
6 -23
4 -30
0 -31
-1 15
1 42
8 -9
8 2
5 52
-4 -25
-6 0
1 -12
2 38
4 1
0 9
6 38
8 22
-1 -4
1 3
-4 -19
1 -7
19 41
-4 20
5 28
0 3
4 -1
-2 14
-2 -4
3 3
6 4
0 29
-4 32
7 31
1 14
1 -3
1 -4
3 2
6 7
0 -14
1 1
5 19
6 41
7 4
9 2
-2 35
0 -12
2 -1
-4 23
8 61
-2 27
1 22
5 14
0 -5
-3 12
3 7
-2 13
2 35
-1 35
1 24
-5 -7
7 16
4 0
0 -8
-1 0
7 11
5 42
-5 30
-5 38
0 12
0 -2
2 -6
13 -8
0 -8
-4 43
0 -8
1 19
2 2
-3 30
2 -35
9 -11
0 -27
9 9
5 12
8 21
2 40
-14 38
5 4
1 17
20 -4
5 -11
1 -5
-2 17
0 20
-3 24
1 31
4 -5
0 -26
-6 4
8 8
3 19
-2 23
9 12
13 -3
-2 2
5 1
9 -17
0 -2
-1 16
-6 4
3 6
1 11
-3 -16
13 17
4 -30
5 -5
11 -15
5 -2
2 5
-11 21
11 -6
7 15
0 -15
-12 -3
6 8
17 0
6 3
0 1
-4 -11
26 -6
-11 -5
3 -28
6 -27
2 0
3 8
-4 -19
4 -20
-4 -25
5 29
-2 9
7 -4
2 -23
5 5
6 16
-3 28
4 3
5 -11
2 -8
7 -26
5 -17
15 -9
0 15
-1 -62
3 -3
1 -5
0 -26
5 -14
11 -17
5 -28
6 -57
2 5
4 9
-5 18
-4 -20
1 -21
-3 -16
2 1
3 2
7 2
-8 -1
2 35
1 -1
3 -16
2 -22
7 -15
16 9
6 2
4 6
-7 3
-6 -6
-2 0
6 -24
12 -10
0 -1
0 1
-2 24
3 4
1 -12
-1 -7
2 -12
4 -23
12 -16
5 12
2 -4
2 -3
14 6
14 -2
18 -58
-6 1
6 1
12 6
-5 54
0 25
3 7
7 4
-5 -1
-2 -15
1 -30
4 -15
1 -22
-8 34
16 32
1 7
7 15
-5 -2
0 -23
4 -11
7 0
5 -40
-2 5
2 38
-10 -10
6 13
6 -10
1 -31
4 -24
9 0
6 21
-1 29
-4 6
-2 -1
0 2
6 -8
8 -53
0 4
-1 0
7 52
7 -24
11 24
-3 -34
8 33
1 -18
-7 -24
0 -36
12 5
11 -6
0 7
2 7
1 -24
3 18
-1 -62
1 39
1 16
24 18
-5 -14
-5 0
5 -59
8 -56
-6 5
6 6
2 41
4 3
8 8
-2 44
5 71
2 -22
0 -74
0 -18
-3 26
2 19
-11 16
2 -44
7 -47
0 21
-9 17
0 38
7 1
-5 13
2 -36
0 16
7 29
6 -16
3 5
1 -17
-2 -48
4 26
11 12
5 7
8 31
-12 -24
11 61
8 -39
5 -18
1 -45
-1 -7
5 -4
-1 30
5 -26
2 -9
7 30
13 -31
-1 -31
-1 -2
12 20
3 -19
-1 0
-2 -37
3 12
-12 -25
14 -10
-1 24
-12 -9
-4 13
2 -55
6 -14
1 20
-6 -23
-4 18
4 -21
-5 -30
-1 -7
4 17
-1 27
18 3
15 -13
0 -31
1 -44
-2 24
-2 46
11 0
-1 51
6 20
-1 -6
9 -53
4 -86
-9 -11
-3 11
-8 3
-2 11
0 13
0 -34
0 -23
5 29
3 4
4 -4
1 66
5 -8
2 -53
7 4
-3 -37
-5 -60
-5 -32
2 28
3 -60
0 7
8 67
2 -13
11 -70
-2 3
2 23
0 -38
3 -30
1 24
0 -7
0 -31
3 9
0 9
8 -38
0 -49
0 -57
12 86
0 9
13 -16
0 -18
1 11
-1 0
0 -15
6 -25
-9 43
4 2
0 2
5 -22
-6 16
9 -30
17 6
-3 9
-1 -6
4 -8
4 33
-3 -4
5 -25
5 38
12 -28
1 -1
3 2
5 13
0 -4
1 11
14 -22
14 -1
4 24
12 8
-6 -61
1 21
-4 14
2 3
4 59
4 -3
7 0
4 1
-6 -29
0 8
6 18
3 -25
5 6
13 48
2 16
-6 -9
0 -18
5 -16
-1 37
2 7
0 -1
8 13
2 23
13 -49
-1 17
2 -9
4 22
1 -9
4 56
-17 1
12 3
9 5
0 -12
3 -5
5 39
6 6
-6 -12
6 39
6 50
0 38
8 -5
13 9
0 -22
9 12
2 11
1 8
7 16
5 16
12 22
-2 31
6 5
-3 7
8 43
8 -9
0 11
3 0
7 -3
-1 -10
4 -24
7 0
2 -19
-9 -3
4 28
15 35
3 66
1 -4
8 -18
1 -50
0 -10
5 31
0 5
-4 -11
6 21
0 12
16 -51
-2 4
5 18
1 11
-9 24
-4 -4
0 53
15 0
12 4
2 -9
1 -29
-2 28
1 -9
-4 6
9 37
5 63
3 -4
11 6
5 -10
2 4
6 47
4 18
2 19
3 6
2 31
3 -14
1 -22
5 23
1 41
4 12
0 12
15 44
2 23
8 -53
-1 -8
23 13
-7 32
-7 43
5 -2
1 -14
-1 31
2 4
1 -4
0 -18
-1 -22
3 -10
6 -14
0 -7
11 8
-13 17
2 8
3 4
1 51
9 9
-5 -4
-4 12
-3 -1
-1 34
18 40
2 -21
0 14
6 30
-9 -4
0 -11
8 -14
3 20
4 31
-2 41
3 20
9 35
0 -18
4 16
3 -26
5 -15
6 29
15 16
3 25
8 -6
3 35
6 -3
3 11
3 -30
13 -6
-4 20
1 -3
2 -14
-8 23
8 -2
17 13
-2 0
1 -32
6 1
7 43
-1 24
-5 -5
0 47
0 9
3 -17
-12 -22
18 26
4 35
3 11
-4 14
0 4
12 9
3 9
0 -20
7 6
-3 52
0 -21
-2 16
-11 33
11 21
7 38
-1 -5
-3 -17
5 35
2 21
7 32
20 18
7 8
0 46
-3 -29
-1 5
-2 12
3 -35
8 39
8 44
7 -1
-6 -1
5 18
2 -20
12 -8
11 8
3 32
6 -17
21 38
3 43
0 -5
4 -5
22 -8
8 -9
-2 64
6 7
0 22
6 13
8 4
-1 6
4 -7
2 28
-4 -6
5 0
0 6
0 12
3 5
14 6
0 -17
1 -17
1 21
-9 -12
-24 18
1 37
0 12
-1 25
11 -31
0 -8
-7 -20
1 0
-1 32
3 1
2 36
12 7
5 19
-3 -8
2 -18
-1 0
8 -29
5 17
0 -13
4 3
8 15
5 5
6 -43
2 14
-1 -6
-5 9
-17 19
-1 -4
0 -31
6 26
6 -11
2 -11
1 24
4 0
1 -18
5 40
8 35
-5 32
3 -33
-10 20
0 -6
0 -8
5 -17
8 -3
8 36
4 2
8 44
-7 43
2 -38
0 19
0 17
-13 -16
-20 39
11 32
3 14
6 -4
-1 50
6 19
-3 64
-3 -47
11 12
3 -2
3 15
0 9
7 -28
6 15
-1 -4
-3 15
-2 34
0 9
6 19
11 -18
-1 -27
9 32
-1 -10
0 -1
2 16
4 27
14 -10
-2 -9
5 3
6 0
-16 7
-1 3
0 37
7 16
4 12
1 -2
0 -9
5 -10
17 22
0 -16
-9 62
3 19
6 13
8 12
2 -7
0 -12
4 0
4 22
0 28
0 3
3 5
-3 25
-1 6
2 -3
6 28
-1 0
9 32
4 8
19 9
-8 62
-9 -27
2 -31
7 -6
-2 6
6 16
-6 -14
4 46
0 40
0 40
2 -35
3 4
4 52
-4 7
9 20
3 28
2 29
0 21
18 -15
4 -7
-5 13
9 20
3 -26
-9 29
0 34
-2 8
0 -7
8 -11
6 -8
4 5
6 9
-1 2
11 21
2 34
2 2
18 -47
6 -9
11 26
4 -16
1 35
-1 24
0 1
4 20
7 2
7 -10
0 0
11 -14
13 34
0 16
1 19
-4 23
1 14
0 -35
0 -7
-5 -31
1 21
-8 41
3 25
3 6
8 35
2 6
5 11
2 6
-5 0
6 7
5 56
3 3
6 22
4 44
-2 -37
12 -10
0 -26
1 -6
6 23
3 44
0 14
2 5
0 -18
11 -13
2 16
4 -6
0 66
-16 -3
7 12
5 0
4 -10
16 -15
4 25
-4 -1
-1 9
9 20
1 6
-7 36
3 -6
1 11
1 -8
-6 -1
-1 -3
3 15
5 14
3 11
-11 12
-3 12
6 16
1 -15
-5 -7
13 -14
1 42
3 23
2 27
0 3
2 31
-2 -28
0 22
5 34
3 2
8 21
-1 59
0 49
9 18
5 42
6 7
-1 -24
3 1
0 -5
7 19
5 -4
7 -11
0 17
0 -9
3 -4
-2 -15
-7 -7
-5 -15
4 23
-1 62
14 18
6 44
5 16
0 -17
-7 13
0 11
0 30
11 3
8 3
4 37
-2 -1
0 -1
-11 -36
2 -10
0 52
6 21
1 17
-3 37
-6 -34
6 -7
11 -9
2 16
0 -9
3 -8
-2 20
2 8
2 14
21 13
0 -12
7 -59
12 55
-3 6
9 14
0 36
-1 11
-1 33
3 -6
7 -4
0 25
0 29
4 18
0 27
6 27
15 -1
-7 -9
6 -10
4 13
1 31
-1 25
0 31
3 -6
-3 -28
2 4
-1 7
4 -4
-7 3
2 29
-2 28
-1 -9
-2 14
13 49
0 -9
3 -14
-1 9
4 -1
7 24
1 15
-6 14
4 50
0 26
4 -45
0 -25
-1 6
2 -22
3 18
2 42
-1 33
8 23
3 52
13 0
0 -12
1 6
18 -31
22 -4
8 47
-17 13
-2 -15
12 18
14 32
1 -1
5 0
-11 5
15 48
-24 -19
