22 -36
-3 14
-18 25
-18 -17
27 -19
40 7
-12 57
-18 -5
-6 11
26 21
4 -57
-20 -19
15 28
7 -3
-14 -22
-36 -2
13 11
51 -22
26 -9
-24 -27
26 -2
-39 -8
-23 0
77 18
19 36
-49 -7
-28 -66
30 0
14 -43
77 15
-27 22
-38 1
34 -36
15 -9
-25 5
30 -17
47 -28
-16 -9
-29 18
2 18
87 -29
-75 17
-19 -9
29 -23
32 9
-36 -23
-10 -9
-12 -5
11 -3
18 25
7 16
0 -7
-1 5
-43 -37
-13 -26
104 5
24 -17
5 -5
-13 30
-68 -1
13 -56
-36 12
1 -23
26 -5
20 5
-17 0
28 15
-1 12
-68 8
15 32
-16 1
-9 -27
75 0
-18 -39
-7 -4
-29 -27
11 -16
24 -6
34 -25
-18 -18
2 -8
1 -20
-13 40
11 18
83 12
-9 0
-44 43
-28 -38
39 13
65 -31
-17 -68
-9 56
33 -23
13 -18
-20 39
16 18
16 -23
-59 -21
2 -7
46 18
-11 11
-45 11
18 47
46 -49
-37 -32
-9 -49
-41 -20
11 -18
-3 36
41 -27
64 4
40 -27
-34 9
-7 25
-10 -26
7 -11
-4 -11
-17 -48
34 47
23 1
-73 -34
-44 19
-20 12
28 5
65 -45
38 -8
16 27
-28 7
-57 -21
28 -14
65 -9
19 41
-38 -32
-38 2
0 7
-6 -11
69 -16
-9 5
-2 -20
-49 -44
-8 -38
41 41
22 32
6 -14
-4 -4
-4 7
33 -15
-13 -28
0 0
-23 20
3 14
-7 -22
23 25
0 33
2 -34
-33 -8
30 43
2 -36
-12 -8
-12 -29
16 32
57 -14
-9 -37
-76 8
39 -28
66 27
-7 -28
-13 -13
-5 0
21 37
5 34
-63 2
8 -34
81 -17
6 -35
-48 46
15 -4
65 -5
-20 13
11 -17
0 -5
17 3
-22 0
-14 53
0 -37
-11 32
0 -49
-15 -29
19 44
2 -37
36 -9
17 -11
-48 4
1 51
-4 -13
4 20
53 -23
14 3
-13 -24
-11 12
-1 -5
-3 7
18 -20
36 26
7 -18
-32 -39
-14 -2
64 -10
-15 -16
9 29
-9 -39
9 35
4 -72
1 23
8 19
-13 -16
-37 -11
37 12
18 6
4 -65
-21 -3
-26 -10
57 9
30 -6
-11 -22
-12 -28
-20 -25
17 2
-16 17
4 16
15 -1
15 -24
-5 -40
13 -20
23 20
-24 -2
-6 -22
15 6
16 37
-36 -22
0 -38
20 -5
27 30
-28 -12
16 46
13 -12
-4 15
0 -15
-13 -24
36 -11
1 -21
-34 24
21 -22
15 3
13 0
-8 5
19 -23
7 -4
-20 -21
-20 -5
-1 -5
50 13
32 16
-21 -16
-23 -27
23 -18
-16 1
18 4
31 -1
-7 -19
-35 25
-21 -18
56 -13
-3 -5
41 -35
6 0
-13 30
31 -47
7 15
-11 19
-20 29
-13 -11
18 -44
2 49
-19 -28
11 52
-3 -17
6 -22
-12 43
-8 -16
6 6
7 -33
72 25
-2 -10
-27 0
49 -10
11 -37
8 -7
-22 1
-61 27
-9 -15
-2 15
47 1
-25 -15
16 21
42 -82
46 15
-46 0
-3 -20
56 -61
-2 35
-48 14
-26 -34
3 3
61 -28
-9 24
-17 -34
24 -27
30 -15
0 27
-36 33
-19 25
1 -48
-1 -19
24 -55
20 2
-5 -23
0 9
2 8
-11 -5
13 -9
8 -7
1 -13
-33 -7
-21 -32
32 -18
32 -16
4 60
9 14
0 -48
1 -2
-28 -13
-4 -38
20 30
-4 -1
-4 -43
2 -21
-15 8
19 -40
33 -37
-25 23
13 -8
11 -31
14 6
8 24
-23 -2
3 8
4 3
-14 -30
-12 18
-7 0
53 8
-2 -4
-15 -33
2 13
7 -27
12 23
3 -10
-1 13
-5 -8
-20 -10
29 -32
40 -12
-18 0
-22 17
-10 14
6 22
26 -76
68 -24
-31 -21
-26 1
25 0
0 -7
-22 7
14 0
6 24
17 47
-22 -7
-14 -28
-11 3
-30 -1
-16 -18
17 26
-10 -31
9 34
9 14
26 -8
6 -24
4 15
-9 1
7 0
6 40
16 -27
9 0
0 -31
-44 -57
-18 -2
37 11
46 22
-6 55
-3 25
22 -79
-8 -37
-21 0
53 -43
11 -7
0 23
-4 -3
8 6
-31 11
9 22
9 -18
54 9
9 -27
-23 44
-7 27
-9 -46
16 -19
-8 8
24 -2
13 -4
-9 -36
-18 -40
4 32
-1 -2
5 8
-15 -9
28 5
5 -44
22 -18
-2 37
-2 0
-9 15
18 -6
21 2
1 2
-10 -26
28 -56
-1 7
-22 -14
-6 11
3 -7
-2 29
-21 -14
13 32
48 -51
5 -7
-31 3
5 -2
-14 25
-4 36
-6 -13
14 -29
32 -40
15 14
-17 0
-14 9
0 -9
9 8
19 -6
-2 1
-1 -47
-7 -25
6 13
11 42
8 -14
-10 -4
6 -5
18 -24
-22 -23
7 13
23 2
3 -7
-15 -4
-5 12
3 -4
13 -8
8 -19
4 22
4 0
-13 -10
17 -8
-12 -35
37 3
3 1
5 16
3 -1
4 -44
1 18
-14 -1
3 12
-2 0
23 9
-8 18
7 20
11 -39
-13 1
15 -13
27 12
2 -20
-35 18
-2 7
18 2
-19 -68
0 -19
17 -11
-17 13
-33 4
19 16
19 -19
-7 -7
11 -10
2 -23
26 -23
-25 -9
-6 25
0 28
22 18
22 -4
17 -45
5 -12
-15 -9
-3 -4
2 -10
17 -22
-5 -13
0 32
-6 -2
-1 17
-5 8
-19 -4
21 -19
13 -63
11 71
8 3
6 -17
-5 -7
-8 -21
-15 6
0 -20
34 -23
0 -30
-3 0
-3 22
-6 33
-9 3
0 4
11 -11
-15 -46
5 -6
96 5
-20 -6
-30 14
-16 3
19 -14
30 4
-2 -43
-3 21
-34 -1
-22 -11
0 12
55 -26
-16 -46
6 12
-10 56
-3 -25
1 -13
3 -25
12 39
22 -13
-9 0
-6 4
17 -48
11 3
-13 -30
14 -8
1 24
-6 15
-5 75
-24 -16
27 -7
46 -18
-30 -10
39 38
14 -36
2 -18
-1 9
-1 2
-1 -27
0 -2
-21 -7
23 -16
7 13
5 24
-9 -14
-7 -52
11 39
-14 1
14 5
8 16
-27 -49
2 -7
24 -2
1 -10
1 -6
21 2
1 -7
-5 -45
-9 -13
-13 11
44 -45
19 -21
-27 0
-16 -3
0 -13
27 -3
9 4
-1 -18
-18 -5
1 -6
19 0
6 -13
1 26
2 51
-1 -17
-2 -47
17 -3
-1 -3
-22 30
-25 2
77 -7
20 14
-12 -19
0 12
0 6
19 -17
-6 6
11 -18
-12 -3
-16 -1
-22 -6
26 -4
0 25
-19 -30
26 2
13 -37
13 0
-4 -7
-10 6
-6 38
-28 -53
59 -46
59 -4
-21 -4
-28 24
-18 23
18 -4
36 12
5 19
-34 0
52 -35
0 5
-28 -47
1 -31
4 4
-19 14
-20 -36
17 -7
-24 13
15 -8
16 -9
6 -51
-8 32
-58 29
25 24
58 -9
26 -18
-16 -11
-38 -13
-4 -56
-7 17
2 4
15 25
12 14
-8 -14
-10 -25
5 -25
-9 -30
-3 -20
30 18
-21 -19
-22 -29
72 38
19 -9
-12 -15
-8 -50
-4 -9
-22 12
4 13
67 19
0 -38
-16 -4
-26 -52
11 2
22 -41
11 1
7 50
-7 13
-16 -25
0 -39
2 -9
3 -2
-8 -26
-11 -41
22 9
54 9
0 26
-25 2
-3 -33
38 -25
11 25
-6 20
-1 2
3 -14
-10 -35
4 31
12 -22
8 -32
36 25
-12 -4
-13 -19
11 19
22 17
-7 6
-6 -10
-12 -15
0 -8
57 -19
-26 31
-20 -22
6 8
14 6
1 4
-22 20
25 -2
20 -23
3 -24
-11 24
-15 27
30 0
41 4
-19 -21
0 -17
-11 7
19 -19
3 -5
-6 -27
18 28
16 -17
20 43
11 0
-8 -3
2 4
12 -12
2 3
14 0
-12 17
6 7
23 0
-8 -15
-16 -14
33 -32
27 -49
25 0
-22 2
-13 8
-12 6
20 7
3 6
2 0
-9 -20
-15 38
46 -18
22 0
-35 -68
24 4
13 -43
-10 5
8 -6
-4 37
16 -9
-7 -6
4 -28
-30 28
11 8
30 -8
6 -35
-4 -40
4 16
6 36
4 -17
-10 -19
-8 29
1 30
18 -1
-14 -1
-12 -19
24 4
14 -6
-12 30
-39 -24
12 33
57 -19
-8 -22
-30 -27
-6 -21
14 -20
-11 17
-3 20
-3 -3
-31 52
88 -15
-4 -62
-10 -11
-7 50
11 4
11 0
-27 -37
2 18
42 7
3 12
3 5
24 -6
-11 7
2 -4
8 -9
-5 24
-3 23
15 15
-3 -4
5 -13
12 -42
14 44
-4 -22
9 -13
-6 22
9 -18
6 -23
0 -27
-46 4
40 9
8 -17
5 -46
-21 -11
-7 9
44 0
18 4
-16 4
6 -10
-7 -16
-26 8
13 1
8 -5
3 -4
-11 -13
22 15
4 -31
-29 -45
-3 -28
-1 -3
-6 -6
34 8
3 24
0 15
-13 2
0 18
30 -28
2 -23
-19 8
-23 5
26 8
12 27
24 23
3 -11
19 -47
15 -43
-25 -6
-4 20
12 34
21 0
-9 -12
-17 -52
5 19
9 -15
29 -2
-10 15
2 -29
8 8
-2 11
5 -10
1 -30
-20 -80
-15 30
31 -12
18 17
5 -26
-10 48
1 46
4 27
9 -62
12 -14
-5 -10
0 -20
9 35
2 -20
-13 -12
29 2
4 -38
-9 -14
-5 4
37 24
9 -13
-14 -4
1 -21
12 31
2 3
-7 -50
1 12
2 -50
-6 0
9 44
1 8
30 -7
-4 -43
4 7
0 -7
4 -20
7 -8
6 -2
-6 25
-18 13
15 -45
-10 -13
14 0
15 -25
34 17
7 28
-20 5
56 -26
0 27
-33 -12
-4 -6
7 -8
13 -11
1 0
-15 -30
4 -25
-7 -28
11 -56
31 11
19 1
24 -18
-18 -14
-2 18
1 0
-4 0
-6 -47
2 -14
-5 -69
1 -67
-11 0
18 -8
11 23
1 -21
7 6
-6 1
-5 13
16 9
5 0
-12 -6
18 17
-1 -14
36 -14
7 0
3 4
34 33
0 -32
-6 -6
5 0
3 -9
-6 0
12 3
4 11
-2 1
9 33
-1 -12
16 -22
2 -24
-2 -31
1 8
-6 40
0 4
8 -3
-6 -8
42 16
0 -8
-13 -23
-5 -4
2 29
-16 -13
39 0
23 -11
22 -15
-11 -6
-24 2
5 -30
8 6
19 -18
-2 24
15 36
-12 -19
3 -34
12 -36
-5 -15
-21 0
22 26
52 -15
-7 25
-30 -55
15 50
6 5
-20 -45
-13 -38
9 27
35 31
7 1
-22 5
-3 -20
-2 -38
-9 -22
19 -9
-6 -6
15 43
-12 43
21 27
19 -25
-4 5
-23 -8
8 -8
18 -42
2 -14
-14 -12
13 27
-10 -7
1 16
9 4
0 -31
0 -1
-22 -2
31 3
1 8
-5 -13
8 9
-19 -14
30 17
0 0
11 -23
11 0
-7 18
-11 -21
-6 -18
-8 28
11 -15
-4 -29
6 -1
-4 -15
20 43
0 -35
6 19
7 3
-9 -21
-7 -12
-7 -33
1 -9
-5 14
-5 17
9 -15
2 32
-11 8
-7 -21
-34 -14
26 8
44 -25
-1 -3
-44 0
5 30
40 12
0 -1
-7 -34
-14 16
0 -43
5 -10
38 37
-6 -2
0 -30
-18 -7
9 -11
3 2
28 39
-1 -13
-13 -4
19 17
-6 16
-17 -66
24 -10
19 -12
11 24
-9 -18
-14 0
21 20
0 -12
-14 -13
0 -13
16 8
8 -24
23 39
5 -10
-7 0
-9 -11
14 3
-13 -41
-1 38
3 -28
24 9
-3 -5
9 -12
0 -4
14 -15
-16 -8
-8 -31
22 -12
34 -17
-14 29
-5 1
-21 -12
3 -4
-2 20
11 -12
21 -20
-8 -24
0 -1
8 -1
-8 -6
3 -1
-1 9
-9 14
26 -37
19 -7
-20 -17
-1 7
12 1
12 -14
-9 -27
-8 11
17 -16
2 -35
-9 -26
-13 -1
28 8
21 3
-23 -13
-6 -9
19 4
0 4
0 -24
15 -31
22 35
-3 -24
-13 4
-11 0
8 2
9 -34
-9 -9
2 -11
32 9
-8 8
9 -16
0 -6
8 -22
19 1
-18 -2
-2 5
7 16
6 -31
7 -16
0 -22
4 2
-9 28
-6 -8
16 0
26 -24
-3 17
-7 -5
-20 -12
-9 -26
15 -64
5 47
-23 3
7 15
18 -15
26 -64
-12 11
-16 9
1 7
7 -33
18 17
13 -17
0 -7
-2 -16
2 -3
-8 -18
-2 -10
9 1
7 -25
11 30
-1 -20
1 -12
-13 17
-8 -14
59 -21
1 -33
-16 11
-9 4
21 12
14 -8
-5 -21
-1 5
-13 -37
-8 33
32 -1
8 -2
-5 -12
-2 2
-7 9
-11 -12
21 25
33 3
-10 -26
-8 -7
-6 -1
-1 1
15 27
0 5
0 -19
0 -33
34 -18
-15 0
-9 -2
15 5
18 0
7 -5
0 -17
8 -14
-12 43
-11 -15
-10 -38
21 0
9 21
8 11
-13 -32
9 -12
9 1
-6 -34
4 -36
-10 25
-5 -1
2 -20
3 4
-9 -35
13 -5
51 -5
-21 7
-4 -7
-30 -8
14 -8
-6 14
3 5
-15 7
-6 -26
12 -11
-7 -3
0 18
4 5
-3 -6
-11 -22
57 1
11 -5
-20 -7
-5 -9
7 14
24 13
7 -10
-3 -10
12 -11
-12 -8
4 -8
-24 12
1 -11
23 24
-12 12
3 -13
5 -33
0 -27
25 9
-3 26
-33 -28
32 -20
-14 0
-3 -20
6 -54
-1 28
0 8
0 -91
36 51
6 33
-21 43
0 53
-6 -5
7 -17
20 -28
8 -28
-31 64
1 23
17 -15
3 24
-7 -39
2 -42
26 -27
4 -33
8 -20
-1 -14
-13 -2
4 22
-11 -7
-10 -14
11 -6
20 -15
9 0
-8 0
-11 9
8 17
-4 -6
-25 -3
18 14
1 -18
11 -12
1 8
-5 42
-1 -4
12 -31
8 0
0 -9
-6 -13
3 -5
-11 -69
-4 8
-1 12
13 -8
28 -23
0 -2
-6 -3
22 -21
3 2
-26 -2
0 -28
21 26
-1 14
-14 0
5 3
20 -25
5 -15
13 24
11 2
-6 4
-4 -17
-13 67
1 -37
14 -57
-19 -10
-3 -53
9 2
35 -2
-18 0
-20 1
11 -3
30 31
0 -34
-4 -52
0 18
-23 -23
9 -14
49 11
-3 5
-10 2
16 -40
4 -26
-5 -42
17 30
-2 6
-3 -9
-18 6
-14 27
52 0
-6 9
3 -4
-1 -32
-23 -1
16 -2
14 7
3 -18
6 -4
2 -4
2 -52
8 -26
-1 -1
-13 18
4 0
17 -7
7 -32
7 -13
-13 36
12 19
9 -46
5 22
-26 3
-14 28
19 29
11 -9
32 -32
-27 -44
0 52
3 -30
24 4
12 8
-3 18
-9 1
4 -6
6 -6
20 3
0 -24
3 21
3 22
8 -27
-4 3
-2 -21
0 15
-12 -11
-18 28
14 -20
0 14
8 3
36 21
-20 -51
7 27
16 -15
-10 3
-6 -10
-15 -5
36 48
14 7
-8 -14
16 -17
0 -18
-12 18
-6 7
1 37
9 20
-2 17
-1 -8
-6 -36
-2 0
-2 17
6 -11
7 8
9 22
1 14
-17 22
4 36
30 -23
11 -41
12 25
4 -6
-25 -13
14 -29
-3 -14
0 9
18 -19
1 -19
-27 0
1 9
-3 9
42 12
8 -22
-12 -17
-10 -14
-10 -9
11 -16
-7 5
-31 -5
17 39
-9 6
2 -23
1 -11
20 -8
-16 -28
-16 -2
23 2
25 11
-8 35
-5 -13
8 18
-2 -40
0 -29
-8 -52
-6 50
40 28
8 9
-3 6
9 -5
1 17
1 -18
-6 -27
0 36
-1 12
-12 -13
-6 -13
19 28
15 5
5 -25
-2 -47
8 -17
3 7
7 15
-11 3
2 30
12 -13
-9 -6
-23 -8
11 27
32 -10
11 22
-1 -6
-1 -24
-5 -6
-3 3
16 -8
-8 -11
1 7
18 22
2 3
1 17
-35 31
5 0
20 -21
1 7
-12 -8
4 1
26 32
1 24
7 -26
-16 1
-1 -15
-6 24
26 0
2 0
6 -20
-7 12
-10 -24
17 11
-2 22
17 -30
-3 -23
-8 3
6 8
15 -4
-10 -49
-9 8
23 -5
12 -7
12 -37
-7 -15
-3 -38
19 -34
0 16
9 -2
-13 -16
-13 -7
25 15
23 -3
-21 3
4 -4
45 -25
-3 37
-21 1
-5 -2
7 2
16 6
9 -13
5 -6
-5 -9
-5 8
-21 -2
19 -1
30 0
2 14
-10 -5
-3 4
-22 -29
21 -15
31 -12
-22 -17
4 41
0 -10
13 14
-11 9
-23 -3
28 9
15 -29
-4 2
-3 -16
-6 18
2 2
12 12
3 15
1 -32
-5 38
-6 -46
14 -7
27 -7
-20 -14
4 -14
16 31
6 14
-1 -39
-17 -13
16 7
19 -5
2 14
-36 -16
-2 4
15 23
12 -6
12 -34
9 17
-15 -17
-8 6
3 -13
37 2
6 0
-7 -1
1 -9
4 -22
-15 -24
-17 17
14 18
32 18
-7 46
-20 19
-4 7
12 -59
-7 -1
22 2
19 -11
0 6
-8 44
-18 -19
23 -15
7 -37
-14 -17
4 -7
4 22
7 26
-11 17
-2 27
3 18
13 12
14 -14
-4 -57
21 18
-4 66
16 0
16 13
-16 21
0 -7
6 -4
1 -22
-4 -13
-5 9
-2 29
22 30
-24 -1
6 37
13 -36
46 -56
-27 0
-24 31
20 -12
2 -28
-1 22
8 11
5 -17
-29 -6
-7 -4
0 -7
19 -12
0 0
-3 -4
1 19
-2 -25
-4 -102
24 -12
-17 4
-16 11
17 -12
20 12
2 19
12 8
-14 -32
2 11
-1 -14
1 6
2 -34
-4 -14
4 1
9 -2
3 -23
-1 -5
11 -21
14 0
22 14
0 -11
7 16
11 8
8 0
0 -8
-1 -18
-10 -1
6 -15
-2 60
1 -55
3 0
2 -21
-1 -10
1 -19
9 -20
20 -24
16 3
-3 41
-2 -16
4 -6
2 73
-5 -30
13 -15
6 -10
-6 -3
0 -5
0 9
0 23
24 -11
16 20
-4 -56
0 -16
13 -17
5 -13
-11 39
-19 0
3 -30
13 -1
15 -20
8 -6
-6 -44
5 7
-2 2
-4 28
-3 -21
20 0
-1 -40
-17 -11
-3 -11
-4 2
14 -9
3 17
-12 -2
14 -32
-3 -13
0 -2
26 -19
6 -24
-10 3
16 -7
28 8
-16 19
8 15
3 26
-5 -15
3 -47
-18 6
4 9
-6 -6
-1 17
-5 -21
43 -24
-1 2
-6 -20
0 -13
6 23
48 -22
-6 -23
-2 -18
3 -15
8 27
-13 -2
-29 8
-3 6
-5 -8
14 -41
1 -13
0 -6
7 4
-2 9
0 -4
-2 3
3 -15
1 2
8 -59
-1 20
0 7
5 15
13 25
17 6
4 -25
-7 -23
-5 -35
-3 13
-6 -23
25 40
17 -11
-8 -6
13 -23
13 3
-11 -28
-3 -1
12 1
32 26
-12 6
-6 15
-4 11
0 -10
7 -23
-11 -7
-1 2
2 -11
19 -6
5 3
17 -14
2 11
0 0
-2 -31
1 -48
8 1
-5 11
-26 0
11 18
-12 -12
6 -18
12 -34
-7 -49
0 34
9 22
-2 7
-4 0
13 -4
-5 30
11 -11
-9 -44
-3 -13
12 -2
23 30
-9 -37
15 35
-3 -10
-2 9
-30 -22
28 -19
30 15
-7 -2
2 -16
-5 5
-12 2
-5 -12
36 -4
-3 -24
-20 -5
0 -9
12 0
3 -5
7 -5
11 3
-17 -13
-10 -3
3 9
4 11
0 -1
15 -2
4 14
0 1
-9 -4
4 -6
4 1
-4 -2
7 -18
-4 3
2 -1
1 0
1 -15
11 1
0 -6
4 -73
8 -13
8 -8
4 -15
-1 -25
0 14
3 0
2 -11
-8 -30
1 -8
6 -2
12 3
9 8
-10 -4
-5 1
3 -16
1 -28
-4 -10
4 -8
17 -5
2 13
0 -16
1 -2
-2 5
0 0
17 -16
2 -1
11 -34
-7 40
2 -9
5 -14
-5 -21
0 -45
-1 -8
6 -1
-7 -5
9 8
-12 -1
4 -39
7 50
3 -39
-4 -7
-5 -17
0 -20
1 -39
0 6
0 -19
-2 6
2 25
0 -11
3 7
2 0
4 -76
-1 6
5 -4
9 8
-2 9
0 36
0 13
13 -38
3 -15
3 3
2 1
4 -25
-1 -16
9 4
7 3
5 -15
-2 -14
1 17
4 -30
-1 2
0 12
4 7
0 -2
6 -12
5 -6
-13 -28
2 -3
-26 0
-2 11
9 6
14 4
-16 8
-15 4
4 -9
-2 -9
16 44
2 -14
9 -18
-5 37
5 -12
-5 -10
3 -19
17 -14
-2 0
0 -24
-9 -8
0 0
4 9
3 -1
8 2
17 -32
2 44
-2 19
-2 -11
1 13
1 -7
18 -2
14 14
7 -17
-9 -15
-10 -38
4 38
8 15
3 -3
0 -23
0 24
2 -17
6 9
1 -36
6 -15
-11 -5
7 0
-6 18
2 -1
1 7
-5 -3
15 -21
-5 -36
-3 -12
12 39
17 17
0 -58
11 33
0 2
1 -12
-3 -33
5 1
2 -15
0 4
12 -28
5 -4
-2 14
-5 -6
5 -28
6 3
-1 -2
9 2
0 18
0 11
12 -29
9 24
-5 -30
1 4
2 -48
6 -30
6 43
0 -8
3 16
-2 14
-9 0
-2 -47
-2 -37
0 54
2 6
2 -30
-2 22
0 -23
6 -48
6 -23
-2 -15
11 6
0 4
5 23
5 15
0 -17
4 -4
2 -51
-5 -23
1 15
3 22
2 -22
-13 8
-12 31
0 -3
30 -28
-10 4
-21 -17
13 -5
20 3
-3 -18
-4 26
3 -7
5 -23
7 -24
0 -55
-3 -10
-6 14
30 2
12 -12
4 -1
-7 -25
12 -10
0 -26
