-28 35
41 11
28 -41
-22 -36
-12 -26
28 3
17 -15
14 39
18 5
-35 5
-27 -7
47 16
24 26
32 -15
-106 17
4 0
73 1
35 9
-37 13
-27 13
43 2
-7 -3
-33 -45
-21 -7
74 9
-38 -1
-55 -12
28 38
56 -4
47 -43
-4 -34
0 -23
0 -42
24 28
-13 4
-34 -24
-30 13
12 -5
20 -33
48 -38
3 6
-77 -12
63 3
-28 38
46 19
13 -13
32 -25
-30 -45
-30 -38
44 9
-15 22
100 20
-8 6
-51 26
-4 3
-10 -25
-49 -22
9 -7
40 -4
6 15
-40 0
-1 -36
126 -9
-35 20
-48 -35
-22 -13
32 28
55 13
-10 -17
-25 -19
29 7
22 5
-29 -33
51 -25
-128 -10
-18 -36
66 -21
0 23
-75 2
81 -20
-79 6
8 -20
81 -3
22 -12
-4 -35
-27 -24
0 -18
-21 -32
-16 2
6 -2
56 14
15 14
34 -8
-13 -26
-87 -3
-3 7
14 5
-10 25
18 4
-51 -45
15 1
121 22
-177 -4
3 -21
72 -14
23 12
0 43
11 25
-34 19
89 7
-56 5
2 -29
97 -11
-18 15
26 -9
-10 -11
-3 18
22 14
26 -18
-31 1
-19 -55
57 23
-53 9
-4 -9
27 17
0 0
41 -32
-14 -27
-24 -5
61 18
13 -26
7 2
44 5
-63 -5
-6 3
48 -23
-49 -2
-15 -19
20 -40
16 4
12 33
-16 -7
31 -20
-6 -4
-2 -6
5 -19
20 -21
28 55
19 -6
31 -28
-91 6
36 -9
71 -47
3 -8
-24 0
40 -12
-40 -6
28 4
-3 -5
23 -22
-33 -23
12 -15
-5 -11
32 -24
18 -18
-58 -9
53 22
-31 -11
20 8
9 -14
8 -31
19 -11
-5 6
-20 42
5 -27
51 5
-10 -46
4 0
59 -33
-82 12
-11 31
46 -2
-33 -41
3 -7
9 -1
17 -9
-13 -20
62 12
-4 -41
0 35
-5 0
22 -2
31 -7
-24 3
-12 -44
-15 -38
18 -16
36 -26
-24 -21
-23 -10
32 -9
2 17
-38 13
43 -44
13 -23
-51 -23
23 0
-12 6
35 54
-36 -8
1 -4
51 22
-52 -12
14 -10
43 17
28 24
-52 27
5 55
-26 -15
31 -32
-6 -37
32 -25
23 -16
-15 15
-51 -26
9 12
32 -8
-23 -19
4 -34
31 -8
-31 0
47 -6
-66 31
-10 2
107 -21
29 17
-43 0
-2 -53
23 -20
-9 0
15 9
2 13
11 26
2 21
-7 -16
19 13
17 -27
-54 -13
15 7
32 -4
-2 28
-6 -8
-15 -4
26 16
-13 -91
6 12
38 -21
2 26
-19 5
5 -1
4 -6
16 -4
3 4
-18 25
14 -22
28 -13
26 7
-2 -4
-56 29
-27 2
38 -29
7 -35
0 -12
-19 -38
48 28
-34 0
-18 -4
16 31
7 39
3 -47
0 -33
4 12
-2 -13
0 -12
-22 0
0 13
0 4
-5 55
1 16
13 6
-7 13
7 2
7 -9
-9 6
0 8
6 29
-9 3
11 -14
3 -19
-5 -54
-3 2
7 3
20 13
-10 41
30 -46
-10 -15
5 -5
-19 -34
8 8
-13 21
31 -12
51 8
-40 -14
-15 -8
57 -49
4 -13
-20 24
-48 3
5 0
4 30
12 8
-21 -33
14 -15
37 -6
-14 -8
4 4
18 -9
-10 16
-11 11
61 7
35 -17
-40 -21
23 -38
23 -23
-8 40
5 9
-34 35
7 -26
46 -13
-36 -45
-9 -40
12 -4
11 -17
0 33
0 8
-10 -17
-4 28
9 -25
1 -22
4 -2
51 31
-35 24
8 5
-3 -46
34 47
37 -41
-36 -9
-9 -76
32 42
-31 8
35 26
25 3
-62 5
-18 -22
31 -12
44 -22
-39 -13
0 -68
37 49
15 -5
-30 -12
-70 16
46 -40
36 23
-7 -40
24 -12
11 -2
-43 13
20 0
-9 38
-1 -48
-1 -22
50 7
-46 0
25 40
0 -22
-4 -34
25 52
-1 -6
16 -23
-11 -25
16 20
-30 -61
26 11
-19 -4
1 24
7 16
-5 -46
13 -49
-8 -5
48 21
-17 1
-7 -18
14 40
13 -11
-34 -29
0 -5
-5 -16
71 7
23 2
-50 14
47 -1
-22 -17
-25 11
9 -2
25 -24
4 3
20 -8
-39 21
-30 2
21 2
-16 -8
31 -19
-1 -18
-25 12
-12 -27
74 3
-60 22
2 12
-4 0
-39 -41
7 -42
45 -4
-11 17
35 0
-76 -29
32 -9
21 11
2 -62
21 -6
37 -21
3 -1
-51 -25
-8 -8
25 18
47 2
-27 23
-68 -19
-17 -45
41 -32
-2 -5
21 3
0 11
2 25
-27 15
32 -43
7 -50
0 -22
37 0
-44 7
-35 -1
30 25
35 -49
-27 29
-63 -8
19 -3
28 21
29 -2
-33 35
15 0
7 34
18 -24
17 -30
-10 -19
-56 -7
9 29
39 14
-31 -2
-5 31
5 42
-28 -40
3 -43
92 -23
-93 19
36 -16
-4 2
26 17
-14 32
6 -60
55 4
-34 -30
-54 -4
72 -9
13 -4
0 19
-5 -1
-20 -40
27 3
-16 -14
20 -45
30 -42
62 -20
-34 46
-58 -13
39 21
-6 -7
-7 30
-18 -38
32 -25
17 3
39 13
-108 -5
46 0
9 16
-13 -19
0 -14
-8 -36
-31 -43
34 -6
-2 26
-8 19
17 -16
7 2
4 -10
7 28
-23 -4
-1 -35
11 -14
-7 -5
17 -15
52 16
-14 24
-80 16
33 31
-16 -40
21 -18
-2 -10
5 -7
0 -1
-2 11
-33 -33
2 0
55 -20
-12 -23
4 51
-14 -50
0 -12
47 6
-6 23
-47 12
5 5
17 -28
-2 -32
-1 -34
22 12
-18 15
-11 -10
29 56
-47 -16
0 -30
16 -2
45 -46
-6 13
-14 -48
4 25
-5 48
11 -18
3 17
1 -16
8 -26
-17 -20
-16 6
6 -5
-5 1
15 -13
1 9
11 5
-7 -15
20 -12
8 -9
11 -20
-25 -23
22 32
13 -3
-47 15
6 6
20 -19
3 -20
-9 0
28 -16
3 2
5 12
3 12
-37 -7
-15 -7
-1 -2
4 -30
2 -28
31 11
-26 -3
-21 15
12 16
11 -15
13 59
2 -32
-9 -8
7 47
14 20
4 -5
4 29
27 -2
-56 -54
33 -25
43 6
-46 -6
33 20
26 17
-3 5
1 17
-2 6
6 2
-3 30
5 -36
17 -14
-22 -4
2 -31
7 8
18 13
-33 28
11 -26
17 8
0 -26
-14 -4
27 12
42 11
-22 -16
-21 -16
12 13
-1 -12
-10 -18
-7 -2
34 0
-39 9
-29 6
-22 12
23 17
29 -11
-1 2
-8 -23
33 -20
33 -5
-63 29
24 0
12 26
11 14
15 -10
-35 -35
-1 -15
31 -11
-9 13
19 -18
24 -33
-2 3
-11 -2
-14 2
-4 -5
17 -7
-10 -7
-1 12
34 13
-20 -13
-23 -3
25 -4
0 -23
-13 -9
2 -4
22 3
-40 -6
-7 -13
32 6
16 -77
11 48
-12 -44
-2 -12
26 2
-5 43
13 -11
-28 -33
3 8
22 -18
1 -17
-13 -20
11 1
-14 -28
33 41
-3 -26
28 16
-5 13
20 -21
-22 22
8 -8
8 -25
5 -13
-12 6
15 -36
5 -9
40 20
-21 -20
2 -38
30 3
-23 -21
12 22
42 35
-48 -10
-24 -11
17 -33
20 -27
7 -18
5 14
-17 18
-7 4
2 -25
48 18
-14 -30
-16 -15
55 20
-36 14
-17 -6
26 -7
-9 0
-5 -10
14 -11
16 9
16 -8
-3 -37
39 22
-63 -5
2 6
56 -14
23 9
-19 15
-47 -26
-2 -28
29 -21
7 4
6 -10
17 -4
23 12
-29 -12
70 -7
-26 -19
-6 -7
15 18
38 -32
-19 17
0 24
24 -7
-37 -34
13 -1
-4 -3
39 2
6 16
7 -47
-29 22
-11 20
32 15
9 8
-4 -23
6 -19
-16 -41
12 -15
-13 40
32 -6
2 -2
16 20
-1 20
14 -16
-9 -23
-13 -28
-14 -31
34 -16
-1 59
3 -2
-5 7
-1 -36
12 0
-2 -17
13 -17
-18 26
5 -12
-2 9
-23 -32
44 -19
-23 -38
-6 16
23 -20
0 -27
2 -5
-18 15
47 35
-48 12
23 -18
13 -19
23 4
-2 -2
-17 -2
20 -3
-29 -16
38 38
29 34
37 -86
-28 -30
-20 22
-14 30
31 -24
21 -70
6 13
4 4
-20 13
12 0
4 -6
2 -6
7 -12
8 47
0 1
1 -16
-6 11
22 -30
16 -17
-23 18
20 3
-3 0
7 -12
23 -15
-7 -83
3 22
32 -22
-50 -33
1 16
11 -16
4 3
18 0
-11 15
-1 -16
5 -73
-9 -2
-1 -45
4 29
34 16
-10 -2
7 -33
8 -26
-3 33
-14 -8
18 -38
9 -10
-31 31
-7 -22
22 44
8 9
22 -30
-4 -9
5 -24
26 -10
-26 -18
-5 2
16 20
6 -9
-34 -6
3 9
24 -36
4 6
-2 -13
17 -8
4 46
3 -8
27 -9
-15 -18
0 7
15 27
51 -2
-47 51
0 -12
30 -32
-5 25
-1 11
24 -53
-50 -14
8 -31
16 19
-20 16
1 9
5 19
-4 -2
-4 0
21 -28
5 28
-25 -29
0 -2
0 7
15 21
-8 -3
-18 1
-13 -12
18 -15
25 -60
-17 0
4 3
11 9
-5 7
4 35
5 -24
5 -24
1 -8
14 -7
7 -36
3 30
-59 -5
27 21
33 16
-5 1
-12 -29
-9 -27
6 -27
-10 24
9 -14
5 -5
-28 -2
-1 -21
19 -6
2 -23
-10 -23
4 26
11 -2
2 -8
-2 -10
37 -20
5 -22
-32 0
15 -22
-5 13
8 17
9 14
22 -28
-10 32
-20 -4
-43 -71
15 2
20 -23
-24 -1
15 0
-6 -14
3 -11
-13 24
26 -45
-5 -11
8 -2
13 29
6 4
-5 13
-7 0
-1 -14
0 75
9 0
0 -22
0 -44
0 34
2 25
-9 -2
23 30
-10 -25
21 -27
-8 -8
3 2
-10 28
-7 0
2 4
8 4
33 -14
12 -15
-55 0
0 20
35 -13
-11 1
19 -8
-36 17
14 -7
-2 -42
7 11
22 -39
-17 -26
6 27
2 11
0 15
11 0
-2 13
20 -45
31 6
-18 -9
-31 28
-2 1
15 13
9 26
2 36
-20 -36
31 -27
1 -1
-11 7
2 14
23 -3
-9 -2
-28 12
-8 -10
11 -52
-13 -6
5 22
22 27
1 -36
-24 30
9 16
9 15
-20 -8
-12 -11
36 -3
-44 25
11 7
2 11
18 -4
-9 -25
3 -15
25 -30
5 0
8 3
-2 11
-7 33
12 -13
7 11
-5 19
0 -50
3 -7
2 8
1 -2
14 13
-29 6
15 15
-15 -18
2 -44
21 -14
3 -1
-27 -3
1 2
13 -40
1 -24
3 -1
6 -34
-5 -19
-11 -28
11 -13
-7 28
9 0
2 8
2 -18
4 -69
-7 -2
12 7
-7 25
28 0
-7 -36
-16 14
0 -60
2 3
-3 55
9 -28
-31 -21
4 -38
-6 6
-8 36
19 18
0 5
-9 9
-5 -27
14 1
5 -3
20 -45
-5 -8
25 -29
-28 3
8 26
7 19
5 -28
17 -21
22 0
-10 -4
-5 14
9 32
36 18
17 42
-38 11
-3 -70
37 5
4 -6
-47 -14
22 20
0 -7
-2 19
14 5
-5 -21
-11 -18
12 -75
3 14
-8 11
23 4
3 19
-8 11
-1 -18
22 -26
-11 -21
-1 21
18 20
18 -12
-5 -7
-14 12
-2 -22
14 -26
-3 -9
6 0
7 -25
0 24
16 35
-1 13
5 0
7 0
13 5
-32 -22
23 15
-22 -5
4 -18
2 15
21 12
-6 8
0 -26
4 -37
8 43
15 -14
-19 23
11 -1
11 -23
20 -4
-18 -7
-43 21
17 -18
15 -34
0 -23
-24 -30
23 -3
-26 -3
-2 16
27 1
11 -13
5 18
3 0
8 32
-3 -38
-15 6
13 -5
17 -4
-10 -31
2 -24
18 -40
-36 -24
11 3
16 19
-4 4
-10 -4
6 20
2 -38
31 -6
-32 -17
14 -7
-4 -5
-1 -52
15 -23
15 13
6 1
-4 -28
17 -16
-53 -27
-8 28
17 19
2 -28
-12 -14
-2 20
-24 25
14 2
7 -53
41 -24
7 -20
-21 -23
13 -15
32 7
-13 2
-9 34
20 2
8 -26
-11 -24
-6 -17
8 8
16 0
-28 -7
4 -28
-1 27
1 -13
11 0
0 -21
0 -36
25 -8
5 8
18 -6
6 16
-27 2
30 -45
-44 -25
-4 -15
19 11
-3 -1
9 1
3 -14
0 18
-20 -49
13 28
29 -13
-3 15
-20 -16
6 16
0 -19
15 14
9 4
14 -20
8 -39
-9 -18
-1 1
12 19
-2 -5
14 -19
20 16
-20 28
13 9
-15 -56
9 7
16 7
1 5
-5 -54
4 12
-8 7
-21 -11
-4 -25
9 -19
5 -24
8 -21
20 22
-49 20
3 -28
-4 39
40 -25
-1 -31
-25 -2
11 -11
-21 23
21 6
-11 16
1 -33
-6 -7
-3 -7
8 -22
5 -42
36 -58
-48 19
-18 -47
-2 -13
22 46
1 -7
18 -44
17 -16
-24 16
-16 -5
48 4
-9 8
-13 -9
17 1
15 -26
-14 -12
15 -9
13 -10
19 43
-3 -23
3 24
7 12
17 -9
-15 -15
-4 -3
17 -6
33 12
-59 9
-15 0
0 -1
45 -13
-18 -17
6 54
-1 -14
23 -39
-26 -8
12 28
23 20
30 44
-4 -19
13 -21
-12 -9
6 -11
13 14
2 -25
5 0
-1 12
6 -11
9 9
-38 1
27 -24
19 0
19 -50
-2 -8
-6 -14
0 21
-24 4
-1 -25
22 -8
11 -5
4 9
-3 -30
-11 17
32 -7
-4 28
-8 -2
4 -10
-2 -30
-3 15
-5 -19
5 -29
11 -15
-11 2
-1 6
27 3
-5 17
-5 -37
-23 -4
2 22
29 0
-19 -2
11 6
-5 13
4 -14
9 -6
6 -6
-14 -18
55 -45
-22 11
-22 5
16 -32
-38 2
14 60
18 -22
0 -28
8 -3
-20 8
8 -28
5 37
-5 4
20 -25
4 21
-4 30
-22 -4
14 -27
1 -23
-8 -4
3 -22
24 -19
-22 13
28 7
0 -8
6 -28
5 -10
0 9
2 -3
-6 -18
-9 -3
12 17
16 -25
-16 -33
11 -11
-3 -11
22 26
-25 -57
13 -6
-9 8
5 6
11 0
9 -9
-7 26
21 -20
3 -27
2 -37
23 9
-21 22
-14 32
18 20
5 -9
29 -23
-16 -7
-14 -17
31 -17
9 31
-21 2
22 0
30 -30
11 -6
9 -20
-27 29
-23 23
15 49
5 7
-4 -37
13 7
-9 -14
16 -15
18 -5
-12 17
4 -3
3 -10
-9 -16
26 31
11 8
0 -34
24 42
-34 -5
-6 -25
29 9
18 11
-25 19
7 0
17 -22
-11 -40
-4 -37
22 -35
-4 -10
25 58
-15 28
13 -17
0 -39
0 -8
-2 12
-32 -2
1 17
-5 -4
8 -11
9 -2
19 -3
11 -6
3 -5
-5 -4
-10 -16
4 -16
0 24
9 18
0 -15
18 -8
-21 -26
-2 -30
23 -12
-11 -32
-3 -13
11 18
3 28
2 33
-2 26
-4 -26
0 2
0 -43
12 -41
17 -57
5 77
11 29
-63 -20
28 18
40 27
2 18
-9 6
-20 -55
16 7
1 49
0 -19
6 42
-4 63
-3 67
-4 -47
9 7
0 -14
4 -102
-11 -34
-5 34
4 38
13 -50
7 -43
-7 15
5 21
-3 8
-1 37
20 50
-4 19
6 -7
28 -93
-5 36
2 33
-11 -24
11 -92
13 -53
0 46
1 98
-15 -2
4 -168
12 -27
-3 33
7 76
-24 -9
8 -38
14 39
-23 -65
0 -56
6 27
-3 11
-1 -1
5 -34
1 -68
9 -1
25 58
-17 -12
-29 -84
32 -25
-18 7
5 -25
5 48
14 48
-12 3
-5 -29
17 5
1 100
12 -41
-8 -44
20 -85
28 -77
-41 52
7 131
18 35
2 -137
0 -50
-9 72
2 50
22 -65
7 -76
7 11
-10 29
-10 21
3 -40
-19 -76
22 -13
15 50
-4 96
0 28
-17 3
21 123
6 6
-4 -228
-4 -78
9 104
-1 42
42 7
-48 -6
3 19
23 38
2 43
3 -31
6 -116
7 21
-7 54
17 41
3 -51
0 -30
7 25
-2 7
18 59
-1 78
5 34
20 -30
-9 -61
-1 -24
-5 -7
-14 18
13 21
8 65
-9 7
28 8
0 -18
-1 12
-1 59
22 93
-6 -3
-3 -123
12 -79
-1 28
3 17
-2 88
3 17
-3 -40
3 20
22 -7
-2 -17
-8 42
5 -42
5 -2
-5 6
11 41
-9 59
-21 -12
19 -46
12 22
31 -5
1 6
12 48
-11 68
0 28
17 -41
-25 -71
30 41
-4 81
0 -2
-8 -80
7 30
-6 53
41 19
3 14
1 1
-3 -4
2 47
2 56
29 40
-33 -33
2 9
19 37
3 -31
11 45
-36 62
-7 -55
31 41
14 70
22 -7
-9 -49
-8 -35
-4 23
35 -41
8 53
6 0
-17 -43
-1 14
8 107
32 -62
-8 -86
22 2
-16 60
25 0
0 62
16 28
-3 -82
18 0
-8 55
-18 -13
14 20
19 58
58 21
-59 2
4 20
-12 2
11 37
15 -9
18 -89
-11 1
-6 68
3 -2
8 25
5 24
-12 -81
-9 -64
-6 45
1 71
11 85
-1 -44
4 -43
11 70
18 66
-4 -44
-8 -16
-9 47
-16 17
24 42
7 57
-6 -13
-29 11
32 33
1 -19
-8 -12
52 49
-11 48
0 4
30 4
25 25
-26 16
2 -28
24 -29
23 12
-31 17
-7 19
1 14
17 62
12 53
-17 -40
-6 -51
22 109
17 -36
-3 -53
-4 15
1 50
29 38
-12 41
-11 -9
26 -60
-4 -15
-8 124
41 1
-32 -45
-2 21
-3 110
-2 12
17 -118
-5 13
2 82
2 37
21 7
-9 -38
7 25
20 41
0 -68
4 -15
38 20
-16 45
0 49
1 -80
-22 11
6 92
22 -9
-1 -102
4 -36
13 75
-20 -36
-7 -17
-1 45
4 20
6 24
0 11
-17 33
11 55
3 30
-18 -22
36 38
-53 71
-7 45
19 37
-3 -30
40 -61
-19 -12
7 32
4 69
3 45
48 -65
-33 -49
34 14
0 21
3 24
-26 9
31 61
0 -45
-5 8
-1 42
26 12
5 -1
0 2
6 23
12 37
-9 34
7 -48
-14 27
8 50
28 18
-8 45
-19 -30
18 -93
0 82
6 35
1 17
6 8
21 0
-23 0
-17 5
27 -11
-14 56
-8 -25
26 -58
-3 26
11 56
-9 30
2 -26
29 -5
-19 9
0 -27
24 48
-19 27
7 26
32 58
-20 0
-3 -46
5 6
3 13
-2 46
-2 43
7 22
13 9
13 -26
25 -14
-14 16
-17 -10
6 0
7 75
5 0
18 -40
-17 24
9 6
8 13
21 25
23 22
-21 -16
0 28
-12 62
14 40
4 -14
3 -17
2 -37
6 -39
6 49
7 -52
-14 34
32 32
-7 14
-38 -13
12 0
3 -8
22 36
-1 73
-27 16
-4 3
15 47
-9 -50
14 -61
21 19
-24 36
3 3
0 17
27 75
-19 6
25 -75
21 -62
-3 75
-17 39
1 11
7 -36
18 -32
-13 37
13 39
9 40
1 30
9 -47
-2 -12
-19 -19
20 48
19 28
14 23
-43 4
24 -15
11 -6
-8 22
6 26
-22 -3
-8 36
9 -57
12 -17
5 37
-27 0
1 -5
2 44
3 61
1 3
18 63
0 29
-10 -34
-7 -70
6 37
27 0
-12 52
3 20
-10 33
22 16
2 7
-11 -9
8 44
5 42
0 13
-10 -25
2 -18
-4 -57
-6 -9
-1 1
4 48
-11 57
18 37
23 46
-16 -12
25 0
-8 27
13 26
-7 -5
32 13
-25 30
14 -39
-8 18
0 84
13 -2
11 8
8 -5
5 -19
-19 -3
3 44
25 -9
-14 3
8 13
-5 31
1 -17
-8 -30
6 20
0 23
2 5
3 -32
7 34
-1 44
-1 7
0 39
-2 -69
6 -2
-4 26
43 87
-40 -6
8 30
41 19
-40 -48
4 -51
9 46
13 53
-3 52
15 32
-14 39
-15 -2
1 -100
15 56
1 32
0 60
0 43
3 6
0 -55
24 -68
-30 19
1 56
13 30
3 37
-5 -10
5 -24
