7 17
3 -3
1 4
16 2
3 3
16 -3
-4 2
7 59
-5 56
4 -14
12 -47
-9 16
12 25
12 9
3 13
3 23
0 2
0 3
-2 5
3 4
-6 -7
14 18
15 29
5 69
-12 -6
0 30
4 79
-2 -18
22 -22
-12 -5
4 -29
-8 22
12 22
-3 42
-1 49
0 33
5 -24
2 37
-5 4
2 41
0 21
2 7
12 -33
1 -9
6 34
4 -7
3 12
1 50
7 -90
18 -66
5 13
9 112
-2 1
-9 -61
-2 12
2 -19
9 -17
1 9
0 34
-2 28
-8 14
3 -15
4 -89
-2 -39
11 26
1 -18
4 29
0 30
2 15
-4 11
-9 -35
-1 -24
8 -19
0 0
5 2
2 18
3 23
0 -31
-4 1
6 -1
-5 14
-3 -49
17 -9
-1 23
-3 -21
2 -24
2 -37
1 3
-8 6
6 -45
1 40
8 -2
7 -36
13 -5
-3 2
6 7
6 -68
-10 -5
9 -1
5 43
7 14
-8 25
-5 -31
3 -31
-1 -2
4 -18
4 16
13 17
1 -62
14 -25
16 19
7 -6
9 9
8 -65
11 -19
-5 -26
5 -32
6 52
7 61
4 -13
-1 -21
-3 -2
2 9
8 -5
2 -15
15 -1
4 24
3 -7
7 -12
-1 -27
7 -30
16 11
4 35
4 50
-1 33
11 -24
7 -51
4 -5
-4 0
-10 62
-5 -37
7 29
4 -1
3 -9
-3 43
6 -43
16 -31
1 17
5 -4
-6 -38
0 1
-3 21
-14 -1
-4 7
1 28
0 -7
6 -64
0 -15
-4 -26
7 7
30 4
-3 -39
0 -40
14 17
-1 0
3 -12
1 -25
-12 7
11 -9
14 -18
0 -1
-34 -3
4 28
5 -20
19 -49
-4 -20
-12 -29
-14 14
31 31
8 24
0 -7
-2 0
5 -16
16 -26
-7 -83
-1 6
9 38
-10 6
9 -3
13 28
3 -15
5 4
-13 -36
-1 -7
19 -11
4 -29
-3 -10
-6 14
-13 -11
-7 -39
2 7
6 14
31 -8
-5 17
-10 -49
8 -38
1 28
-12 28
9 30
21 6
8 -22
-8 -40
-1 9
21 -1
2 -24
9 -31
-6 39
-4 9
-3 29
0 -44
-2 -21
-3 -2
9 -1
29 19
1 3
-4 16
-11 7
-2 -31
11 -36
-8 0
1 48
0 33
-1 14
22 -10
0 -15
-5 54
6 -32
18 -37
13 -67
5 24
-3 33
-14 51
-1 30
-4 -22
2 -47
2 -17
5 28
9 14
-12 -25
0 -13
-8 34
-3 -29
9 2
9 -47
4 80
-9 9
2 -19
8 43
12 -2
2 -39
2 -18
-1 11
-1 41
8 9
9 -8
-5 -45
0 49
4 54
0 -73
-7 -47
1 -36
2 -22
-8 16
-1 16
-1 1
4 -22
12 29
-2 33
-4 -55
9 -49
11 -58
5 36
7 47
19 -2
5 -48
0 -36
4 17
-20 14
-2 -38
5 -2
-1 0
3 19
18 3
5 -70
-1 -72
5 27
1 57
-7 -31
-1 -15
9 104
2 68
-4 -7
27 -47
-3 -67
0 -38
8 16
-5 14
0 16
2 11
34 13
7 -28
-7 -40
3 15
-2 19
4 13
9 -21
3 -48
0 -97
0 -13
-10 71
-6 -6
6 -30
-5 -3
4 -14
-2 19
0 0
0 -4
16 7
2 -46
-9 -34
8 -1
-6 16
7 16
4 -3
4 23
-1 -48
20 -53
9 41
-9 -26
4 -17
-2 30
-14 -16
2 -20
3 34
13 -16
-1 3
-9 -7
8 -23
-9 -21
0 17
-2 3
13 -44
-24 7
-4 16
17 -8
12 -32
-2 -47
15 -11
5 -5
0 -8
1 59
8 -27
22 -11
-20 17
1 -37
11 13
2 59
-18 12
-3 -65
3 -20
12 -2
7 -13
0 -28
-1 6
-16 20
7 35
-4 20
7 4
9 -32
13 -36
-8 -13
1 19
1 78
3 -14
-1 -26
-4 -63
-2 -5
12 -1
-4 51
8 -23
0 -68
-7 -10
9 19
13 53
-6 -2
0 -32
2 0
-4 -12
2 -9
3 16
-1 22
-2 -25
0 25
8 1
1 -15
5 5
-3 23
5 -23
20 -31
3 -5
-1 6
4 26
3 15
13 -14
18 -26
0 3
-4 -2
-3 -5
5 -5
7 0
4 39
7 -68
1 -62
-4 -11
11 13
0 11
2 -4
21 -1
0 17
2 -109
-16 46
-10 0
0 -31
19 -2
-10 46
-7 49
-11 0
13 -42
4 23
0 59
4 -8
-4 33
12 1
8 -20
1 -10
-1 40
0 5
0 -47
6 27
3 -16
12 -59
6 -3
-10 -23
12 6
-3 -70
-1 -32
4 -3
8 -13
3 -10
-2 -13
-2 -2
4 -5
2 -13
-2 14
21 -66
6 -31
-3 29
0 22
3 -19
9 25
-3 11
4 -29
-13 -23
-7 2
12 -18
5 0
8 -52
-6 0
6 22
6 -1
-8 32
-1 -32
0 83
-11 -7
15 -84
7 -17
-13 11
1 29
1 45
13 -9
9 -27
-11 5
9 -4
9 14
-11 -64
-3 -48
15 33
-6 35
-7 9
8 -10
14 -29
0 20
-4 -25
-3 0
-3 71
-19 8
12 -59
-1 79
0 -38
-1 -68
-6 -11
8 17
8 44
5 12
0 -16
0 43
9 -124
8 -49
3 31
-4 22
0 49
-10 -7
-2 0
4 30
2 44
-1 -17
-4 -21
8 0
11 34
-1 -76
-5 -54
11 23
0 46
16 42
-10 -60
-11 -20
3 18
-3 15
6 56
11 -20
2 -10
6 -9
7 -65
5 51
19 -32
0 21
-6 -16
-2 -26
2 -10
9 39
6 -47
0 -36
0 13
2 -4
-1 15
4 29
-4 -26
2 -11
13 7
7 9
0 -14
4 -27
2 -8
-8 14
7 -28
-2 -32
6 28
17 21
-2 -28
0 -40
0 1
4 13
27 48
9 -17
1 -42
-11 -43
0 -8
-8 -96
12 47
12 23
4 2
-1 -38
-3 -11
-4 26
11 -18
0 -14
1 9
3 1
8 -25
7 -16
-11 -37
-3 49
8 -11
7 -51
-8 -34
4 -23
9 49
4 53
-4 -29
2 -11
-4 5
4 -32
8 -25
11 16
0 32
-2 16
-3 4
12 -19
0 11
2 -34
-2 -44
-1 38
-8 32
17 20
14 0
15 20
3 9
12 -55
0 -54
4 8
2 26
1 23
11 -49
14 4
12 25
5 17
-9 -26
12 -31
1 -7
3 43
0 -13
0 -19
12 40
3 18
-6 -42
1 -57
3 1
5 -13
4 -3
0 14
-11 -6
-10 -2
19 -5
12 -56
-4 -5
-1 0
9 -18
18 41
4 -31
9 -21
8 -23
-3 -21
-7 -17
-8 21
4 -18
17 0
7 -12
-2 17
-6 17
0 -11
4 -44
-7 -16
7 16
4 -18
21 7
0 -17
0 36
-4 29
-12 7
11 3
-2 15
0 -12
11 -42
2 0
1 13
2 13
1 -8
3 -71
37 -7
5 16
-11 1
0 32
3 30
15 -17
-4 -13
-2 -14
-7 31
-4 -47
2 -31
-11 37
13 49
6 -57
5 30
-3 -24
-9 -15
11 13
8 -3
4 -42
-6 -25
-3 63
15 49
18 -19
0 -27
-4 -9
-4 -23
0 19
-6 25
4 15
-6 -29
-16 0
5 -43
2 -25
2 -52
2 -21
-5 32
17 5
-3 8
0 -9
1 44
0 -22
-5 -27
3 0
7 -3
19 -13
7 -12
15 13
-8 -14
-8 0
19 -45
12 -35
0 36
-8 45
15 16
4 7
0 -42
-2 19
0 12
0 -18
11 -33
3 43
2 14
8 26
4 -3
2 72
0 -25
-7 21
12 -82
3 -51
-2 25
13 58
8 -22
4 -20
-7 48
-3 -5
-2 -51
7 -28
5 43
5 1
8 5
1 48
1 -40
3 -28
3 -57
5 23
0 18
-2 32
1 21
17 -27
0 -2
1 2
14 -13
-2 17
-2 -17
-3 -4
3 3
20 -2
2 -13
2 -13
2 -21
-2 -31
-8 13
3 6
-5 -32
3 21
3 5
1 9
4 -49
0 -42
0 -4
4 53
1 57
-8 -24
16 2
14 -15
-2 7
2 -60
1 -4
16 47
5 -35
-7 -32
3 -42
-1 25
-2 43
9 28
9 -33
2 -54
-4 5
-6 64
3 21
0 -4
-4 -3
1 -48
4 -32
-5 0
1 -29
0 19
8 7
-3 -15
2 -27
4 12
-14 -3
19 0
2 4
9 -21
-1 52
-4 -38
5 -30
5 27
-15 -15
13 -22
0 -1
-1 32
3 18
4 -3
20 6
-6 4
-6 -41
-1 12
15 6
16 -12
8 -2
-10 -11
4 41
2 -25
-1 38
-2 18
6 -36
5 -22
-8 0
9 -24
7 -18
-2 12
-12 13
5 -4
19 -20
8 -60
9 -8
3 -3
5 -9
20 -34
9 -1
1 47
-4 49
-6 31
0 -43
5 -13
0 11
-5 0
-5 -44
-1 4
-7 -7
5 34
-5 -2
2 -54
5 1
2 1
4 2
1 24
5 -5
14 -28
1 -16
0 -8
11 6
7 -23
1 12
1 102
13 -32
3 -3
19 32
5 13
0 -23
2 -41
4 -41
0 -22
12 8
12 -6
-3 41
-1 -12
9 -24
0 30
-4 -26
17 -96
5 -67
3 17
0 42
17 23
-1 -27
-3 -15
3 -34
14 8
11 52
-3 1
1 8
-9 18
13 23
15 -3
6 6
-1 9
2 -1
3 0
1 -63
3 -35
5 56
5 43
-3 26
-4 -18
7 -51
5 -61
6 -7
4 50
0 18
-9 -18
13 -49
2 18
-2 -22
0 3
-5 -25
6 -34
7 21
9 37
-8 11
-7 -16
-3 -11
1 -43
18 -19
12 26
0 17
3 -37
9 50
4 3
7 -25
14 -21
12 16
-21 46
4 -6
9 -41
22 -7
3 68
-3 -14
5 -46
5 -34
9 -61
-2 20
2 3
6 -8
-3 -15
8 -31
0 48
0 -8
-3 -9
-3 17
-3 12
0 19
0 24
8 -66
5 17
14 -25
2 21
-4 16
0 -42
-5 0
1 2
-4 15
0 36
0 -23
1 -30
12 6
11 -11
4 -8
0 15
-1 37
6 -52
7 -32
5 35
4 -22
8 8
-1 -6
7 11
0 46
1 9
0 46
-1 43
-1 -14
19 23
0 11
6 -76
3 -20
-4 3
-11 63
6 -31
7 -83
-1 9
-1 -20
0 -52
1 13
4 26
5 -3
6 7
-12 2
27 -32
0 2
3 -19
-5 26
-9 36
23 13
1 -16
-4 -27
-5 -59
-1 -6
4 22
17 -29
12 -17
-7 -40
1 -5
3 -15
4 22
15 -46
0 -3
-13 31
1 -1
5 47
1 -20
5 -9
-1 -16
5 2
4 -7
-3 -10
8 23
3 -12
4 -22
6 37
0 14
6 -7
-4 -32
2 7
-3 -34
4 -3
11 11
8 32
-6 14
2 -1
-4 -15
12 -38
-1 26
-1 -12
4 -16
6 -25
-2 -44
5 -9
-1 0
-7 1
11 24
4 1
-2 -16
13 12
-5 54
1 20
7 -16
-6 -17
8 -76
6 -33
-3 42
13 18
-4 6
12 -1
-11 -6
7 -18
0 -22
8 37
1 28
2 -39
-1 -11
1 -20
4 16
18 -47
0 -44
-11 -34
6 -25
-2 -16
11 26
8 49
2 54
8 -50
1 -30
-14 11
13 -9
11 -8
9 -29
-8 -5
-8 -3
1 20
12 -3
1 34
-3 -39
-4 -65
12 33
11 -27
-4 -6
13 4
1 8
18 -53
-9 -59
3 -5
8 -9
3 -7
9 -18
4 25
3 -34
12 -55
0 32
2 31
2 -80
5 2
1 -19
3 4
6 2
2 29
-12 -20
4 38
6 -26
8 -45
5 0
-4 -44
0 -3
7 14
14 43
2 22
-5 -27
-2 -5
8 5
4 19
3 70
2 -18
5 29
3 44
0 -55
2 -22
8 7
4 -7
-20 4
-4 23
13 -4
1 20
-2 18
6 -64
-9 -43
0 -36
9 -2
6 0
-8 20
0 12
1 12
0 -42
-9 40
12 46
8 -53
4 -83
0 45
0 19
-13 -7
-1 35
0 -28
11 -44
4 -42
-2 -6
5 16
3 20
32 8
-4 -3
-7 -25
2 -13
2 -46
2 -5
11 -22
13 -3
-5 36
0 5
-1 -15
-3 -19
-9 -12
13 -27
20 -24
-7 -13
0 44
-6 13
0 6
6 0
6 17
4 -26
0 -9
-5 -21
5 15
0 -6
-2 -24
-5 43
1 7
1 -22
18 -66
20 -7
5 -3
-12 53
-6 0
13 75
-3 28
1 24
-6 24
6 -22
8 7
3 17
1 -1
-2 27
3 39
4 4
1 43
-6 -5
12 8
-8 44
-6 -7
2 17
17 35
-3 11
9 -41
-4 28
0 -45
-1 28
6 43
14 18
-5 22
5 32
-13 22
2 0
-2 42
5 -17
3 -6
6 23
2 3
7 46
6 31
-3 15
7 5
-5 17
0 -4
13 36
-2 -6
-2 29
4 24
6 15
7 -22
17 2
1 -1
-8 23
8 19
-3 -34
-3 36
4 45
13 -8
3 50
11 8
3 -3
-2 -14
15 20
2 29
14 5
3 48
17 -6
20 -17
-5 -32
-8 28
3 16
4 38
8 21
-3 -9
-33 1
9 -36
7 2
0 25
5 5
5 19
-3 -2
-2 4
5 13
3 48
-3 -10
7 -33
4 42
-9 0
3 -16
5 17
12 -23
2 38
-3 17
3 -16
-2 -21
0 22
19 34
8 -2
-8 -20
-9 30
5 36
2 -12
0 -40
-21 34
13 9
-1 49
19 -11
-6 -18
2 -2
-24 15
7 24
4 36
-4 25
7 1
5 -31
-3 31
-4 -22
-2 29
9 -6
6 -4
-9 -24
-2 28
0 34
-5 -16
-3 43
2 37
2 -45
9 -28
0 14
9 -18
-17 0
-2 -24
-7 3
-1 59
12 46
6 -9
3 -11
-2 16
2 26
7 62
7 31
2 -47
1 18
-4 23
-7 14
-5 -16
-1 -20
12 19
4 19
-7 24
-1 46
15 27
-2 13
0 -9
1 12
15 11
-3 2
-7 -2
1 29
-6 8
8 -2
5 4
0 -24
18 19
-2 33
0 40
7 13
7 -15
-5 28
-5 9
0 6
6 -17
3 -31
0 52
4 36
11 11
-6 8
9 -51
-20 -17
-3 -25
0 22
4 90
1 20
0 -64
-5 39
-3 -10
-3 -9
13 2
2 59
8 -6
12 1
5 11
1 -17
6 -18
0 6
-1 16
-6 23
4 -45
11 -27
17 -41
9 1
-1 -26
-20 49
3 2
6 15
4 7
-8 -16
12 -23
12 -2
0 15
5 -24
-1 -30
-3 15
-1 -25
8 23
0 -90
1 -9
0 -45
2 -23
15 -42
-4 8
-4 25
-2 37
-1 42
14 -22
6 -29
3 -52
-5 1
3 13
-3 9
-4 58
-2 15
-2 -45
6 -30
13 0
8 0
-2 -41
13 -61
-6 59
-5 36
1 -30
17 26
9 -80
5 -30
3 -10
0 18
2 -10
-4 8
-9 -4
3 58
0 3
-13 -15
0 -42
5 -6
12 -54
9 -23
-3 0
16 23
-17 70
16 -18
4 -21
4 -74
5 8
1 66
-14 63
3 23
12 -46
14 -61
0 13
-9 -56
0 41
-1 13
4 -42
0 11
7 15
0 19
-3 -16
1 -17
0 -24
-1 -34
7 -11
13 24
6 4
1 27
-14 -54
2 -67
3 4
2 41
-2 49
-3 -8
0 1
-4 -20
3 -1
-4 4
3 27
6 -14
-1 -9
3 3
12 25
-19 -11
9 6
-2 -26
19 -16
4 6
22 1
2 22
-2 -16
0 -59
4 44
2 -52
6 -33
-4 6
8 -33
-5 59
-2 4
8 -16
1 -28
0 -49
-2 24
9 -5
-3 -25
-11 -6
20 0
0 22
1 -1
2 -15
3 -24
0 -22
12 22
5 0
0 5
2 -6
-9 -21
0 6
4 -10
3 -5
-1 -29
-6 22
8 -17
-4 -10
3 4
9 -2
0 -21
2 -14
2 -13
1 -25
-3 30
3 -22
8 8
8 6
3 7
0 -33
-3 -5
11 15
3 15
3 26
0 1
7 -11
1 -37
-9 -6
0 -50
-5 38
2 -18
7 52
4 -11
0 -46
-4 -15
-4 -12
5 -16
-4 23
11 4
11 -13
6 -16
-3 4
-2 7
6 -65
3 52
-5 -6
-5 -1
12 -48
7 -24
-2 9
-3 21
6 -44
8 25
-6 -6
0 -35
8 -38
-1 -35
0 2
-1 27
0 -26
0 -18
2 17
-4 26
2 15
-2 -7
17 -9
14 -8
1 2
-4 -16
8 -7
7 12
-1 -2
-7 -5
4 -54
9 32
2 74
22 -12
-10 -44
5 -6
-5 -30
-13 2
14 -35
5 12
8 -1
-5 -8
4 -13
7 -1
-13 7
-2 -21
9 -27
17 -40
-15 -22
13 12
-1 44
2 11
-3 13
-4 26
4 -65
0 -16
15 -17
5 -26
-4 68
-9 -34
5 -21
5 18
-12 -6
2 -13
15 -5
0 -8
4 -2
-5 36
-4 5
0 0
9 42
2 3
12 -20
12 4
4 21
-4 -25
0 -48
17 0
-1 -25
-13 -19
-1 -1
17 32
2 -18
0 -51
2 0
0 16
5 32
-13 -2
-18 -36
0 -8
6 13
7 21
-4 11
-9 16
0 -3
22 -55
11 6
-1 -12
6 7
1 -28
12 -11
5 8
3 17
0 3
-5 -10
-7 -28
8 37
0 -33
-2 -5
-1 17
-3 3
1 24
3 -12
12 -33
-13 -19
-5 13
4 2
11 8
0 0
-3 1
4 -46
6 -22
3 -16
-8 -18
13 -27
-5 1
7 9
-1 20
1 -39
1 0
-3 5
3 -17
-1 -13
3 -25
4 7
6 -22
1 13
-3 -29
1 -9
4 -1
-2 -1
-6 4
0 0
5 -3
7 30
2 -32
-2 3
3 -2
-5 12
7 -30
2 -2
-8 -17
11 36
-3 -1
-7 -31
1 -2
5 -55
0 -16
13 2
6 19
-1 -20
2 11
7 -24
4 -33
2 -8
-9 -11
0 -1
4 27
12 -17
-2 23
2 -22
-6 -8
4 -24
23 -38
7 29
4 9
1 15
9 26
0 -26
0 -13
5 0
4 -35
-8 -1
0 0
2 -4
1 -30
3 15
3 -44
-10 -82
22 1
16 22
0 12
-9 34
-7 7
0 -65
6 -19
7 1
9 19
2 18
6 8
15 27
2 -24
-1 -3
12 -19
-14 28
-10 28
17 -13
3 -35
16 -39
-2 0
-9 4
6 39
-5 18
6 -4
6 -39
-5 -41
-3 33
4 16
12 -21
6 -39
3 -16
4 29
-7 8
-1 -37
4 0
16 -38
-1 1
13 41
6 22
-7 6
2 -27
4 -17
0 -13
12 6
5 -10
-3 14
-12 16
3 6
0 22
11 -23
8 -26
0 30
11 -11
2 -3
4 -16
5 0
18 -57
1 -16
2 -11
6 -34
15 2
1 70
4 32
12 -21
9 -18
-3 -16
0 -23
7 -5
4 17
2 -13
0 -30
0 58
-6 -6
4 -5
0 -39
-8 2
2 -6
-5 0
3 66
2 50
5 -48
13 -42
1 -38
-9 75
-1 0
0 17
18 25
6 28
-15 -31
1 3
4 7
-1 -6
9 -42
7 -26
7 69
5 26
-6 -21
2 0
-2 11
-6 -24
-8 8
-8 2
8 -32
6 62
12 -11
-14 -19
-6 -38
2 12
16 -50
7 -8
-5 5
2 5
6 35
11 -46
-2 -15
2 -29
6 41
-1 -46
-6 6
-2 -23
0 -3
17 31
8 43
2 0
-2 -28
0 -11
5 -23
7 -23
-5 47
12 30
12 -28
-1 -12
11 -51
6 2
20 18
9 28
-7 -64
0 33
-9 -2
6 60
14 55
1 -45
-6 -41
0 -22
1 3
-1 -19
28 5
-1 58
-5 -42
2 -25
4 11
1 13
-3 -62
-6 -23
-3 32
9 4
20 30
11 13
17 -11
-2 24
13 -10
-1 -7
6 -48
5 17
9 11
4 -5
2 17
15 13
1 -66
-3 -41
6 33
6 88
4 35
1 3
-1 -87
15 -4
-1 -6
-1 -29
7 -26
0 75
-11 1
-8 -30
5 -83
3 -9
-6 -39
8 42
5 4
-9 -62
-5 -16
5 -7
15 -4
8 21
-6 42
5 45
24 -30
0 -15
1 13
4 18
-7 -20
0 28
12 -24
3 -35
-5 -12
-5 0
3 3
-4 -45
6 4
-8 22
-2 -2
3 -64
8 -9
8 7
7 -15
-8 -24
-3 24
-3 -9
3 -1
14 32
6 -64
0 -24
3 0
0 22
-3 -26
-1 30
6 -19
-16 -29
2 -20
15 -10
21 -35
-6 20
-7 17
-2 -23
-1 -20
4 3
16 2
5 -4
4 -15
-8 -1
-5 -9
-8 35
0 34
5 -3
0 -18
6 4
7 7
0 -14
3 -1
8 13
-11 -32
0 44
15 -8
2 -28
17 0
-2 -40
6 -11
-6 -4
7 29
0 38
3 -10
2 -2
3 -16
3 -16
7 -45
14 7
-4 4
-8 57
6 8
9 -25
1 -12
3 -16
0 28
-1 -9
4 12
-8 -45
8 36
2 45
-4 -27
5 -56
-6 -40
1 35
6 0
5 7
0 -11
2 3
17 -9
11 -3
1 -9
-4 -13
7 -25
-8 0
0 25
-4 36
-1 -72
4 -42
4 18
1 24
2 -11
-1 23
7 28
-3 -28
5 -12
14 -3
-11 9
-3 0
7 20
2 -1
7 31
-1 40
1 -23
4 23
3 -37
2 -2
5 8
-8 -14
1 16
2 8
0 -17
12 -9
12 -8
-5 34
15 -48
2 -32
16 13
-2 40
0 1
14 -16
-8 11
-19 5
9 2
5 -2
19 26
-1 13
-11 6
5 47
-7 -8
8 -66
3 35
-11 11
-6 -3
11 -13
9 23
3 -1
1 -27
-5 -17
7 -10
-4 21
16 38
-2 21
-2 -34
0 -10
-6 54
1 -11
3 -7
1 6
-1 -22
-13 -9
3 16
6 14
4 20
7 -10
5 -52
1 14
-9 3
5 -10
-2 17
24 -19
-2 9
1 6
6 -3
9 6
1 -41
-2 -33
-6 1
1 -21
5 22
2 30
14 1
-2 -12
0 -9
0 -22
-2 -8
3 24
8 37
3 -43
0 9
6 50
0 -31
5 -64
0 42
7 49
-1 21
13 37
2 -67
-5 -31
7 -15
13 -12
4 15
1 4
-1 8
-15 -27
-21 -5
7 17
31 -15
17 -5
0 -29
2 -9
7 -3
11 1
-5 17
7 2
1 -7
0 4
-4 9
-1 -2
0 -7
-2 35
-2 21
-1 -6
12 -30
17 -50
0 -37
-1 -3
0 5
1 16
-1 1
1 -1
-6 1
7 23
18 -38
1 -14
7 -19
-16 16
3 23
0 -5
