1 3
-3 15
-5 18
2 -3
-1 6
0 -1
6 -28
15 -15
-10 -21
1 -14
9 17
4 9
0 -5
7 7
-3 -9
-12 1
1 -31
7 -37
6 19
-8 -11
11 16
1 9
-2 0
-4 3
7 17
-4 -24
2 -14
15 26
3 -4
7 0
3 0
-3 -19
9 -5
8 -12
-5 5
9 -17
3 9
-3 31
6 36
-3 -15
0 -9
-1 -34
-10 -15
9 -3
-3 11
-4 -25
-3 40
-5 -41
0 18
0 5
-3 -25
14 25
9 9
0 -26
-7 -25
1 -2
12 -15
-5 36
6 -39
-4 0
4 -2
0 7
3 26
0 4
-7 -1
17 -34
-5 -22
-7 -14
-3 -9
-2 46
2 -5
-1 -24
4 23
8 19
-2 -1
-3 -12
6 -12
-2 -9
1 -14
9 6
19 7
-12 24
1 -10
4 -9
0 -8
-4 20
0 5
-1 2
-3 -10
4 14
3 -28
-11 -19
0 -40
14 15
-1 9
4 38
-3 -13
2 -2
5 -19
19 -1
-2 -7
12 -8
1 -12
-6 16
0 -19
6 -6
2 -3
1 1
6 -18
2 -10
0 -12
-4 3
2 14
-4 7
2 15
6 2
12 -14
8 -14
6 -10
-2 0
0 7
-5 0
8 0
9 -2
-1 0
2 -28
0 -50
-9 0
-5 31
11 19
2 17
0 2
7 -10
18 -25
0 13
6 -10
-4 27
11 -4
-1 -13
0 8
11 -32
5 17
0 -4
1 -26
2 5
-2 -23
2 1
-2 12
4 5
0 -26
-3 -7
23 -36
1 -3
-5 -16
2 -5
14 -19
6 -10
3 11
3 -45
4 22
0 -13
-3 7
0 0
7 19
0 35
15 8
8 -27
3 -51
-3 15
2 7
5 14
4 2
-1 1
-2 15
4 -25
6 -1
1 -12
0 -5
-4 4
1 2
0 5
2 -1
5 -38
4 -18
8 23
4 19
5 -4
-9 17
-4 -4
17 0
3 -15
2 22
11 -19
8 -12
0 -17
-5 9
4 -14
-6 44
4 23
6 0
8 -9
0 -39
2 -15
-4 -18
0 18
0 -10
-7 -21
-3 -4
31 1
-1 -20
14 -33
3 -30
2 0
0 15
5 -1
-2 8
-14 7
0 -11
6 -14
4 -36
3 6
-3 3
5 5
-7 6
0 -18
24 -7
5 4
0 -28
9 -4
4 -26
-1 31
0 -5
14 7
15 12
-6 -27
4 12
5 -22
0 -18
-2 -17
3 18
7 21
2 -7
8 -6
-4 11
0 5
8 -35
11 -15
3 -1
-7 5
-1 -14
9 12
0 7
2 -48
14 -14
-17 -46
5 -1
6 33
-3 8
11 9
5 3
-4 -32
-2 15
1 5
7 -15
-1 25
12 -7
3 24
2 16
2 6
15 -37
0 -17
-5 -54
5 22
12 -4
0 0
8 46
0 14
-2 -11
-4 -16
-2 -28
3 -2
5 2
-1 -42
7 4
5 35
11 -64
0 -1
0 -14
-14 -70
14 0
6 53
-3 -11
-6 12
5 -7
5 -29
3 -9
22 -13
-1 -16
11 0
2 2
7 12
18 -13
16 7
-10 -12
1 -40
2 -9
0 -5
-29 -10
-2 7
6 -8
-7 -10
3 7
-6 -38
-6 -50
26 42
12 4
-4 -10
4 -20
0 20
9 5
2 25
-4 -9
-6 -17
2 0
8 -20
0 -1
5 -16
3 -22
-3 28
0 -9
2 -8
-7 -7
1 -21
4 13
1 1
6 27
-1 20
0 13
2 -17
5 -13
5 -5
9 -10
-5 -13
1 65
0 -12
4 21
-4 -35
-17 -35
-1 -10
0 -6
-7 -9
5 -28
-13 21
6 -18
1 5
2 0
4 6
0 -3
-1 5
-2 -7
25 14
0 18
-8 16
-8 -37
6 -40
0 -23
2 -12
-1 2
8 -28
0 -3
-1 -16
5 1
15 -12
5 -3
5 19
7 -30
6 54
-2 -14
4 -2
7 -1
-5 15
16 -12
6 -21
6 -10
5 5
8 -44
9 20
0 -10
4 -4
1 -15
-4 -9
5 -8
-4 -1
1 20
-1 4
7 -7
7 -5
-3 -15
4 -8
-4 -31
2 -2
3 -1
3 11
11 9
-5 17
3 -16
5 -13
4 -31
1 22
0 -12
8 7
-3 -17
0 17
18 7
-4 -8
0 -16
12 -15
-1 -19
11 5
9 -10
-3 -11
7 14
15 3
0 37
0 -25
-4 -9
7 -6
14 -14
9 -10
3 34
1 12
0 -32
0 21
1 9
5 7
6 2
0 -30
7 8
5 16
0 1
0 -15
6 -13
-4 -15
-2 -28
7 1
2 9
15 36
6 3
2 13
-7 0
5 5
5 -6
9 -1
16 -71
0 32
2 5
6 6
6 -7
13 3
0 -8
-9 -42
3 -32
2 6
8 4
2 20
1 34
5 24
-5 -1
16 -12
8 -27
6 -8
0 17
4 26
0 11
8 -11
-3 -11
3 2
-1 -5
4 15
6 -37
2 0
-2 5
6 35
6 13
-4 21
4 1
2 -72
4 -15
0 -17
3 22
4 -7
-2 1
0 -13
6 16
-3 -38
1 -12
0 -47
7 0
9 -19
-1 20
-3 27
4 15
-3 -8
-3 -20
3 -30
-2 6
7 4
2 14
1 1
-6 11
-1 -2
19 3
3 -10
-2 -20
3 13
-2 8
-3 -11
12 1
-3 -9
8 24
-5 -3
-3 -20
3 3
-1 -2
-4 -22
7 14
0 7
17 8
12 -14
3 -29
-7 -14
1 -14
6 19
0 -15
-15 -4
20 13
3 26
0 -46
0 -20
-2 13
1 -18
0 25
8 11
8 1
0 -32
4 -9
5 22
0 -23
-5 15
8 -19
1 32
-3 -24
3 5
12 -12
11 -17
0 -7
-4 9
13 20
0 7
8 26
-12 12
16 -38
3 3
-7 8
-2 -8
4 -22
-11 -17
-3 9
3 -22
-2 5
-1 -13
5 6
-1 -46
-6 -19
7 0
0 -24
6 -13
11 -12
6 20
0 -44
12 13
12 44
2 4
14 -8
8 -35
15 15
2 -3
8 1
2 -6
1 -4
6 -39
-8 -10
8 27
3 13
3 3
-2 -8
4 -8
-4 -14
0 -31
11 0
1 18
3 21
2 26
7 2
6 -7
1 -3
8 20
8 -31
0 0
2 0
0 -6
23 -33
0 -2
-11 -4
8 -54
4 -16
-4 28
0 2
8 -39
5 17
7 13
-5 0
0 -34
7 14
4 -11
3 -7
-3 -37
3 27
7 -6
8 -3
9 19
2 -20
1 -36
7 -33
8 1
1 -33
6 -2
6 -1
0 -9
8 15
8 -27
4 -16
-6 -10
0 -15
-2 -36
6 30
-3 -46
1 34
1 8
0 -40
-2 -5
-3 0
14 55
1 -28
2 -45
1 6
-4 -8
12 -18
-8 11
2 5
-9 1
7 11
24 14
-14 -24
-9 1
5 -16
9 -47
11 -4
2 -2
-2 -7
-4 6
3 19
14 -25
0 35
-8 -40
3 0
6 19
-2 -16
-5 -1
-1 -12
2 -1
1 -3
8 -22
7 30
-5 -23
-7 9
1 -6
2 -67
0 19
-4 -1
2 -26
-3 9
0 -4
1 8
0 -8
-1 3
0 35
4 -92
-4 -21
-8 -17
4 -24
-1 1
7 -14
21 -7
-16 18
-17 -36
4 0
7 14
7 -16
5 -2
6 4
3 6
-2 -4
5 33
-11 17
-2 4
11 -46
12 -24
4 3
1 -31
3 0
0 32
0 -12
2 -71
-2 4
11 11
2 -41
-4 12
17 25
-6 58
1 -1
0 -53
4 -11
-3 12
12 20
-6 30
4 -3
7 25
0 -18
18 -11
0 -18
1 -1
-2 -6
-6 19
9 12
-1 -30
0 -21
0 -24
0 -4
4 16
-4 -18
18 -37
2 1
8 18
-2 -14
2 11
-10 -20
-3 -18
8 -5
2 28
2 -39
4 20
4 -22
15 32
-1 -25
2 -20
7 -6
12 -3
0 -31
-3 3
2 16
5 11
-4 1
6 -3
4 -36
1 -34
-8 -6
4 -6
0 -2
13 15
3 3
4 -3
-2 -17
2 -44
3 -14
-4 5
2 -17
-2 23
1 29
8 11
11 -10
3 0
11 -16
2 -11
-7 7
-5 8
0 26
0 -18
-8 -20
4 -43
4 2
5 -19
-2 -2
2 -20
1 0
-3 -10
0 -6
1 0
4 -3
3 -19
8 -15
0 -3
-2 35
2 9
3 40
5 0
0 3
-7 -29
1 -47
-11 -43
13 -26
7 -4
-5 18
2 4
-18 -30
-5 -6
19 -26
-6 -8
3 -18
6 1
-3 22
-1 -1
0 -24
1 -16
2 28
14 -29
8 -4
8 -53
0 12
12 9
1 21
-1 -11
-1 -16
4 -14
4 -37
0 -32
-6 11
2 2
7 5
8 -8
5 -4
3 -12
-6 -26
11 -11
1 -4
-3 0
6 16
1 -9
-6 -5
1 21
7 -29
5 4
2 -2
22 5
0 -27
17 8
-7 -6
-1 -8
2 -8
5 11
-3 -18
11 -10
1 -18
-6 -20
-7 -23
4 54
1 -6
11 5
8 -17
3 -29
-3 -18
15 -1
3 -9
0 5
3 5
4 -27
0 -36
0 -14
17 1
-2 -10
-4 4
0 21
-5 17
0 -19
-1 -32
-1 -9
5 -63
-3 25
12 -14
8 28
9 -11
3 29
-3 -14
8 -14
13 39
-1 15
-4 22
-5 -12
5 5
19 3
0 -7
6 9
3 -23
-1 -35
-4 55
5 -37
-1 16
11 -17
15 1
-3 24
2 -9
17 -9
14 -32
-1 48
14 4
-3 -33
0 -13
13 -30
19 -7
-11 -58
0 0
4 44
1 -7
-8 0
1 -42
0 43
-2 -15
4 -13
3 -17
16 -6
1 18
-6 -10
2 -5
3 9
-2 -3
14 -18
6 -27
-18 -5
7 29
3 21
0 -10
-4 3
7 2
-3 -28
6 -4
0 4
4 -1
-30 11
5 11
1 6
7 -4
1 -5
1 -15
5 -17
1 15
-4 -8
3 -28
2 11
-8 -4
7 17
13 -22
1 -28
1 -10
4 -2
1 2
3 11
8 -13
1 7
1 -18
4 -15
0 -4
-2 17
0 30
-4 18
2 12
0 -32
-6 40
12 7
2 -3
7 -55
-7 4
-3 23
-3 13
-4 20
-1 0
0 1
6 -4
-3 -34
-3 -43
-3 -21
-7 39
6 -22
9 -27
4 9
-1 -27
3 -11
-6 7
-1 -5
-6 -13
9 8
4 -12
5 -9
-6 5
7 -11
-4 -25
1 -54
3 27
0 43
-2 5
6 -6
-4 0
7 19
5 -22
0 -28
0 0
2 24
12 -20
1 22
1 -24
0 -19
-1 -28
14 -31
6 -13
0 62
0 2
-3 -15
0 -3
0 42
12 -22
5 -21
4 2
2 -2
-4 36
1 -2
2 -5
4 -13
3 15
16 -25
5 20
1 18
-5 -32
0 -43
-7 35
0 -18
8 -16
-2 -3
-11 -18
0 -38
-9 37
3 45
6 -20
5 8
11 16
3 -48
5 -17
7 -41
-2 1
0 6
5 27
-13 -9
-3 40
7 5
5 -6
-9 -28
13 -13
7 -30
-5 0
2 14
-4 12
-14 -1
11 -26
5 -26
-3 4
0 -14
9 -11
3 29
4 -28
16 -16
-4 16
2 -32
-7 7
-2 6
7 4
9 -5
6 17
-22 0
-1 19
-12 0
1 -16
9 -11
2 -25
7 8
9 2
0 5
0 3
1 14
0 -46
5 -6
1 4
-1 -22
-1 -5
1 -8
0 11
3 23
1 -22
-5 -17
9 13
7 -43
1 -23
1 -11
7 34
-23 5
6 -5
0 -12
7 -36
4 -15
1 16
4 -15
4 8
-8 -10
3 13
3 15
13 -59
-5 -2
6 -6
5 11
-10 -10
5 -12
8 -17
1 13
5 -12
1 -7
6 1
8 -49
14 15
0 6
-7 0
-5 -21
-2 -26
0 -54
23 -3
-4 11
-1 -18
0 0
0 7
-1 8
0 -17
-2 7
-1 -17
0 22
5 -37
0 -5
12 7
18 8
-10 7
-8 -14
-3 -27
1 -9
1 -30
8 -7
3 7
4 -14
-2 -10
0 -36
-5 -7
-3 -64
4 3
8 7
0 -5
4 9
-2 20
-1 -18
0 13
6 3
4 -32
14 11
4 -1
1 9
-3 -1
-5 -38
-6 0
6 -34
7 -35
7 13
7 1
7 -14
-4 -5
6 -40
3 13
7 4
-7 3
8 3
0 -37
0 -34
2 -25
0 29
5 4
4 -2
-10 2
4 7
7 -15
13 -44
2 -5
1 -17
7 0
7 -16
1 7
-2 -23
-1 -16
5 -4
9 -13
0 11
-5 3
1 -7
8 11
2 -24
-12 3
0 -12
-1 -28
16 -7
-15 40
1 -13
7 13
8 4
-5 19
-1 -10
0 -10
-2 2
6 -10
2 -23
-6 -7
-2 8
-9 19
4 1
8 -12
8 -12
0 31
2 13
9 -3
0 5
2 2
0 -15
-3 -23
4 -20
30 -3
2 6
4 -7
5 -11
6 1
5 -27
0 6
2 -5
6 -19
7 3
-2 0
8 27
1 9
1 -19
2 -14
-1 -5
7 23
20 51
-1 -24
3 -4
6 11
8 -24
6 -22
1 -11
3 -12
-1 1
2 -4
11 15
4 2
11 -6
1 -5
4 -40
0 -25
6 17
-2 15
6 12
8 -30
9 3
2 33
-2 -23
-4 -35
3 -19
4 -22
2 -4
6 7
0 21
-9 9
7 -11
0 -15
-2 8
-3 -17
8 -22
3 22
1 -2
5 0
4 -19
5 3
13 12
3 1
-2 5
-10 70
6 -17
4 0
7 -17
0 -16
1 -16
0 -43
14 37
-12 25
-11 2
0 31
1 -8
0 -38
-5 4
5 -40
7 -3
6 -1
12 -43
0 0
6 7
-11 -19
4 -5
0 -6
-5 -21
-9 -9
1 50
2 -24
0 -13
17 7
-3 19
2 -37
-2 -9
0 -11
0 -21
9 23
0 15
0 12
7 0
1 12
1 -1
-2 -44
6 -19
9 -42
9 -4
0 43
8 13
4 24
0 16
13 52
-12 -54
-2 -56
12 -1
-7 49
0 -3
7 18
15 3
-4 17
-11 37
0 -11
9 -24
2 -59
8 29
3 -84
3 21
9 5
1 25
8 -26
0 19
5 -49
6 34
11 -32
-1 11
-8 -3
3 -10
2 31
5 -21
9 -17
0 -16
-4 -11
-2 27
9 -25
6 28
-1 9
3 -44
-2 -30
-1 19
0 -21
5 79
7 -39
8 46
11 -9
3 20
-2 -15
1 7
-1 -6
4 -38
8 -12
7 23
-2 -11
0 13
3 24
6 -24
-1 14
0 -19
9 -58
-4 6
9 43
9 -11
-1 0
16 -48
1 -34
0 -34
1 -20
11 8
1 6
0 2
2 -13
-1 15
-3 -30
5 -30
0 -1
1 -13
8 31
7 7
6 1
-20 -11
-2 -27
-3 -6
-3 5
5 16
25 -8
-4 -13
-1 27
-2 22
20 -30
2 -17
-1 3
4 -32
7 -9
2 28
6 -7
0 -44
1 6
1 8
13 -11
3 2
8 -7
-2 18
16 20
6 8
12 -23
4 -23
-5 -1
5 -7
6 57
-1 -9
1 -14
-2 9
5 0
1 -6
-42 -22
1 -50
-5 25
4 -18
-1 0
2 -1
3 -1
0 12
-5 -22
2 -60
-7 34
3 -4
12 28
2 24
1 -17
-8 -5
-5 -11
0 -8
-1 -10
4 -19
0 13
5 -22
-6 9
0 17
4 -9
1 -12
2 -41
7 3
21 -18
-1 7
0 -5
0 -3
-2 9
3 0
-1 -21
9 -2
-12 -57
4 0
4 -4
12 -6
1 8
3 13
9 29
-12 -32
0 -39
7 -3
2 3
7 6
0 0
5 -7
4 -33
8 22
1 -48
-7 6
0 42
6 17
3 -27
2 8
5 18
4 35
0 -24
1 -24
4 -4
-1 9
4 9
8 1
7 35
0 28
8 -5
-14 -11
1 -6
0 -5
-5 -9
4 -4
13 -6
5 7
2 -43
3 11
13 -29
-4 -24
1 -26
4 -2
6 29
8 3
-12 7
-8 -2
8 2
6 -12
7 -1
9 -24
6 -2
21 21
-1 -11
5 -4
7 3
2 6
-2 -5
7 -27
5 16
-4 0
6 4
14 16
1 -10
9 -18
5 -24
-1 -16
4 -2
4 19
9 8
1 13
4 -2
2 -19
-2 -14
5 -15
0 8
9 1
20 0
-4 2
6 -18
-1 -2
-14 -23
4 7
5 -18
1 14
-4 11
3 -9
5 0
-5 -1
8 -5
2 -13
-4 -20
3 4
8 27
-3 -5
8 1
4 -13
-1 -13
-1 14
1 -2
4 -6
5 -3
11 -16
5 -13
-4 -8
4 6
5 11
26 -4
-5 -8
-4 -9
1 3
-1 21
-3 14
-10 4
12 -8
1 -31
2 -9
4 -9
12 -4
-3 0
6 -15
-5 0
-4 -8
1 14
-14 -21
8 -13
6 -23
6 -9
0 17
-4 -8
-3 2
0 5
11 0
11 -37
-2 -48
-1 33
7 0
-4 -21
-1 -51
-3 35
5 25
1 -7
8 -14
0 -8
5 64
4 -19
2 -25
9 4
6 22
3 -8
-4 -41
-3 3
5 16
-3 -28
4 6
-3 9
2 17
-1 -2
0 -28
8 -4
8 -17
9 -36
0 8
5 64
1 26
-6 3
0 -64
-1 -22
2 -8
3 -16
-1 -8
-1 8
5 16
0 -5
1 17
0 15
6 15
2 -42
0 -37
1 -19
0 -20
4 17
9 -9
-3 8
-6 6
2 -7
-5 -24
0 -40
8 4
2 23
12 3
0 -3
1 -1
-2 -2
4 -7
5 -22
1 -1
0 21
-2 17
8 6
9 6
8 -10
0 -10
3 -51
11 -35
3 -13
7 18
1 4
28 12
2 -13
9 6
-15 -24
2 1
-11 44
1 -3
8 24
5 7
0 14
-1 0
4 -25
7 -26
4 -9
3 -43
-3 12
3 17
1 28
7 9
-4 -19
9 -28
11 -29
1 19
2 14
8 -23
4 8
-21 25
-1 -16
1 -40
3 20
1 -12
11 -6
-5 13
-3 -9
-5 -15
7 0
2 0
3 -2
-3 -31
9 -12
1 19
6 -2
-1 0
-1 -18
4 -3
-2 -1
11 -19
-1 3
7 5
8 -3
2 8
0 -9
-22 17
5 -37
-5 4
-8 -2
6 4
0 33
6 3
2 18
5 -4
2 -20
8 -22
13 -13
5 7
-4 9
13 23
3 -16
2 -30
-7 -4
1 -39
2 -10
4 32
3 -1
5 5
6 -27
3 29
-4 -6
-1 -14
0 -34
5 -6
9 1
3 29
5 -13
3 -10
-8 -29
0 -5
-1 -28
2 13
0 9
3 0
2 11
0 -1
0 -15
5 0
3 21
6 -2
5 -50
0 9
0 -16
3 27
1 -16
-4 -8
-2 -21
-1 -8
-6 5
-3 -31
1 -36
4 41
2 21
2 8
-2 -17
0 -17
3 -14
0 -16
2 -13
25 11
1 7
-2 -6
2 -55
2 9
8 -10
0 -4
3 -15
3 -9
-1 -13
7 23
4 21
-4 2
-1 -20
1 -28
2 4
0 -9
3 -21
7 0
12 3
7 7
-1 25
4 -4
16 -16
3 -9
-17 -18
7 14
9 -27
12 -22
-3 1
-12 -10
-4 -9
11 -15
-3 -28
6 -7
0 6
8 -12
-2 -3
1 38
3 -20
6 -10
-10 -10
0 -3
-2 -14
-3 25
6 9
0 2
5 7
31 31
17 -35
7 -44
-8 1
6 -6
0 34
4 14
0 -6
17 5
0 -9
-18 -67
-4 -16
9 14
11 -16
3 18
-1 -31
18 26
-4 -3
-8 -2
4 -38
2 21
8 -11
3 7
6 2
-5 -2
-1 21
-28 -21
3 -11
-7 -3
0 -20
6 -24
5 21
6 23
13 32
-5 -58
-1 -17
4 7
13 1
6 -24
-2 36
0 12
16 26
-12 1
6 8
2 1
-13 -8
-3 -2
7 2
-2 -8
-5 -13
9 37
2 23
0 0
-2 -25
0 15
0 8
3 20
5 -11
3 5
4 -14
3 -15
8 -24
-2 9
-4 26
7 -4
4 -9
1 2
-3 -7
0 -13
5 -22
6 1
-3 -7
0 -42
3 -6
4 2
0 2
8 -18
7 1
0 1
-3 -1
1 -13
5 5
6 15
0 4
5 -16
-1 2
8 -4
-2 -12
3 28
0 21
-10 15
9 4
-5 -17
5 -9
-5 -12
2 -16
3 15
0 4
7 15
14 -10
6 -4
0 -5
2 15
6 -22
2 -13
1 6
8 -15
2 9
-2 -16
-4 4
8 2
9 -25
0 -26
-2 -15
8 22
3 3
-6 14
5 11
1 -17
1 -31
5 -9
4 -3
-1 -2
0 -1
5 14
1 7
6 0
0 -21
-2 -26
5 -31
1 7
2 16
4 15
5 15
-1 3
4 -37
-5 -11
2 -16
5 1
4 40
27 2
-2 13
0 -14
-6 -8
6 -13
9 36
5 -4
-4 -31
5 9
13 4
0 3
12 -34
9 -14
5 -10
12 -65
5 36
-8 0
2 -9
-4 8
5 -1
8 6
8 -11
2 -19
-7 -2
-8 6
-7 20
0 -10
8 5
9 11
-3 -2
-1 -33
0 -14
0 14
6 -35
7 16
4 -5
23 -19
-2 -1
-4 -3
4 -5
4 -20
1 -39
5 -17
5 3
14 15
-2 6
11 6
7 -4
5 -9
2 23
2 -23
9 -12
-4 0
0 -5
17 -17
6 5
12 -20
0 21
3 -44
-14 14
0 3
-2 2
4 15
15 1
4 -21
-8 -18
6 -7
9 27
14 0
-3 -11
5 15
9 -11
8 0
0 -40
-3 11
-7 31
3 -33
4 23
5 20
8 6
0 -7
6 -2
2 -74
-1 -9
5 15
3 35
0 -2
1 -41
3 30
-17 1
17 21
3 -4
-4 15
-4 44
7 -25
11 34
2 15
11 13
0 -11
-1 -21
12 -22
-9 11
8 6
3 16
8 -10
11 0
5 -25
3 -70
2 22
4 43
0 3
-1 -4
5 -1
-1 25
12 -35
4 -64
9 -29
-3 28
0 -43
7 12
-3 -8
2 -2
-8 0
3 -12
-1 -7
-5 -14
4 17
1 -2
2 -22
1 -13
1 3
1 -7
3 0
-5 -10
5 -32
5 33
0 35
0 25
0 2
1 -5
5 -9
21 -17
0 -3
-6 -2
2 5
4 8
4 -24
2 -22
3 -2
0 -18
-10 -38
4 -6
0 2
12 -22
8 1
3 11
5 -7
-2 4
-6 -6
6 15
4 23
0 -9
1 6
6 4
-3 17
2 0
0 -2
-2 2
3 5
-3 -13
1 9
0 7
9 -1
1 -5
8 9
11 -26
-3 -31
0 -23
7 -55
1 -3
3 -8
8 18
6 18
0 1
2 -13
8 11
13 -40
2 2
-7 -20
4 -6
12 -4
-1 17
16 -3
12 14
-6 12
11 -31
-3 -21
14 44
2 -29
0 2
-1 -1
-12 15
1 1
12 -14
-2 -23
16 -5
-1 -10
2 0
7 0
1 5
2 8
0 0
4 -17
4 -34
-6 5
-7 12
1 15
5 3
8 0
4 -9
11 -17
4 -13
-3 2
2 5
7 0
4 26
9 9
-2 -17
6 -24
7 -15
3 -7
7 -31
1 -4
0 6
-3 5
4 -14
-1 9
8 8
0 3
2 -9
0 1
0 4
5 6
8 -3
3 -4
3 -28
3 -15
0 0
3 9
4 2
1 32
-7 28
5 -24
1 -7
0 -17
