71 -33
125 14
334 -2
-315 -47
460 17
258 13
-94 -28
75 30
117 -30
93 11
89 24
197 -6
331 -46
-4 9
-3 21
190 -71
252 3
74 3
128 -37
78 19
-129 -26
117 30
67 -24
183 -10
-13 22
233 33
230 -18
-143 -50
-28 -4
49 -24
392 16
59 14
73 -38
80 16
350 -64
-12 -25
-19 28
130 -13
158 31
30 -23
68 -10
-29 -38
336 -18
116 -13
-106 48
94 0
78 -34
223 -13
72 -9
47 -19
377 -9
330 -14
-148 -18
-59 21
77 -60
200 1
187 -5
-6 37
-25 0
595 -16
-76 19
-6 -61
117 33
236 24
111 53
87 -70
181 -2
423 -59
181 29
-242 -3
89 -17
166 -6
179 18
225 6
30 -24
317 23
190 -30
-203 6
-148 57
213 -52
99 -5
143 0
114 -16
-18 -38
362 -11
-130 17
-99 28
151 -34
166 -19
220 -17
110 -20
-13 -15
228 -26
257 -2
-89 -27
50 3
204 2
92 -14
209 11
80 -1
197 -53
407 52
-18 2
29 -80
19 37
271 6
80 -16
52 15
98 -47
283 -10
73 46
-72 11
17 -40
247 -9
133 -25
57 -21
73 2
304 -23
234 -16
-300 9
74 -18
176 0
186 0
242 -7
181 -3
-10 26
377 -13
-159 -10
43 -70
96 8
151 7
175 -27
16 39
-64 -88
361 -6
61 24
-64 -3
153 13
181 -8
204 -45
168 12
102 -27
318 -8
397 9
-191 -14
54 -12
-23 -11
213 -27
37 -10
45 -3
135 -15
486 0
-173 18
45 -37
131 5
160 -11
135 -9
149 24
103 -8
276 -24
-137 -27
-40 -23
69 -6
100 -3
241 -21
195 -5
71 -2
248 -87
510 -8
1 -11
-37 35
-16 -31
215 -29
248 -47
-40 27
39 38
312 31
54 6
-83 13
49 -44
202 -34
118 -9
121 30
-14 -34
336 -24
164 -11
0 5
141 -15
101 -16
278 -32
113 1
-82 -7
83 -16
478 13
-57 -24
-31 3
66 15
115 -70
182 -19
42 34
-37 0
504 -16
0 3
13 12
109 -38
99 -22
100 6
78 -19
248 6
207 -10
138 -29
190 0
57 4
49 -25
319 -51
151 0
9 -23
279 2
448 2
-33 -5
183 -21
99 0
95 28
159 -34
158 2
191 17
419 17
-79 -14
-66 -34
-61 15
125 -21
259 -7
324 -2
136 -29
213 -3
245 -40
-189 -4
32 -23
237 12
407 23
140 12
-11 -16
13 -9
575 -36
-103 -29
77 -9
253 19
127 -16
62 -27
254 22
117 -25
184 -30
-60 -12
-44 9
-85 -18
102 0
78 0
150 22
166 -5
-108 -55
302 14
-3 9
-125 -9
170 -9
358 -43
144 -16
56 8
142 11
282 8
176 -29
8 -5
292 -34
87 -21
198 -24
167 20
129 -11
133 -19
60 0
-77 4
75 0
179 -7
27 -64
21 15
205 -7
78 -58
375 -10
-126 -23
-180 -30
46 -60
316 17
166 -10
80 7
167 20
124 20
-150 -38
225 -27
228 33
193 -4
166 7
109 -21
54 -21
329 24
172 20
-184 0
108 -25
279 15
62 6
-194 14
278 15
265 -67
296 -33
-19 4
103 22
134 -9
273 -41
101 16
94 14
172 -3
498 6
-100 -28
-35 -31
119 14
97 30
204 -3
-82 9
-137 -37
341 -46
446 12
78 9
69 -21
183 -9
98 -11
116 -3
136 -3
174 3
296 3
-188 -22
-148 -20
1 -25
218 -1
72 26
168 0
107 -25
358 -3
-20 -10
22 -30
105 19
98 26
196 -42
67 -56
244 -10
483 5
128 -15
-328 -19
44 -17
336 -5
222 -33
208 -24
-97 -4
43 28
394 -10
-79 -29
-121 1
62 -15
288 -5
54 -22
-4 9
91 -11
362 -20
288 -20
-2 -51
-149 40
60 -13
154 -17
121 -9
152 -3
444 -20
140 -25
-75 -17
23 3
67 -22
225 2
168 -4
-134 -18
56 -10
495 -12
68 33
6 16
-36 -17
207 -9
152 -26
89 -1
37 3
466 -20
175 -21
-329 -5
-159 11
-43 2
315 -18
334 -15
-180 -8
172 -2
268 -3
-264 -27
-167 35
162 -37
323 -36
205 -18
57 2
127 18
201 -15
244 18
18 -7
-21 -19
92 25
12 39
-44 -33
112 -38
578 -16
147 -14
-316 -11
-66 18
92 -4
123 8
315 -17
96 -11
-72 9
455 47
-202 1
-68 -7
211 -31
167 43
198 -27
80 -12
108 -46
468 19
-77 -34
-333 -27
-147 -19
123 69
304 2
140 -52
-247 4
212 -1
213 -26
68 -23
49 -23
136 -16
106 -3
184 -47
125 39
8 -12
178 -19
-12 -8
-26 -18
-4 -33
189 15
241 25
160 -6
-31 -27
201 -12
36 -14
22 -37
61 -9
22 -24
182 19
78 -18
-35 -18
-5 -5
-67 -6
448 15
-9 -3
-148 -14
72 -27
136 16
294 -12
-47 -11
35 -5
317 -7
-67 -17
-222 30
6 -15
144 0
88 -13
28 -24
164 11
192 -37
259 4
-28 -27
-37 -12
5 -12
223 13
171 -12
208 -33
104 -2
324 5
-161 53
-90 -11
156 -44
109 -13
222 21
79 0
-49 -30
70 -9
322 -2
62 -28
-59 -42
154 20
44 50
69 -31
39 -43
118 -12
546 -25
-121 -6
-257 -18
-34 -12
382 -7
233 -1
-39 -21
-53 -47
426 55
144 -3
-124 -30
27 -21
22 13
291 -4
173 -31
17 -17
234 19
150 1
0 12
-6 -25
124 8
176 -32
58 0
40 28
50 -47
476 -64
-152 -38
-172 -2
112 19
181 -40
37 14
102 4
-114 -2
258 -39
101 -11
-19 18
24 -20
113 4
219 5
134 6
23 -17
216 -67
248 21
-187 -6
25 32
135 -14
219 -5
61 -28
49 -1
-6 -30
435 11
-175 -12
-123 -25
46 -1
-17 0
74 -10
147 -23
126 0
184 -52
197 40
-100 -21
-45 -29
185 29
329 -12
-37 -8
5 -29
251 -10
-140 5
-83 -37
8 -34
218 27
184 11
87 -22
23 -19
199 -13
271 40
5 -25
-106 14
133 -1
-18 -16
107 3
216 -11
0 -25
253 0
238 22
-215 -63
-145 -34
337 -11
190 -2
184 -13
-134 -22
48 -29
393 0
-121 9
-11 20
116 -13
242 27
122 -19
-50 49
-87 -37
501 -9
156 -16
-198 0
-60 -29
191 8
305 -9
61 -10
-82 -8
182 -20
215 22
0 -4
138 -18
68 -43
94 3
165 23
77 -17
0 7
323 -39
-352 -10
-42 -11
169 3
147 8
207 -19
-9 -11
77 -21
327 -17
79 53
-160 -36
60 -35
191 8
-63 15
-35 -4
115 -12
327 8
167 -48
-104 6
-88 -10
-23 -11
198 -20
115 -45
31 -16
176 6
362 26
-198 -8
-2 -9
29 5
208 -19
98 -2
82 -15
69 14
121 -19
93 -15
-233 -1
-139 13
241 8
219 -39
94 -30
94 -41
67 -23
-42 12
-131 -5
-47 -24
11 -2
163 -7
215 -20
-33 32
-26 -74
420 -51
-141 -29
-74 -1
271 2
256 13
147 32
-34 -62
-20 -30
233 -31
261 -13
-19 9
137 0
179 5
194 -11
187 -1
-54 -30
120 0
235 -15
-150 -50
104 12
71 -52
-92 14
-91 -4
209 7
70 -31
289 9
163 68
-207 -51
63 -11
13 1
270 29
139 -6
-39 -16
179 -3
151 -20
-57 -24
-82 49
118 -24
146 -13
35 -2
-75 2
84 21
409 11
3 -34
-186 -40
46 0
158 31
110 4
132 -50
168 -17
46 1
102 -7
126 6
-121 37
104 -11
-27 0
108 -11
107 -17
25 -19
122 -37
296 -62
-111 -11
-54 25
133 2
86 -42
150 15
135 -11
27 -26
277 -19
59 25
12 0
66 -14
71 -15
141 29
105 28
65 12
114 2
238 0
-85 7
-76 -29
30 44
218 14
17 24
8 19
-18 3
304 -16
-157 42
-61 -37
286 -4
159 -6
102 -2
84 19
81 11
223 12
174 -32
-12 14
60 26
312 -13
-22 0
19 -8
42 26
250 4
200 -12
-168 -7
-67 20
-69 33
336 0
-22 -13
39 57
123 9
479 -15
-19 -6
-215 42
83 -11
272 28
285 -31
-55 24
-17 33
57 14
310 -12
-45 16
-27 -12
111 1
152 33
20 29
87 0
-28 27
516 11
-222 0
-135 -4
69 18
195 6
189 13
121 2
242 20
200 -17
-162 35
-101 24
187 -69
127 8
248 11
80 -15
-143 -14
184 40
318 7
-381 1
-49 -20
14 -2
150 18
45 -7
-11 -3
182 -13
184 15
-138 -12
25 27
206 9
160 -74
94 50
135 42
114 29
247 -21
74 -1
-218 -9
-104 55
291 7
221 4
142 11
-81 -15
140 7
336 15
-7 6
171 48
103 -23
126 -37
191 22
-18 13
6 2
255 -4
-298 -16
139 22
175 -32
192 0
115 37
87 17
-13 -17
258 6
46 34
-26 -14
-120 -8
-11 4
120 26
150 33
-3 3
97 0
226 -10
-224 -5
-8 -5
42 41
225 4
147 9
115 11
19 -7
343 -11
-132 -17
-272 49
59 2
414 -12
85 -65
151 41
-16 27
237 6
-62 -16
-69 15
83 -9
95 18
220 21
-7 -3
-132 -10
49 28
426 19
-95 -18
-13 -9
107 12
140 -3
79 39
82 11
-90 -3
347 14
174 -35
-90 27
60 4
108 3
145 22
133 3
39 0
169 -2
144 -9
-251 0
85 47
189 16
59 -65
133 -4
174 46
167 -46
-47 2
230 45
-94 -2
-247 7
84 22
344 -37
190 43
62 0
7 15
270 31
183 0
-266 7
135 -13
84 -22
49 13
-15 37
68 9
146 11
410 -19
-256 -15
-78 19
198 26
163 0
8 -12
90 3
22 1
215 25
40 0
-102 1
58 -36
-72 25
61 -4
305 11
160 3
227 -30
135 -2
-94 0
66 38
167 55
144 -12
144 0
8 0
-64 25
388 41
201 25
-26 -32
168 20
65 28
11 40
146 41
112 1
277 7
20 14
-218 -33
-24 -17
270 72
272 -35
22 22
42 1
55 30
158 16
-236 -22
-36 -6
62 26
177 51
-38 -40
-50 -8
-51 8
351 -23
-142 32
19 6
28 -1
9 30
110 9
71 16
81 -13
260 29
-3 3
28 -23
75 20
44 32
-2 -17
233 -1
90 -9
64 -3
397 -10
-168 59
-294 -5
146 -13
180 -1
203 0
2 23
26 13
247 -11
-76 -58
51 -28
-27 36
220 30
61 1
67 2
-23 -20
157 -6
193 33
-207 23
32 14
9 -18
52 0
175 -21
-49 -35
118 -43
339 52
1 9
-21 5
91 -1
48 17
117 7
92 14
-48 6
412 9
26 47
-163 -7
-17 -11
144 11
120 12
-22 41
106 -7
70 -28
303 12
-363 31
-63 -2
232 21
288 17
32 -15
71 17
67 -14
431 -39
-255 0
-151 85
133 6
104 8
167 21
4 15
97 12
330 25
-36 -21
-128 3
129 21
159 53
63 -16
148 11
-27 21
184 2
172 1
-153 6
-16 6
-31 -7
223 0
59 12
92 9
-143 7
383 11
-85 46
-205 18
214 -27
166 6
-1 4
136 -13
22 -5
331 3
-9 4
-86 -6
58 -15
26 -2
107 42
62 7
94 4
-16 6
-3 -4
480 -2
-56 42
-49 -7
64 -27
244 0
52 44
-17 -25
35 5
323 -5
61 2
-237 14
14 0
131 3
220 -3
77 56
-10 6
140 15
409 -41
-184 -5
-117 -14
43 0
146 3
199 12
-4 19
-1 6
288 -11
2 13
-43 22
76 -1
154 23
220 6
39 -2
-89 1
-19 -11
207 6
-104 9
158 3
-101 11
188 13
28 -37
97 15
23 18
397 6
-99 31
-176 14
233 -11
173 -5
24 46
6 16
-100 6
426 7
38 15
-81 23
-99 -10
252 -3
152 12
129 28
-60 6
127 -4
509 18
-174 5
-55 -4
-42 0
102 7
58 16
200 19
44 18
325 -7
-138 5
-17 0
-4 38
194 7
122 13
65 9
-111 0
367 0
127 19
-261 -4
24 14
172 8
113 16
-25 -3
-38 53
138 -1
364 2
-159 -15
-116 -26
76 22
41 43
245 -3
-30 -49
-37 22
496 35
-139 -8
-215 11
60 -65
85 -13
202 5
56 -23
48 29
258 11
23 18
-97 20
18 -1
119 28
220 -10
72 3
43 -56
14 7
216 9
89 4
-112 17
85 34
105 -9
215 6
135 48
2 3
304 8
-101 6
-51 -6
98 -32
78 -16
202 24
84 -13
163 17
246 39
-53 -28
-180 21
31 -8
259 -23
103 32
-114 12
-114 9
75 9
321 -13
-122 0
31 44
115 7
-20 25
89 45
64 -33
104 70
340 -9
-167 -1
-229 1
7 -9
114 -5
-14 -61
153 0
81 49
236 17
239 -17
-232 8
-64 54
153 26
99 77
-6 5
151 19
122 -55
322 -32
13 -22
-143 -43
79 -5
59 -8
128 6
139 53
95 21
217 63
96 19
-286 -11
26 -23
276 53
89 -96
64 22
-95 42
132 -39
232 -42
-169 -9
-127 60
208 67
7 -20
93 27
50 29
99 2
215 -61
-98 -4
-262 40
99 0
199 -7
55 2
1 14
5 -1
209 -11
-68 -11
-127 61
92 49
67 -10
175 -17
40 -18
-26 25
231 41
299 20
-186 18
-44 3
38 -8
164 -11
125 -32
57 7
-119 0
334 -3
-6 11
-133 31
-7 23
238 -75
135 -47
-31 26
-60 34
120 26
231 65
-211 28
45 25
19 -11
-9 -6
-22 -24
44 -34
167 62
341 27
-193 -36
-232 -50
18 32
361 23
248 -6
33 25
-52 32
283 6
-220 8
-53 18
154 5
194 65
64 -8
2 -30
-4 17
187 31
171 33
-229 69
48 -38
21 -39
134 1
49 36
-97 86
12 69
596 -31
-10 -74
-287 -108
43 -26
62 91
146 89
76 -8
142 -42
277 -63
19 18
-56 93
-82 72
64 -80
192 -14
112 -2
11 46
280 20
192 -76
-298 -65
34 -30
-21 -41
87 20
227 43
91 -15
-21 -29
256 23
-108 -52
-203 -1
84 78
32 30
45 74
176 -81
38 -7
8 58
5 -24
-252 -59
48 21
89 29
135 98
-254 71
-27 -100
150 -91
341 1
-140 115
-132 5
67 -37
174 44
-70 -36
-38 12
107 25
425 14
-94 15
-115 -20
59 25
83 -7
122 152
-48 3
14 -125
137 -72
-144 77
-54 58
-83 89
120 38
137 -56
120 -46
45 68
83 9
241 -13
-282 54
-67 75
85 -89
128 -18
247 48
73 24
15 -36
278 -64
-221 -27
-161 46
274 16
34 3
82 0
16 52
156 -56
28 -75
44 65
231 37
-186 140
-83 85
203 -103
128 -98
175 -78
120 70
31 -21
117 74
0 -5
-235 -91
-42 -40
29 65
-36 87
135 42
-12 47
69 12
83 -29
61 -61
117 16
50 47
176 -35
64 -80
-48 2
203 24
276 85
-70 47
-99 -86
75 -58
64 158
82 68
41 -66
-74 -134
230 -18
49 48
-162 111
0 61
-25 -101
168 -52
135 40
-37 57
65 2
204 42
-62 57
-82 13
238 -24
2 -95
58 -19
-24 110
63 94
253 73
36 -13
-97 -53
23 -120
180 43
48 135
-47 42
35 40
224 -99
80 15
-99 127
48 76
109 -55
67 -31
84 -24
12 47
134 67
111 -16
-68 39
19 -35
3 -9
89 48
175 58
79 86
30 55
365 -121
-126 -19
-242 0
134 31
26 39
9 52
-83 14
59 3
366 -32
23 56
-240 82
110 77
113 -2
98 -145
46 -20
-67 30
38 71
257 76
-138 84
49 -28
-41 -106
111 83
46 91
-18 -22
59 94
263 3
-66 -83
-184 -33
-110 120
179 -30
91 42
104 35
85 13
81 3
22 -37
-176 17
-15 50
184 69
-1 -7
117 54
-62 114
21 -6
420 -94
38 63
-108 105
-24 5
136 -36
197 0
50 25
-33 5
246 29
43 70
-122 20
-2 20
96 37
150 74
-29 23
52 -40
123 47
180 58
-38 15
125 26
6 46
57 -11
96 0
-40 6
56 21
327 -30
-206 56
-101 17
-26 51
169 54
183 -8
34 31
52 -2
-5 77
-25 14
-144 -18
90 33
35 -3
61 -34
209 12
-11 54
62 114
93 -52
-32 18
74 33
26 -21
182 -19
68 126
-33 48
7 13
261 76
-86 -37
-58 -85
-52 26
80 115
-21 116
12 15
-93 7
314 -6
112 -1
-295 13
-60 76
78 69
55 58
33 -115
-15 -77
229 42
364 19
-441 91
-100 45
121 -4
97 9
29 -82
-87 83
-189 105
475 49
-97 -106
13 1
95 51
51 -2
124 20
-48 96
21 35
162 26
107 -1
-70 55
-92 53
34 -13
139 -39
213 26
26 -16
33 44
123 -9
-270 -12
-104 41
28 -17
97 91
25 13
-11 16
-41 64
110 -24
130 33
-128 -23
-4 -24
-8 71
18 41
136 -14
15 -7
75 82
170 9
-279 79
-60 40
-27 34
287 -45
163 32
-72 31
-48 9
286 39
-22 -44
-30 -66
51 67
101 32
-75 12
15 14
-49 5
299 29
-54 36
-329 -24
66 -66
199 -9
161 76
-72 33
-58 -4
223 -25
149 -72
-235 37
-182 55
165 30
268 -35
38 41
-160 -2
-32 -2
389 -12
25 7
-114 20
-25 18
21 -8
257 -35
-90 4
-199 30
236 30
376 59
-163 44
-156 -33
92 60
138 -12
127 -65
-65 26
209 94
284 -41
-198 -7
-200 -46
-16 88
169 57
106 -71
62 -91
-90 -23
343 77
-257 48
-185 -13
-61 -77
145 22
215 97
27 -51
-132 46
226 45
220 -26
-233 -17
-47 70
80 -6
71 -60
149 19
-70 59
-14 -4
-161 5
261 21
-83 -8
-61 -15
85 61
122 11
60 -35
216 -34
41 -14
225 44
106 18
-219 5
-101 26
149 -5
163 -12
170 16
-160 -26
15 -11
241 -56
-197 -57
68 44
217 23
-79 0
-67 -13
37 11
40 -26
427 18
-86 15
-151 3
24 -16
37 -28
-17 23
146 44
39 14
121 -54
158 15
-116 36
-96 13
87 -43
61 -2
6 -28
50 41
129 44
401 33
-121 -61
-241 -17
-1 18
147 66
149 19
6 58
-19 -9
299 9
88 -7
-260 45
-35 -19
131 -32
62 26
-47 56
188 68
-42 -22
329 -50
-168 28
-90 3
59 69
199 -57
173 -44
116 2
94 24
244 56
-151 25
-157 34
-18 -31
187 -80
95 39
88 68
40 37
-177 -48
164 -41
387 25
-319 31
-101 -28
66 -4
222 -2
55 71
-8 -22
22 -18
312 34
-75 20
-278 101
131 -32
159 -56
21 12
-6 57
0 -2
265 -6
33 -46
-268 21
-114 3
103 2
137 68
30 3
-125 52
61 -8
428 -29
-226 -40
-167 41
26 33
36 -62
111 -46
124 92
119 -12
133 -42
-58 -1
-138 36
90 -32
64 -32
70 -27
124 76
-108 44
213 58
136 8
-318 -21
43 -22
13 9
93 9
83 52
-10 29
105 45
258 -47
-155 -51
-164 9
-2 61
55 42
32 -24
-7 -10
-16 29
407 26
-86 18
-90 -1
-9 -62
109 11
193 45
-70 46
-49 -37
117 -22
105 46
-48 85
-14 -14
62 -27
88 -52
90 20
-1 84
28 82
337 -46
-112 -97
-132 25
45 43
-10 -21
74 -21
73 2
48 104
345 -46
-71 -31
-245 48
-36 60
90 -1
47 11
93 -36
139 -3
94 25
358 -18
-278 66
-29 55
7 -34
237 -81
101 -15
-79 51
80 41
339 -19
-278 -2
-213 -1
123 -27
102 -10
135 72
12 38
-71 8
80 -11
163 31
-292 89
-13 -74
26 -98
167 -84
120 15
-18 43
144 -27
-5 15
194 45
-75 50
-110 7
4 -40
-29 -49
63 54
34 37
-48 -13
225 -61
139 -11
-148 -33
-174 -29
131 18
129 46
87 2
-14 -55
116 -17
441 -62
-372 -56
-205 4
39 20
118 2
301 16
-34 -40
-214 -11
127 -39
-135 16
5 -62
53 39
102 9
73 -55
50 6
-7 -17
199 -21
183 47
-296 0
-154 -8
106 -21
205 -63
31 -25
-34 11
32 66
334 76
-298 -64
-175 -101
-22 -46
-4 -7
179 23
49 27
-2 6
226 14
8 37
-166 -37
19 -60
57 -9
89 52
83 1
15 -57
305 -7
208 41
-185 -100
-101 24
69 46
120 4
46 47
-31 0
-180 -97
404 -46
-64 8
-111 39
57 -12
55 11
92 6
113 19
-76 -25
198 -20
-164 4
-69 -17
-76 31
14 22
199 -74
171 3
-162 -17
-11 -64
199 -20
-129 67
-99 23
12 -152
-35 -10
51 75
-29 39
-83 -20
232 -21
-52 -43
-124 32
-56 3
-22 49
91 -59
143 -29
-98 25
236 29
91 37
30 -30
-151 -58
-112 -45
101 33
106 57
19 -24
85 12
47 -88
224 -55
-44 -3
-114 55
-11 21
40 -12
-50 -2
26 41
53 7
194 -12
227 -94
-203 -1
-50 -38
137 44
27 25
83 -75
-117 -19
-77 8
244 54
14 79
-231 -24
-114 -149
217 -36
120 61
-52 38
-183 -1
286 -39
263 20
-417 13
-146 -27
47 -8
-89 -29
29 28
-58 -64
39 2
329 28
-185 -46
-8 -3
66 14
155 36
100 -31
43 17
25 -18
271 -26
-123 -108
-72 0
73 33
79 78
-84 -44
56 -92
-136 -60
254 41
-86 -12
-143 34
16 -18
41 3
1 -34
-28 6
-56 0
152 2
109 -45
-154 -19
-75 5
-6 -6
143 -18
74 -61
44 14
-34 2
227 16
-224 34
-200 -1
-72 6
59 7
147 -41
-34 23
-57 5
273 11
65 -97
-168 -30
-48 -20
58 17
64 -52
98 5
32 63
24 -43
225 -26
-160 -9
-5 48
131 7
249 -5
-67 0
-62 -68
24 -45
300 12
-347 28
-140 51
96 14
113 -84
-47 3
37 51
54 75
-8 36
19 1
291 -18
-44 -38
-13 51
22 41
120 54
166 -20
-30 -23
-52 55
414 -23
-153 -52
-222 41
-11 50
67 -20
-96 -60
139 59
13 31
55 -32
118 -30
-124 44
-72 55
52 -4
273 -20
120 -78
-133 45
158 103
392 -11
-227 -75
-160 44
16 69
20 -7
-121 -50
32 -58
-58 -15
-14 79
-29 -1
7 47
13 8
75 25
88 7
75 9
-40 -72
53 30
297 79
-137 6
-55 -18
66 -6
64 -22
127 46
-101 52
6 20
391 -4
-144 -4
-223 7
169 -2
103 -2
16 -16
-217 19
11 46
215 15
11 -7
-176 18
-134 -20
5 11
195 50
44 -32
-155 -27
340 23
186 6
-302 16
-196 31
-37 4
64 -42
172 -22
43 25
-88 31
305 -18
-154 26
-128 6
72 -13
131 -48
-6 34
68 87
19 -32
237 -29
-24 -12
-166 -49
-23 30
111 49
118 11
33 -9
-67 11
141 68
255 20
-316 -41
-44 -18
82 86
42 55
105 20
0 -40
-23 -24
184 -11
40 33
-169 18
-110 3
45 -27
138 20
-41 76
29 18
198 -69
94 20
-7 86
-33 73
-1 22
-65 -61
151 -13
22 -88
-71 -9
257 23
-115 43
-60 -9
171 6
70 11
73 6
31 -22
154 13
305 19
-164 40
-227 -49
63 -52
144 102
113 38
-20 -14
29 -23
131 6
30 41
-326 54
-48 25
66 -17
43 -48
51 -39
131 -57
-96 52
240 17
-103 49
-90 11
5 -25
7 -58
22 -34
-9 47
-8 -2
392 -6
-123 45
-103 -15
35 -1
75 28
122 45
-78 19
-101 -25
38 -65
187 29
-132 43
-18 8
59 -108
102 -37
43 -4
-62 79
114 62
348 5
-214 -48
-117 13
30 37
190 2
100 -37
-39 -13
19 65
267 27
67 -7
-239 -4
78 -52
105 25
189 59
42 -37
-56 -23
93 -13
259 30
-417 29
-169 32
2 25
123 -31
31 -50
-34 28
-31 -6
343 -15
-108 28
-70 -22
-71 -4
117 34
175 7
56 27
9 -15
199 18
132 -68
-180 5
-108 46
81 19
48 30
26 -57
-300 -12
64 16
270 -17
-115 16
-110 35
7 23
87 -18
82 -14
38 13
177 30
201 57
-86 8
-66 -13
85 -27
60 1
54 17
59 5
28 -46
166 25
42 35
-506 -1
49 12
2 -16
-90 -15
15 11
18 27
-16 53
144 -35
-138 -46
-164 -5
52 38
183 20
99 64
-54 11
-10 -63
271 -28
-36 31
-207 51
-95 43
50 3
72 -37
31 7
-99 -20
66 27
370 18
-95 20
-138 1
-29 -8
-8 -53
319 45
-46 115
11 -36
318 -40
-268 44
-108 16
-34 5
88 34
162 -53
-4 -6
18 49
181 38
78 -9
-364 15
-112 -42
-26 -30
-141 9
84 25
31 46
100 31
110 -14
-78 -28
-185 -72
109 -9
229 82
-6 52
-58 32
-84 15
210 -23
-136 -51
-64 -41
106 45
43 90
45 -32
-115 -14
-20 26
210 33
30 47
-366 -62
-46 -9
87 44
109 12
59 18
-164 -41
53 0
228 -4
-30 46
-180 -9
-19 81
91 64
-99 0
-52 -11
25 14
41 -1
-41 -7
-75 12
-88 4
-64 14
43 4
112 30
-49 49
58 17
60 17
-152 20
-122 -81
9 -11
28 67
120 -15
-54 -85
-72 -24
191 39
-184 14
6 19
95 83
126 21
-79 19
44 18
-189 33
375 97
-161 -47
-239 -45
-28 6
105 -57
128 40
41 78
57 -9
-7 13
159 -4
-172 4
-69 18
-24 78
-6 1
59 -132
86 -96
90 69
339 69
-239 -9
-257 64
77 12
119 -39
15 -52
12 -76
-83 25
285 25
-43 21
-242 35
33 80
144 -4
28 -16
-41 15
-63 26
101 -34
179 -47
-50 43
-32 6
80 47
-4 67
77 -95
69 -47
50 47
241 62
-299 15
-238 -4
-51 -43
2 -96
77 -35
17 12
96 66
166 24
-119 -60
-143 -15
-26 94
84 -14
94 -1
-62 36
-21 -18
3 44
260 27
-343 -22
0 -2
20 -41
91 22
32 71
-103 36
61 -38
307 -73
-347 22
-216 6
-3 29
-6 55
5 -2
20 -4
75 -7
167 34
27 15
-183 -18
8 5
86 33
-11 -39
29 -49
-105 -52
114 36
251 96
-223 19
-73 7
84 22
55 0
135 40
19 -35
-34 -57
293 0
-117 68
42 28
66 2
23 -65
2 27
11 36
-96 65
183 -61
67 20
-375 61
-56 40
-45 32
103 29
56 44
-75 -42
30 -43
-80 -2
204 64
-26 1
-44 -22
-21 32
23 17
5 52
-13 -7
-69 -13
62 -14
225 19
-174 24
-107 20
-68 2
-69 -11
-16 -39
-141 1
69 62
295 67
-69 40
-102 -64
294 -2
204 -27
255 22
-46 15
-407 14
-174 35
-275 -27
-253 20
25 38
166 30
279 24
-7 21
-39 -19
37 -1
196 25
-178 11
-28 12
-31 5
-251 -25
-186 39
-18 27
205 26
529 30
-33 -11
-67 -39
78 -18
-100 15
-124 -1
-185 36
-189 3
134 -2
36 40
-201 1
214 39
436 36
346 -62
-280 -23
-183 50
219 19
503 23
-232 5
-248 -102
-180 31
-122 30
-129 28
-181 -15
-88 48
399 -1
209 25
-417 54
-189 -44
21 3
68 21
-6 43
247 13
379 19
-243 11
-302 -1
332 18
-11 18
-284 28
168 27
172 20
-181 -24
134 -44
-410 -12
-248 48
127 54
267 24
