238 -25
-265 -6
-174 -41
123 -13
213 9
664 35
-201 5
-335 -14
-257 -16
211 2
-87 -13
-166 15
283 6
36 -18
-474 -21
-34 -15
22 2
494 -6
139 3
-82 17
-916 6
141 -1
92 -6
947 0
62 41
1447 -20
-821 -11
-199 8
-567 -20
29 1
878 -4
395 8
-934 -35
-847 1
-83 18
-507 6
476 -29
1022 -35
602 -8
-406 -8
-21 19
-707 -2
-1188 3
1646 -12
-1613 5
1649 -16
-1108 4
486 34
-12 0
-344 2
255 -7
394 -21
187 20
53 12
-118 24
-212 -1
25 -4
-507 -18
-986 -4
-591 14
558 6
717 -25
883 9
-543 -24
-124 -3
-494 15
-486 6
1354 -5
552 14
-470 -32
-253 -3
-170 20
16 -14
-304 0
268 8
-525 8
-447 -14
208 -4
481 -22
432 2
-214 -3
975 11
-1613 11
576 -20
-569 -8
1618 -8
-804 3
642 33
-761 4
-672 -6
1573 15
-1613 -58
971 31
1113 -1
48 -5
-610 -28
-738 16
199 -26
275 12
-219 -57
153 16
682 46
-40 -42
-507 -26
-484 22
-438 11
434 -2
1298 -24
-1069 -3
730 3
-991 -10
473 -61
585 41
353 -8
-57 19
-18 -6
-73 28
-485 -22
-86 -38
-674 7
-561 -26
359 -29
1038 0
608 -1
-856 -28
158 2
754 -21
163 42
-624 21
16 -58
8 -5
-48 -10
116 20
655 -25
-234 1
-51 -33
566 -42
107 -7
-109 22
116 9
70 -50
-461 6
-33 11
5 3
-127 19
-153 22
403 19
388 -42
297 -39
-457 -17
83 3
156 -14
30 -11
-448 -5
-682 62
1187 -19
-581 -40
846 3
-481 5
69 11
-480 -10
156 13
-193 -53
871 -21
1007 1
333 -13
-1149 17
-368 -16
720 -4
627 17
616 -38
-910 15
-29 14
-307 11
-907 -10
-1329 -7
1649 19
459 -28
442 -10
-117 29
-346 -28
-38 33
200 -10
83 0
-431 12
109 -42
-379 16
-748 -9
-111 -14
434 -12
822 -9
-308 -44
-144 30
-109 -8
-31 -6
946 -12
-195 -18
-1613 -5
1473 -17
-197 24
1496 22
-19 -9
34 -20
-144 -11
895 15
-873 2
-273 -17
694 -3
-434 6
161 -24
-674 21
388 -23
-377 2
165 -19
255 -1
1310 -19
-783 0
105 -1
-213 -12
229 -19
527 -6
-785 8
-827 -4
-137 -9
337 -5
1436 20
364 -42
-557 0
-435 4
-476 6
966 -27
275 18
-201 -13
-575 -4
-31 29
-224 -30
-77 -12
-247 0
297 2
114 -6
63 -3
-669 9
379 46
1113 -34
-77 -46
-512 -16
401 -12
410 33
-270 -17
-415 4
-469 1
-14 -4
-5 -2
120 -33
-94 15
-753 -2
859 11
115 -8
51 0
154 -6
270 18
-325 -3
-20 -5
473 0
-1335 18
-172 -22
1112 -47
-79 -4
13 20
376 -17
-36 0
-768 -5
494 13
654 21
113 -13
-305 -9
-881 0
-408 -34
-128 18
223 29
965 -12
97 -11
-157 -18
-1613 -4
1421 2
-291 20
225 0
75 -18
-621 12
179 22
-111 37
607 28
-527 21
-539 -30
-76 23
1181 -34
-418 -10
4 29
6 6
369 12
-230 -31
313 -6
-330 13
-439 -2
775 -9
-592 -22
335 0
306 -22
-612 2
82 -28
853 29
579 20
-169 14
-51 13
726 -21
-759 -47
-196 0
902 -24
-709 9
308 -11
-466 -15
0 -21
397 -12
779 18
-851 -13
-19 4
-301 -6
439 -34
549 16
396 -6
-988 -9
-889 -31
431 -52
164 44
1649 -9
-790 -5
-636 1
354 -40
-296 -14
744 11
-797 14
-527 -15
1080 -40
198 -2
43 8
154 0
-367 6
17 -13
-840 -11
328 -25
-45 -12
-209 3
-93 -16
-419 -15
-151 1
1391 15
-792 -3
-354 3
1649 12
534 -18
-612 -27
-1613 -30
820 5
745 -14
-508 20
853 -22
-218 -24
-319 25
-208 47
-879 31
172 23
525 -66
1032 2
-262 -11
-1321 -6
1649 -14
-460 -7
-207 -53
324 -12
183 25
-13 32
-37 36
68 -52
-461 -90
75 -43
471 2
-54 15
-840 33
848 -14
167 -38
-151 -57
-866 9
699 1
276 12
-178 -25
-87 -12
0 24
131 6
-429 -55
477 -5
50 -37
-3 20
-613 3
283 14
197 3
-630 -4
-55 -9
79 -10
348 -30
574 -24
-367 -3
-85 0
-533 -24
-14 14
846 21
-288 -19
554 29
21 -31
-418 16
152 -8
-1579 18
1458 -18
-176 -20
-487 -19
44 -14
-640 25
1225 -10
-849 -10
815 3
-575 63
178 -31
885 7
103 9
116 17
-724 25
-783 -30
1255 9
-316 16
-867 -3
1063 -34
-414 -25
-263 2
-548 -1
798 -36
231 -36
534 11
-571 58
-491 8
87 -16
-287 -22
25 2
324 11
952 -9
598 3
-1613 18
1214 -21
119 -22
-519 0
362 5
118 -47
54 15
-482 0
51 -8
-326 -1
655 -2
325 -29
-158 72
657 26
-575 -45
-62 -94
-445 16
498 17
285 -2
242 -7
173 -49
-378 -8
-129 -2
78 -31
28 54
-185 -36
-442 9
-94 36
-31 -14
879 -34
815 53
-623 -27
-69 -44
-648 -10
189 17
333 76
-583 -2
-145 -21
-489 23
789 36
767 -67
-22 -24
-549 28
-674 -59
111 -17
-96 -22
519 -45
-438 -33
815 20
-18 27
-372 7
-284 -7
154 27
-20 15
130 -34
-75 -19
-260 19
-366 39
475 54
286 -60
209 -68
-20 -9
137 3
-221 58
-107 -10
184 -6
255 -29
60 -27
-518 22
-255 38
709 -23
-2 47
-501 22
666 -78
630 -3
-332 8
-279 34
-244 49
-13 -10
-747 -18
1279 -14
694 0
1027 0
-847 -48
-835 -15
1036 -4
-313 35
214 19
-40 80
-11 -44
-396 12
234 -2
-350 30
655 -7
-100 -15
-131 8
-389 0
1085 31
-83 -51
-505 -66
-165 65
127 7
721 4
-565 33
-133 -40
365 -53
688 19
321 64
120 -17
-341 -13
-406 -69
-146 -8
757 22
-289 -1
-153 -10
-250 11
-439 -40
315 -29
-76 40
-145 42
938 40
-953 -47
925 -54
134 44
-160 33
-140 -41
-84 -33
-618 -2
148 42
524 -50
168 -39
145 -6
-256 46
-85 -25
-279 15
-47 49
-19 -3
656 -64
-493 -8
587 16
574 -57
-440 0
-313 66
-145 85
-378 -98
341 -52
-393 17
426 48
442 -23
-506 -18
45 1
-176 19
301 0
-131 -31
62 13
361 -23
-563 -2
-145 -29
468 -26
-73 -48
-492 -17
812 -19
-404 -28
27 -34
443 1
-193 65
-317 -60
125 -64
359 19
-334 -23
400 -7
424 59
165 26
-442 16
-213 -79
204 -1
-429 -9
166 19
137 -46
-391 60
-238 -18
135 -77
-789 23
657 14
506 -24
-189 -18
-137 25
369 -30
-275 11
358 59
-296 -16
-12 -47
-395 -3
65 30
-15 19
-45 -43
152 -16
-314 -30
88 49
-543 -32
1271 -92
-508 0
473 47
300 8
-545 5
-225 0
-366 -60
433 -37
675 12
-340 27
-358 4
86 -3
-48 -32
16 -35
322 25
46 22
443 3
43 -49
-574 49
58 -37
-237 44
-10 -50
651 0
-312 -11
-314 -32
514 -36
-452 2
943 78
-243 38
83 -83
-484 34
81 37
385 5
181 -28
52 -46
-522 -2
65 71
184 -12
-115 27
486 -22
-122 -8
0 33
314 6
-11 -53
-775 -5
-190 -17
58 34
386 39
-60 -41
-484 -64
-126 0
117 -10
383 2
107 19
-204 -8
84 -72
-208 -26
841 -6
-154 39
-323 37
543 -20
-162 -26
585 -8
-55 -23
61 -42
-148 23
-200 91
-92 -38
-143 -44
-65 9
374 -17
241 61
-559 -23
-581 -64
922 8
1041 21
843 42
-872 43
-154 -47
27 -16
-85 -7
-1 33
-191 -7
-136 9
-132 33
-327 30
-428 -10
481 19
118 -71
-686 15
889 -66
821 -2
523 53
-1128 -16
-261 -35
352 -16
343 -74
-269 90
152 24
-633 -40
0 21
429 -28
-190 -35
-35 28
-321 -2
12 -16
196 -21
431 75
-10 -20
-461 -33
389 -22
235 -47
-350 29
-135 35
-211 -35
380 -73
-115 20
534 81
-381 -103
-176 62
77 29
301 31
488 -3
-428 -15
-369 53
274 -14
250 -11
-102 56
726 14
-752 -32
96 21
134 -33
269 22
-117 -18
240 17
-182 -24
-473 -16
-104 34
105 -15
530 13
287 -13
-263 -32
-445 -20
-625 0
1133 -50
-216 11
-335 58
-166 -30
108 -2
88 11
444 33
269 -38
344 3
-329 -44
118 -5
-325 48
-69 98
586 -180
247 -14
-52 77
-333 20
-278 -20
140 -50
590 3
243 -3
-251 53
-403 -31
-63 -24
-245 0
458 -14
399 -15
343 12
-112 -9
89 -60
-374 23
258 12
485 -12
515 4
-82 -26
-496 -12
-288 48
286 -43
494 -25
-241 20
-73 -35
-26 12
-115 66
-427 -24
243 -54
139 -72
52 2
190 76
-15 0
-464 -48
16 16
343 -4
-443 -50
90 27
-320 32
-14 -62
19 -25
366 41
195 45
110 -26
132 33
-167 -27
-284 -6
61 110
-417 -38
228 15
241 -101
79 0
-322 41
345 -12
-35 17
-15 8
155 15
149 -43
-338 -43
408 -1
-194 41
478 53
87 -64
785 0
-620 -19
-917 0
470 -8
463 -8
-56 21
-769 -85
354 -21
-235 129
185 -25
331 -43
-53 18
-74 -71
375 -5
-239 16
-516 -39
446 -59
18 44
-172 16
70 0
4 8
634 -74
227 -1
-439 21
24 -26
267 -7
-518 7
-190 -20
-345 -28
1011 56
453 -7
-228 33
-527 -59
171 -61
132 39
209 25
91 39
-296 13
-226 -82
325 -9
234 -52
-368 8
-125 63
351 -5
-198 -37
470 -64
-171 -5
106 21
-449 -23
-161 -21
465 -70
317 31
-430 0
-52 12
178 38
500 27
-250 -97
-636 15
-41 33
417 0
628 -14
-319 2
277 -27
248 -9
-417 -12
-514 50
170 0
93 -11
-98 18
-56 -55
-492 7
568 66
-528 22
-72 -100
38 -4
475 44
394 22
-10 -1
-541 -18
316 0
-111 1
218 12
-59 13
341 -14
-221 25
133 -20
-531 -11
-71 -6
541 0
116 -4
-270 -58
-95 25
-549 15
1234 15
-506 -36
-314 -7
-166 19
662 -80
450 19
73 -19
317 -38
-147 -14
-691 -37
24 26
771 5
-96 -37
-524 2
-111 58
-4 -23
72 -81
106 -1
-515 49
351 42
439 -6
-242 -1
376 -35
-304 9
-280 35
-127 26
405 3
1131 -16
-95 -44
-472 0
-170 25
-272 -43
729 -35
255 44
40 37
143 -26
-82 -16
-211 -51
-218 -64
176 31
-325 23
27 6
105 -20
53 -15
334 -5
-49 12
116 -3
-125 7
-423 -38
754 -28
83 28
-224 33
117 -6
-252 18
-293 -20
-157 27
394 8
373 -22
84 -71
-467 44
-424 12
596 -17
-91 39
-626 -15
622 -33
506 -7
-116 6
123 28
-652 -53
-614 -41
1237 -16
894 -23
-533 -13
463 -41
-255 30
117 19
131 -36
-524 -47
845 12
-9 7
-338 15
-191 -1
450 -42
-418 -13
-131 12
-390 -65
984 26
1053 3
-399 -52
-513 4
338 31
46 -32
-175 -28
900 -51
-336 22
282 38
189 24
-343 7
-560 -18
530 2
-101 -25
121 -1
-429 27
420 1
153 -18
-508 -25
664 -11
-409 1
271 -20
229 -38
485 0
-78 41
178 -16
-316 -61
-113 9
-6 11
659 -12
32 -38
-211 43
-310 40
-269 3
321 -18
-235 -23
216 -12
611 11
45 -24
-591 -6
55 -34
645 -27
520 33
-622 -52
-446 31
83 -23
367 -10
-471 32
-225 -19
278 -24
520 -21
-179 7
-405 14
-122 0
251 6
141 2
-149 -13
145 5
-2 -8
27 -13
-177 0
190 -4
-360 8
275 -27
146 -23
-217 0
130 32
526 12
-649 -61
-613 -38
-24 49
135 -10
620 -9
-119 11
24 -78
-213 -58
-120 75
-252 44
644 -1
-397 21
0 0
-54 -1
254 28
-171 1
-98 5
60 -48
152 3
487 33
492 -21
-433 17
-262 -56
582 19
-200 -22
299 15
-625 17
546 16
-291 -1
-265 -22
56 9
813 12
387 -37
-237 -7
-102 28
-130 -15
-487 -17
176 46
271 -11
-301 -44
374 -12
-89 43
304 40
514 -39
160 -38
-871 -12
23 -29
107 26
-548 -35
344 34
575 -83
125 29
-364 -56
185 -49
-135 20
430 5
-274 14
190 -16
306 -2
-382 1
-84 40
898 0
-1405 3
493 -15
-73 -77
8 13
663 26
-45 -73
-22 -30
-88 51
-491 -44
75 -15
132 40
454 -7
-80 21
-56 30
-222 -3
150 14
-44 -17
222 -24
93 3
-495 -23
-35 -8
-188 16
391 -35
288 -29
366 0
-533 5
-350 36
188 24
210 2
178 -22
-95 0
72 1
244 -4
-262 4
119 -29
-1013 -21
138 11
320 34
-199 -19
175 -28
1 67
-155 108
-209 -34
-35 -22
270 14
41 49
-194 -10
1649 -38
-1613 7
-1613 -44
1649 -51
1649 26
340 67
-1613 -40
-1613 -4
-1613 31
714 -11
1649 12
1649 -35
1649 11
1649 19
-272 -30
-1613 -22
-1613 43
-1613 -6
-349 -11
1467 19
1649 -22
1649 -18
1260 8
-86 -34
-1244 -27
-1613 -43
-1155 8
-337 11
530 -57
1124 28
1098 21
657 0
-59 -67
-498 0
-830 26
-654 15
-124 -4
253 1
557 20
589 14
426 -37
-278 27
-1172 -10
-1189 -24
-1613 -27
-1613 41
-564 4
-512 3
-828 -15
4 -63
178 -3
1326 45
843 19
478 -24
691 -57
1261 29
1445 24
1306 14
961 -13
1649 -1
-1613 -12
-1613 3
-1613 3
-906 -24
-150 -19
471 -45
663 3
421 -52
12 20
-348 17
-866 17
-127 -6
831 -8
758 -26
595 -13
-172 -68
1313 39
657 9
132 -21
-334 -18
-665 42
-1172 -25
-342 -44
82 29
271 -11
-232 11
-72 -42
-556 0
-729 -16
-348 -15
229 -12
-813 14
-470 0
-113 0
183 4
334 3
-218 -5
-461 5
-400 -13
423 -6
47 -11
-256 -44
-36 22
561 8
-80 -8
46 -23
233 -18
174 -26
192 60
109 14
128 27
296 -16
405 -14
172 9
-401 11
579 -6
666 -34
485 -5
329 9
-112 7
721 23
-151 -11
-88 -58
371 -17
69 5
55 -3
-244 -41
448 -4
340 28
-40 0
-505 -2
-6 -5
545 -16
139 11
-55 12
643 12
-12 -72
-401 7
-204 -5
-167 8
-236 -2
-461 -30
245 24
-13 48
-545 13
195 3
74 35
368 -20
-120 4
-41 9
-50 -26
-187 18
20 2
-118 -20
-11 6
-245 -17
19 1
146 -15
320 -11
-157 49
330 50
-188 -68
156 -15
71 18
-164 -7
707 -53
-122 29
382 23
444 9
-366 37
326 -56
-260 -53
-594 -4
945 42
592 18
-90 -20
-38 -9
-587 9
-5 16
396 -13
-29 6
199 -20
-58 -7
-323 -40
-75 5
-187 -2
413 6
160 -46
-196 -15
107 -8
-120 36
280 8
346 -6
-272 -43
-1 -12
555 6
-30 -47
-25 -16
28 3
-521 -2
73 -4
-311 -12
-168 0
489 16
-149 13
21 -57
-79 -38
-269 -64
-63 13
24 -10
329 -15
428 -22
-29 21
-850 -21
890 11
425 -25
156 -22
208 17
-570 -25
94 8
233 -14
-97 -34
-398 -22
380 4
61 12
32 -40
374 25
56 5
-56 9
-261 -11
-507 4
-304 -127
160 63
771 9
-186 -7
123 9
37 -11
-159 -20
137 12
-139 12
-79 -29
391 19
692 -7
34 -2
-477 16
211 39
141 -36
192 -53
-643 -8
-572 -2
1619 7
-360 11
210 8
-79 -27
787 -20
-271 3
-197 -32
111 5
43 42
-186 -67
-533 -7
292 29
132 -18
-432 -25
479 -79
134 3
-165 34
-78 37
345 -25
-139 -59
190 45
-261 4
-264 -41
-127 28
-340 -31
960 -6
-477 73
-98 -39
777 -19
-121 -60
592 -8
222 -2
349 11
-435 -3
331 -18
-86 27
-305 -18
111 6
-603 40
156 23
69 1
66 32
205 -39
71 17
101 -5
-209 36
39 5
-352 44
4 -9
426 -35
238 29
-250 -11
301 36
154 -21
-79 -4
-94 1
119 38
1135 -52
-153 -12
-506 -4
326 -31
-269 -26
390 45
218 11
-679 -62
512 -21
-711 42
34 -29
355 21
414 -55
109 25
220 -9
-514 -54
255 20
-137 -55
-195 9
270 705
-248 153
-23 -69
528 -154
107 55
-241 37
-391 105
245 -4
805 -55
-648 -45
227 -102
101 -140
196 -57
-2 19
-448 4
137 -18
-316 27
578 53
166 4
875 -18
-700 18
-196 1
223 -43
-215 -32
355 22
-48 25
137 -9
-265 21
323 1
-7 13
-90 -19
373 34
330 15
-287 33
-262 20
257 3
466 -20
-514 -11
-78 4
-127 -9
-108 -1
651 -2
-319 -12
731 18
421 42
87 1
-665 5
-601 -38
-229 -33
494 -9
1269 8
485 -3
-817 -2
163 4
-816 -31
554 -21
-73 9
-248 26
-97 -26
-338 -25
841 -32
396 -25
-87 -45
-197 15
-288 -29
124 -40
443 -20
-9 21
-348 6
-675 41
1184 -23
138 -29
-223 7
318 18
-67 -25
251 22
-80 -19
-85 -11
-428 24
-25 2
-230 5
4 2
488 32
907 11
-356 -15
1 -25
-366 -33
44 -1
211 44
33 1
0 4
20 -10
840 8
-1613 -18
164 7
357 -11
-273 -18
1649 12
954 -17
-325 12
-139 -21
111 22
-270 -37
41 -15
564 -7
-1202 5
-48 -26
1101 -2
557 2
229 -3
-1330 -4
496 0
1010 -16
-155 -15
-515 26
-877 19
-448 0
237 -28
-184 6
574 -9
503 -6
436 -15
-31 -28
-674 -33
-150 19
-441 -30
393 13
29 22
210 -4
-74 -6
186 6
-233 -7
129 -40
-3 -8
-620 -5
1326 7
-653 -17
123 -1
-471 -15
577 -3
106 -12
227 6
256 -24
-229 4
-318 9
205 21
246 -11
115 -27
251 8
155 6
-258 -15
-207 11
9 -15
-217 -5
128 -34
-204 35
374 1
-499 -3
1187 -57
-273 15
-344 0
232 11
235 -18
559 -44
-265 8
-84 13
-662 12
56 -18
380 -17
145 8
1046 24
-527 0
-421 13
-26 -35
-433 -32
193 -7
275 -13
87 23
161 -22
174 60
-90 -58
-89 -21
168 -17
-523 27
964 68
-441 17
-698 -78
1049 -33
-248 35
188 39
347 -48
-178 -1
172 -1
-92 -9
291 -11
-253 46
-413 -66
11 15
-68 -12
-89 -31
320 2
82 31
232 -11
988 -5
-622 -32
-517 -32
-40 39
-157 -12
509 4
-724 26
1447 -38
-511 -13
-453 -29
718 16
396 1
-200 -1
-164 -36
-79 -29
101 14
218 -13
191 -39
-418 21
-313 -9
141 -38
698 -43
488 62
-141 -10
263 12
-19 -47
25 21
193 11
58 3
-129 -15
-610 -25
-362 -2
159 22
-52 -9
826 -28
-167 12
-900 12
566 -20
328 -33
306 -10
-326 20
79 89
151 -82
75 -65
-237 -15
94 37
162 -14
253 4
-337 0
-179 -18
1128 -30
-613 -1
52 18
225 -14
38 29
-75 -46
-299 22
504 15
215 -27
-147 -2
88 -8
-801 -15
529 -23
36 40
-259 13
334 -83
520 27
102 -37
2 17
-539 -54
-311 15
128 0
390 4
-248 -7
-638 -4
-444 -20
783 21
469 0
666 8
-49 -44
241 15
-294 -11
-356 -11
397 14
274 -33
-659 22
192 44
-143 26
-1 -45
-60 -28
-200 9
122 -44
62 -2
435 15
405 -63
-617 16
-159 2
362 31
-91 -8
45 -24
203 16
338 25
-138 -75
-512 2
-640 -10
277 4
677 37
358 -8
-64 -59
-72 12
-196 -10
-360 72
594 -37
193 -5
66 -35
-476 -53
42 3
12 5
365 42
-247 -22
350 0
-151 -72
-243 -10
22 50
-235 -12
-149 -11
542 -7
509 31
-293 -17
-430 0
-171 -16
-96 8
328 4
-109 -17
-469 26
915 27
-2 -23
-221 -7
-175 -42
33 51
131 -35
-111 -29
292 2
177 29
-496 16
-194 -14
-129 -51
573 29
131 55
-2 -6
-34 17
516 3
-6 0
-202 0
-241 0
-206 -17
105 8
463 -24
13 17
585 16
-93 3
-86 -6
-150 13
-376 -35
-587 -55
847 14
933 -48
-991 39
421 -12
-567 -9
428 -21
255 0
-88 20
-92 0
229 8
730 -21
-469 -38
-392 -51
-306 34
-117 -11
5 -45
938 3
532 51
-212 6
-138 -1
2 -42
-12 -37
-284 -11
298 9
340 37
-912 5
437 -25
384 -34
130 -17
-455 59
-493 18
142 -8
611 -71
252 -14
190 13
-409 31
-130 6
163 -10
-142 0
445 -6
147 0
196 -23
380 18
-51 17
20 5
76 -9
-200 -70
-197 -2
238 -19
-59 18
255 -23
346 16
-237 -11
0 -6
-150 7
178 -22
-158 22
535 28
315 -105
-654 5
83 21
336 -23
-343 15
-340 -18
106 -7
804 -20
378 13
-160 71
-565 46
-182 -99
394 -4
181 21
175 14
69 13
-29 -3
344 43
-218 -54
385 -42
172 -10
-100 24
-567 33
-242 -26
-528 19
240 -5
424 -4
37 34
290 17
26 -11
98 -11
315 -23
-206 9
-229 -5
284 -7
791 18
-520 23
239 -2
-14 -38
-67 9
64 12
213 -14
210 11
-432 4
-99 -17
89 -8
-230 19
-79 11
751 0
697 50
150 -54
-210 -33
-278 57
305 16
161 -53
47 -35
-297 33
357 33
-104 -15
-251 -42
-215 -7
370 17
-84 7
-160 12
-487 2
344 18
873 15
-31 -29
-87 17
301 -52
285 0
-213 23
52 36
82 21
-102 -33
-74 -20
404 8
-567 15
-150 -10
367 -14
-183 8
219 1
-94 -31
539 -71
419 5
-408 31
-323 -18
232 18
217 4
587 -40
343 -51
-254 70
-712 0
188 9
-338 13
271 -11
120 -31
-371 -31
48 18
-291 20
-286 -29
208 -13
327 -10
347 -59
804 24
-125 -57
-63 -19
-259 46
-85 5
49 -7
77 -26
130 19
-6 -18
-221 -7
-160 -2
-94 -53
516 33
410 27
-401 -28
-102 -70
247 28
189 -72
-121 48
-460 3
330 -1
604 -18
-268 -12
309 -21
48 -2
155 59
-131 -33
93 -38
-226 20
183 -20
-170 -10
764 1
-10 -8
457 18
-211 2
-347 0
-166 -9
622 -27
-293 5
-238 -57
292 30
30 -2
-165 -36
593 -21
-599 23
483 -37
91 -15
67 -38
488 -2
-222 -9
183 -7
-286 51
-218 -58
-392 28
907 -9
-689 19
690 -24
-99 -24
386 25
11 -10
158 -19
692 -80
-395 -31
-390 27
-71 31
-8 -2
530 -34
-193 38
-67 -23
-108 25
136 -21
149 4
75 -25
191 -34
-274 17
510 20
-625 -13
-348 -4
90 -23
44 -41
-2 30
105 16
314 -53
374 -6
-508 -35
-268 41
201 -5
-124 -30
291 -44
199 19
360 -72
-301 3
287 3
595 -15
-184 40
-315 -51
66 -28
165 -29
32 29
272 17
-335 -14
507 3
-147 -38
191 -8
-222 1
-14 -6
359 0
88 -25
-237 -12
-203 16
660 40
-464 -11
-316 -18
-36 -20
-396 20
321 -21
733 21
-209 -19
-53 -16
-354 -11
794 13
-457 9
113 -4
236 5
250 61
323 0
36 3
-334 -7
301 21
-329 -27
363 -3
60 -8
144 -18
133 27
397 -20
-88 -19
-92 22
293 43
-239 -8
164 -12
-233 5
-303 -20
349 -9
-291 -13
-235 31
565 13
776 -1
-288 -39
-175 22
-38 -13
194 17
134 5
79 0
135 8
-472 14
-357 12
649 -22
368 -59
248 9
238 -10
-298 16
-59 19
-75 9
-348 -45
47 -1
255 4
436 -13
2 27
-346 26
-23 -12
249 -9
46 -50
-513 34
359 -9
-69 33
-800 -45
201 -1
-94 7
838 -25
367 -31
193 0
-172 -21
-129 -2
24 12
-80 8
119 24
251 16
-459 -21
245 -24
198 -1
54 -22
544 -10
-7 -2
-29 -31
221 -1
-9 34
-346 7
574 -11
321 1
-95 -45
-377 -52
-148 20
-223 -42
283 30
371 22
468 2
28 -22
-614 -9
-356 19
454 24
561 12
26 7
-311 -14
-593 -26
360 -33
378 38
-410 -9
101 -23
453 9
243 11
122 -79
-636 0
-109 21
510 2
-123 0
-163 -48
-192 -6
495 -16
317 -3
-65 -10
-277 -4
268 -7
77 -4
-24 17
-111 -1
32 46
-76 77
231 -61
307 -27
164 2
-133 -27
-266 35
318 3
-112 14
-39 -64
41 19
-464 -13
-153 4
242 34
130 -16
644 -12
158 15
-292 -55
-30 37
121 -3
-64 -6
-177 -9
-110 30
-95 -11
-1 19
-37 -4
74 2
241 -8
