-197 -36
88 -11
41 3
58 -24
-191 -25
-164 -26
29 -12
391 -6
-8 -33
-92 -8
-18 -12
149 -19
135 -24
28 12
-51 25
216 -2
-3 -16
-192 3
104 16
-28 -10
218 -32
37 3
55 -25
68 12
212 18
-172 30
-28 -74
105 1
221 2
55 -7
32 13
-25 42
210 -57
25 11
-70 -32
9 1
172 13
106 -43
-110 48
1 9
156 -25
80 16
-90 -37
-8 1
38 47
160 31
-55 -34
-69 3
72 0
58 -19
-71 2
-33 19
0 -42
91 22
2 -3
98 20
88 5
207 4
45 -35
-144 -39
-78 28
-63 -4
-55 27
81 -27
-22 -2
292 19
124 6
-67 15
-56 -51
-28 -2
96 24
-36 25
-35 -40
-29 -7
179 26
207 -34
71 29
-74 -37
117 30
98 -1
57 21
26 0
-93 -37
200 5
290 -13
-193 7
-90 -17
26 1
109 -9
15 -9
38 -20
-58 -21
332 19
-68 -11
-293 -30
-13 1
-108 14
146 14
21 -33
-56 -20
251 -18
62 -9
-115 34
-251 23
-198 -62
-2 -33
128 -17
64 -17
-4 -7
-96 -16
262 8
-91 8
-116 -3
81 -28
183 -16
13 -31
-25 -14
-87 -21
128 -2
127 24
-173 28
-96 -7
139 12
38 -13
43 65
-39 -56
-75 34
307 -59
-143 -5
-9 6
111 14
103 -37
22 6
4 8
8 14
345 23
-97 -25
-179 3
-9 11
41 -20
0 -15
50 14
-88 -17
65 -37
190 5
-270 13
-14 -18
79 -37
12 -55
119 57
-38 -7
204 42
112 -82
-104 -16
-67 9
-61 23
40 -40
92 -12
60 13
-211 -1
227 18
32 -13
-175 -29
45 12
87 -6
34 -24
9 24
-4 11
39 -6
288 -57
-130 -30
-81 14
147 -1
93 2
50 30
-41 0
-141 15
251 6
-7 -13
-158 5
-87 -21
8 16
28 -13
138 16
-55 -50
138 37
12 6
-157 -16
41 -3
242 42
4 -25
-26 -54
-78 -7
80 20
72 -40
-78 -2
-44 0
20 15
49 -57
-32 -4
12 -1
175 5
545 6
-116 -39
-213 -47
-287 -6
23 -5
-53 -35
269 -18
-7 -1
-177 2
-110 15
-29 -84
71 -36
93 0
-33 21
72 0
11 -24
-91 19
-111 -3
203 5
-25 -10
-376 3
61 -25
307 -3
-46 14
-204 -17
-248 14
322 28
303 -5
-11 26
-62 13
-124 -18
-23 37
-63 -26
133 -1
-188 -30
203 -32
116 16
38 -26
-93 -16
-75 16
184 -11
174 -18
-120 30
52 -15
163 6
-140 9
-253 23
-163 -16
15 -55
324 -28
81 29
-35 -19
269 31
-89 2
-111 -19
80 -12
232 4
137 14
-194 14
-334 4
104 14
234 -40
-132 -15
-9 19
-171 0
-182 3
161 25
197 -21
424 13
-18 -10
-322 -16
-262 6
14 7
406 46
127 -11
37 -12
66 5
120 -4
-366 -18
-191 21
219 21
145 1
88 -14
18 -21
5 -71
48 -13
24 56
-60 -11
165 -41
86 -68
-51 -27
-181 29
-50 28
238 29
152 -25
-299 -18
-132 23
-156 30
55 -10
218 6
265 -29
-57 44
123 25
-294 -29
-171 -71
116 6
84 1
159 -33
103 -3
-210 16
34 -78
136 -38
-124 31
-32 4
63 -11
235 -20
-63 -25
49 24
-83 -23
117 -58
-6 -5
89 19
7 43
-49 39
149 -43
102 18
-42 -1
230 -43
-98 -35
-145 -2
194 25
76 -32
-150 -17
-33 -28
-17 0
195 61
-110 6
-98 -8
-206 11
72 3
174 -37
12 -63
-161 -22
124 0
77 -21
30 26
-121 -17
16 33
-64 -18
108 20
85 -19
18 46
224 17
-212 -5
46 -8
134 -20
-22 -3
-111 -70
-32 -67
168 25
142 52
3 -3
-181 -69
62 -61
-17 -6
109 60
158 75
-38 19
22 -22
166 -42
-213 -53
-59 40
69 25
65 61
62 -9
-87 -5
3 -1
93 -41
-10 -15
-61 -16
82 3
-122 18
66 -53
253 -56
-11 8
-135 76
40 11
303 -110
-191 -112
-84 16
51 108
72 13
237 -107
40 -56
-101 -29
263 -12
-86 7
-75 15
24 89
5 30
-25 -82
204 -127
12 0
25 69
57 85
-78 3
-55 -85
275 -81
43 -22
-64 92
-92 107
59 60
120 -80
-3 -101
-8 28
152 46
77 71
9 26
11 -132
-150 -115
206 -74
135 89
-248 176
-144 41
-35 -162
168 -88
246 -41
-60 -31
138 53
261 113
-303 28
-65 -22
68 -33
20 -5
152 -20
57 8
2 -82
150 24
-142 113
-88 14
124 -230
146 -207
-82 49
-108 168
-20 77
195 111
152 -68
-106 11
-69 50
-127 -151
69 -104
137 29
90 150
179 -46
65 -164
-163 -3
-388 131
323 -101
44 -36
113 58
-66 94
-213 108
437 -89
-128 -100
-156 -108
-101 3
115 -18
43 25
46 -5
-118 -39
261 -13
-120 22
-60 161
38 22
32 -114
100 -178
-300 31
-54 167
142 106
217 2
-154 -45
-169 -262
36 -94
-59 110
7 129
-136 158
136 -4
81 -136
-77 -178
-124 -76
40 38
98 98
117 151
48 -45
-122 -78
189 -104
169 -40
-119 67
-13 108
9 49
130 -27
23 -137
-2 1
-69 -5
249 82
-64 -7
-27 -93
173 -21
-6 -103
0 101
-22 39
-4 81
88 39
28 -252
-223 -123
56 48
82 101
42 110
68 30
-22 -53
170 -14
124 -92
-115 -42
-123 77
46 48
92 -87
-9 -71
51 3
-53 -60
404 -44
-110 58
-305 22
-176 -30
143 98
255 22
8 -107
-160 86
292 50
128 -134
-144 -90
-183 81
175 -23
-15 -28
-97 -23
-57 -98
-6 -12
296 -8
166 -9
-80 -11
-64 6
143 2
244 26
93 111
-88 -63
-23 -64
-72 -23
2 35
161 48
11 24
-85 -85
17 -41
5 47
133 35
51 -44
-134 17
-114 -1
4 46
121 -77
-14 -11
18 -30
388 59
357 43
-209 -81
-106 -53
-143 102
62 60
270 -54
177 5
13 9
175 -77
-233 -139
-109 -2
-35 108
148 0
39 -22
2 46
-105 -13
98 -61
283 -43
-90 84
20 73
127 -4
-28 -21
113 -49
-109 -6
68 8
295 26
-91 -59
-127 -15
-30 11
42 2
-22 16
-1 31
154 -106
137 -1
-10 -8
-83 23
64 39
-49 8
163 -74
141 32
-183 70
45 -108
256 -26
-257 73
-195 69
-72 37
342 -53
78 -61
-13 0
107 91
204 -6
-193 -112
-34 -29
58 107
-76 -22
-54 47
-39 -24
37 -13
151 -4
105 47
4 29
-42 5
-117 -29
170 -10
193 -9
-137 -17
159 9
303 -35
-103 18
-111 -2
74 1
13 -3
118 -8
-18 46
-125 6
287 -59
-238 -36
-32 -78
64 -38
146 174
72 4
-42 -118
-14 1
79 100
-17 -2
-166 -67
-91 6
5 89
-182 -4
83 -122
-61 -71
237 47
236 61
-341 38
-3 -2
165 -38
82 -153
6 -5
24 107
-55 32
-57 -54
138 -65
-52 -66
95 -2
-21 62
258 2
71 -10
12 -12
-357 -82
239 -14
-205 88
-125 -3
24 5
101 -45
-9 56
-111 -23
130 18
274 1
-242 -38
-157 47
-85 -12
9 -16
122 -50
-173 -18
-196 4
337 6
306 11
-376 42
-229 54
49 -95
255 -63
275 -45
-39 -22
17 23
-24 -45
-221 -17
17 25
85 -4
37 -60
145 -21
-84 17
-102 3
43 44
159 -14
-112 -49
89 -14
71 45
97 -38
129 0
-179 -9
5 -8
257 30
-46 37
-140 -17
-11 -3
-108 -47
53 34
145 14
-69 -3
226 0
-96 -31
-175 14
7 -11
126 -37
112 58
-13 14
-55 -27
277 17
-51 77
-78 -90
-109 -70
199 29
179 75
-53 -45
-272 -54
163 28
182 72
-107 -15
8 -11
-27 53
133 -11
81 -95
-121 -60
61 2
222 -18
-142 30
-217 2
111 -9
111 22
-180 -2
37 116
190 -24
188 -144
-85 -23
-13 98
-69 42
-83 54
-10 16
25 -25
88 -171
256 -48
11 13
-384 95
-107 136
4 9
176 -141
357 -145
30 55
-73 45
26 49
-186 -13
67 -72
118 -40
-94 -11
44 51
181 57
59 0
166 -12
130 -44
-190 -87
-60 -2
153 79
235 -31
16 8
-156 -11
-23 35
274 -61
-83 -51
-23 22
150 56
-10 70
11 0
-76 -56
1 -28
383 -18
-204 24
-13 57
92 41
130 -110
-46 7
27 7
-114 -20
152 37
165 18
48 62
77 72
-83 -133
-49 -91
-86 -16
68 -3
249 46
117 -1
-226 3
39 -33
-42 11
-145 91
140 64
19 -46
131 -91
481 -31
-52 31
-236 11
-62 -30
117 -69
150 36
-20 16
-36 -19
195 -9
78 32
-161 27
0 -63
156 -56
36 -41
-79 12
-48 42
-104 14
97 -27
-80 1
-37 1
151 31
152 15
-142 17
-27 -56
195 -18
288 -51
16 -26
-274 31
101 48
30 -85
-33 39
-85 -17
8 -59
198 134
25 1
-217 -141
-135 -4
-111 51
13 -8
252 -18
-64 24
-1 -65
140 54
-49 -3
22 -68
50 43
68 34
77 61
-9 53
125 -23
261 -155
27 -52
-135 -4
13 11
118 107
103 -46
-132 -14
-244 75
291 44
248 -156
-208 -105
-262 74
2 86
158 72
-72 -149
37 -100
162 36
194 77
-210 41
-282 37
76 -55
-31 -10
213 14
-9 -75
-34 21
158 97
-11 18
-288 -106
-18 -25
198 4
201 -85
161 -5
-97 60
-25 82
180 18
-155 -196
56 -14
13 97
28 98
142 35
79 -145
0 4
377 108
-148 -23
-286 -110
124 60
74 59
33 4
-67 -29
-238 -53
205 -1
110 3
-140 37
2 15
-26 -59
90 -3
347 -45
-57 -19
-91 106
187 1
-343 -50
40 -94
143 -14
22 15
-24 61
-16 37
-86 62
410 -86
65 -77
162 15
-118 25
-60 -45
61 -28
122 53
2 31
-60 14
36 -67
287 -17
-134 40
-100 56
13 94
-149 96
60 -173
27 -117
-81 -23
304 43
5 162
-279 -17
-43 -118
-51 -49
83 12
-9 -7
-155 63
103 57
99 -19
-368 -35
-159 -16
282 9
-56 3
142 -96
-17 -41
-64 5
260 38
-62 -44
-122 0
-111 -1
-5 3
-49 71
128 4
75 40
-14 -25
27 34
-193 28
4 -76
112 -133
-17 6
-122 33
-66 18
264 63
143 58
-147 -47
-194 -138
-46 -40
62 105
-20 89
-48 -10
87 -85
302 -105
-254 13
-306 -9
-89 -1
87 44
178 79
58 -31
-296 37
94 -146
74 -127
-124 83
-77 87
17 58
25 7
100 -68
-12 -9
214 37
98 41
-203 33
-123 -48
38 -64
111 12
55 8
-93 8
42 -53
444 5
-197 126
-179 -3
2 -32
100 -108
73 35
-52 49
-89 -42
178 -29
108 -45
-210 -23
-105 41
170 16
-58 -16
-224 -63
158 43
2 69
193 -22
-286 43
-130 1
95 -23
76 -27
78 -12
-118 -17
-268 15
355 8
-48 -14
-205 -68
-137 -13
-13 18
229 9
193 22
-9 -14
73 -3
69 -34
-108 -60
-71 21
-15 96
117 2
72 18
113 67
-29 54
124 -164
-286 -148
-73 82
-34 64
-36 20
30 64
104 5
-42 -76
197 -44
-109 122
-188 13
-32 -71
64 56
43 60
0 -50
-87 -30
126 -9
187 -52
-241 88
4 75
79 30
-8 -162
-130 -106
-153 23
-152 61
262 41
-46 -17
-64 -55
-155 -47
-87 21
-100 89
5 27
-38 -44
24 -84
119 -22
108 -33
-232 72
4 -39
22 -8
72 15
-124 -8
29 18
129 -8
176 -92
-219 -3
-30 -5
0 75
33 -54
59 -18
98 44
-110 4
57 49
98 68
-101 -130
19 -38
124 65
-55 47
-13 -3
-36 -86
60 -83
123 21
-122 42
27 55
-56 -65
128 4
27 36
-76 -12
19 45
336 -50
-180 1
-176 42
-83 7
32 -11
57 0
57 -24
123 19
84 -9
14 -59
-215 -1
-127 44
56 40
362 -33
230 -8
-205 -43
30 -111
337 19
-139 41
-81 70
173 -11
141 -69
-100 21
-149 33
-120 -89
153 -27
167 66
-128 -18
-57 -23
0 -59
192 -14
11 -13
-20 53
172 25
47 14
39 -6
-34 4
1 25
-103 -50
-95 -87
-15 -36
31 -39
325 8
-203 -20
-155 -65
110 -17
183 129
50 119
-136 -36
-3 -118
296 64
-73 3
-267 -17
14 25
78 -3
-65 -3
-102 -17
-107 -21
140 -51
8 97
-58 15
-168 22
67 11
145 -117
-39 -6
-105 5
137 19
144 -50
-89 -3
-58 42
135 56
-15 38
92 -60
-57 -60
-349 -31
276 -13
55 14
-125 50
-5 -40
-57 -87
108 -48
79 72
-28 -41
60 -23
467 -23
-107 65
-201 23
13 15
19 -33
133 27
-67 18
-224 2
199 -58
-125 43
-57 49
28 -39
-1 -25
2 51
25 25
-52 60
216 33
65 5
-131 9
22 18
36 22
93 26
92 76
-4 -27
-122 81
175 -76
47 -110
-329 35
-74 51
98 14
-53 68
-103 15
104 -38
182 -112
-34 8
-141 32
-257 8
133 34
4 -28
124 -24
77 17
145 12
-41 0
-176 60
-2 12
83 -39
250 -34
-52 -10
-184 58
62 104
135 -1
-217 -2
-43 -32
-56 -16
-47 51
-75 6
89 6
81 32
114 44
-47 24
9 22
-90 -44
-50 -44
76 16
-27 48
-28 27
198 18
-11 11
-139 20
-24 -14
0 3
12 54
-29 -47
-120 -19
303 37
277 14
-120 -24
-192 -1
-15 67
-10 -42
180 17
-27 29
22 28
127 21
-9 -21
-188 -52
-11 3
146 -39
140 11
-61 30
-220 49
81 47
335 -7
-195 43
-135 -68
97 -59
75 55
-50 25
27 21
-28 1
248 45
-192 23
-165 -45
21 -3
160 43
196 63
-58 12
38 30
183 -91
-29 -1
-117 42
-31 -6
68 48
53 27
17 27
-2 -100
129 -68
113 24
-29 61
-114 98
121 2
-46 -63
34 27
-57 71
13 -63
206 -56
31 38
95 39
1 0
-22 71
-134 -67
60 -59
92 -33
193 56
23 102
-270 -39
-57 -56
54 -23
44 52
9 65
41 -42
21 -84
91 50
-118 56
28 30
161 -52
-84 -70
247 18
66 9
5 27
179 33
38 -64
-153 12
-184 60
17 41
-76 -25
73 19
119 22
169 -16
-91 -118
-131 13
-8 51
196 72
-27 -83
25 -56
-151 -13
-284 68
510 22
-47 40
-136 43
96 -30
-68 44
90 28
145 28
22 23
245 -66
-151 1
-218 25
-22 11
22 -54
-16 6
218 126
-135 -30
57 7
184 41
1 21
-154 13
-18 -64
83 9
46 1
-59 60
58 -27
107 -14
-30 -62
-138 -4
21 51
58 69
114 27
-108 -25
-52 -78
232 -19
76 50
-193 30
108 30
79 -63
-48 -62
201 31
46 62
-44 -63
205 39
-178 28
-21 -14
9 27
97 47
-86 -33
-5 -48
83 88
201 -2
-159 -20
-228 34
-29 86
110 -34
157 -13
-129 44
-134 -80
123 -11
-63 38
-31 -11
-51 24
-29 1
175 16
30 12
-150 7
146 13
240 -28
-148 12
-84 70
-31 36
77 -74
-57 -42
-135 -59
-73 34
270 73
177 16
-325 51
-73 5
-123 -55
102 -55
8 14
-129 102
89 37
9 6
-320 9
-114 -55
47 59
2 90
46 -19
-17 -96
120 56
140 96
-278 -22
-55 40
-73 1
138 -33
162 9
201 -9
-62 42
96 26
-80 -25
-147 -20
-31 -36
145 25
52 -6
-18 -24
-72 64
105 98
-61 -4
-75 -27
2 1
-87 -20
22 11
-32 54
-20 12
-47 100
228 -110
-180 13
-102 61
15 6
26 21
-6 30
-49 60
-12 -36
155 -91
-33 -21
-150 94
-56 85
11 27
-16 -21
137 -24
64 -11
86 1
31 76
-31 90
100 15
15 5
-5 -25
-258 9
-177 70
57 24
297 -35
151 -72
-116 -35
-151 2
-8 -16
143 6
56 59
-78 31
-22 32
112 47
61 -4
-298 96
-68 -1
257 -117
96 -12
-64 40
-136 1
-55 -59
287 30
-77 68
-145 32
106 55
-14 -30
-48 0
73 48
-110 -25
195 -34
172 32
-109 1
-150 -16
-11 -56
1 25
-81 9
43 78
156 33
241 56
30 -32
-102 -36
2 56
42 36
67 -42
159 -12
15 46
210 47
-55 -23
-95 -39
94 4
43 30
-10 71
155 25
-35 -31
41 -14
-24 19
-52 17
64 55
-61 31
68 18
25 4
-110 25
-127 -24
233 24
25 55
-64 -12
9 -17
-40 52
70 -17
-14 60
-77 -29
177 32
-33 48
-21 62
2 87
204 -3
-17 -107
-60 51
95 73
92 -46
9 -40
-57 13
22 56
-61 39
-85 58
39 -70
28 -74
-68 19
248 65
-68 29
-218 -16
61 11
64 9
-48 -28
-225 6
-110 -62
145 9
62 43
-31 54
5 25
80 34
-140 27
-150 -58
137 -51
23 61
27 55
-137 0
-161 -11
54 7
27 37
-101 -44
93 -35
72 84
177 26
-29 -5
-224 0
-81 -44
0 -52
185 6
78 43
-143 60
-48 41
115 9
-107 -38
-173 29
-109 56
16 3
141 8
-372 39
-15 25
65 -17
-58 -17
-217 -43
-12 3
24 56
43 101
-67 -14
-223 17
192 -66
-133 16
-203 38
-72 16
78 61
60 -42
-124 -54
-197 86
173 120
284 -65
-316 -121
-59 7
21 68
-23 46
11 54
-126 -31
-180 -50
131 21
124 49
-83 51
-3 3
100 6
5 4
-9 28
-8 -8
58 -27
82 9
-81 82
-146 44
19 -107
-15 -21
-50 36
-13 94
69 20
24 15
-124 -40
-122 -42
-35 -8
95 38
-67 48
-112 11
-148 0
233 56
12 -59
-112 0
-62 24
-12 -11
-21 -17
7 98
-40 29
218 -128
58 -31
-99 -2
-125 56
16 85
60 39
11 7
-41 -29
13 8
7 57
-139 24
-70 30
-21 4
-36 56
-23 7
-162 -68
30 39
169 74
18 45
-106 82
-125 -41
-48 -27
-108 -33
-19 -1
-47 58
137 39
-121 9
155 -11
-188 22
158 -6
17 -3
24 -65
-30 27
23 94
-3 67
-72 -30
-117 15
95 -20
-119 -32
21 33
99 63
59 18
7 -25
122 24
-267 29
-106 28
61 31
-30 -40
-60 -40
50 103
94 99
50 23
-113 -57
-32 -5
82 -22
30 5
36 0
-11 69
-114 54
177 -98
-55 -105
-196 50
-90 50
108 32
78 17
-51 -47
-41 82
117 65
1 -35
-206 -55
8 18
70 36
-50 47
32 44
-11 -41
63 -82
-34 24
-126 35
-23 12
-118 -32
72 -6
59 18
-17 35
91 35
198 -49
-73 -49
-152 4
37 34
-14 -25
-16 18
-37 19
-29 -20
264 0
114 27
-357 27
68 5
-152 -49
119 24
-77 20
-53 0
-20 19
-50 -19
72 16
-216 35
-121 24
50 -83
28 -30
-52 1
-105 -7
-118 9
176 31
150 13
-253 -5
-18 50
-16 59
-2 85
36 28
-115 16
-36 6
78 -28
-113 -13
-122 32
-19 83
118 -2
-165 -24
-192 -4
9 14
56 27
114 50
-69 11
-314 -13
-83 -9
-64 18
-86 25
-60 48
206 25
170 16
-162 -29
-95 -10
-179 34
45 31
115 3
-92 -30
65 17
192 -21
-220 55
-237 28
-118 -57
-73 -4
114 6
-32 24
-20 -5
89 91
-49 25
19 39
-26 -57
-84 -56
221 68
-147 42
-112 12
40 18
-45 -14
-202 -81
-44 -94
20 56
-50 126
55 -6
-105 -7
144 -28
101 13
-324 18
-190 -17
0 11
110 115
-30 34
-25 -10
36 1
24 39
55 25
-35 2
-124 37
64 -1
89 3
151 4
-145 -43
-47 5
131 19
-173 29
-148 67
59 -91
215 -53
33 34
-38 106
-11 17
66 -45
-58 21
-124 89
-62 73
-4 -3
41 3
113 -18
74 -2
1 48
-16 56
-81 -7
-18 -72
9 19
-18 44
5 -9
-107 -2
28 27
223 19
-115 4
-78 26
-47 -1
76 48
-43 29
-59 -51
-103 19
105 -65
-25 55
-178 22
-73 17
206 26
113 14
-59 39
-51 -10
51 34
173 12
-18 17
-27 51
-118 -41
17 -3
9 -75
-114 76
66 28
203 -18
-46 0
-241 -34
96 35
60 22
-118 -23
26 4
31 24
108 49
214 16
-99 36
-46 -56
-155 47
52 -1
-145 -27
-15 41
91 23
151 -66
-77 -1
-192 12
5 28
91 51
5 -24
-134 -49
-166 5
-61 -10
245 -6
-197 68
-228 -18
-23 -137
45 -20
5 3
-16 52
-64 71
58 24
113 -6
-176 -109
65 -37
126 25
4 6
-50 25
-28 -52
-76 -45
65 -22
-28 -21
-183 -10
34 22
39 38
9 -2
75 -13
-38 -21
-74 2
95 -11
-87 -104
-61 61
-37 27
-25 -20
-27 20
41 -67
14 -57
124 1
-62 13
-56 -15
-99 -19
23 -21
5 20
-44 -11
-312 -18
173 19
-141 -20
-192 -16
-12 35
303 -7
0 0
-55 -100
48 33
-25 54
-48 42
-167 25
-72 -10
100 -26
-158 -4
8 -24
-100 -10
-97 -23
127 -10
-101 28
92 9
-17 -4
82 29
-8 68
-196 -103
-86 -48
126 21
262 6
-313 -22
-159 14
-29 23
-86 -41
-4 37
-151 82
73 -68
287 -82
-144 39
-58 85
-158 -26
-87 -11
19 -4
41 -18
19 -5
-51 43
-201 -5
-162 -49
103 -13
127 -69
38 -11
45 -12
-127 38
158 37
-46 -5
-146 26
-93 -39
-14 49
-101 0
215 -103
95 -44
50 38
16 17
-196 13
-29 -27
86 -150
96 21
5 56
-79 74
-18 -6
145 -3
-115 22
-190 -7
-4 -19
-32 22
-99 53
45 -30
-22 -48
36 6
150 60
-146 -14
-30 -16
-39 12
62 53
84 -12
-214 -38
19 -12
205 0
-115 69
-308 0
-16 83
282 -15
66 -5
-40 -31
-110 -17
181 -15
-288 -13
-86 39
24 0
119 -21
24 3
2 60
-47 -35
3 -141
228 17
-235 -39
-71 -48
-19 -33
-32 54
160 -28
-13 -15
-2 -6
185 51
33 29
-184 -47
115 -92
176 48
-159 15
-131 -23
-46 -12
159 -9
119 -10
-90 30
-68 18
-11 -52
157 0
-114 -3
8 2
172 5
120 -14
-160 5
-116 -10
42 18
203 -26
-38 -2
-158 82
8 45
122 -94
52 -129
-3 91
47 -2
46 -12
-190 -3
-45 24
72 76
130 -32
62 -73
-231 -102
3 14
4 84
47 41
29 -33
-85 -121
70 72
149 -38
-58 -18
-150 -16
-242 51
176 63
-28 57
41 -94
-64 -143
178 -10
-111 47
-169 74
-228 -53
43 -42
111 -11
-45 -26
-32 69
127 61
96 18
-103 1
-77 -51
2 -45
111 47
109 21
11 -30
-14 -91
118 -21
-247 25
-69 88
-116 5
-30 -121
-20 -91
108 30
-10 64
82 8
66 13
-143 -45
-71 -30
47 3
8 28
46 22
-159 11
9 -9
192 9
-83 -81
-40 60
117 18
77 -39
-94 -2
130 4
110 6
131 0
-106 0
-184 -31
-20 -23
149 25
-42 28
-187 13
-53 -88
-75 13
-19 31
-224 -39
-181 -8
-74 -49
84 -21
-48 26
-310 50
44 47
27 45
-98 -23
272 -79
583 45
-162 -2
-6 -5
18 -20
-92 -3
277 -4
-69 14
-134 7
-142 12
-13 -11
176 12
-12 -19
-113 -38
120 -68
-98 33
-112 20
25 8
-84 -5
-198 7
79 -18
47 -92
-36 -21
126 63
-112 3
-62 -16
22 -17
-1 3
-90 1
-130 35
29 15
330 -46
38 -22
-239 12
-96 -26
-16 -21
100 36
47 30
-19 -1
-11 -58
42 17
-98 55
-60 -4
90 39
27 -1
-38 -39
81 -34
-88 -21
186 -21
-93 27
-72 2
43 3
29 -15
35 -22
33 28
-31 68
-65 -38
42 -9
96 -4
-67 -19
-29 112
-18 -1
78 -171
4 9
-28 20
-16 3
316 43
-51 -28
-124 -13
-38 0
68 51
-19 36
-99 11
15 -8
147 -22
-51 -12
-197 -28
64 11
193 -34
-22 12
6 -35
-178 5
55 -46
295 77
-211 -21
-186 -49
-4 -42
48 3
38 -7
6 -32
26 46
76 12
-104 -21
-162 -56
-5 9
144 26
-75 83
-144 -50
-98 -74
88 8
76 62
1 39
-96 -47
-116 -4
8 53
63 20
-126 44
88 -53
388 -101
-77 -48
-66 -26
-47 51
-11 6
34 -45
-66 2
7 8
182 7
-168 69
80 54
-145 34
-122 -72
60 -80
-35 22
-22 35
-108 0
-243 -2
89 -39
-232 -28
36 141
58 24
130 -120
30 -36
-87 94
16 4
185 -43
-57 -34
-179 15
99 57
96 37
74 17
-10 -77
-107 -120
157 -3
199 57
-292 4
-252 20
44 -50
130 -12
11 -8
-20 20
-56 5
338 4
-47 27
-257 -19
-70 7
149 -116
26 -42
-54 11
2 22
60 4
-4 40
-126 -5
-58 6
89 16
107 2
-184 47
-65 57
-168 -138
247 -88
-219 71
16 -9
-47 3
48 4
-55 52
49 23
171 -25
301 -2
-160 33
-129 0
48 -26
60 0
68 0
24 -42
26 -3
-33 -9
-5 17
182 -19
-240 38
-164 -7
38 -14
97 23
-53 -13
91 6
-3 5
216 -17
-62 -46
-202 0
-16 52
29 51
19 -64
0 -67
-57 46
-3 -21
179 0
-205 78
-68 4
29 -49
100 12
74 69
-82 25
-22 -25
222 -46
-122 -33
-122 44
-10 76
234 -13
142 -70
31 -54
30 52
272 87
-65 -21
-295 75
-262 43
-181 91
72 -87
105 -111
178 0
251 72
-119 61
-109 14
261 -34
480 -37
114 12
-181 52
-226 62
-413 -14
-4 -8
-333 37
-223 13
76 -46
125 -16
270 -7
-39 22
-278 61
53 17
-24 -8
-163 -32
61 53
-252 1
-291 -26
-22 29
-174 54
70 -20
436 -7
65 -24
16 15
-223 36
25 8
62 0
75 98
178 -62
368 -73
-232 19
-284 104
241 40
147 -63
97 26
-392 36
-158 63
354 7
97 -112
48 9
-53 95
77 45
43 -9
-125 -44
-96 -1
-133 78
-198 -11
-429 -46
125 47
23 97
445 -19
379 -37
237 48
-616 70
260 -67
523 -68
-35 -22
-240 23
160 59
-175 -16
-132 -22
-355 -4
