-95 0
-133 23
-63 -2
-165 4
-224 -69
-176 -12
-6 19
-7 12
-94 11
-107 -20
-224 0
-178 -23
-100 56
-6 3
-70 -81
-108 -35
-239 -17
-93 25
106 -2
-228 -30
-94 -49
38 -73
-48 45
-39 21
-76 -8
-161 34
-54 -30
-163 -76
-105 -15
18 7
-163 -24
-49 -19
-61 2
-21 44
227 -40
-296 -7
-110 -30
-179 -17
-154 -2
96 -47
-42 27
-75 -22
22 -23
-107 40
-143 2
-18 -35
-26 -39
-46 -7
66 36
-135 -36
-1 -11
-25 -72
-41 -11
-263 3
-19 15
16 -25
1 -22
-121 -31
-101 -10
52 -3
-210 6
-109 0
-47 -22
-25 -43
8 25
-139 21
-130 57
95 -11
-103 -19
-140 -65
-63 2
-46 18
-45 -23
-21 1
-76 -3
50 -32
-140 -16
-121 -40
-110 -31
-72 -10
-2 6
-59 0
-79 -35
-108 -41
65 19
-153 -22
-161 -55
-32 -9
-71 -6
-46 11
-61 8
-79 -6
106 -21
-148 21
-147 -45
-49 5
35 25
-50 -12
-50 -44
-104 -10
-78 -31
-2 -21
-69 -20
-145 -2
61 -44
40 -13
-17 49
-102 19
-72 -16
108 -43
-160 7
-143 8
-67 1
-98 -7
15 16
-98 68
-104 -16
23 -55
-85 -13
-156 4
-111 -43
-101 -27
-48 12
-65 -16
-72 -11
-63 22
-146 -17
89 4
-134 -16
-141 -24
-66 -1
-18 -20
-6 -17
11 -52
-102 9
59 12
-94 -22
-170 -21
-137 -27
-57 -6
-22 16
-75 -5
-37 -32
-18 -41
19 -61
-132 7
-174 -6
-48 -16
54 -7
-40 26
-46 -1
-83 -9
6 -62
-105 -43
-163 -6
-23 41
-112 -25
105 -34
-36 7
-48 -13
-175 -20
-59 20
72 21
-177 -4
-125 -58
-25 -10
0 5
-28 24
-44 -27
-37 -23
95 19
-109 1
-119 -53
-250 -60
-2 20
-80 33
-55 -17
-110 -23
2 -1
13 4
-150 -12
-97 -17
-75 -18
-61 51
-30 -79
-28 5
-24 31
26 -27
-143 -15
-53 -25
-5 12
3 17
-10 -23
-161 -18
-140 -38
55 -30
-33 15
-42 8
-31 -10
-12 19
21 -60
-3 -3
-9 0
-48 38
47 -44
-125 -38
-80 -24
-37 -4
8 33
-35 16
-114 -18
-51 13
88 -36
-93 -14
-112 -9
-84 8
43 -4
-68 -44
-23 9
-6 -13
31 4
2 -8
-62 -68
-42 -18
-59 4
29 -8
-23 0
-2 -1
-54 -16
99 -2
-77 4
-57 -25
4 -13
-57 -3
-45 6
23 -73
-46 -7
166 20
-111 8
-113 -31
-119 -28
-67 -15
-9 32
-35 11
-39 6
11 -40
-35 -3
-182 19
-45 -31
2 -20
145 -9
-80 -33
-42 -28
-10 -32
159 9
-168 -21
-85 -15
-76 28
-59 -41
18 2
11 -29
-39 -8
134 -6
-111 -20
-135 -21
-68 7
22 -21
-47 -17
-63 -6
-65 -24
-8 -20
39 -46
-73 -14
-111 -5
-24 -32
-86 -27
15 -37
-64 -26
-52 -27
124 32
-165 -2
-117 -6
-90 -44
-14 -3
-11 15
-28 20
-82 5
83 -12
-39 -35
-134 -29
-28 15
-31 11
26 -14
-61 -56
18 16
-20 -10
59 8
-200 23
-44 3
8 -30
-19 -18
-23 1
-71 0
-136 -11
28 -37
-29 -12
-17 -2
2 -5
-27 -27
64 6
-113 -59
-59 9
43 -17
-50 -4
-155 -18
-43 -25
-63 -2
-62 -59
-57 -19
-73 27
24 -2
94 -61
-132 -16
-97 40
96 2
0 18
25 -18
35 -21
-166 22
63 14
-61 -12
-95 -6
-52 -24
29 -24
-20 -10
-9 1
-97 -21
146 38
-85 -17
-149 -35
-98 2
-15 1
7 -23
-146 25
-52 -22
34 -16
-26 5
-13 -19
-56 11
-56 -7
-36 -12
-40 -32
-40 4
-34 41
90 6
-98 -1
-143 -5
-31 -64
-83 22
6 8
-92 -49
-63 -15
17 -5
-18 -9
-111 -30
-91 14
-41 2
0 14
69 -20
-7 0
-47 -19
195 -10
-77 -51
-63 4
0 3
6 -23
28 18
-34 -26
4 -14
132 -6
-146 -22
-229 2
-51 11
-17 -12
-132 -19
-39 28
-9 -20
-79 3
-33 1
79 -11
-54 0
-146 -2
-60 -2
5 -9
-26 -17
-50 13
-52 -4
72 -24
-71 -31
-106 -33
-63 -11
-45 -13
-35 1
-76 -51
-91 -15
-3 29
38 4
-93 -9
-179 -3
-6 1
-22 -5
-18 -17
54 1
1 5
224 -3
-115 0
-133 -75
-33 0
-39 4
21 6
-14 -45
-104 0
9 5
-140 -30
-51 -16
-63 3
56 -1
-2 -18
-66 -10
-75 -27
-42 -45
110 -5
-153 -18
-138 -21
-69 -26
70 5
4 -50
-130 -21
-157 2
99 -26
-57 -11
-109 -14
-43 -15
-51 -18
-3 -25
-34 19
-112 -13
40 -18
22 -12
-86 0
-125 -14
-26 -4
-65 -8
-8 29
1 23
-6 -29
91 -15
-240 -33
-66 -16
-52 5
71 -26
-53 -20
-29 -11
-95 1
55 -13
-75 -5
-113 0
-58 -24
-18 -2
-58 -18
-61 21
-69 31
13 -37
33 -51
1 0
-98 -9
-55 0
15 -19
-4 1
-40 2
-32 -1
115 8
-55 -45
-70 -20
-37 8
-11 -5
-105 -22
75 -4
-82 -34
15 -8
12 14
-134 -7
16 -38
0 -8
43 16
-20 -3
-48 -17
-56 4
90 6
-87 30
-81 -18
-46 0
-37 20
-83 -18
-43 -5
-27 8
101 -4
-163 24
-47 -2
22 5
-2 34
-34 7
-48 -17
-131 3
94 18
0 1
-157 19
-49 7
-74 -12
-54 12
-22 -34
-70 22
-15 21
42 -47
-87 21
-56 15
-8 15
-63 1
-31 5
-21 0
-1 6
84 14
-88 4
-48 19
-14 -12
51 -24
20 0
-33 -18
-80 20
-11 4
121 29
-104 33
-66 0
-5 -11
6 34
-19 20
-21 -3
-38 21
116 2
-39 42
-72 -14
69 -16
-21 -13
-43 0
-19 23
-10 -1
66 21
-37 3
-72 19
-40 7
-31 -2
15 -15
2 6
-26 23
-43 0
55 3
-36 -8
-30 8
-32 41
43 0
-10 -7
-23 -1
33 6
147 6
-36 -19
-40 17
-88 19
99 -4
-15 -21
-21 -4
-66 3
66 1
26 5
-126 5
-41 11
-28 3
-25 36
18 -16
-60 2
-17 4
55 -20
-106 17
-95 15
-3 17
13 0
30 -11
-65 -1
-127 25
142 11
-29 2
-85 -36
-61 4
6 8
22 -8
-91 -2
-84 0
78 0
-23 1
-79 6
-24 7
-112 -43
45 18
-10 15
-14 -6
-53 25
84 25
-34 1
-79 -9
-30 17
-36 -9
0 -33
-76 3
-77 -16
146 23
-73 -6
-94 -13
-51 -1
17 18
-45 19
-11 -2
-11 -31
8 44
30 -17
-92 -24
-44 9
1 20
-25 30
-39 2
-7 -8
-54 5
-5 5
25 -22
29 28
-92 18
-28 2
6 2
-95 -17
-99 44
-60 1
83 34
77 -8
-120 4
-47 -41
-69 3
-3 -12
-2 -25
-134 11
-96 4
47 -7
48 1
-188 -29
-27 -18
-5 -18
-36 -1
26 11
34 -31
84 -5
-28 -6
-91 -6
19 -27
131 32
-38 23
-30 7
-71 37
-58 -5
52 46
-66 -27
-102 -12
-22 -46
45 34
71 29
-61 2
-30 1
-23 4
-60 21
-121 -5
-65 0
9 0
50 -10
-29 1
-7 -20
103 15
-20 -8
-105 16
-52 17
-11 -7
-18 4
-3 6
-27 29
66 -15
11 0
-32 8
-132 -14
-40 0
-3 2
43 -1
-26 2
6 21
52 46
-129 18
3 -25
27 -5
11 14
-84 -5
21 13
-29 -31
47 -6
111 -21
-98 9
-114 4
22 12
23 0
-26 7
-55 -43
1 14
48 -20
-68 28
-55 -12
-11 0
25 9
-30 3
-8 14
-47 7
47 7
0 17
-34 16
-20 -11
-45 -9
67 -14
-9 13
-40 14
0 -18
89 -11
-58 15
-64 14
-19 -12
31 13
56 -21
-72 6
-29 7
65 4
-44 42
-81 26
-39 34
51 11
67 -5
-45 0
1 -10
46 34
120 -14
-44 -19
0 12
15 38
-98 -23
-32 -17
-46 28
-53 -34
129 30
-23 28
-40 -7
-80 16
4 -10
-36 47
33 -19
51 -32
72 21
-2 45
-77 -7
9 -55
-8 26
8 44
-77 -15
-93 -24
89 -27
25 42
-49 16
-48 -32
149 -18
59 38
-27 -27
4 -6
-1 28
27 9
-6 23
-90 0
-62 12
31 9
-52 12
23 20
-41 22
-6 0
3 4
-36 6
-18 -12
9 13
-25 3
-16 -19
-218 -10
66 28
71 -18
-123 -3
-62 12
52 17
77 -14
-32 6
-70 18
18 8
53 -9
-71 -2
-11 0
23 27
11 -1
4 52
-22 -21
46 -9
134 17
58 4
-126 -7
-102 -7
7 34
17 7
78 7
-124 50
-16 0
98 30
-88 -20
-53 6
7 1
0 14
-34 44
-1 -24
-26 -18
99 6
-19 13
-31 -6
-1 -33
13 -3
24 5
-69 11
-39 -9
111 13
77 7
-65 31
-11 -4
-26 5
69 -5
-3 20
-95 9
36 -1
40 12
-99 -11
-100 9
2 -6
47 -16
-43 0
-7 30
32 12
111 -10
48 4
-91 6
-38 -13
50 8
-51 -4
-21 -3
-9 48
15 0
43 14
-124 -38
-62 8
26 7
13 27
67 -4
-67 -2
-50 9
65 16
-49 4
-72 8
22 3
-5 1
-91 -3
-26 36
-31 8
99 16
-3 -11
-49 12
-34 -1
46 -5
-2 14
-1 -27
-33 3
13 -1
121 12
-45 18
-40 1
11 0
-34 -2
-15 22
-35 -39
-1 -5
53 24
13 2
-52 52
-142 -61
105 -23
33 11
-17 2
2 -1
11 -17
-66 -16
-54 -22
-31 22
-4 13
6 11
15 4
29 -6
25 -20
46 -17
-33 24
-84 -12
-4 -4
42 -12
13 26
-27 -2
-20 13
115 0
-39 -1
-118 0
-30 6
3 -12
-7 6
2 0
-76 11
68 8
62 -17
-116 -7
18 22
94 -43
62 19
-42 -10
-55 11
-18 5
123 16
-54 13
-53 -1
-35 9
8 -18
65 33
64 37
14 11
84 29
24 13
-116 28
3 11
42 -5
26 -13
-79 15
-14 -9
218 -35
48 26
-92 39
-93 -3
62 -13
24 13
1 26
-22 -3
43 3
90 27
-86 -23
-59 7
-70 27
-25 17
112 -1
-82 8
-39 43
28 9
95 -15
-69 11
-187 11
34 -10
-32 4
59 -13
27 -14
65 46
60 4
-88 3
-55 29
17 16
0 -13
46 -12
50 33
-15 -1
53 -2
-92 -24
-57 -3
26 39
37 -7
65 18
66 0
-45 6
83 17
115 -9
-48 -15
-70 0
-60 5
93 -11
-9 28
-53 3
99 -9
129 2
-121 28
-25 -25
-62 8
67 31
-11 5
-49 1
12 -4
79 -4
-57 -13
-86 -16
-28 9
61 5
17 14
8 -29
-75 24
82 6
119 12
-115 28
-87 29
-1 -8
-26 2
-62 -1
-25 1
-23 14
109 19
-29 3
-90 -55
27 0
16 -8
-6 21
-7 1
43 17
82 -22
-98 -35
-94 -2
-5 20
-74 14
-16 22
-23 -8
-89 20
0 19
42 2
-24 -2
-40 26
-55 37
131 -23
-58 -8
-69 -11
-6 -8
135 -8
-130 1
-120 9
-44 5
88 8
-68 -6
-43 -14
-83 -23
68 26
28 22
-53 28
-44 -47
-13 25
83 0
57 5
61 -13
-44 -5
101 -9
-35 6
-86 -16
2 -5
16 -3
-18 8
-3 9
-41 2
164 8
-88 -1
-109 8
12 13
6 25
-23 -7
0 20
-22 27
70 -23
11 -3
-139 3
14 0
-42 3
62 -10
35 -4
-131 -23
-25 -11
115 -15
-69 0
-75 -16
-32 15
5 -11
6 -17
-35 -2
117 7
-29 12
-33 18
-66 6
109 -8
-55 -4
21 -10
-3 18
-26 24
-28 25
89 11
-102 7
-41 -2
46 13
0 -2
-13 3
-27 39
28 -39
141 -22
-117 -17
-89 27
9 17
32 -10
-21 -5
-25 20
15 -33
5 13
-46 26
-120 5
-24 -1
-24 -12
11 17
-50 12
-75 19
7 -1
67 -35
-83 7
-39 4
33 6
0 -20
-96 -6
37 15
34 8
131 -10
-13 14
-37 12
55 -7
-31 22
-20 2
27 -23
-53 45
73 -37
64 6
-82 -3
-67 54
-4 3
-70 15
-23 16
-66 -3
-15 6
184 3
-54 -24
-15 6
-80 8
146 -4
30 0
-19 1
35 -5
11 11
-26 22
-88 22
22 0
-20 -5
91 1
-34 -8
13 15
38 15
-57 3
-67 5
1 6
23 -9
-48 24
14 -15
-29 32
-159 -12
139 -23
-58 -18
-78 0
43 9
2 -15
41 37
11 2
14 -22
12 9
-47 42
-115 2
39 1
70 -8
-35 -2
-16 -17
-37 0
69 -29
109 -13
-86 -8
-48 -4
-119 8
71 22
49 18
-6 -53
56 38
71 -8
-52 50
-68 -16
-23 2
83 -20
29 1
-11 -17
-48 16
115 20
-13 -28
-96 16
-12 1
16 -19
37 -2
-71 -12
-10 12
-12 6
76 -22
-140 19
-46 24
16 3
-24 -11
12 -6
-62 -2
-78 -3
121 19
26 -18
-48 -39
28 -29
54 16
66 -13
-24 13
-55 0
53 -35
-86 9
-165 4
38 -8
4 36
-42 -9
14 -15
-44 13
-17 1
88 21
-87 4
-128 11
26 0
0 -6
34 -17
2 -1
-46 -21
134 -8
-75 17
-71 17
29 2
-71 -3
95 9
38 -6
-82 -9
-5 16
41 20
-28 8
-100 26
-104 -5
47 -11
33 8
-14 -8
-7 0
184 5
-136 -16
-47 5
-17 7
-33 -3
41 4
-34 29
-63 0
66 -3
25 -28
-158 -24
-85 8
-11 2
61 30
1 -15
-22 23
27 7
19 -18
-74 -5
-24 20
39 11
-51 -19
37 -2
-11 -15
-4 3
114 21
-99 4
-82 12
-4 22
19 31
43 13
-45 19
-7 1
162 1
-30 12
-120 14
-14 7
-40 7
-61 -16
72 -4
-39 8
-17 -13
119 9
-63 9
-128 -2
17 3
16 -11
11 6
-29 12
5 2
126 -3
-60 -18
-96 19
-30 26
92 15
-27 -14
37 2
-65 3
12 18
-16 0
-151 7
-11 17
101 2
-30 15
-26 -3
25 7
-11 9
155 7
-89 16
-20 -15
-35 -12
47 42
15 47
-14 5
0 -14
131 -2
-101 5
-116 0
65 15
63 1
-36 15
-44 4
6 -6
-37 14
-75 7
177 39
-95 -52
-100 19
-19 27
57 -10
18 53
36 1
17 -23
76 7
-50 -3
-57 2
19 -41
-34 -8
24 7
-45 -3
-88 2
-14 -11
-16 39
-75 -15
-27 26
-37 23
52 23
26 6
-58 33
-18 -43
167 6
-99 6
-96 -2
-34 57
-125 4
44 -4
-23 -8
-42 4
-37 -3
-50 11
17 -8
-51 0
-56 -4
57 5
-13 -4
9 23
13 11
79 8
-94 14
-52 3
15 9
34 -41
0 20
-76 -22
-18 24
104 2
-37 9
-40 25
-21 -1
-17 -27
95 20
50 -19
-81 42
-36 -31
22 -9
-73 8
-56 1
0 -16
6 12
17 8
-2 2
91 16
89 0
-122 14
-61 0
0 27
16 6
22 5
-50 16
-34 8
138 19
-32 -4
-130 -6
-36 -6
23 13
7 -1
-62 -4
4 -17
58 28
104 15
-98 -23
-104 32
-9 7
17 7
20 -22
14 18
-34 43
9 6
-26 13
-7 26
48 -2
42 9
-40 -8
0 23
-52 25
112 -3
-54 23
-97 -39
-86 18
56 14
6 -3
-52 32
-46 37
23 -3
88 -1
-92 -18
-39 1
-2 31
-28 26
-33 4
-44 8
-29 -41
176 -2
-7 14
-75 -19
18 26
35 -24
-4 0
-57 -5
-68 -14
60 31
-62 14
-24 -39
-39 -9
-35 16
21 42
6 -9
2 11
-11 7
70 8
-119 9
-26 -3
5 2
-13 25
16 24
-12 5
-16 25
102 -3
-79 21
-61 -17
55 7
34 4
-2 -13
-72 -23
69 29
28 90
-30 -25
-100 0
0 -4
-64 -11
92 7
4 0
-33 35
-26 38
139 0
-159 -15
-74 -18
-52 7
34 14
-29 1
-36 -19
-19 2
53 22
-26 -1
-40 -8
4 23
-3 12
25 16
57 11
-26 -12
51 14
54 -28
-30 -5
-22 0
37 4
-49 -55
-6 41
-60 22
-43 -1
104 17
-13 -13
-141 -6
-2 8
45 11
12 -23
-23 9
-18 -15
112 30
-53 -2
-89 22
-18 6
44 7
87 -3
-40 9
-60 -4
66 -23
8 7
-38 27
-238 16
-55 3
-43 0
-74 0
7 45
-13 19
58 -29
-98 -24
-76 -3
-25 -6
95 0
-31 -19
-33 -23
19 13
-39 16
6 11
-116 -22
43 7
4 3
-133 0
50 -21
22 -1
28 3
47 -1
-58 15
-78 -1
-81 -3
61 17
-85 1
47 -6
13 3
120 0
-35 4
-33 12
95 -26
-63 -8
51 -5
-22 43
-70 -2
34 -28
-21 23
-117 -12
-36 -1
23 4
8 9
-6 15
-40 -1
-22 -33
272 -25
-214 38
-74 8
-41 4
8 -2
0 31
0 4
-27 5
77 12
5 5
-120 18
-12 -7
-11 15
27 6
2 3
-16 5
117 -4
98 0
-108 19
-41 2
49 1
-16 -16
-59 6
-67 -2
-39 -18
0 3
-118 7
-37 6
-45 4
-24 9
5 8
-17 12
-39 -3
115 -1
-10 0
-62 -5
-50 8
41 -12
16 -5
-38 17
-25 6
74 -16
41 9
-128 61
-41 12
-13 -65
56 28
-9 39
-13 -8
-19 3
85 22
-73 24
-93 7
-29 -8
49 11
-66 2
-42 31
11 13
71 -17
15 -32
-78 19
-1 11
52 -11
76 49
19 0
-73 -9
34 -1
119 -9
-46 17
-116 6
49 -1
-17 -3
-19 -11
0 8
5 1
184 19
-63 -10
-88 5
-27 6
0 3
37 4
-45 26
-48 7
52 18
41 -6
-12 45
29 -7
-21 -2
66 17
29 20
-13 -15
57 -35
73 52
-39 9
-37 6
-26 1
47 -27
41 24
35 5
11 32
98 -27
-22 -10
-51 0
-55 -9
70 15
18 17
66 -20
-28 34
41 -15
4 24
-71 21
-30 7
-3 0
117 -13
17 5
-33 -5
22 -4
67 -20
-13 -3
-35 64
-20 15
34 -35
-18 8
102 28
-71 -19
146 34
151 26
-75 -7
8 14
-31 0
-1 9
108 -9
-52 -23
48 14
50 -59
26 29
-104 9
22 -1
59 9
44 3
-16 4
-48 20
57 9
-79 -11
-59 -1
57 -10
50 6
102 24
26 12
-43 -7
99 -5
96 -16
-59 38
32 -19
35 -17
64 -16
-47 44
-86 -3
51 35
45 -7
16 -1
-62 1
47 -18
96 7
-35 16
-28 11
-19 -5
120 -27
-46 20
-68 -10
31 -6
32 -2
75 34
38 -33
-28 22
59 -9
16 16
-44 19
-29 -18
14 19
29 -36
5 35
-51 34
83 8
82 -16
-42 13
-55 15
43 6
56 40
14 -14
56 -5
-7 -4
110 -18
12 -6
-56 8
4 0
35 14
-82 45
53 21
-91 12
20 5
42 -14
-7 -2
-59 19
7 2
-55 -31
-8 -11
23 29
55 18
130 49
-101 -30
-94 2
16 -9
31 24
34 11
-6 -31
2 22
146 7
-25 -37
-43 11
71 6
33 0
29 -15
72 -3
-19 32
-36 4
46 -45
-79 -21
-114 26
-18 -5
-6 -9
64 -11
-35 -7
-52 -1
172 23
-29 -24
-48 -19
0 30
42 2
-19 -4
-57 6
-39 23
80 -18
4 12
-93 33
-18 8
37 -5
34 17
30 -4
27 -17
17 13
6 -6
13 19
-40 -14
-55 8
-88 -8
50 20
6 27
65 54
36 -4
107 5
35 -11
-182 -1
11 0
40 3
9 6
37 -18
-54 -9
-28 -20
114 0
-146 2
-25 -3
66 -42
3 37
-17 -18
58 33
-15 1
86 9
40 -26
-61 3
-7 23
-25 -1
16 14
20 17
-31 7
142 0
68 -9
-70 -3
-43 -7
61 6
79 19
15 3
21 -8
-46 43
-30 -19
72 4
31 18
-66 -2
-12 -24
25 19
32 27
-69 -9
2 4
72 -4
50 -5
-65 20
-1 -30
46 39
69 8
114 -1
30 -3
-49 17
168 -20
-17 -7
-66 0
115 2
-15 -4
-53 4
41 -6
1 35
57 8
206 0
-101 -5
-100 -9
19 11
100 25
-28 0
-51 29
48 0
89 12
-94 25
-19 20
0 -24
6 18
5 17
24 5
-33 -12
103 29
-4 44
-30 9
-43 13
-49 32
74 -14
37 20
-9 -21
22 0
39 -7
-56 -8
-97 15
-29 -17
134 3
-44 8
114 -5
18 29
33 4
-152 -14
-23 1
73 -9
137 21
19 3
-34 28
-31 4
118 -14
17 9
-26 14
0 -1
136 -23
27 29
55 2
-20 15
-48 -7
63 33
-117 11
-5 21
116 -23
-14 60
4 -37
-85 -44
28 4
39 37
-221 -5
-23 18
35 -4
2 15
0 14
-45 9
-41 24
122 -1
-64 4
-61 -11
-16 0
-31 17
5 8
-24 -11
-72 30
57 28
125 13
-22 -5
-79 -19
-44 32
31 -5
-40 19
-7 16
39 3
59 25
-66 0
-102 25
-12 -9
-8 4
71 -4
-66 24
-48 -1
141 2
3 -12
-129 -12
-47 19
-28 2
14 19
-27 13
-38 -42
21 34
77 12
-49 -1
-71 -19
-1 20
60 6
34 -5
-4 11
-62 31
73 -18
-60 12
-71 -6
-8 20
5 0
51 -9
-76 -2
8 17
165 -10
73 19
-89 20
-61 9
3 5
6 34
53 0
-8 -3
23 -5
180 -18
-106 0
-97 49
-25 -26
94 -2
27 -19
-4 23
-102 17
45 25
-6 3
-2 13
4 -18
6 1
32 -7
43 1
-13 -7
57 6
0 56
-39 -47
-69 7
25 -13
-1 -5
8 -10
-44 3
28 16
108 19
-41 -8
-82 3
-87 4
39 -13
31 22
-11 23
-1 4
63 -15
-54 -22
-73 16
-32 21
23 0
13 -10
9 8
-29 4
102 19
-10 37
-78 -23
-47 -10
-21 2
42 -2
-65 7
30 -43
-14 -8
59 3
38 -9
-93 14
1 -7
-31 -8
39 -4
-55 -22
-23 11
38 0
60 19
-130 -14
-24 20
2 1
5 8
59 -2
13 19
-2 2
-8 1
36 14
-18 -33
-22 -1
24 9
-11 14
9 6
64 4
-1 -4
41 -5
26 20
-11 -2
-72 2
-26 3
52 12
0 15
-94 -2
53 11
141 43
-56 -19
-83 -21
-91 4
-4 23
-32 -22
-35 8
-5 -6
81 19
46 -25
-122 17
50 -17
-117 -17
27 25
-87 -13
-5 9
62 54
49 -4
-79 9
-1 -5
-37 13
-12 9
60 2
-31 15
-8 -13
91 -18
15 60
-144 11
30 -2
40 18
12 20
6 -2
-105 -12
21 7
78 1
-74 -29
-12 11
-9 -12
27 1
-86 -5
-59 -10
-40 8
147 18
-60 -4
-27 18
-6 2
-12 -10
20 -32
-10 34
19 43
57 -18
-101 0
-78 14
-136 9
9 -11
50 -4
4 7
-55 25
31 18
34 22
78 -1
-118 -14
-119 21
-45 20
79 -13
-48 -21
-37 -2
41 20
-3 18
113 18
-138 -3
-47 -2
-15 -6
-12 22
5 -12
-80 22
23 18
72 12
-62 -22
-20 -9
17 25
24 -2
-28 -1
-28 0
34 21
73 12
-18 3
-30 36
-29 5
19 -12
27 0
-37 -21
21 8
3 8
3 -4
-39 12
-96 14
-49 0
34 8
-12 -2
-39 12
-3 8
140 43
-89 -29
-89 0
-2 2
-10 -33
0 9
3 18
54 -11
123 37
-152 -27
-115 0
-19 7
5 9
-37 -9
-47 -25
20 0
55 13
-9 -12
-82 3
-68 13
16 25
-108 -26
23 30
68 -8
-24 9
61 2
22 -12
64 -4
-34 0
-38 17
-4 -15
7 8
-26 -6
56 14
9 28
-10 -8
123 6
-27 14
-87 -16
-28 4
-54 -19
16 -7
-35 8
-62 0
36 18
-62 0
-134 3
-11 0
31 -2
1 4
48 -24
12 2
14 -13
159 -1
-39 -6
-11 6
-14 -14
-7 14
-21 -19
-28 4
74 28
118 13
-37 -8
-80 34
-24 -14
-1 -24
-35 9
-13 2
-61 22
40 12
3 3
-58 6
-14 -10
-12 -33
-45 -21
33 2
0 33
48 1
202 -12
-131 30
3 -18
-18 -4
3 15
-20 7
-52 -15
-34 18
120 39
-43 37
-139 68
-4 -47
140 0
-60 -14
35 5
-66 5
41 1
72 5
-138 22
3 -32
-15 -10
2 15
3 42
59 9
11 16
-256 -6
74 -2
-25 -2
-129 -1
56 32
-6 -4
34 -5
-59 -24
-8 4
45 -9
26 33
-70 0
26 -13
-9 17
40 9
39 -2
-144 -6
13 74
98 -15
-7 -6
-269 14
54 37
29 41
42 -23
-19 13
-5 -34
145 0
-11 22
-103 20
-117 -2
36 7
-78 -1
-9 6
-104 4
43 -13
80 8
-84 4
-35 7
8 11
53 11
-186 4
-46 -4
-7 0
40 -12
-104 19
-107 19
-32 -8
-19 0
69 1
-4 -3
9 4
48 9
54 1
-114 4
-67 2
2 -8
64 2
130 3
39 0
-26 6
3 -2
79 -23
0 25
-148 -5
-18 13
2 7
-11 23
16 -12
-2 11
31 31
104 -7
-61 -1
-45 -9
-32 -15
94 -3
-15 -7
-17 0
21 9
198 -6
-30 1
-163 1
-65 8
68 0
15 6
21 23
-65 -5
157 14
-27 6
-153 -18
-20 8
0 34
29 -30
34 -4
52 9
49 17
108 2
-65 12
-35 -11
-11 20
122 12
-47 48
-34 -23
64 -5
43 -3
-48 12
-54 15
26 -13
-24 16
13 21
3 1
11 -22
54 -6
-24 -32
-32 42
-65 24
-14 20
-13 -40
68 2
44 11
-9 25
141 27
-135 4
-59 8
71 17
50 -60
30 -13
-43 21
-38 -24
117 37
-149 47
0 -16
13 9
25 11
105 8
-13 18
-30 3
120 -2
54 -29
-87 -9
31 2
111 11
-32 21
9 -59
-63 12
70 14
116 27
-43 -10
-59 -13
60 21
-40 -9
15 26
-65 0
17 -2
151 22
-4 -16
-92 26
-75 19
-22 24
51 -45
104 18
30 3
-64 12
23 13
78 8
-42 -2
-104 -16
-166 -8
-29 25
32 35
-2 51
-55 -38
146 0
-219 5
-85 -12
3 4
27 24
18 7
31 18
-33 21
77 -21
70 -15
-102 -17
-39 7
33 -9
50 -24
26 44
38 -5
-3 19
170 -1
-84 0
-58 1
-26 -15
128 57
16 -6
-7 26
-3 15
69 31
63 13
-75 16
-29 0
20 26
1 -4
-77 -4
31 12
78 60
169 14
-133 -4
-1 4
4 5
-5 14
58 -5
-86 30
60 -17
189 1
-30 0
-119 17
38 8
-11 16
12 4
