-278 -1
-187 -4
-274 0
-196 -17
244 -8
-46 13
289 -2
36 -3
50 17
-187 -27
33 -21
-11 7
-92 -4
388 3
195 -22
-429 -1
61 -10
-138 -9
-214 -15
-94 -22
500 0
156 2
332 -29
-147 -8
-155 -16
-51 -25
86 2
100 -14
31 -19
-78 -9
91 16
177 -31
-93 -12
15 -32
83 15
114 -34
50 -15
13 7
93 -7
200 2
-87 -36
-128 -4
23 -54
126 17
52 -8
73 -25
-69 9
191 -17
6 -27
-74 -3
44 -10
2 -2
82 3
55 0
-166 -19
116 -41
209 27
-16 12
-137 -1
-101 -54
131 -60
85 -13
-21 12
27 -26
194 -16
-77 2
-32 11
-76 -20
99 -47
0 -9
-23 7
27 -28
193 0
62 -2
-121 -27
33 -45
76 0
57 -27
95 19
-80 -9
123 -10
-6 -7
-78 -7
-19 -33
131 2
-94 -39
188 -13
18 2
115 11
64 -5
-37 1
-32 -21
224 6
-4 -22
53 -18
-12 -57
-88 25
139 3
94 -39
-166 -7
-55 23
131 -7
146 -10
-25 22
18 -45
275 -8
355 0
-190 -27
-91 3
101 -27
82 -3
133 -6
50 -29
-44 40
314 -51
82 -12
-182 -24
33 -14
109 5
137 -8
140 -7
-10 5
221 -21
121 9
-154 29
-196 -20
76 -25
143 -20
120 -6
-11 3
63 -1
200 4
-251 -28
-95 -11
80 33
218 -17
-45 -27
-59 -8
-58 2
226 -31
-15 -22
-92 -44
-90 -20
94 4
124 -17
47 13
-52 6
208 7
112 -5
-172 7
-40 -15
99 -1
58 15
-60 -17
71 -8
59 -13
120 -31
-90 -2
-240 -9
-74 -9
76 -4
-41 -19
19 -11
-11 -13
321 5
52 -1
-77 -12
3 -8
110 -19
141 -10
98 -27
-15 33
23 -20
132 -27
62 -19
-60 6
-92 -2
176 -51
69 -3
14 -32
-32 30
308 27
-68 -49
-73 0
-146 0
83 -19
-13 -35
22 0
146 -3
175 3
-35 -10
-200 -41
-38 8
83 23
78 -33
0 -53
-31 3
67 -5
203 25
-175 -17
-152 9
56 -49
23 1
-51 23
-46 3
-27 -25
202 6
1 3
-68 -25
-10 11
-18 0
45 -46
9 -2
6 -30
121 -1
174 -9
-62 -12
-53 -22
31 1
118 -7
120 4
-85 -26
-127 -65
372 2
134 13
-145 5
-84 -9
-122 -24
139 46
-20 -29
-86 -24
298 -15
7 12
-180 -9
-74 4
30 -52
7 -32
126 2
158 -36
223 -23
-21 17
-56 2
-37 6
194 -19
-52 -36
-147 -13
162 -4
222 17
200 -11
-173 -12
-51 -11
134 -9
2 -44
5 1
59 -4
194 3
140 -4
-116 -28
-165 -21
63 3
79 -3
69 -1
87 6
-141 -12
31 -8
185 2
-248 -41
0 13
-45 -28
34 15
-77 -30
-74 -12
236 -11
633 -5
-269 -13
-423 -15
77 -19
272 5
193 -1
76 -27
-28 6
-178 -13
-130 -14
-39 -3
136 -48
50 -1
8 3
92 -1
-20 3
57 -39
336 -21
-142 -11
-230 -3
-90 -4
96 -9
114 -8
-91 -5
275 -12
39 -13
-147 -11
-158 -21
109 3
187 7
150 -37
-215 -20
-84 0
195 -2
107 -6
5 -27
-71 -12
-90 -8
213 2
-114 -19
-212 11
252 -36
472 -26
-179 -5
-249 4
-51 9
108 -6
189 -14
300 0
-75 -7
274 12
202 -23
-262 -28
-63 2
185 3
102 0
1 -15
-4 -16
126 -22
122 42
-186 -55
-141 -23
0 17
202 -54
349 -19
188 5
-12 -30
-41 13
-357 -39
-37 -32
132 26
-97 -1
185 -33
0 -14
-172 -1
367 0
-104 16
-245 -28
66 -7
-100 -10
133 -51
129 38
63 -8
187 0
61 9
-86 -31
-30 -7
164 -1
98 -9
-53 0
-158 -1
-138 -9
156 -17
-290 16
222 -36
126 -21
-87 -3
204 -6
35 -15
-40 -9
99 -17
-39 -16
17 -5
59 -4
114 18
-175 -26
71 -33
-61 -2
114 -16
55 -30
-71 29
81 -18
41 -17
119 -15
8 -12
-56 -24
139 -5
489 -4
-111 5
-174 -36
99 -1
-46 12
80 -32
91 -27
12 -7
-1 32
126 0
-112 -7
117 -77
175 -27
-159 40
138 -43
-87 -53
201 24
55 25
-92 -39
-69 -18
-149 4
177 -7
51 -19
-47 9
-34 -14
183 -17
-69 -1
-37 -12
-82 11
-22 -5
61 -13
14 -25
126 8
201 -9
-42 -18
-259 -25
93 -3
156 0
-79 34
81 -8
-119 -22
-33 7
680 -18
33 -19
-160 -15
40 -12
-5 -46
29 -26
1 -16
19 0
234 -26
-115 -2
-217 -3
-54 -16
108 -26
15 -24
-78 8
-63 23
318 -12
215 -18
-258 -58
-146 -24
103 -45
251 25
-6 -37
-32 6
98 -61
302 -17
-122 -43
-289 -7
50 -23
207 8
190 -10
62 24
-109 28
118 -31
-77 -6
-179 -7
150 -11
201 -11
74 -27
-2 0
-58 0
23 2
286 3
-164 -4
161 9
126 1
-53 -41
-19 -25
-50 -20
65 -11
210 18
24 8
-221 -18
40 -23
-200 13
225 -19
137 -21
-49 -12
194 0
107 11
-61 6
-28 -6
-81 -26
35 -10
171 -18
-22 36
76 -25
198 -26
-182 -19
-98 4
87 4
176 -41
128 -5
-63 -10
147 -13
150 1
-109 -24
-22 -24
40 20
179 -10
212 -35
6 26
-140 -9
222 -21
49 -23
106 2
0 -16
108 0
76 -55
-18 -16
-216 -34
83 -22
382 12
-32 -19
-205 -9
-103 -13
-46 -33
215 -9
97 5
56 -20
242 -12
69 -26
-109 -2
-69 -11
18 -13
127 0
-62 20
-76 -48
181 -13
188 -27
-104 6
-290 20
106 12
186 -20
95 25
46 -20
-79 -5
194 -8
-83 -13
-170 23
-41 -49
65 5
9 7
-7 -4
-85 12
260 -47
-1 -41
-5 -3
-69 -55
103 1
-10 -21
-45 14
-35 -8
107 -9
78 -21
-178 -1
25 24
143 -1
29 -16
42 -7
117 -11
-42 29
251 -21
-150 13
-177 -31
131 -2
216 26
7 0
-55 7
-100 -40
307 37
38 -32
-238 -21
-103 -1
110 11
50 -43
136 -19
-294 28
54 -26
102 -18
-237 4
-23 5
21 -12
115 -7
9 -19
19 -26
14 33
295 -41
-7 -4
-131 4
-213 -4
62 -1
125 -2
-43 4
11 0
94 -25
68 -38
-190 13
-23 -24
185 -4
130 -16
-61 -14
-163 -10
23 58
304 -13
21 -20
-85 -3
-15 -1
25 0
189 -25
95 -1
-48 -33
158 -15
-79 18
-179 -9
74 -49
122 -1
114 -5
36 -8
-118 0
88 -20
165 -11
-138 -14
-252 0
-40 6
140 -21
238 -26
-82 -4
-149 4
222 -17
-94 -14
-50 -9
0 -5
60 -8
152 0
6 -13
-104 -5
122 -22
225 -17
24 -13
-67 0
-4 -11
-4 -4
29 -15
-33 0
80 -12
242 -20
-298 0
-121 11
149 3
-19 -16
71 -8
-29 -14
-26 -5
156 -31
-16 -26
-196 -21
18 -19
150 1
95 -7
-62 -16
-86 -4
86 -15
38 8
-133 0
-44 7
92 -9
-61 -5
112 -14
-38 -24
-22 0
333 -20
-6 -16
-158 -9
137 -3
65 -18
21 -6
-79 0
-107 -3
122 -28
-12 -1
-92 -13
-59 0
77 6
84 -24
-33 -22
50 -13
57 13
38 -8
-138 -1
-96 11
42 8
133 -64
119 -31
-218 0
69 -17
136 -26
-147 27
18 -11
153 -26
-84 -5
-42 -8
-57 11
55 20
228 -27
26 -5
-209 -61
-101 -5
44 49
220 38
75 -2
-63 -26
119 -48
185 -6
-95 -45
1 -31
15 19
59 -33
-10 14
-28 8
-11 -49
348 34
-173 5
-79 -50
82 -5
30 -33
56 12
56 -14
9 -25
275 -13
-167 13
62 47
-64 -10
-67 -9
74 -8
51 -38
-152 -3
-24 -21
269 8
56 -48
-8 32
54 -38
0 -14
20 14
-7 7
101 2
200 -8
-114 7
-167 -51
45 -33
33 -3
98 2
-1 -22
-78 13
272 2
81 0
-134 -8
-287 -12
-161 20
109 16
104 -1
-62 -43
146 -48
286 -5
-17 -27
-86 -19
-4 30
126 -1
55 -11
-54 -64
127 9
89 26
-45 -7
-85 -55
-50 -49
53 8
195 -32
-83 -6
-51 -37
169 -9
-7 9
-116 2
-57 33
45 -11
127 -31
114 11
-3 -26
39 1
231 -15
-12 -30
-148 -5
-251 -54
72 1
13 33
-27 12
16 17
198 -16
-172 -46
-121 23
-6 -8
-54 -7
38 -15
-19 -52
29 18
62 -32
86 -32
-72 -6
-31 31
122 -23
38 40
56 -22
-156 -1
-32 -50
184 -32
-39 15
-150 22
-18 -34
67 0
32 -14
20 -14
11 -32
200 -40
111 -7
-62 22
-7 -17
-33 -18
-1 -48
-56 -5
-31 8
181 -2
88 37
-262 12
-37 -92
38 -24
75 30
40 18
71 60
0 -23
353 0
-14 -66
-164 1
71 1
93 -35
1 -32
-16 -68
-27 -7
186 -12
92 47
-376 49
-20 -45
87 17
90 -54
62 -13
-76 39
-1 -40
71 -93
-50 -28
-148 -28
-89 65
96 -2
61 56
-65 42
-33 -95
258 -100
-101 2
-289 77
2 -20
66 -2
42 -89
89 0
-46 61
33 58
81 21
-81 -153
-182 -96
65 116
45 126
-35 -25
12 -165
-51 -94
234 -25
-176 -5
-31 153
80 104
126 -67
94 -156
-77 -23
-92 70
344 -68
-103 37
-200 38
8 -123
70 -129
111 131
-108 108
-14 -83
166 1
110 18
-185 -65
-3 39
-24 122
-61 -10
-9 -75
21 -53
17 -33
302 56
-221 -27
-83 -24
-75 -93
48 -50
206 40
119 42
-121 -14
172 121
17 63
-110 -137
-113 -112
38 72
8 20
-44 -52
145 -35
102 12
196 -75
-178 -66
-81 30
8 -33
-84 56
-56 21
-252 20
-7 -30
103 -35
8 13
-128 -14
0 -55
169 12
-27 58
39 24
-114 -35
242 -147
169 -48
-190 31
-140 67
-43 66
227 -24
-10 -20
-150 -13
145 73
58 -36
-41 -73
-97 -81
13 8
9 29
-52 82
-3 3
3 -116
224 -8
-100 11
-139 30
-128 0
14 87
167 8
53 -109
-5 -123
132 26
19 8
-303 -3
-79 33
-17 34
87 46
54 -73
-23 -30
76 5
156 -37
-182 26
-171 -4
139 -11
95 17
76 -28
-117 -28
-178 -16
236 -21
88 64
-454 52
25 -57
46 -109
5 -24
-41 -40
26 -74
165 97
53 1
-120 -27
-5 -32
117 28
-42 -26
-34 35
-66 9
27 -15
105 52
-153 -27
-120 34
-33 -82
105 -149
-49 41
-29 27
95 49
214 -33
30 -13
-214 -4
9 -23
7 34
59 6
37 -104
-103 -37
-68 -25
95 4
-107 44
-90 -68
-40 -47
32 73
33 8
-138 -6
-45 -61
147 76
42 0
-162 -25
29 6
70 -97
-28 12
-52 2
22 14
130 15
0 22
-164 -39
-45 -16
0 3
-16 -18
-31 -7
130 24
65 26
113 -7
-123 0
-102 24
-129 -41
-12 -37
87 33
-1 15
-56 12
268 -39
-209 -49
-175 -47
170 -1
-3 4
-58 -32
-80 55
-27 17
241 -50
39 -45
-80 26
16 63
72 32
38 -4
6 -14
9 -47
-71 -29
30 -4
-137 0
-48 18
79 33
75 -2
-83 -98
-58 -58
66 33
227 33
-191 40
-197 -20
70 -39
142 51
-182 -84
-155 -20
171 32
-161 84
304 -29
60 -55
-55 -15
-94 -2
33 34
-39 -48
0 0
93 35
227 0
-88 -73
-152 -52
-24 21
-14 -22
91 23
54 11
50 -83
83 -18
-93 75
-185 -24
-156 -13
288 -13
43 -1
-56 11
54 18
131 -79
94 3
-111 -9
23 -69
-67 24
14 71
-9 -121
-114 -67
44 24
243 -6
-75 63
-106 16
-4 -35
-62 -63
-391 -83
160 30
-83 38
205 50
-35 -72
-254 -60
-58 -1
32 45
4 -38
50 -19
-24 26
-18 86
123 11
-106 -51
-100 -63
-21 -14
62 -49
-22 29
-108 12
20 -18
-55 -88
40 -6
-45 17
-196 37
3 -28
41 -23
16 -31
-13 21
-33 1
277 37
-68 45
0 -17
-180 -68
-13 -39
78 39
189 60
-196 -50
-119 -112
285 38
-113 16
-172 -39
42 -1
-76 -28
38 -36
106 8
111 -36
0 -33
138 14
-225 16
48 -7
-44 -110
-113 -58
-61 29
-71 25
-60 -74
312 0
-72 0
-117 -67
-5 0
89 -12
65 -12
53 -21
8 -3
123 12
-12 30
-421 4
44 -54
-110 -110
68 -8
67 -3
-208 -19
-82 45
21 27
-124 -21
-81 -30
77 34
76 -5
-170 35
-151 -26
79 -38
248 -65
7 -48
-38 0
-39 -7
29 -66
113 14
-40 -32
-20 -16
4 15
24 -18
-137 -34
-5 -7
65 68
-59 3
85 -23
-84 -54
-33 0
297 59
-28 -65
-273 -123
-8 30
162 109
29 -34
-102 -75
-92 -21
83 20
-300 -21
171 -25
154 52
90 28
-83 -56
-139 -130
-11 -24
403 56
160 54
-160 -7
-270 -12
60 5
-61 -36
2 -25
-64 21
193 22
230 -17
-168 44
-110 -57
-169 -34
88 -21
141 -32
96 16
115 54
234 19
-318 -68
-185 -27
142 -8
232 -45
-31 -7
-55 7
-26 -35
-23 -57
91 13
-105 21
73 -36
65 -27
94 0
-61 -51
-27 -76
60 1
215 -32
-313 5
-59 2
70 -10
180 21
51 82
-107 -93
5 -46
138 39
-40 32
-73 12
90 -30
150 -20
13 54
-207 -96
-68 -22
103 55
112 35
-138 -16
-78 -39
-5 -34
75 -10
162 21
31 26
79 -61
306 -10
-187 11
-91 36
51 30
-80 -11
-80 1
111 1
-41 -6
108 -8
46 -26
-67 -114
-4 28
239 37
44 5
63 4
-271 -123
-10 -34
171 59
-92 5
-121 -29
17 -2
-7 -14
-82 -1
112 0
189 -38
279 34
-272 -29
-285 -3
-31 -50
-53 -13
-62 -6
14 0
-15 -44
159 9
-37 13
-161 -87
82 17
27 66
-70 -39
29 -18
4 -38
33 -8
169 12
-281 7
-165 4
192 -56
145 -3
-133 -25
60 27
-20 -17
103 3
-41 -55
-125 12
27 36
41 26
19 0
-44 -47
48 -62
68 -69
68 45
-163 57
-41 32
84 -8
254 31
133 39
-205 12
4 -17
115 -25
-120 19
38 2
72 -43
-43 19
-145 -18
-128 -4
61 6
145 52
-30 31
-121 32
80 -56
-16 18
25 -20
90 -19
-107 -14
71 -35
30 0
213 51
-124 -1
-128 43
-37 0
156 -23
-57 1
-20 49
-173 -62
200 -22
57 21
-28 0
-35 -64
-70 -10
86 1
-136 45
-82 -23
120 -37
122 -3
-174 9
-89 57
106 23
111 22
9 21
-29 -18
-21 -24
205 46
-133 18
-47 -17
21 7
50 4
-169 26
-3 -14
84 -14
84 -29
-48 11
-29 52
73 44
-51 -26
114 -32
-35 -24
44 -12
-29 26
19 21
95 25
-89 0
70 0
-62 -49
-80 -18
9 5
175 -6
222 -2
-242 2
-180 38
-70 34
38 1
13 2
95 -17
35 32
111 -25
58 -15
-53 55
-23 2
-86 21
122 0
34 -20
-84 -22
61 51
67 44
-118 13
-53 27
-73 -21
46 2
100 -48
209 -24
-151 53
115 39
-115 38
238 1
59 -31
-66 0
-32 55
-8 29
-2 -18
91 5
65 29
-199 53
-145 20
96 -21
9 -47
215 50
49 32
-118 -29
191 -12
-133 -34
-193 19
-71 39
73 3
120 54
-38 8
-108 22
97 -26
94 -27
-140 -11
-153 45
-37 -22
219 -45
109 32
-112 35
-92 -21
212 0
-51 72
37 23
-188 13
1 0
-39 -44
-101 -33
142 14
368 89
-122 -16
-151 -55
94 -30
64 78
13 38
-26 -8
-76 -9
-121 -40
48 -17
59 85
-254 -5
185 -14
155 -9
-75 0
-24 -39
119 -5
150 19
-144 -14
-17 -7
-125 2
139 12
158 3
87 18
9 -21
249 -3
-36 2
-188 2
9 -32
-85 0
66 -6
64 9
-82 15
-3 27
112 -33
2 12
-40 22
-26 11
68 -11
-63 3
-112 11
235 -14
136 -2
-264 -16
2 -3
74 0
-22 -3
265 37
109 -4
-69 11
49 -10
45 -10
-67 84
14 -63
-122 -42
137 55
-90 32
-396 44
271 -6
246 -24
-99 -20
-66 54
31 17
-7 -12
-46 21
64 -27
237 38
21 15
-274 -23
-60 11
1 5
204 -25
160 -9
-146 8
-103 -35
253 -1
103 9
-284 -24
-70 5
161 -2
91 -40
-8 -5
-6 31
51 12
149 8
-98 3
152 14
139 -19
-62 -44
-101 9
66 31
108 12
180 25
-152 0
-111 1
-35 -13
120 22
26 25
-1 -1
36 8
273 -40
-23 26
-122 22
60 -68
-90 -8
-86 -6
315 48
12 -16
-40 -41
74 3
-115 33
-80 3
118 24
-12 53
82 37
-105 -24
35 -55
-42 -37
-134 75
23 29
-20 0
-19 -32
40 -36
-4 58
0 36
124 40
22 17
-33 -15
-65 -11
8 -24
14 -24
46 23
-32 21
197 14
281 58
-119 -3
-91 16
-79 -12
110 -52
184 -1
-74 37
-61 8
208 -39
48 8
-43 28
-56 21
35 -48
13 -3
59 47
-4 30
99 -6
-32 -8
4 -11
75 16
18 -36
51 11
6 47
-36 25
-6 -42
177 3
-122 23
-32 -22
142 0
1 39
59 0
-71 -15
2 0
142 -21
-11 37
-25 14
65 -45
12 23
-18 13
-30 -47
98 34
283 35
132 -3
-191 27
-118 -3
43 4
-49 14
117 29
-7 16
-56 3
278 42
-20 25
-193 -2
-31 -45
63 -76
71 27
3 44
-121 -37
195 -35
-44 -46
-129 0
-6 102
-75 -51
174 -1
-101 -7
-43 -30
149 27
125 15
-127 -10
17 -7
-9 0
74 -18
108 -28
-178 -8
4 36
291 33
-150 22
-185 61
22 54
82 -71
79 -90
24 43
125 88
17 -17
51 -74
-174 -31
26 27
-39 1
16 11
51 4
-71 29
90 38
193 -17
-46 8
-76 -6
-16 5
83 4
62 23
61 -26
-1 -33
356 18
-72 28
-205 81
-153 57
89 -103
116 -50
69 74
-26 77
70 52
8 -85
1 -51
140 -16
45 7
-102 75
-152 109
-104 -5
110 -118
183 -45
12 35
-28 41
-78 48
-34 -24
-51 6
-1 26
31 -3
56 30
71 28
-78 -11
-3 -7
-200 -39
148 -22
94 0
144 30
-19 20
5 -4
40 18
-271 -62
-64 50
123 36
127 -22
-81 -14
-76 -17
92 54
121 -5
45 35
-50 44
-36 -103
76 20
-20 28
-10 16
155 -49
46 -37
58 25
-211 20
-24 4
103 38
115 -10
126 -93
-54 -11
-1 51
81 67
138 -13
-128 -104
22 32
112 27
62 29
15 16
-103 51
190 42
95 -45
-22 -14
-51 39
101 -32
-3 26
-32 17
-120 64
106 17
71 -22
-88 -115
-10 12
65 -18
19 64
97 14
-7 -19
-25 -4
157 3
-54 31
-53 -8
60 -52
-2 57
18 53
56 9
14 -44
177 -10
117 12
-414 45
5 9
90 -43
-47 -2
27 21
84 50
-83 -62
198 -57
-65 51
28 38
28 64
38 -42
-111 -77
12 11
-78 35
245 3
-163 23
33 8
92 -14
-2 -44
-54 -1
142 56
-80 41
130 6
101 30
-266 0
-101 -19
13 25
187 -20
44 -33
-79 32
-28 0
189 33
-15 -23
-154 4
18 23
117 -5
169 -65
39 -10
-85 7
64 -28
-68 39
-91 37
74 82
131 -72
206 -8
-58 73
-10 -5
146 16
176 25
-149 -18
-53 -59
139 58
-32 47
-4 -74
-48 0
62 28
391 -14
-213 56
-32 9
-52 -8
-58 5
170 31
47 35
-129 -12
104 -37
117 63
-89 4
96 -40
268 -23
21 61
53 -27
29 -11
-110 84
86 -61
-82 -38
-174 -5
170 54
-221 -4
-15 6
23 20
190 -30
195 -8
23 -27
-67 62
9 43
14 1
106 -2
-75 5
-26 35
161 -11
-62 8
107 13
80 22
141 13
180 -34
-4 12
-206 46
87 -23
375 -36
-63 -12
-65 -14
-190 -17
164 -12
76 2
-3 -15
55 46
47 -7
126 -27
241 -5
-101 22
-43 9
-49 -6
74 7
47 -8
102 -18
177 17
147 23
-23 1
-72 4
-63 -51
105 -23
-18 33
-46 7
-48 51
302 0
-41 -37
-245 -14
-67 36
251 14
98 27
0 -11
-108 -64
114 -14
211 38
-143 35
-17 -2
170 40
35 62
-50 -11
-22 -44
48 13
116 -46
-109 11
-164 5
-239 26
39 5
110 -63
77 -15
-59 22
228 39
-34 73
-163 -7
38 -21
30 -29
57 9
86 37
-45 48
29 17
126 29
-19 -22
-109 7
-24 -56
123 24
-58 -29
-82 -26
47 4
340 41
-54 -9
-217 2
-8 46
98 6
58 -21
-52 3
46 4
32 7
210 16
-64 2
-63 32
-44 54
172 51
119 -145
-16 -48
31 55
202 19
-196 44
-170 -7
102 -28
175 4
60 15
-78 30
-17 32
374 26
-76 9
-222 -48
6 -7
-97 -16
0 -14
37 15
9 79
-60 40
45 -30
-82 -11
34 13
-115 -9
361 -14
133 -39
-57 50
-37 -3
232 -28
-197 -7
-146 38
-29 56
49 19
22 -56
102 -7
-147 -18
262 84
-63 45
-95 -41
-82 -27
200 39
195 12
75 20
-168 -3
50 -42
306 9
-212 37
-131 35
133 19
90 -2
104 -76
-7 -2
-18 61
322 -5
-189 19
-89 0
68 19
61 2
30 17
29 41
2 47
116 -13
160 -50
-133 25
214 33
56 62
95 -61
9 -14
151 6
74 33
231 28
-26 -20
33 -13
71 -27
65 -19
-6 -32
63 19
84 48
138 -21
-142 19
-163 46
95 -55
45 49
-61 -87
-172 13
-22 -3
170 48
85 -65
-142 -16
-17 82
135 14
4 31
-147 -41
-147 -10
87 26
188 5
-209 7
41 50
42 -1
128 -13
18 17
55 -12
15 27
338 34
-108 -9
-172 -13
13 17
189 9
83 32
42 -27
-88 21
90 0
125 15
-146 38
-50 0
79 2
65 13
-17 2
-88 -1
-9 -29
172 2
-161 21
-46 31
35 -32
-10 18
11 18
-22 20
18 -23
155 -15
12 40
-218 -6
70 -21
81 19
-164 3
18 -24
-36 -12
8 -24
118 -19
-173 80
-82 -6
172 -45
103 39
84 44
-72 34
-66 -27
218 -95
-158 4
-97 30
-29 -1
44 0
86 38
185 7
14 -10
114 -16
21 -8
-175 36
-9 -14
-70 28
125 5
6 -38
13 35
19 30
223 -2
14 3
-95 43
-81 27
-58 -40
-102 7
-70 24
-88 33
314 16
45 25
-335 -24
-59 -7
219 34
139 -10
28 -51
-9 -2
64 48
-119 43
-109 -28
-31 18
25 28
-18 0
6 11
-14 -8
116 31
75 35
-196 4
-29 2
3 -37
-40 24
149 28
28 4
-61 -8
-98 -12
134 19
227 11
-187 28
-5 7
79 29
73 -7
-31 -10
25 55
39 32
107 -13
-177 -3
-49 -1
41 -51
-2 -3
-9 53
-113 7
196 -41
141 12
-42 -5
-264 54
-71 -15
24 20
115 24
138 -55
4 -29
157 13
78 0
-149 16
-116 32
30 29
208 20
-32 34
47 -43
126 -4
58 54
-77 70
-29 13
19 -10
0 -18
19 -22
-90 -6
21 6
208 -17
-107 -14
55 -15
94 -19
-142 16
39 15
7 -25
-112 -4
189 -16
-34 16
-107 28
-17 11
-116 29
-38 -20
-3 -42
60 -33
-95 2
115 -58
32 49
-207 33
-97 -16
80 -92
184 0
113 50
-58 2
239 -43
48 -10
-85 -11
11 -25
24 29
67 49
-28 48
104 -43
-38 -18
107 31
-26 -15
-43 -30
99 56
105 26
43 -17
19 -22
50 32
36 20
-81 18
38 12
-5 50
129 7
40 -24
95 -18
119 6
23 49
52 -33
-22 4
-299 29
-187 15
38 44
111 0
-155 -34
150 -19
64 44
9 6
-74 21
-24 42
118 15
36 -95
-39 -25
-28 46
244 50
-33 6
-206 -54
40 -14
21 -10
101 -13
57 18
-9 4
-79 0
-7 -18
-20 47
-98 5
107 17
117 -3
37 -30
-17 18
19 41
263 7
-89 0
-33 -18
73 0
65 -3
18 -1
127 22
26 7
2 -1
182 5
-31 22
-10 21
-66 -42
131 33
91 36
65 33
100 -2
-91 -38
317 -14
-163 12
-200 -16
98 -20
67 -6
41 27
34 46
-22 11
78 5
17 -11
-147 -12
-26 31
-33 16
114 21
23 6
-15 -15
56 2
220 30
-180 -6
-107 -10
79 -81
48 15
-146 56
46 -3
15 -46
273 -24
-79 11
-178 -35
35 69
75 23
92 -7
-48 -33
-204 -26
115 29
115 53
49 7
-63 37
19 -2
57 0
40 19
9 -47
37 1
123 55
-167 16
-136 -5
-19 35
155 -48
15 -8
2 96
-76 -5
90 -18
-53 29
-262 -2
169 17
21 8
134 16
50 17
-65 -34
-3 -1
253 28
-208 59
-77 -15
114 -37
124 -5
-173 17
149 3
128 -11
284 15
-146 7
-170 19
39 -40
2 -22
107 13
-153 34
-71 -25
231 18
42 4
-155 43
-136 1
109 -12
24 -30
23 -16
-74 -2
-34 16
355 8
-245 40
-58 27
13 -38
51 -3
-73 20
99 32
-20 46
161 5
-42 -74
-34 -23
-54 14
-10 38
36 27
59 23
-83 -20
-8 16
-26 14
-73 -3
7 -14
-37 -1
-5 41
136 30
118 22
-21 7
127 -19
-166 0
-160 2
172 12
86 0
47 -14
-217 -23
41 21
162 23
-57 20
-16 14
22 -1
-47 61
-25 9
-5 -18
56 -71
78 38
248 43
-178 17
-47 36
-47 -38
76 -27
-48 -10
47 -9
66 29
56 4
-393 19
17 0
-89 6
75 -8
-125 22
45 33
-47 -13
198 24
6 -35
-222 18
34 -27
126 -26
63 40
-12 49
44 47
154 -35
32 -4
-275 42
-73 -9
31 33
27 -9
137 16
21 -26
-95 -17
322 39
-54 13
-68 6
1 3
155 -27
-70 -3
62 18
-18 18
158 54
-18 -42
-211 -27
-176 35
-27 -30
56 12
9 40
16 -1
87 0
136 26
-115 5
-125 7
88 -18
-25 8
0 20
38 45
19 20
156 -20
18 -53
-201 -30
27 54
58 36
48 -9
-56 -22
-48 -36
194 6
83 0
-143 -10
-36 1
39 -3
110 -14
64 -3
-40 9
-3 51
262 -33
-107 -29
-41 -36
-3 50
90 44
95 28
44 -7
65 -39
398 -44
-159 21
-122 2
127 91
12 13
32 1
118 -37
-110 12
-2 -22
26 32
-161 26
-189 7
56 -5
125 6
137 -6
-17 -8
-80 -32
81 14
-130 28
-129 1
-32 7
95 12
156 -19
-20 -4
-74 -5
335 1
-36 15
-106 7
-22 13
18 -22
-34 12
-79 29
-97 35
220 -33
245 35
-146 2
-96 -20
40 7
163 25
54 39
63 -1
75 -46
100 17
-169 1
-225 55
151 44
45 -13
-5 12
-11 -4
-121 6
119 -40
4 -16
-214 3
-114 38
98 15
192 -27
45 -1
-1 6
24 46
168 13
151 -20
-208 15
32 -27
79 24
6 15
-105 -16
-161 0
121 36
-184 33
-169 -48
-21 9
-39 46
118 -22
504 19
286 7
147 1
39 6
-90 -12
175 -33
-194 7
-152 83
-232 -33
-110 -9
-221 32
13 62
-181 -6
-62 14
81 14
-168 -12
75 19
348 -19
520 -36
-118 23
-190 30
-51 2
-34 -7
85 9
-51 25
-43 -7
-147 6
-40 -30
-241 -21
32 5
151 34
21 15
160 -17
45 -14
-90 23
-68 1
37 0
385 20
37 58
-305 6
-118 -27
388 -3
293 -10
-142 -13
-96 75
-253 -22
-314 -18
-356 32
-175 55
418 -41
583 50
-232 16
-380 46
3 -53
364 -67
8 1
22 2
193 47
-156 57
-5 -4
352 -40
151 -13
61 -3
81 31
-410 30
-289 3
-237 44
-245 3
-30 -26
-86 -9
-75 26
224 21
134 -27
-76 37
-106 35
210 -21
29 -74
400 17
389 54
13 8
-152 -5
177 24
184 -6
-694 -47
-603 2
162 -8
700 15
447 -10
-430 9
-395 0
300 28
411 34
-163 -102
-310 8
-226 27
-342 43
-37 48
-24 -34
-199 8
137 -13
256 -21
162 2
-71 51
491 -14
27 47
-182 -38
-555 -6
-121 3
430 12
797 18
-81 95
-313 -18
-173 -14
-112 -4
-439 28
27 11
-275 -12
