-249 -50
80 9
162 -8
-372 -2
369 -9
182 0
-589 -22
-123 9
798 39
-152 13
-813 9
1009 19
228 -38
129 6
-295 3
-260 2
-337 -65
2 14
1386 4
-1025 -7
-1613 23
1161 -25
332 32
-164 25
837 -31
-616 20
-272 15
934 -16
264 -7
-799 0
-1031 29
1649 -1
-787 24
-162 39
-100 8
132 5
-297 26
-548 -30
1177 33
-266 8
-419 -23
124 -5
646 14
-743 0
-721 32
1050 -15
318 17
-421 -5
-157 -8
-70 -15
-130 23
-255 12
521 -4
-254 -6
196 -18
0 -12
411 -9
-331 50
354 -2
321 -19
194 -16
-383 55
17 -5
863 -26
-1160 -5
361 1
-471 6
282 9
-265 35
-445 -3
643 8
-745 6
157 0
725 7
-536 9
44 -5
-147 6
609 2
-635 12
332 -4
316 6
1324 0
-914 -2
48 23
-1613 19
689 6
349 13
-344 -4
-146 0
349 3
-1264 7
197 6
-76 3
642 3
-112 -3
239 12
-154 -3
-1119 2
766 24
-260 -7
77 0
571 0
-324 3
1348 21
-980 -1
-666 16
971 8
-678 -10
-575 -14
757 4
-204 -16
-45 -11
-568 12
169 2
445 9
93 0
-225 -2
118 15
-577 17
-215 13
848 0
92 -17
-233 -19
270 6
791 -3
-638 16
-255 3
-342 9
-74 12
465 7
-802 1
-416 3
747 14
-317 37
-447 2
608 6
-265 -38
755 9
42 -3
-521 -3
-172 13
187 20
53 0
25 0
773 9
-961 0
-876 4
608 4
96 23
356 0
-307 -31
-402 14
125 -13
71 -6
-99 16
-643 9
754 -18
-26 31
-275 -6
542 -10
-602 2
530 -8
-161 13
330 29
-96 12
-108 -11
68 -12
-296 -13
246 -6
-565 30
1207 12
-348 0
-10 -16
-534 3
684 -6
-81 5
19 17
287 14
-215 -27
-303 12
-132 -3
-93 16
1 29
-150 11
396 2
-197 8
-180 -5
294 7
313 16
143 -10
44 2
-378 2
146 8
-75 0
-462 -9
83 35
487 -7
-130 -8
-443 0
493 17
158 2
-1024 -12
288 6
-21 8
-156 -8
-94 11
354 2
-573 28
-496 -3
430 4
928 3
16 -6
-207 7
-358 9
146 0
-243 2
-39 5
377 19
-273 14
-67 11
-22 35
-115 -1
-198 -21
532 -19
-774 -13
389 18
-96 23
-89 -2
-545 1
349 -11
43 -2
301 57
78 21
-118 33
235 -20
-192 12
-319 -4
54 -14
37 36
-271 4
21 0
114 15
-70 0
291 -2
-399 21
697 -5
-490 9
155 1
-43 0
-479 42
141 -29
126 13
285 -4
-29 0
-798 -2
550 25
409 -8
1351 2
-680 4
1081 0
-611 20
-868 12
173 0
-409 -7
1351 4
0 11
-370 16
-448 9
153 -4
-31 -10
46 8
180 -22
-596 -9
190 15
-242 8
428 -19
-534 5
-150 8
289 2
-150 -3
-179 4
158 7
500 12
18 24
-47 -12
-962 6
715 0
293 9
-760 14
298 -4
-202 -32
-43 -12
-310 -23
713 -6
-234 24
-272 -20
358 30
-199 9
963 -20
-774 31
208 -5
161 18
-448 33
-53 -16
407 4
-789 6
238 31
376 30
-542 -8
342 -3
-345 14
340 -7
-264 5
786 -4
21 -16
-395 14
-656 -18
-440 13
689 19
1082 20
-1088 1
-705 -18
781 13
-93 13
90 9
-76 11
93 3
834 48
-778 -33
176 2
-116 3
-588 -2
-25 20
717 3
354 -12
14 26
-868 -38
421 56
312 11
-280 19
9 27
-661 -61
288 27
-275 8
-122 6
-112 13
687 32
-645 14
-92 -11
400 -9
-100 5
-62 7
575 41
153 -15
-565 42
979 -15
-611 12
-470 9
357 41
788 -37
204 8
-421 22
-455 -32
-196 9
320 19
254 28
113 8
1207 0
-964 -3
-318 -15
-327 17
450 6
46 -13
381 30
-189 2
584 -15
-370 -18
-489 8
-609 -19
226 -1
506 39
227 5
708 21
-1005 -47
-505 4
423 -15
542 -12
-996 -29
306 -3
255 9
20 -21
-195 2
-303 7
-509 35
62 -10
276 11
62 -7
69 -14
-673 23
871 0
-125 -19
346 1
32 -8
99 0
119 -1
-488 8
6 37
-102 4
-236 -6
383 8
-581 0
835 -31
-203 7
896 12
216 -32
-265 -13
-42 3
75 18
-303 9
-175 25
197 -2
19 -4
172 21
-735 -40
27 23
276 0
647 -13
147 11
-34 34
-13 0
139 -22
179 6
-278 -4
-499 13
-216 22
929 6
-327 31
-231 9
381 -36
-111 -2
68 -12
519 -4
-349 -5
-239 -7
324 -5
-479 19
-123 -2
-207 -9
98 46
-415 -36
805 0
-986 28
316 27
576 -3
-957 9
649 5
195 14
-163 2
-32 25
-475 11
-109 -20
799 -6
-373 26
-363 -29
362 14
154 26
407 0
256 -17
-367 -5
235 0
-398 48
195 -5
243 -2
-138 1
341 4
-707 -11
422 18
313 -18
-339 12
-37 11
-157 -3
-51 9
-73 1
102 -7
236 0
-390 -2
707 0
-79 18
151 -12
-541 -7
-268 8
203 9
60 -8
193 -1
-393 -8
-631 31
71 8
456 27
4 20
583 27
-157 6
-65 21
-605 -6
26 3
-671 2
858 -8
66 -30
927 1
-662 -5
-575 -4
49 -2
-3 -1
426 9
173 -22
-294 29
-364 32
-242 -25
-288 12
399 1
298 -6
226 8
-35 8
-940 -10
455 6
-431 -2
301 -26
-618 -7
902 0
-463 32
-299 -54
154 19
84 3
4 7
-279 2
230 15
253 -5
443 35
-61 1
-721 6
233 -14
217 -2
443 0
-958 22
619 9
-62 -5
454 4
-561 -1
-163 -5
209 -3
92 22
-1 -20
359 -4
-13 19
-1104 8
1010 19
-367 0
-91 -25
24 13
-724 -7
1147 12
518 -5
-221 -10
-159 -7
148 7
-618 25
1269 11
-716 -9
-113 2
-114 -12
-594 7
116 -64
965 29
317 -13
23 7
-321 0
32 21
379 -10
-129 5
-140 9
-472 -2
-280 -8
-129 34
14 32
401 -6
38 -21
-129 6
229 46
-275 -2
135 18
-75 -16
-135 -13
-30 -12
337 30
-698 -14
389 -1
706 -13
-57 0
228 18
-227 7
-808 6
367 32
-848 -11
882 -6
152 -1
-120 13
-309 26
243 -4
669 4
-463 4
79 1
-96 -2
-544 0
171 11
408 -15
183 1
-14 18
70 14
-314 9
-138 25
-270 21
-269 -12
1144 -14
-30 -14
-369 23
-443 26
431 -4
-152 0
424 3
509 13
-294 40
-981 -5
465 24
-175 -17
-85 26
384 35
0 -26
-386 -10
-459 -25
-108 15
335 23
-175 2
88 -1
-89 0
-382 -3
-759 7
552 -26
143 -18
331 28
212 15
-443 7
-343 42
470 1
1006 -18
-1168 25
-218 -12
182 5
-134 -1
329 11
422 -16
164 -19
-61 25
350 -27
94 3
222 21
-717 8
-571 -5
-51 11
770 1
39 29
131 6
80 -13
-206 8
-116 12
-20 12
-103 5
-145 4
433 11
-115 25
11 12
-17 6
505 -23
-39 17
-830 16
-124 14
440 -4
274 -13
-104 -1
218 -11
-651 53
-272 17
354 -10
170 -18
189 0
-357 -35
467 8
484 -6
-801 11
-87 9
48 -4
275 6
432 -33
15 19
-331 26
-65 19
-25 30
-532 -38
-323 -1
621 -6
1018 17
-427 -24
-411 2
793 15
-361 -8
-448 -9
594 25
-326 -9
-274 29
-110 -3
425 11
380 4
-106 -5
-33 21
494 -12
-180 -12
-189 9
301 5
-357 -1
-379 9
-177 58
-208 -2
444 -8
119 -3
136 5
124 18
-339 -25
74 11
150 1
258 0
21 11
-374 -2
101 -5
502 0
94 4
-680 0
-274 -5
446 -4
-25 -5
239 -1
-239 4
-83 18
-378 -1
591 11
-242 9
833 19
-424 -12
-117 -3
-73 7
-106 5
397 11
153 21
-204 4
353 12
61 26
15 -15
-33 24
106 -31
-369 -11
136 47
-444 -15
326 -7
152 4
906 13
-171 0
-414 9
255 18
210 12
-324 30
-222 26
392 4
-532 2
-142 15
571 9
302 -18
500 17
-557 20
255 15
-33 -19
753 16
20 -27
-348 17
-474 11
384 5
-284 14
120 -13
-77 -14
352 3
-207 47
193 11
-624 -27
-658 11
621 18
391 -3
222 7
86 -17
-60 -5
-70 15
-104 -5
229 -1
395 -3
124 6
-160 -5
96 14
-96 8
-61 56
-182 5
392 -6
-41 -5
-125 -28
372 8
375 31
2 22
97 -22
-238 3
92 33
-368 13
133 8
596 -8
-198 13
361 12
-149 -17
108 4
93 -1
326 7
-112 -24
-103 -3
-388 -3
213 13
-378 -1
-314 -6
356 -8
227 -2
606 11
-618 17
-238 18
-232 0
-183 -9
1649 2
-465 0
-11 -27
-314 -5
-169 -8
370 -9
60 13
315 2
-439 -2
-436 -4
-323 -6
12 15
416 13
416 0
-154 22
547 -4
-400 2
115 -8
-213 0
47 2
-54 13
-120 22
-138 9
966 13
-193 -14
-243 0
-267 -5
440 15
1073 0
-509 -18
-216 -9
-119 16
377 0
365 2
354 23
-883 11
-106 16
99 3
-373 2
-293 12
-358 37
618 25
966 -2
-112 -4
-180 -15
-259 -12
-243 12
1171 3
-520 26
-184 -8
-22 -7
105 -7
177 7
-348 -1
326 5
17 -24
-276 0
674 -9
-396 5
-450 -1
118 8
271 12
451 -1
-188 7
-79 7
-176 21
967 3
-1173 12
222 1
779 -11
146 -13
-714 26
504 8
-34 -9
31 -3
-98 -3
600 1
207 15
-254 28
-306 12
-34 -12
-401 0
353 1
555 20
-442 -5
-151 -9
-74 -27
487 21
-387 7
-144 -12
424 -18
483 -22
-746 -3
-232 -24
553 89
66 -11
406 11
741 -18
352 -8
-471 -3
-486 39
-673 11
774 32
-41 26
53 -14
-418 -75
-344 3
725 33
-90 4
140 26
-281 -1
423 41
202 -28
-358 -38
-151 33
-92 32
443 -37
-522 -58
137 2
276 106
-205 22
3 -33
-278 -28
-45 -10
550 -12
-314 26
-82 5
174 -77
300 -15
-420 50
-478 27
466 36
1386 0
69 -15
-366 -14
-136 35
-316 22
391 7
-99 -34
616 -27
-341 59
216 4
-808 -34
81 -20
441 24
66 56
490 -4
-108 -2
-282 24
650 33
140 -39
122 0
633 0
-725 12
734 -6
57 -29
-200 8
-159 7
354 -23
464 36
-508 23
-76 41
127 11
-338 -34
313 -24
591 -8
458 29
411 2
-775 6
-157 8
127 -7
388 7
420 -36
-121 17
-391 -4
88 -5
-146 16
21 29
67 -22
150 -17
-515 0
409 14
1231 9
57 11
-627 21
-697 -19
459 -25
533 35
-117 3
90 -1
-177 -15
190 1
191 13
-184 41
-327 -43
395 -9
89 16
303 29
82 18
-436 -43
276 -23
-175 56
-117 5
-54 -3
487 18
255 20
-711 -12
52 2
58 0
583 -19
-281 72
-351 -1
-455 0
680 29
866 -85
84 0
-277 45
-196 24
-740 -17
700 -19
350 38
104 21
-458 0
-311 -53
281 -2
47 28
-422 -5
-171 -17
921 24
-369 -14
194 2
-879 14
-44 1
320 3
100 3
-301 -2
866 16
320 -76
-276 12
-145 32
-103 47
655 19
-436 -48
41 40
82 16
-286 -49
-87 30
441 -13
-5 14
22 3
-341 -76
292 -15
-223 5
505 37
278 26
220 36
-104 -30
-592 -48
166 13
117 31
281 -19
200 27
-296 -13
-35 -9
640 12
626 15
-354 9
-390 8
304 12
-71 22
14 11
-406 -5
-266 35
340 -18
80 -10
-435 20
145 52
231 3
-62 -99
-236 4
563 21
249 19
-712 46
833 -50
-437 -10
161 5
-50 4
229 55
-45 32
-278 -29
-138 -14
258 -24
-256 94
-121 -50
377 35
247 -35
529 -25
54 -6
-111 28
-592 -8
336 69
-55 -6
91 -31
2 17
-49 28
189 -81
-212 5
-213 42
404 -21
-52 -20
503 15
-35 45
361 54
-1011 -66
-12 6
855 -29
379 17
346 5
-46 16
-335 -6
183 35
15 -34
-256 62
274 -89
18 19
139 38
-144 -19
142 -17
521 0
-215 28
-162 -3
755 23
-128 26
-304 -8
-227 -26
19 -14
-95 -20
198 31
-72 -16
239 40
200 -12
-174 -43
131 -15
-202 39
390 7
41 -20
-831 22
864 34
609 -43
-325 -24
99 15
-193 9
-25 -36
-50 24
268 28
18 -4
-129 11
-362 -3
549 -23
1151 12
-1255 6
-441 19
621 16
654 -19
470 3
-306 -17
-298 -6
-217 1
92 9
15 -3
95 -58
396 17
196 25
-52 2
-286 16
-262 0
680 18
60 -14
141 32
105 12
548 17
-511 20
-558 -3
1109 13
405 -17
-346 16
-223 1
24 0
-2 39
33 13
-112 -27
-13 -5
136 40
-42 37
-175 -26
322 -23
-288 44
826 16
-34 12
-3 33
-11 -4
-351 -44
439 30
262 -3
269 -7
-189 -2
318 9
58 -2
541 -9
-268 4
-574 9
46 -10
610 18
-143 38
-675 -8
493 -30
-294 -9
893 14
341 55
-287 -30
-500 -40
245 -12
-27 22
-81 34
498 -37
-146 1
44 20
-83 30
368 -2
-439 33
-401 0
871 -39
379 20
270 38
-403 34
134 -17
-89 -30
234 -11
-38 3
247 44
-230 28
272 -23
-20 4
-845 37
515 -3
-262 -20
827 -5
-151 6
29 5
-352 20
150 -13
-136 -16
77 -33
276 -6
394 22
366 24
-323 -9
-372 -4
243 35
62 -1
-260 -5
199 32
-650 7
-643 0
786 -20
694 17
-120 66
523 -50
-103 -19
331 68
-243 -2
-449 -56
-255 18
310 15
62 -20
922 -16
-565 3
-603 -5
-89 27
990 2
652 17
-84 2
-303 -12
180 16
122 12
-272 -7
-98 27
379 -43
-227 9
-266 -25
407 15
-159 13
-26 20
-15 -19
-458 -17
839 4
234 6
190 2
-196 -21
-24 22
-80 -9
33 -12
-132 29
232 38
-251 -24
247 1
6 46
-257 17
195 -5
346 40
-255 -40
-16 -10
67 -2
500 4
392 15
-361 -11
-461 -17
1378 -1
-310 51
19 -3
256 -9
-119 -2
6 23
171 -23
77 2
99 39
258 -11
-459 25
-631 28
1155 -8
-258 19
-70 -14
-18 -11
-417 -20
86 13
395 12
409 -23
538 53
-368 -14
105 -2
19 7
-25 3
50 -23
-85 -18
-279 27
-86 5
-178 8
387 -15
-1 -3
629 -18
523 2
171 26
-598 30
-39 -21
137 -4
-85 9
440 -1
-294 22
-242 -16
333 -10
63 -24
92 5
-173 49
-2 19
-240 -5
113 -20
-364 -13
148 20
-31 11
520 -14
253 34
503 -14
-230 -2
-7 -1
-5 -21
-390 19
495 17
-83 -34
71 -36
-72 47
-48 12
513 -5
99 -29
-102 -5
298 -64
-489 31
35 70
655 -54
262 9
-201 -15
67 3
162 5
-205 43
-575 6
167 -2
722 8
909 0
-634 -26
-504 7
161 9
-280 50
1037 -25
-555 -63
-527 28
-10 55
-44 -25
-387 20
51 6
201 26
993 -27
194 -4
-463 25
-275 33
201 -14
98 -4
-294 11
264 -10
532 22
-200 4
-184 29
-99 -31
46 -14
-3 12
576 12
-389 4
295 -23
-399 0
640 2
77 -6
-164 16
-265 -3
35 0
-68 -5
75 24
775 -4
264 4
-41 -6
-207 13
-152 -11
99 -5
286 9
39 32
-195 2
89 8
-370 18
73 -2
299 6
223 9
127 -35
-208 0
-218 -13
208 -13
36 -12
102 -13
-481 -29
663 0
594 -1
-269 -8
-304 -12
-14 18
418 -23
421 -48
327 29
-759 -13
-155 -7
106 -21
-668 -32
655 -7
-354 14
38 -16
-565 -9
142 5
845 -7
281 -27
-289 -11
-115 7
348 -12
65 -9
-603 -3
53 13
143 -29
-272 -22
184 16
-451 7
507 6
220 6
-395 -23
-83 -16
181 22
611 -14
-175 0
-33 13
19 16
360 0
-211 -34
30 -41
-662 -34
-57 -14
118 1
312 -141
460 -29
263 5
-15 30
7 -13
65 15
451 -13
200 -18
-604 -27
-227 -22
80 -10
445 -50
-640 19
1080 28
20 -61
278 -36
-477 16
-445 -34
534 12
276 -11
-254 -19
38 8
-636 -59
-245 -22
823 18
496 -17
-498 -4
421 5
-666 -4
-392 -17
1489 -13
688 -15
-648 -8
246 -2
-262 37
-41 -24
352 11
-118 -31
-297 -43
-692 9
-379 20
895 -27
-18 -22
594 -34
590 8
-82 3
-410 7
-122 -10
173 13
-214 -22
-199 -16
-141 -30
-9 4
27 -14
-113 -5
195 5
642 -28
-53 -13
-133 0
261 54
573 -22
-243 -5
-392 -1
57 -47
174 -28
131 -2
261 3
87 -4
-261 9
846 -8
-516 -20
559 -21
-445 -27
575 26
46 -16
-283 -37
276 -4
-70 -23
-56 -10
-359 -32
203 -12
521 18
-297 20
-243 -22
187 -12
499 0
39 -4
-392 -10
-388 -7
713 1
124 -30
-99 -18
15 -4
63 16
146 4
-106 -17
-209 -2
486 -5
-36 -46
-174 -14
-347 47
-372 -42
-14 -26
634 -10
-144 8
-366 0
-405 0
-60 -25
400 -53
581 15
-583 -13
472 -16
399 -8
166 -15
-363 -24
25 0
302 14
-68 17
-48 -5
256 -14
-302 -42
-1050 0
658 2
712 -4
873 -57
68 -24
-519 24
-651 -28
175 -11
-61 -7
703 -5
-69 0
-420 -20
153 -40
-656 19
476 29
469 -11
249 -17
-748 -7
205 -28
-125 -18
84 -27
-571 -3
323 1
-30 3
159 -15
692 -24
291 -20
-162 -5
-83 19
-434 -49
172 -12
176 -42
-251 17
521 6
65 -37
-733 -23
208 -18
-501 -7
575 -3
408 -4
623 -2
-424 18
-387 -41
434 12
328 -51
85 12
-602 -2
-523 -1
222 17
-81 8
237 12
104 12
-196 -25
317 -6
257 -7
-514 -21
322 -27
-16 4
212 -5
-448 -22
-114 -8
-333 7
157 5
610 11
699 12
-414 12
-245 1
11 -42
69 1
-84 -29
-200 -17
89 -32
-293 18
634 -11
49 -25
-394 -20
-54 -29
442 -10
-182 -45
-315 -2
994 40
-642 -5
198 -23
-222 25
193 -1
-452 -2
308 -41
319 8
-23 -37
-95 -12
563 -16
0 52
-195 -2
-140 -50
-148 -26
23 -16
-43 5
45 2
191 0
22 3
-354 -9
-119 7
-30 -7
299 -7
987 7
-528 -1
305 13
-741 15
-156 -3
-171 15
349 5
296 -2
511 -12
-579 -12
176 -6
16 3
-175 19
-58 -4
198 30
639 6
-151 0
-991 8
716 17
1200 20
-299 -8
-276 -12
-756 5
138 -10
60 6
818 8
-144 -20
-442 2
186 0
-207 37
509 -5
-206 33
-383 -15
206 -12
-154 2
-11 -2
359 -18
101 -6
-193 7
-289 21
-6 17
513 3
504 20
-467 -11
-156 -30
84 0
-163 25
232 8
1183 7
144 -7
-497 5
-344 -8
-64 15
200 33
-395 -50
-419 13
-45 -35
463 -5
168 14
-348 -13
-248 20
695 24
250 -6
-545 7
341 20
-56 1
192 5
309 13
-655 27
211 -7
341 -17
362 32
-531 7
-293 3
86 12
7 -1
524 32
-276 1
42 -9
347 28
-200 8
-512 7
-373 18
649 -32
75 3
596 -4
110 1
177 -1
-96 -1
-173 -16
-40 0
125 1
-147 45
-117 27
-207 17
144 -51
-196 -3
-11 23
-34 -1
140 -45
314 -1
279 13
-485 50
315 -19
9 2
-404 14
-24 9
272 1
761 0
-234 21
-5 2
162 -62
61 -23
-696 30
178 11
232 20
336 15
191 -21
-49 28
-178 11
93 -2
283 8
52 -9
-132 -36
-191 12
-4 -13
-374 32
-119 22
-115 17
939 -14
270 6
-169 13
-413 15
-123 -1
65 11
-187 1
9 0
442 -9
405 31
-219 -7
-744 5
-115 25
792 0
-57 -1
-20 19
376 12
-562 16
-156 7
-34 -3
103 3
-70 0
52 0
147 11
194 11
-70 3
-28 -24
14 24
-97 20
173 34
-223 -11
358 17
-286 5
682 24
-116 26
204 18
68 -19
-27 -10
-225 17
531 18
-109 16
225 6
-40 -18
-7 -2
-283 29
90 -8
591 -13
748 34
-261 -1
160 7
-488 15
-105 -18
-382 9
341 8
18 33
-119 -24
-311 -20
-396 22
751 27
256 -14
-99 -13
228 -11
147 -39
-262 35
-153 12
182 -42
427 35
434 12
-368 -4
-265 41
-337 -31
-287 7
118 9
375 17
605 25
-259 27
-339 33
474 27
80 -13
-3 -50
-108 -33
-291 42
-197 -2
59 24
-278 -42
6 -2
44 20
338 -14
-423 -5
-483 29
628 7
-33 5
378 16
-398 5
346 -1
-153 -34
-307 -7
294 14
-2 16
289 8
-583 13
-18 24
518 -1
-26 20
-418 9
312 14
413 18
628 -32
-235 12
-2 -29
-507 17
-349 21
426 27
-5 -14
80 -7
83 -4
201 2
-248 14
103 27
137 6
-407 3
361 0
-148 3
29 12
-137 -15
181 -4
361 -25
-25 3
-54 31
-278 1
-11 7
-184 14
321 5
286 -11
-530 21
-252 14
-30 -29
425 21
107 2
292 3
-135 -13
230 31
175 6
-561 0
-268 23
881 -3
128 -12
7 9
238 7
4 31
195 -5
-209 35
44 -17
157 -15
-176 1
-423 35
93 26
414 -23
11 -11
-401 -5
-176 0
-227 2
719 33
-102 -3
490 13
-299 18
85 0
-222 -38
-156 8
300 13
769 0
-546 1
-49 32
-163 -29
75 -19
328 -22
-87 17
-78 -6
-331 -5
551 -6
-174 -7
-38 -21
-411 31
-194 3
897 -14
-311 11
18 -7
209 16
355 18
2 -27
-309 15
129 0
267 22
311 -17
-511 -40
-193 37
-8 -23
-19 32
201 4
-91 -32
1067 -30
-908 26
155 34
174 5
257 -19
-6 -9
-328 -14
287 1
12 26
-550 -15
48 -8
-104 -13
366 -2
425 25
-122 29
-212 20
-9 11
-217 -4
-438 -4
762 0
47 20
-147 -23
-275 6
-376 15
172 30
553 -42
-147 27
64 1
528 20
-67 -34
-613 25
-93 -7
174 5
1294 11
-205 11
-295 -15
-309 16
-117 2
63 -12
-109 27
324 3
191 -17
-293 22
282 -9
-165 -44
90 12
153 30
51 18
-319 -25
272 16
817 3
104 -5
-307 2
-20 6
-95 -12
6 15
258 -3
-435 53
355 -23
204 3
-343 20
-82 -17
117 -18
4 20
-141 23
-56 5
104 -13
353 12
185 7
-408 17
-87 7
225 38
166 -5
217 -2
-434 30
-291 4
867 7
-179 -8
-145 19
-556 -12
56 19
899 13
114 2
352 -12
162 11
-630 -3
-342 2
141 8
268 -6
259 42
-254 -12
-168 0
125 14
-518 -50
115 21
156 23
68 -47
480 9
434 -23
77 11
38 15
588 -2
-472 3
-716 -18
309 0
-279 0
178 41
111 5
280 5
177 20
-325 27
-311 29
279 -6
444 -3
-38 5
-150 0
-398 26
759 30
-62 -30
532 0
-458 -3
119 -2
157 4
191 -11
-66 13
304 27
-366 47
-424 -9
-474 19
-298 14
651 22
596 -4
-100 25
-104 19
-224 -34
554 -26
143 -24
-232 9
-382 5
-160 -16
309 5
-193 8
202 13
63 -11
95 -28
-530 35
451 -12
196 -25
95 -6
44 14
-149 -21
-418 28
161 25
700 -20
267 8
-254 -27
-180 4
184 32
371 22
183 -31
-232 -26
-392 32
-422 7
248 18
395 1
-45 -28
114 8
-46 -3
301 27
250 0
53 -6
349 0
-255 25
115 -9
32 -1
87 -17
100 -7
-498 49
72 17
234 -4
-233 17
-68 -12
35 21
984 -12
90 -43
-173 0
-53 -12
77 -2
-41 -14
169 13
-329 -5
205 -18
348 9
-354 2
-333 -11
240 -22
342 -12
276 -14
-110 -11
-180 4
-278 -17
-1 -31
-152 -15
232 -11
262 -12
560 -1
-281 -16
-415 13
113 3
545 -25
465 -4
-257 -9
