-40 12
55 5
100 -3
145 -8
-280 -8
-105 -4
96 24
37 4
17 -1
3 12
179 13
147 5
-123 -23
-361 -11
-92 5
-75 -13
113 4
-115 -2
-157 26
-298 -1
-10 1
51 3
-3 -30
130 0
34 -22
-121 3
16 23
-45 -14
169 -26
-75 -20
-227 16
-57 7
25 0
195 3
-13 -16
-51 -30
72 -19
-98 -6
-105 -8
-143 -12
-67 9
9 17
-44 -6
-58 -6
-78 -17
233 2
7 -18
-64 6
45 -7
117 -40
123 -8
-37 0
15 3
115 0
-111 -8
-158 6
-217 -14
4 9
7 -4
-11 -1
-43 17
-95 -16
31 -2
-213 -46
-272 -11
86 0
650 -6
176 9
-192 -7
-181 28
33 -8
-129 0
-68 14
-67 -4
-176 -6
-138 1
-23 -13
-117 -21
133 -12
12 -11
-131 -17
126 -9
136 5
58 -9
64 -59
-160 -17
-64 9
76 -4
-50 12
46 -7
43 -5
54 -3
57 -17
1 -20
36 6
137 -18
-36 -14
-12 4
64 -52
-117 -40
-245 -3
-222 -9
81 1
346 5
245 -21
200 -12
-78 -13
-106 12
144 -8
70 3
-190 -12
-184 -9
-224 -2
-86 -22
-73 -11
-77 2
95 2
31 -10
90 16
-70 11
-74 0
-49 -33
-89 28
-82 -21
19 32
75 -7
91 58
-55 -20
14 9
63 -17
-90 -12
-74 -6
-33 0
28 1
42 3
-12 -33
-115 5
196 -9
-74 -15
-147 -21
-156 0
-69 8
-59 -14
-70 -2
32 -16
213 -16
0 26
-38 13
-214 -5
56 -23
351 -7
191 -3
-98 1
-153 4
-9 34
-44 -15
52 -1
63 -24
-163 21
-135 -7
-98 -8
-124 9
152 17
-91 18
-38 12
-17 -15
-99 20
54 -2
167 -19
-36 -8
161 -1
-6 7
-186 20
-69 2
21 -26
68 -8
59 -15
49 4
69 -11
192 -6
-101 0
-82 -2
20 -6
4 12
-16 0
-77 -17
-88 -3
77 6
-63 -8
79 19
185 -1
-146 25
-49 -11
167 0
32 3
223 7
250 15
-142 -11
-174 -8
-138 -55
-33 3
-34 -13
-87 2
56 -9
221 11
-326 0
-314 -24
23 2
119 -11
43 6
-17 18
-137 -7
184 -3
-141 -47
-207 -5
-24 -5
33 -12
42 -1
100 -39
41 9
75 -16
-38 -6
-269 -1
-78 -21
91 -2
234 -32
106 -11
2 -33
-82 4
-140 1
-125 14
-128 -4
325 -3
125 8
168 -4
245 -19
-19 -10
28 -12
-165 -1
-115 -15
34 -8
-93 2
-171 11
-97 18
-168 28
35 -2
160 -1
-24 -17
-43 -15
60 17
-22 15
-1 -4
-72 -17
-27 -6
91 -11
-147 -17
-69 -4
48 13
41 -11
307 -6
127 -4
-218 -29
-247 -50
8 -18
57 9
218 1
194 -7
-83 -24
-151 4
-109 -20
-33 0
96 -3
-123 -16
-99 0
123 -1
67 14
-55 -50
-24 -15
67 -4
249 -1
181 -27
-180 -13
-219 18
72 1
-17 -16
2 2
25 2
-144 2
-62 -2
117 -27
212 -15
-229 4
-63 -11
33 -3
-70 -9
-157 -6
-45 5
-71 -24
28 -12
516 -5
157 -2
-124 -4
-66 -11
-24 -4
81 1
-66 -19
-94 -6
-238 -11
-166 0
0 -19
72 -7
-33 6
112 -17
102 -4
-166 -5
-55 -43
-192 4
180 11
263 -13
88 -5
197 -2
261 -18
-99 -18
-337 2
-142 9
-30 -14
-49 -3
-71 -8
-24 -9
165 -22
-103 8
-181 -17
32 30
224 -19
208 -17
-188 -4
-170 -13
107 7
118 -18
-138 20
-123 21
16 0
115 5
-51 -13
-181 3
-15 1
18 -15
23 20
65 11
12 -17
-101 16
-29 -14
-30 -5
-24 12
301 -6
65 -27
-230 3
-149 -11
17 4
97 -6
-98 9
-136 11
89 6
83 -17
-29 13
-238 -36
-185 -10
53 1
21 -15
39 -1
-11 -16
-75 25
-44 -18
49 -14
-222 -9
47 6
48 -23
164 4
-34 0
-167 39
-73 -18
273 -11
108 -4
13 1
-28 -19
-155 -3
-45 -7
-6 -27
-15 0
83 14
29 -8
-203 -22
-87 0
-85 -7
-85 -18
7 -14
-23 1
219 4
90 -9
-139 -4
-215 -4
-41 -4
-5 16
24 -8
-43 -10
71 5
216 -10
-197 -11
-102 -3
62 4
23 3
21 -8
-14 -9
18 -6
77 0
-23 -1
-95 -31
-41 -30
94 -10
-64 23
-33 -16
-85 -22
60 14
293 -2
-191 -35
14 4
108 2
276 9
-107 -22
-218 12
-108 1
249 -12
-34 -10
-104 33
-109 -1
-306 -20
-8 -6
187 -3
241 3
82 0
-69 -15
-113 20
-92 -30
-53 -25
60 -18
-34 0
22 -6
31 -3
98 -4
-137 -10
-96 19
121 -4
76 -2
-21 8
-78 -2
-35 -11
61 -13
-82 -12
-60 -39
1 -2
14 0
131 -10
-78 -28
-86 -10
33 7
56 -22
-128 5
126 6
165 7
-107 9
-39 -33
-82 8
-66 -13
180 -9
312 -14
144 -2
-263 14
-291 -57
-43 13
167 -5
35 -12
40 -18
-37 1
-262 -11
-164 9
22 7
-18 -12
-126 -9
125 -2
475 -13
-134 -13
-372 22
-102 -14
69 0
188 -9
-27 5
-82 0
4 -3
128 17
93 -6
65 -9
-23 4
-11 -1
20 -1
-17 -3
-82 -11
150 -4
107 -12
-25 1
-110 7
159 0
-142 0
-61 -20
-46 -3
80 -2
69 8
-202 -18
-88 -3
34 -9
83 24
107 0
30 -11
144 -7
173 -8
-263 -25
-176 -22
-91 -11
29 19
66 19
-7 -27
-143 0
9 22
-7 -14
107 -2
-89 9
33 -17
-28 -1
68 8
172 -15
-78 -3
-47 -16
9 1
60 0
-62 -2
21 -1
-47 8
-73 16
-91 -34
-64 13
108 4
-84 -11
65 -11
150 -10
-156 13
76 12
126 23
-22 -9
54 -18
-61 9
-69 -16
-143 -1
-204 6
-154 5
-19 5
118 -16
-13 0
283 13
-131 3
-287 40
2 5
89 13
33 -21
-92 -29
-132 7
-47 -6
122 -13
-48 7
-35 22
199 12
-61 -16
12 6
6 -8
-20 15
281 -7
-66 -30
-108 7
-83 -8
-79 25
0 -10
-150 -28
-44 -21
146 -10
118 13
-66 -13
109 -2
166 -12
-21 -27
-64 -2
-29 5
42 7
91 -22
-292 -8
-167 2
-65 -15
-13 -5
42 -13
45 7
97 -25
407 17
-38 -32
-330 -17
-49 20
78 35
103 -22
-126 -17
-151 -31
69 19
29 19
-79 -16
175 0
143 4
85 -14
-69 -5
-137 -3
36 0
116 -12
-16 -3
215 0
-13 -5
-203 5
-62 8
61 14
73 7
143 22
-49 0
-138 -16
-106 -21
-8 1
48 16
88 -7
55 -13
137 -19
109 0
-104 -8
0 8
-16 0
43 5
32 -8
-20 -7
31 -8
181 -4
-93 -2
-4 -2
50 -12
24 -7
-29 0
-40 6
-53 -5
150 -7
-15 -21
-32 -10
-17 -13
-160 -1
30 -15
-80 33
74 -5
222 -5
361 0
60 30
-173 -9
-108 -5
78 4
51 -7
-35 -27
-100 7
152 -16
-67 6
-128 14
34 -43
28 -5
-7 -3
31 -13
-4 1
100 23
-41 -3
-236 4
-103 1
112 -14
199 3
293 1
-106 -3
-2 -3
210 -6
-68 9
24 -22
-126 11
-24 -13
23 3
47 6
168 -2
9 3
-221 0
-162 2
67 -2
70 0
292 -2
175 -15
-37 8
-129 26
29 -18
240 12
-68 -18
-50 -10
34 -14
124 7
52 5
0 -5
-133 4
104 0
1 14
-24 -6
356 -13
163 2
-24 13
-137 4
-18 -5
234 -2
251 8
-152 -1
7 36
-63 -27
-36 -10
-67 -10
-98 -9
-18 2
184 0
-124 -32
-185 0
55 -19
147 12
222 -9
-13 -2
-420 21
225 -2
-50 -13
-126 -13
6 12
160 2
-34 18
-83 -8
-39 0
157 -3
126 13
-72 -13
-37 8
98 -24
160 -19
21 -12
66 -18
65 -10
52 3
32 3
9 -24
-152 0
-52 -8
-64 -3
98 -25
85 4
0 -16
261 18
329 -8
-181 -2
-45 -12
-79 1
17 4
-65 2
-105 -20
-159 -15
76 -27
-72 -16
-48 0
152 0
87 9
143 2
98 -19
-203 -3
48 0
-74 -4
-104 -4
38 -6
40 3
81 -3
-119 -19
-80 -13
50 -1
153 -7
-39 2
3 34
28 16
42 -12
150 15
-41 8
-88 -8
182 -6
-131 -7
-81 -1
-51 -6
118 2
-16 -13
-39 -7
-173 15
327 -4
304 -6
31 4
-18 7
-22 12
30 -13
11 -5
-118 -1
-27 0
-58 -6
-154 16
-96 -13
-34 -4
48 22
140 -27
9 -26
3 -26
116 15
19 4
-120 7
0 1
-105 2
53 1
-13 22
14 5
-113 -23
115 4
-70 -17
-124 19
-50 3
-28 -10
121 -13
109 -2
230 1
301 0
-115 -15
-170 -6
-74 -14
-12 1
-69 0
-176 11
-160 4
-29 -8
60 -1
-36 -20
296 -1
202 -8
29 6
-90 -12
-99 -9
42 1
104 -10
-176 3
-59 -9
-11 -4
63 -8
22 17
-53 -8
19 -10
222 -7
-117 7
-3 -19
58 8
-33 -21
-42 36
52 -20
80 0
123 0
38 -2
-106 5
-31 -1
18 -22
80 9
29 -5
-7 -4
-43 0
91 -7
-123 0
77 -6
59 6
-1 -6
12 4
-13 -9
11 -25
179 1
-25 -3
9 -16
172 6
2 3
-102 -7
2 -12
-78 12
151 -7
152 -8
-48 3
-231 0
-93 2
18 -8
-89 -35
20 6
122 -18
188 -1
-134 -2
-78 11
-110 6
88 -8
111 1
11 -12
-53 -16
151 -9
-7 -12
-55 -31
-20 -12
11 19
36 -22
-30 -5
-74 -21
-113 1
-73 -20
-3 0
94 2
-66 -7
147 15
-33 -13
-189 1
-78 -6
37 -26
37 -11
-65 0
-41 2
95 4
95 4
-37 4
-80 -25
109 -6
-293 -3
-105 -3
-50 9
31 3
74 -19
-18 -17
1 -14
145 -5
285 -3
-67 -16
-130 -4
-17 2
63 -4
127 22
124 -44
105 -21
32 9
-16 -5
-20 8
-46 -54
-69 -16
-180 -25
-115 -8
-163 -2
84 15
49 -12
70 12
147 -5
131 -18
-102 -12
-132 -6
-50 -4
15 -2
-12 -18
-90 -10
-107 -18
-66 -16
173 -1
13 -1
73 -11
25 0
86 20
-60 -27
-179 4
-25 -20
87 8
44 -9
-10 8
68 -1
29 -10
107 0
31 6
-54 -8
-24 -12
33 -11
75 13
-20 -16
-150 -16
135 -15
33 -9
-160 -3
-72 -22
28 -10
60 -7
77 12
32 -6
277 -10
-57 -5
-72 1
-95 -6
-28 -2
35 -1
77 -20
-36 -6
-70 11
-123 -51
-79 -7
6 -21
73 11
161 -9
-6 -4
-69 -8
-65 0
96 -13
-20 -15
-55 -9
-77 -10
-19 5
-25 19
26 3
-20 -8
33 -8
57 -27
-36 -2
-51 -20
33 13
22 -1
-10 0
18 -15
31 0
134 2
-98 -24
-39 5
-13 -6
30 -17
-30 -29
22 9
17 -31
250 17
13 -5
-139 -16
-125 -4
-58 8
18 -11
77 11
-76 9
144 2
106 0
48 -13
-123 -21
-80 -25
56 8
-5 -23
22 -22
51 -5
101 -15
-215 -15
-92 18
158 -1
272 6
-64 9
-66 7
0 5
117 -27
-102 -28
-132 -2
-8 13
21 -18
-90 -22
57 -20
-118 -22
132 20
151 -2
-30 -3
25 -17
127 22
-33 4
-72 -16
16 -2
-1 -12
150 27
-115 -4
-178 -10
-47 -18
-18 -5
92 6
47 -29
43 -14
195 14
22 -14
-77 -17
-97 -5
-45 3
-53 -21
43 -6
14 -4
52 -8
208 -33
-231 -14
-161 20
-88 -23
5 -22
255 3
240 3
392 15
50 9
-413 -27
-410 6
116 0
117 -1
35 -10
-116 3
-111 -6
11 -3
-19 4
31 -4
-35 20
61 -18
83 7
-74 -1
-21 -22
71 4
199 -14
-115 -1
92 3
-9 1
60 -25
71 23
-93 5
-13 20
89 12
-158 17
-77 -5
54 -2
96 -1
53 0
67 -4
8 13
9 -13
64 1
-137 1
-69 -41
25 -2
46 -7
-31 11
-81 -14
-14 4
100 0
-72 -10
-52 -13
80 -1
185 2
-67 8
122 19
-89 11
78 -48
-141 -8
-190 -3
-61 6
-43 -15
49 -9
172 -26
6 9
-76 -17
-60 7
-70 -13
-56 -19
-30 0
-57 -5
-113 -39
-74 4
60 -19
185 0
44 -52
-44 25
-14 -41
58 -9
43 4
-70 -12
-93 -9
72 0
130 -3
-139 -21
-30 -21
31 -9
160 0
38 6
14 6
23 -8
-48 -8
-107 -15
-182 -11
24 11
188 0
169 -10
287 -6
6 -25
52 0
-190 -17
-138 -12
-25 17
-33 9
32 11
-47 -11
51 -10
168 -3
90 -20
-67 1
46 2
50 3
32 -6
-39 -11
-84 14
-51 -20
95 11
-80 1
-47 -11
92 -17
69 -11
30 2
-23 12
28 1
-20 -6
-70 12
-193 -17
-77 12
120 21
107 25
158 41
28 40
97 1109
63 -709
448 -566
-100 -35
-98 155
81 52
197 -26
271 -91
-219 -107
-121 -40
43 61
-84 136
-82 104
-161 100
-23 55
-24 -64
38 -52
-75 -21
197 -49
216 19
-65 57
18 67
-45 2
-4 -3
88 12
41 12
219 -2
366 -2
-119 -2
-164 -11
-94 4
47 4
-3 -3
-24 -8
-74 2
179 1
272 4
168 14
-276 0
-143 -2
-76 -20
119 -12
40 3
-117 -17
-126 -2
-3 22
-148 18
-180 1
202 3
322 -10
228 15
-123 -4
-123 -23
160 9
56 23
-90 2
-176 -4
-113 32
-45 20
-77 -8
-94 -10
66 -13
297 8
-100 18
-127 21
-16 -8
57 -11
-14 24
11 25
-30 0
216 -10
-107 -5
-167 9
-57 -3
107 -22
208 -3
252 -7
-14 -27
-62 -16
59 8
-242 -5
-33 2
-3 19
-43 -34
-163 -5
-125 4
106 -37
506 -7
177 -12
79 25
-55 25
-50 -43
-10 -15
-69 52
-65 2
37 -21
-122 1
-428 5
-36 19
12 27
113 20
76 3
33 -37
139 -15
77 1
-31 3
-21 -1
-43 8
90 14
173 -1
-9 9
-37 42
76 1
-165 -9
-177 -4
-220 1
53 -10
41 -22
-32 8
62 5
111 -5
-97 -11
-59 -6
-23 13
213 4
230 -6
256 -12
-167 1
-50 -5
121 -15
-105 17
-60 4
57 9
-10 -1
-126 -27
-174 46
-37 0
145 7
80 7
74 -14
83 -10
-101 2
-54 19
-102 21
8 -51
60 9
21 18
-108 12
-90 -23
-23 -24
7 16
72 8
-26 53
32 1
206 -10
-36 49
-56 38
-22 -35
-26 17
5 18
-48 -5
-4 8
158 -10
-29 20
-95 49
-29 -12
88 -11
3 -21
-26 -9
-121 29
114 27
106 15
-44 2
24 -10
109 -16
123 -3
-279 16
-156 5
-69 2
0 -5
-56 -14
171 -4
311 24
74 13
-173 24
-102 -4
24 26
83 -14
74 49
-322 3
-236 -9
32 1
15 29
-43 0
92 30
262 3
139 -7
-64 -3
-76 51
3 14
8 15
-65 -10
21 -62
63 59
163 12
-96 42
-65 -2
-11 19
44 -2
-115 18
-24 12
-134 17
185 28
-2 -31
45 -8
-105 -61
110 18
-175 25
52 -12
-57 -21
141 2
194 14
32 -3
-28 6
-49 -13
-85 0
-23 16
-32 -8
-26 28
128 18
-63 5
-95 -2
-156 19
59 0
143 -30
182 -5
29 7
1 9
377 0
318 -2
-256 -40
-302 5
-62 26
-94 5
-24 25
24 -3
-78 -7
-33 36
34 21
-63 -3
24 4
147 39
108 18
0 11
-101 -5
122 -18
256 -21
-112 13
-61 1
-41 28
35 -16
76 0
-110 -11
-19 5
284 -21
-100 27
-32 39
-112 -5
-93 -12
72 -19
-8 44
-59 18
115 2
190 -13
-105 -5
-33 6
154 15
68 11
147 1
-98 -24
27 32
-61 4
67 -6
-230 9
146 -17
204 9
117 18
27 22
-245 -27
43 -2
-130 13
-199 57
-70 -31
62 0
164 -6
-17 9
-154 25
50 -18
155 -24
-76 11
-51 -10
42 8
-44 6
-3 18
-280 39
121 4
247 -45
-99 24
-46 33
-87 0
-12 -6
47 28
-27 4
60 19
63 34
-128 -12
-82 0
70 11
41 7
-17 9
0 -26
-19 12
29 43
-89 33
-165 -10
-8 -40
61 7
172 -14
176 36
-141 7
-154 -26
98 -23
-103 0
-7 0
-5 18
-23 36
-12 2
-60 16
147 -20
139 9
-110 8
-109 30
65 23
36 5
-207 -1
-62 -22
-57 17
18 30
121 -5
-16 56
90 -9
-85 -4
19 3
15 26
40 25
39 -11
-37 0
-24 24
-37 9
-16 -4
45 -11
4 -4
47 31
-22 -1
69 -28
-34 1
-156 3
-61 14
-37 -7
-8 15
40 26
76 -3
60 17
245 -12
-55 -8
-106 -6
36 43
43 1
82 22
-250 18
-82 19
124 -11
20 -6
-27 42
243 -61
-16 19
-149 -11
-25 23
-71 14
135 -3
-22 -11
-82 -16
130 11
-66 29
-98 37
64 17
199 7
240 -20
89 -10
-263 17
-274 -16
-53 24
118 15
110 -12
23 -31
-140 12
265 36
-100 0
-74 -8
-61 57
16 24
131 26
19 -34
77 -43
136 29
144 -3
-171 35
-53 -20
-4 -5
-33 26
-23 -11
-60 -13
148 12
528 2
-8 36
-261 24
-93 -71
141 4
-26 8
-37 32
-58 11
130 13
-30 11
-201 -14
-75 11
66 -14
210 14
23 6
-43 30
60 -7
112 -19
5 -9
-41 -18
-82 5
-59 15
68 33
1 2
-69 -2
63 15
-218 0
-39 -14
130 3
-33 30
56 3
17 -16
57 6
270 -13
-74 20
-225 7
-40 -56
106 7
-167 5
20 39
-128 -3
-67 8
35 -7
-106 25
1 13
110 22
181 24
-29 5
-131 20
-39 -22
163 -20
18 5
-6 23
21 9
-39 -3
80 6
0 -9
21 -2
76 1
-32 16
-136 20
-2 -5
60 -4
-13 4
96 8
-5 0
112 1
300 31
-80 -14
-67 31
24 32
108 -10
-32 -2
-96 18
-38 3
-152 -12
6 7
-83 -1
181 12
83 0
9 20
-26 14
24 2
165 3
30 6
-130 12
21 14
192 4
140 -10
-146 -24
-170 2
2 18
455 0
-79 11
-64 3
-113 -22
-85 -10
-97 44
-55 9
-15 -19
172 -4
-106 35
-91 0
132 5
-5 24
-74 0
46 20
7 5
93 11
78 17
-81 -10
0 20
-191 16
-68 0
-43 13
86 -18
84 -13
270 29
-132 -3
34 14
-34 -13
28 0
107 13
42 19
-104 -14
174 20
-23 31
-130 -12
-23 4
-21 2
29 0
16 -6
73 0
148 19
233 -28
-90 -4
-113 3
-67 19
-3 6
130 0
58 31
46 -2
22 4
-10 -15
-56 -5
62 0
36 33
83 33
-71 0
-59 -22
258 1
-16 19
-168 0
-69 17
-7 14
-17 -24
113 12
-114 3
28 12
175 -21
-68 -1
-70 7
15 3
129 19
14 38
-89 6
33 -9
228 -21
-16 5
18 -5
67 23
85 11
-84 -32
-153 20
-66 9
11 -4
58 -13
-138 15
55 25
26 36
-32 17
21 -16
-81 -4
80 0
372 8
-40 -16
-163 3
69 -12
24 33
38 36
-24 26
-28 -43
146 24
-183 12
-55 6
-3 -8
80 7
150 16
11 18
-29 12
342 -15
-22 15
-231 24
-100 3
41 11
-25 12
-59 -4
230 17
258 5
125 -23
-126 -15
-74 7
-28 18
-25 0
5 -9
-3 3
-121 1
138 35
119 8
-108 -11
29 -5
-186 27
21 -16
57 30
76 5
200 11
243 -19
-169 -8
-70 16
70 -9
86 14
-116 -9
-53 6
-126 26
113 -10
-4 23
-84 -26
237 18
121 -8
72 7
-85 4
-92 6
212 -1
-101 -1
-261 23
-58 -13
12 -2
-16 -11
20 47
-42 -28
64 -9
141 -11
-173 2
-48 -3
-151 11
119 -17
54 8
146 -5
-58 25
220 14
-48 28
-86 -26
-8 -47
25 44
-41 -18
-112 13
-89 3
31 -9
67 9
-12 -12
208 7
227 -22
43 12
29 15
-30 25
-47 9
51 -3
-58 14
-62 -7
-41 -34
-166 -3
-48 22
14 19
94 13
339 18
76 8
-136 11
-31 9
-43 -15
68 28
-23 -16
-110 -27
-10 -26
64 17
-51 24
41 -13
167 9
-28 -25
157 -24
-56 23
-137 7
279 17
-63 -45
-121 -2
69 19
180 8
-149 -15
-65 -4
23 -5
158 9
31 37
-139 -6
-60 -6
-130 -4
-7 4
21 21
216 1
119 -17
136 -29
-153 -15
-79 -1
26 8
39 17
12 9
9 11
-73 19
184 -4
-21 17
-50 -20
139 43
56 27
50 -9
-103 -1
-113 16
-84 -17
-59 0
-49 2
178 9
70 11
-72 3
-27 -11
-72 -6
83 29
174 -13
-106 -4
-109 13
71 0
-23 11
-175 -20
55 5
100 -35
152 14
-79 31
-66 0
-8 -32
-2 16
-10 44
4 -19
103 -23
418 11
157 19
-220 1
-80 -5
70 8
-37 7
-173 -2
-31 4
128 -8
276 -10
-56 37
50 -2
9 53
-74 27
-38 32
-33 -19
-96 -12
81 4
-96 4
-134 21
63 -6
55 12
135 6
62 19
-11 -16
2 5
1 4
-81 15
52 23
61 3
119 -9
-43 -1
-65 -10
25 -2
54 26
-165 11
-81 16
-10 -5
106 -9
41 3
9 0
48 -11
194 22
37 -23
-214 3
-66 49
19 31
57 -22
9 6
0 16
116 4
246 -14
-46 0
-9 17
-145 9
9 33
7 -5
97 -33
220 15
481 -2
-198 -22
-201 -56
-223 14
51 23
41 16
-46 23
-190 -34
-52 -4
-64 9
-189 8
25 19
121 8
121 29
108 -17
54 -5
-3 17
114 0
-172 27
-95 24
56 3
59 -7
138 -1
31 30
-11 -15
200 -1
52 48
-121 5
70 9
129 0
31 69
48 -11
-22 19
23 17
-16 -69
-309 25
-58 -2
-35 -4
11 -24
224 17
279 20
526 16
-17 0
-392 5
-151 20
91 15
45 17
-20 20
-83 -3
-149 0
98 3
24 -1
-235 -3
-2 -25
70 14
130 5
60 0
-77 -10
41 13
-37 -20
-151 44
18 17
70 -41
81 11
-4 -10
-159 0
-132 69
193 -12
-108 -1
-39 15
19 -18
56 6
65 16
-2 24
-10 -53
94 -1
8 25
-148 3
-23 29
101 2
91 -38
-35 8
39 -48
45 36
51 -14
-194 5
-31 7
192 5
212 -10
-157 23
-75 -36
-3 31
165 24
-139 14
-60 6
-18 -33
52 -10
1 0
34 49
-28 8
179 -25
87 -22
-106 -26
-138 -44
35 -9
-49 -24
60 15
-4 14
-27 23
84 0
-69 -4
36 21
82 -8
48 0
-43 -6
0 -1
31 12
213 -4
-5 -17
-162 0
-133 2
-26 13
50 3
53 12
-28 3
68 39
82 -5
24 33
43 -10
-45 0
-20 0
-16 0
-47 4
-14 2
4 16
-84 9
-29 11
52 -15
84 14
78 17
-52 20
-49 -9
312 -20
-106 -10
-103 -1
140 31
82 -2
64 14
-15 3
-133 27
34 -5
52 -11
-179 11
-69 38
-138 24
107 16
172 5
-2 9
-53 -2
146 -1
-121 0
-95 -5
180 0
-16 -10
110 30
-237 -3
-173 3
142 30
21 16
-109 2
76 -26
76 2
37 1
-22 25
-17 22
102 -3
110 -9
-129 -22
25 20
-34 35
165 -5
120 0
-36 -19
-74 -1
-107 15
-38 -5
86 -16
208 9
-172 1
-24 -1
-55 22
75 14
156 -16
171 19
-19 1
159 -11
-162 1
-7 1
63 12
-241 7
-151 -15
82 7
-103 -38
-46 24
-5 13
-21 -18
83 -13
-17 -11
-6 -7
124 18
-45 19
-148 3
-41 -10
31 6
-27 -5
-21 -4
-37 1
162 35
207 -13
-280 0
-25 -2
-54 11
-97 15
-11 7
-8 -22
88 -8
77 15
-149 15
-61 18
59 6
66 -14
32 -1
-40 -6
-7 32
252 -23
118 18
-168 0
-70 -29
-9 -5
-150 -4
67 35
-117 4
7 -39
-11 12
-82 12
36 0
108 22
141 -6
-14 19
-49 19
172 0
129 17
-164 28
-123 -18
15 22
-20 11
-72 -2
-55 16
13 11
253 12
59 -11
4 12
42 7
-62 12
63 -8
-50 24
-114 55
101 -29
94 6
-78 15
-127 14
35 5
109 25
214 11
-81 -4
-156 -49
77 3
-135 19
-56 7
-116 62
33 0
32 6
-70 8
-53 8
247 -12
64 -3
-30 1
-61 -10
-25 7
-28 -15
-44 11
-60 -5
116 13
189 -44
-158 37
-36 -9
27 -8
70 -15
-45 -2
-90 -4
-49 3
299 4
6 -12
-60 39
-23 -13
53 -15
23 -8
-57 -8
-99 2
76 16
90 13
-176 -5
31 -1
197 12
121 12
0 29
-53 1
14 0
89 24
-172 37
-134 -20
4 0
-54 9
93 6
92 7
-16 -4
78 -2
-44 14
-73 30
42 -6
75 29
-27 20
-2 -31
-44 0
-11 21
169 6
-107 9
-84 -5
26 4
90 21
-5 37
-8 4
-59 0
222 -7
-122 4
-46 8
80 11
88 13
70 -13
-129 -10
-134 3
139 16
-25 49
-121 15
98 -6
-10 19
55 -31
-170 -8
-42 39
164 0
338 -18
-31 2
-68 6
-4 20
-99 25
-144 2
30 16
84 2
289 20
20 0
-129 7
-92 -3
88 4
73 0
18 1
-96 -33
7 9
-23 19
-158 3
149 1
155 -12
66 -10
12 4
22 21
73 -1
6 7
-81 -2
-47 -7
20 -2
110 -12
-14 22
41 18
117 -32
108 24
-29 13
-110 9
39 24
71 5
-43 -6
72 24
49 20
180 -10
-12 8
-120 -3
-26 -8
71 4
-38 -7
-6 -1
-83 32
79 -13
5 14
-230 18
-62 29
145 1
263 1
84 2
32 7
-52 -13
141 17
50 13
-47 -2
-2 -5
109 5
127 3
-136 30
-87 15
33 5
152 -13
-18 16
-30 6
-93 25
-21 15
-14 -9
-51 1
-12 16
51 -7
85 -17
68 -9
50 -13
7 19
-23 -13
-42 13
-54 -5
138 24
83 15
-27 -1
-36 -9
50 -5
-17 2
-38 -8
-99 -1
26 32
125 26
-56 -3
-249 0
55 35
-26 36
34 6
132 8
42 -24
-195 -28
140 8
175 -37
156 56
-123 2
-95 17
-75 12
-314 -22
310 8
332 9
-290 -33
-29 15
87 6
-155 23
-79 -36
121 -6
-89 2
102 25
106 -6
-130 -1
-347 12
-94 -15
-25 2
-294 22
96 -30
546 9
-125 0
68 -23
-17 30
-132 16
-9 -19
79 0
-9 13
139 7
-1 13
-198 -19
-112 -19
-43 28
163 -9
110 -39
37 -15
-46 -9
331 34
-461 17
-301 19
409 -6
43 -12
85 16
17 13
18 18
121 14
74 14
-82 15
-12 8
217 15
98 6
226 -8
-346 4
152 19
441 -9
-211 5
-129 13
-236 -6
180 -5
-338 17
-595 45
227 2
209 13
115 34
68 -22
78 -13
9 36
-100 12
105 -3
