318 22
861 11
67 -6
97 -16
-159 7
-508 19
-197 -2
600 -3
-927 19
203 -4
-440 -14
1115 12
296 -1
-71 4
314 -1
179 29
77 -8
-97 7
-245 27
-458 -41
-210 -12
187 16
-470 12
578 -4
81 -10
432 39
200 64
-128 -20
-253 -7
-14 -14
6 -50
560 17
-1112 13
691 23
-169 3
-850 16
772 17
231 15
-458 -21
-171 33
174 17
-400 8
592 -22
-345 41
145 -15
417 -1
104 4
-68 -36
150 7
490 18
-1032 0
-976 -25
1299 -4
81 24
355 -8
-1002 18
1025 -8
-751 5
-323 20
1203 37
-126 -3
-58 -13
-783 2
1056 17
-643 16
-39 -1
-611 0
1132 -5
338 8
-983 -7
-404 -20
90 -7
350 25
-382 4
1502 -5
-235 14
-597 -5
369 4
-126 -4
-793 -9
-121 24
268 -10
279 0
-427 -6
-108 -1
109 -6
329 7
67 15
-22 -8
-522 61
-468 8
299 2
-31 14
165 9
291 -17
485 -14
-3 6
518 0
-2 0
44 12
-83 35
-195 -32
-738 -15
-45 3
-412 -4
408 6
429 -8
983 -25
-1613 -3
923 28
-192 -7
-109 31
287 19
-322 7
334 -7
321 5
381 -12
-461 0
707 18
-847 -24
-37 20
-58 0
268 -26
-549 29
-1048 -10
181 -5
1423 -22
-254 12
-439 -2
241 -11
-286 -13
626 2
642 31
-587 -20
-925 15
-128 -9
986 19
107 0
-233 16
-718 11
754 -28
-294 -20
262 9
-359 -10
1010 -18
-1004 25
135 6
-364 -5
-38 -37
212 8
1402 37
-1613 -17
-625 5
22 -18
989 -14
115 -4
-140 14
-76 -8
336 0
-219 -7
-642 12
499 -7
-421 -16
-572 3
570 15
433 7
-153 -1
34 15
-441 16
126 -33
-152 20
-393 -12
287 2
402 -10
-434 -7
-587 20
464 11
-438 0
1492 -11
31 -17
-725 2
440 9
269 -10
76 -2
-712 -1
268 -11
442 0
-214 3
-252 -3
331 0
36 1
171 3
-604 20
200 5
74 5
796 -2
-324 -19
-657 17
418 -16
-49 -6
-34 -12
-153 20
201 0
-188 -6
202 -2
-578 6
393 -1
-102 -18
774 1
-252 -19
-559 23
50 -9
596 15
-368 9
310 3
-457 9
850 1
-927 12
93 0
-293 -14
107 5
-143 -6
-615 9
208 9
-57 -9
980 15
-805 15
52 15
927 3
-690 -27
-102 20
1072 7
-435 -12
-198 16
-95 -1
-37 -12
-47 3
340 -7
214 29
-185 35
180 -15
360 2
374 -9
-277 17
-1613 0
1279 17
101 14
70 -11
-310 -22
219 -2
-65 13
-46 1
909 -24
-1410 19
241 9
112 19
573 20
-265 -10
257 -6
-113 5
-466 18
-67 11
243 1
-58 19
-8 0
-184 -17
314 -10
762 0
-303 9
-138 7
48 6
-1274 32
1649 -5
-81 -4
-605 -2
-379 0
-196 6
869 -9
171 2
757 0
-237 11
-36 -11
-617 -4
-265 8
-167 -5
-215 6
489 5
156 6
-240 11
508 -4
58 1
-195 -5
-682 21
38 4
309 34
670 3
-371 -38
-197 -12
-536 8
-83 2
1229 44
526 -4
-1042 -18
576 16
-311 -2
-137 18
143 -14
84 5
111 4
-210 4
1061 5
-443 18
-451 3
341 -6
-138 -2
943 0
-1022 -1
663 17
-220 -31
675 2
-53 -2
-331 0
-71 4
-301 -8
46 -2
1624 -3
-1082 12
137 0
358 -2
350 -18
276 -21
566 -40
-731 -8
278 8
-499 -3
261 -2
-470 20
229 1
-105 -21
-100 -13
-726 -10
1117 7
-113 16
49 3
-683 14
332 0
-368 9
458 -6
232 1
97 -1
501 -3
79 34
-207 -8
-523 0
141 -12
-572 4
149 25
-185 -4
0 13
258 -33
-359 -18
-84 -5
7 0
491 6
561 -4
-59 -3
-391 9
432 -1
-753 -18
132 1
-152 1
631 -12
-216 -7
-527 22
587 0
320 -5
-312 -4
455 0
-100 4
-803 -8
306 23
-13 -27
258 12
-214 12
46 0
190 9
-40 -11
-58 15
384 -15
282 9
208 4
-1004 12
-164 26
282 -18
-495 -6
-50 25
163 -2
-247 -15
1649 16
-819 -25
-156 19
85 -7
25 0
91 -2
363 -3
479 -15
-317 -10
-365 23
14 5
320 13
101 -18
244 -10
251 -8
-671 0
-157 26
453 9
99 6
310 17
-283 0
390 11
-288 8
-487 -2
347 -24
22 -13
-376 -8
292 12
281 32
-668 -28
-88 16
40 -4
471 11
-852 16
420 5
571 1
258 -6
15 -6
-327 -5
91 -1
-279 -5
-816 1
910 -11
-259 4
482 -13
477 -11
-1025 -3
261 3
836 4
451 -9
121 0
-637 6
554 13
-954 2
318 -10
-458 -17
44 20
328 -5
184 -17
440 26
178 17
-94 -13
44 36
832 -3
-1144 -8
1142 12
-63 -1
-477 -1
103 -7
175 2
230 -5
288 11
264 -2
-430 32
-162 8
419 0
445 -5
-421 21
-105 -8
-558 -34
362 19
-236 13
143 2
564 -6
-172 9
-209 -6
49 15
-102 22
41 23
44 9
225 -13
251 5
-13 -15
-332 20
-120 -8
487 -25
-329 20
-392 -19
551 -39
-290 3
91 -5
-112 -15
-94 15
-218 28
202 0
-295 7
306 22
89 0
-325 -11
379 6
-48 -1
99 -11
280 -13
471 12
-330 0
-343 -6
25 9
215 -1
-94 -12
327 -40
345 48
-768 -18
401 0
163 4
-188 -2
234 -4
314 1
-421 31
420 -24
38 -2
-411 -1
134 7
-85 30
-91 0
215 -3
-248 -19
-87 6
325 -14
-73 -6
-165 15
507 -13
-20 -9
256 30
100 -18
-650 -19
364 5
235 -2
970 12
-44 14
-489 -9
186 -6
-710 -5
660 9
-672 12
1324 -1
485 0
-226 3
-331 -4
-450 -9
132 -1
457 3
-186 6
564 9
490 9
-854 4
103 -8
275 -26
-188 11
155 -3
152 7
-74 -2
231 -19
-180 -3
-110 13
-347 1
489 6
184 12
177 1
197 16
25 8
-744 -21
826 32
112 -6
-41 34
441 -4
-350 5
-440 14
79 -4
855 1
-1220 -20
327 48
851 -32
-42 17
-698 26
-311 -20
302 8
66 -10
199 -3
134 18
343 23
377 14
-38 -5
-1236 -11
978 0
133 0
164 0
36 22
-155 -32
-218 -2
-1 17
96 1
165 -2
126 4
553 -11
-486 -3
-806 23
-29 9
937 18
117 -6
-477 0
30 3
430 2
-14 0
334 2
109 14
-341 36
-296 -23
-475 -8
136 -11
844 20
-682 6
82 0
455 23
12 -6
-101 18
271 -19
387 1
0 13
-97 13
-163 0
153 33
285 1
3 11
261 -15
-97 -12
-1307 7
1098 3
-340 -18
1032 6
191 -14
-201 30
-795 -15
100 23
50 8
297 -10
268 19
-173 -3
39 3
-151 -4
-370 -7
77 4
-71 24
157 11
174 -14
103 3
-87 3
-112 22
557 -2
-489 -1
6 7
23 -50
949 14
-138 2
-193 4
196 -40
13 41
433 6
-167 12
-533 4
796 -2
-136 23
485 12
-279 -55
334 12
-396 -17
74 9
471 -15
-302 -16
180 -3
-489 0
100 19
201 1
-102 0
185 -9
-68 0
489 44
37 9
238 9
-196 -14
-156 -5
-288 0
307 39
-138 14
1203 21
15 -11
-414 -20
269 2
119 11
513 18
-464 -13
-61 -8
-245 2
73 -24
6 17
-66 9
-152 7
1111 -2
32 0
-227 5
100 14
-53 5
290 -12
-453 -21
-93 -2
551 24
425 -11
38 -13
554 4
349 -4
-66 -19
-201 -8
167 8
-412 5
168 12
634 -4
-265 11
-88 -18
-349 -2
-158 11
422 15
146 32
287 -20
205 15
-102 -27
-424 38
99 3
-216 -19
221 1
73 16
-428 -11
1534 18
-292 -13
-93 24
-299 2
308 28
-10 6
81 9
-511 -1
-160 11
966 -4
122 -13
177 -6
433 41
-363 51
-36 18
307 -5
-198 -3
157 -11
321 0
-803 20
-46 25
-124 -11
491 0
-81 31
319 5
-103 -36
421 2
-140 0
-284 15
14 21
-224 -11
-204 24
655 -27
-256 14
695 -18
-657 39
97 -5
-60 4
511 9
167 8
369 25
-776 5
265 -33
509 0
180 14
8 12
301 -36
-622 -14
279 -34
-191 44
-396 32
462 -9
-337 6
488 -7
-479 41
126 6
395 -8
56 -19
103 -15
-194 -21
226 -32
-547 -7
610 19
461 22
75 33
-572 -1
-239 -30
-66 -22
696 -52
286 27
-260 49
-88 -3
248 23
-76 12
172 -8
-258 -28
628 5
-453 41
-265 0
-158 -8
134 25
-184 -19
1602 -19
-1042 -4
-76 9
514 22
151 40
1044 25
-856 -40
-109 -7
77 43
395 18
-15 -91
-83 22
102 41
476 -12
-368 -33
39 7
-58 35
-517 51
608 -31
352 0
-537 -46
-156 -11
501 15
213 57
-86 -1
1607 -47
-883 -9
-302 22
812 -47
113 45
719 32
39 -10
-572 -19
-161 36
151 -14
170 -62
-180 7
302 16
-11 35
-357 -19
362 17
83 5
63 -17
-79 4
676 23
-444 61
516 -17
-350 -28
1029 -21
313 28
-949 20
1383 -2
-68 36
28 -33
271 -18
-1129 -25
507 38
850 3
-562 -24
13 -7
259 30
-336 -1
348 -20
441 26
486 85
-314 -78
-673 -12
449 22
-228 13
-289 0
608 -25
735 11
-469 -14
-62 3
1 21
13 44
111 -37
-192 6
272 19
51 -87
301 34
-607 37
-184 -12
313 5
-352 -10
1117 -6
-336 14
375 11
-303 27
-396 3
847 -15
-293 -55
863 -7
-1019 9
-485 9
1361 35
-395 -16
124 -24
139 66
-299 -26
38 -35
1617 48
277 4
-1613 -13
532 -9
814 -16
-939 13
-692 24
1649 0
-79 33
-826 6
855 -6
-2 -9
685 -18
-95 8
-24 32
-771 -22
500 -30
542 13
-34 -25
-709 1
-641 -25
587 23
407 13
196 -5
-1090 1
1505 -8
-941 9
438 -15
494 2
221 -2
-712 15
56 -24
346 -19
367 -4
-1613 23
1649 35
-316 3
223 -21
-10 -73
308 48
-605 5
96 31
1081 0
-313 -32
-234 16
-139 -10
-86 -26
231 -38
312 41
345 24
917 0
-1031 -31
171 -1
33 -14
752 9
-1164 -19
321 1
-292 41
323 0
-178 -10
-103 20
765 32
-193 -30
-613 -18
565 32
174 -10
-135 -10
249 -13
-409 -44
75 11
212 42
342 -35
491 -42
-39 -5
-108 11
-763 2
675 19
-54 17
-32 7
-511 -3
67 18
-630 -17
178 -1
644 26
420 18
-154 -4
280 -15
262 18
-622 -6
735 4
-428 -6
213 14
590 -10
180 5
-189 13
217 -4
336 17
-1207 -3
259 0
297 46
-14 -26
-197 -13
62 26
913 11
-1071 -1
412 4
322 -8
-22 0
110 13
101 -3
-330 -26
76 41
-914 -12
745 0
935 7
-87 -20
-175 27
31 -3
801 15
-26 -9
67 -37
-440 7
360 -10
82 4
-122 9
-43 1
41 28
43 -2
600 -54
-421 14
650 47
-533 22
-8 -9
91 -37
-289 -6
287 20
467 4
270 -20
616 -7
35 -3
-243 45
133 23
233 -6
145 -16
4 -41
57 6
11 43
-427 34
181 -15
-72 -35
691 -15
24 8
-43 6
301 29
-622 0
-128 -19
171 -44
-242 17
365 59
-219 0
903 -72
-670 11
951 25
155 -9
-317 3
-517 -26
361 -38
131 23
-127 15
292 0
399 -28
-391 15
75 28
-200 -25
-121 -23
776 -5
-387 21
-200 -1
447 37
82 -21
-210 -54
229 -9
52 48
373 32
34 -2
125 -4
-511 -4
779 -12
-92 19
-160 -3
393 -25
-187 24
-80 -26
497 -4
-181 1
-66 -2
775 -40
-184 17
-290 -9
-233 8
352 -51
624 1
-260 16
-65 36
-87 -20
149 -52
306 26
100 29
-288 14
608 -29
-86 -8
-350 4
349 -12
35 27
202 -12
-28 4
265 24
555 31
-533 -22
125 7
-487 45
1269 -15
-317 -7
-140 4
-81 -45
38 3
-326 47
796 -7
193 9
-218 -11
-129 26
-127 -6
191 9
-45 -41
524 0
-414 9
366 53
54 -3
333 -20
-229 -11
-515 17
311 4
-788 5
594 24
315 18
193 -16
-692 -7
671 -6
-339 -7
444 9
130 -17
-831 31
1185 -12
-385 4
-64 -40
-1018 1
950 7
-95 5
424 51
-185 -38
277 -17
-820 11
1430 -12
-1613 -1
1649 27
1075 9
-1613 -7
-972 -25
1649 20
-1613 -22
1649 29
-780 -24
-1613 -3
922 27
-702 -17
1471 6
356 -31
93 3
-1613 6
1137 -15
-304 -11
430 27
2 -2
-806 -40
515 11
-218 5
-85 18
-131 -13
760 13
-1320 12
606 12
-547 -17
137 -13
335 35
666 24
-613 -36
334 6
0 37
-133 -6
281 29
-94 51
116 -38
43 -7
-839 19
885 12
286 -26
-191 -34
-172 2
793 45
-134 -7
73 -37
-153 -31
178 26
557 -8
-402 31
-400 27
412 -11
513 3
-46 8
212 5
-306 26
-94 7
-54 -13
-203 -2
638 32
-74 -18
-676 -7
-48 25
-6 5
404 -17
378 11
975 23
-95 -8
-1345 -20
418 19
1358 21
-84 -15
-553 9
-524 -4
487 -4
431 -11
-121 0
-206 -13
-66 12
-477 -16
499 -19
-207 -34
1445 3
508 -25
-813 -14
111 2
-213 20
286 2
614 15
-528 -18
606 -3
-75 5
405 -53
-68 20
284 -1
-92 -7
2 -31
500 -2
181 42
-34 -1
-196 -4
-61 19
7 7
326 0
803 0
-193 -21
-321 -26
308 47
-808 -1
653 11
555 -34
222 24
0 16
-251 34
-38 3
-475 8
913 1
-252 5
406 25
-92 25
-297 -50
77 0
147 22
-120 17
34 -28
650 -23
-202 26
142 -10
-819 -20
225 -4
54 35
421 35
281 21
-293 -31
241 -28
-356 -11
50 1
-27 7
403 0
145 -3
489 -4
-415 30
-256 -15
125 -23
-272 -10
802 -18
38 -14
80 21
622 39
-135 8
253 -11
378 -8
-108 17
437 -2
-291 -15
-43 6
-13 -24
-271 13
227 -2
529 -7
295 14
129 37
-356 0
-165 0
880 -6
-427 27
-247 13
491 -22
-234 5
-116 -28
144 1
-48 0
131 -4
590 4
446 3
-218 12
-290 -24
-304 -9
146 35
-168 0
225 6
34 19
-501 -31
697 -5
-232 -6
-303 23
44 -7
81 -14
50 -8
550 0
-268 16
-223 7
-716 -7
514 -11
455 0
74 -30
-113 -5
315 -9
-369 4
707 33
37 -32
92 -2
32 33
-169 18
-141 -19
478 11
128 -19
252 -19
8 8
-330 -13
-448 31
-364 0
977 -21
847 -10
160 8
-108 2
-105 11
13 7
-173 0
90 -13
193 0
255 -5
-353 37
-684 -35
647 26
162 -18
437 15
-131 -43
116 -20
-508 2
852 -8
-210 -17
100 2
131 2
-562 8
92 -26
822 51
-153 -5
-6 -8
9 2
-184 35
-120 -4
-227 -30
272 3
38 -15
273 49
-73 -14
-331 -1
-183 0
998 24
436 13
-48 30
519 12
231 -14
-98 5
-398 11
734 -17
270 3
-95 -11
396 -1
-253 37
-356 1
-44 9
237 -21
50 -3
168 -20
139 0
11 19
318 -1
110 -8
-38 7
122 31
-677 0
257 -22
454 1
-195 53
752 31
-352 -8
417 -3
-61 0
-523 -14
571 8
56 -9
232 -18
66 -2
-7 0
-168 -10
-299 -3
912 7
640 -12
-306 26
-174 0
-355 16
202 -9
571 17
421 4
-287 5
-458 -30
115 -11
333 11
107 8
395 -8
-181 2
-62 5
-307 29
-44 -25
184 -4
563 11
460 -24
-765 16
923 -15
87 7
-152 15
264 -4
-201 -13
-648 4
1046 13
424 -13
-596 0
26 -1
-260 -31
-107 22
1649 -1
-149 27
-225 -15
-80 -18
175 -13
-122 -9
189 -2
264 36
-406 6
453 -18
317 -9
-629 7
538 19
101 -34
380 -15
-313 16
373 20
26 0
-179 -6
498 4
-434 -28
68 26
94 19
-213 -7
170 42
176 -4
-99 26
-50 -25
544 -29
198 0
333 23
-393 9
236 3
-477 41
-33 -13
202 -35
-188 13
536 -28
-99 22
645 1
213 -20
-119 30
-460 15
44 17
310 -5
40 22
-250 -7
233 -15
-603 -16
233 0
400 30
456 -27
301 -2
-121 13
-169 -12
-294 29
207 -8
615 -7
-136 -18
169 18
143 9
12 -43
-45 -14
395 8
357 13
-274 0
-307 3
399 -19
-341 47
184 -13
714 15
11 -11
-412 1
723 -46
46 3
-649 34
344 31
102 -30
-36 -12
-112 -6
-119 15
1273 31
-1613 28
248 -2
49 -2
872 15
664 11
-1249 2
-77 -26
711 -8
613 11
-2 0
-203 2
-139 65
-28 24
285 -49
-146 24
-30 6
736 -6
-394 0
-468 -22
85 24
290 -33
-555 -26
729 -7
351 47
59 3
84 -21
-230 -13
-37 -20
176 -4
325 12
-217 4
-53 28
158 -2
566 24
-943 -23
1130 9
357 8
-100 -4
206 -4
-189 -20
271 15
215 -34
-394 24
662 17
-427 12
-445 24
1474 -52
-153 -41
102 25
12 44
-171 29
-158 -31
244 -31
-469 38
308 52
-381 -12
110 -16
482 -34
46 25
300 -7
-587 -46
252 32
151 30
186 -27
-375 19
363 8
-129 3
-617 -2
-554 34
1200 -27
618 29
-359 3
-142 8
426 5
276 -64
294 4
-600 50
-604 12
171 -18
56 -64
-98 0
861 8
-142 29
-789 6
-211 -15
640 -22
1165 18
919 12
640 44
-636 -46
-168 -7
-262 14
-122 16
-400 -35
200 14
129 -7
-147 -74
106 26
-1323 28
71 7
1338 8
171 0
-347 -6
-183 -6
759 5
-78 1
-245 -23
31 21
214 24
-13 -2
556 13
-271 5
474 -24
523 -30
-741 14
-550 17
1151 17
-243 -35
-193 28
-236 18
907 -4
144 -19
43 5
-520 20
316 -21
-315 14
-693 30
1201 14
49 22
69 -1
262 -9
-587 0
-95 31
686 1
-716 6
838 -14
300 2
-203 -46
237 3
-250 23
-245 -17
67 -41
436 27
231 3
-141 -18
-1613 -4
1117 -12
-202 -2
186 30
289 -12
-66 -29
653 46
-282 15
322 -35
-561 -6
-479 21
926 13
160 -11
-503 2
-89 32
-304 -2
663 -24
-605 3
-455 -27
539 -14
852 20
616 12
-466 -5
-533 6
789 -1
-184 37
369 23
-689 3
-102 -2
895 20
-441 -21
586 -2
155 13
-165 -6
-505 -39
-100 23
276 30
-355 -16
391 3
113 52
-770 -74
-792 6
1538 18
642 6
95 -36
192 -4
-123 -1
-371 2
-561 -26
-555 4
1223 12
-323 14
-298 19
-364 6
-528 -26
41 4
1032 16
90 21
-822 -41
-895 -18
1591 9
316 36
-840 -3
271 -19
-60 -14
-548 47
-23 -14
284 11
244 -7
-32 -11
328 12
-594 -10
469 4
-156 25
512 -16
-31 14
-614 -24
303 25
142 6
-321 12
-16 -12
551 5
-501 -36
2 53
-72 -14
561 -8
-3 23
271 6
57 -10
-11 2
96 16
219 17
188 -3
-186 13
-309 12
203 3
7 -7
226 27
763 -15
308 19
362 2
-233 -10
-1183 0
645 12
192 22
-103 13
-216 4
158 -27
150 -13
290 22
-64 31
348 -29
88 8
-89 24
-160 41
125 -17
-415 -23
-81 -26
304 29
261 -12
-10 6
78 1
278 -27
-410 1
-831 16
546 5
907 -9
606 -17
-850 12
-113 27
542 29
65 -7
-104 -1
620 29
254 20
-700 3
-36 -45
1119 6
-185 56
-396 16
643 -2
-72 -34
74 8
-198 -20
-209 -4
-132 9
291 -6
881 -15
-383 0
0 40
-214 -42
452 25
-278 -9
70 12
-10 29
-407 -4
677 15
96 5
179 -13
49 -1
21 12
-45 5
826 -16
389 -1
-108 13
270 33
502 4
-18 -14
-218 25
713 -9
-277 9
-359 -38
116 9
-240 3
334 -41
-496 16
158 22
-171 29
218 -1
380 -18
192 26
-117 20
-35 -17
-536 -7
270 44
498 -23
138 -37
-272 -27
298 25
302 28
1058 -17
-1011 -8
-215 19
-497 56
1649 -30
550 -11
-730 8
105 0
-398 15
-272 15
259 1
-289 1
136 12
-732 0
429 -5
1115 28
-489 12
405 20
419 45
58 0
-301 -42
381 43
-70 0
574 9
-377 -27
1 -6
73 26
-340 31
421 1
-168 -11
322 -24
-168 19
-126 1
259 20
679 16
20 -33
-393 -18
940 15
-634 16
347 -8
-41 -3
-158 -6
322 -16
142 11
204 -1
139 0
25 19
-56 -8
-265 1
-720 37
881 9
1047 -7
-119 -57
-140 24
-689 35
184 -2
1109 -8
-265 -13
44 30
-393 4
-313 -39
492 5
-695 3
-23 -9
258 -6
93 8
483 0
250 5
-356 28
-659 -17
759 29
-541 -4
901 4
-203 -31
325 -43
-558 -3
343 11
364 -6
498 -18
-884 1
138 26
81 -27
-30 -5
68 -4
75 -8
-84 -1
-688 16
761 26
52 -34
337 30
1221 -16
-531 -18
-802 20
1126 31
27 -3
12 -41
-515 8
17 39
29 -10
353 33
197 -10
507 -18
227 6
-286 33
-146 14
-603 -44
1449 38
-406 17
-339 -2
-36 -27
-84 -17
209 1
-240 -10
42 -6
249 -18
146 13
113 23
-288 0
78 -14
114 0
489 0
493 -24
-653 -2
677 7
-735 -2
-79 -5
801 7
-105 -23
127 15
-318 40
629 -11
348 -44
136 48
-137 8
-70 18
113 -7
-8 27
-703 1
727 16
-418 -5
297 -9
-25 8
151 -38
-288 1
1098 -24
431 -4
-15 40
-277 15
-382 7
242 -32
92 34
461 -7
-17 19
-221 8
-267 1
-123 -50
423 7
-292 -20
-33 -4
380 -1
-32 -16
-127 -3
14 14
-31 -13
639 -8
118 3
-118 15
201 0
509 -23
-190 0
-368 24
247 18
-190 -5
-97 8
39 1
303 20
651 -23
-192 0
-521 -8
69 -11
824 -18
-105 -1
-305 11
-864 -21
753 7
391 -21
601 -6
-659 -4
400 14
109 -29
140 6
-379 14
-493 7
851 6
-50 31
81 14
-29 -32
-771 -12
902 18
195 3
-135 27
33 -36
442 -17
164 67
-271 -3
-504 16
40 0
659 0
-300 -27
357 -6
476 4
482 -26
-582 35
-330 29
226 -9
68 -19
517 12
223 -37
444 22
-454 35
-294 1
297 -30
188 -6
961 5
-53 15
-577 -3
303 14
377 0
-141 12
-188 -45
-15 -22
-91 -2
385 35
38 -6
355 -3
125 -10
207 -18
255 25
-471 0
428 7
87 1
512 -14
-598 13
-66 2
256 24
7 22
-249 5
-129 -34
277 11
1308 -3
-309 26
-721 -7
1453 -7
-367 4
-127 4
-66 -27
177 40
-401 44
345 9
503 -24
28 19
-89 13
185 17
-162 16
-288 6
636 -20
18 -10
486 4
-380 11
-346 28
79 14
260 -32
336 -11
-149 1
-2 -3
-749 4
-8 29
472 13
-40 -20
-265 -13
210 -20
-81 30
410 46
-487 -23
-458 -10
116 -7
1233 19
401 -2
8 31
17 -32
-205 -13
111 26
55 -17
875 0
-507 49
-471 -18
87 8
8 20
284 -18
59 4
13 12
670 1
414 9
-292 23
