5 14
78 -17
15 -15
26 9
31 -44
-28 -6
-77 24
-102 -10
-123 -28
-163 26
1 -2
167 11
120 -11
197 0
128 -19
38 -10
-144 -18
-159 3
-117 3
-100 -2
-132 -15
-52 -10
45 -4
8 -2
56 -35
110 1
-20 8
-27 5
-1 -11
3 0
43 6
36 -33
-129 -1
-124 -27
130 0
131 30
12 15
-8 -21
6 -38
-44 27
-197 -4
-130 -7
-21 11
-11 -7
42 -2
47 -15
-39 -4
21 -4
-86 21
-164 0
-73 33
53 -16
165 -32
148 -24
-95 -24
-85 -14
-121 -17
11 -3
-78 -10
-101 34
14 1
173 42
144 -31
16 -26
0 -12
-128 23
11 -13
57 1
31 -7
-180 -18
-187 -4
-125 11
8 -7
108 -16
88 -14
55 3
-100 -5
40 -23
221 -4
-27 9
-29 5
-38 -2
-39 30
5 1
-102 -66
-159 -5
-20 6
169 15
37 27
36 -8
-79 3
-124 24
-127 3
2 -33
122 -41
90 -22
-95 35
-118 21
-209 -41
-53 -94
222 -4
272 26
-96 29
-130 16
42 8
104 -11
-37 -11
-191 -14
-139 -14
22 -20
91 1
145 7
-1 2
-150 -2
-144 -19
-98 -9
30 3
135 7
138 -15
-52 -69
-158 -8
-46 37
2 13
42 -10
-48 -13
23 7
24 37
-44 -16
-9 -56
28 25
15 -14
-27 -6
53 14
135 -25
-15 -53
-112 -16
-130 4
-178 39
68 31
175 -1
-19 -4
-122 -26
-59 -71
2 -19
60 30
-47 32
-95 6
-127 4
-194 -22
67 -28
95 -18
0 -7
-46 25
-95 13
-20 11
2 -9
0 -8
-54 -43
-14 -8
17 8
-50 1
-68 3
-74 15
-55 -33
-8 -6
-16 -7
-66 -20
100 6
23 1
-122 -14
-79 -34
23 12
83 -5
-68 -15
-167 -16
30 -4
37 0
-125 14
-124 17
-290 15
242 -13
565 -9
112 18
-270 -61
-237 -31
-70 0
-54 26
-112 15
-135 -29
-145 -10
37 -9
142 34
-210 39
-321 -8
-22 -89
171 2
292 36
159 -6
-155 0
-177 -45
-149 -28
3 15
-110 60
-106 11
-132 12
-19 5
-74 -21
-154 -13
249 -20
217 -71
-9 25
-237 32
-93 -13
205 -9
-21 4
-54 -17
64 1
-160 7
-117 20
-18 11
-52 43
0 -20
7 -66
-29 -94
-94 11
13 35
97 -147
100 -34
-85 32
-80 33
57 -27
-7 -31
-133 -29
-146 -20
61 49
36 29
-50 58
0 4
-38 -60
-103 -75
-86 -23
-145 25
239 26
179 3
-96 24
-149 -15
9 20
107 16
-29 -47
-40 15
-83 -89
-72 4
-74 35
-129 3
-195 -39
-32 1
65 -44
98 -2
113 3
-5 -6
-266 8
-92 -36
241 -5
39 0
-168 -13
15 -10
-95 23
-33 48
-19 29
-156 -16
-36 5
358 -12
-133 -5
-73 -8
-31 2
-106 -22
-131 14
245 -19
68 -5
-54 -2
-161 0
-255 -3
15 -18
203 -23
66 -1
-97 4
-124 -11
-84 16
-24 3
-26 -10
16 -39
59 -52
-146 45
-28 -7
96 -25
-28 16
-142 -6
-3 -31
-16 34
-148 26
-132 -1
-34 0
-118 -6
348 -35
87 -15
-134 -53
-152 21
-174 37
54 -36
184 -2
-112 15
-135 15
49 -19
16 3
-44 -17
-117 25
23 5
-46 -21
27 -6
-116 1
25 5
-97 -15
-205 -31
-52 -13
179 -8
151 28
54 25
-114 -10
-197 -34
-182 -15
223 25
69 0
-56 -75
-153 13
-126 60
115 37
59 0
13 -29
0 -163
-17 -69
-127 100
-32 79
-17 -14
-44 -41
-179 22
-41 -11
225 -27
35 -9
-159 -9
-147 52
-17 11
28 -55
-29 -18
3 -59
24 15
-19 8
-60 36
-91 46
-165 -4
78 23
11 27
61 12
-62 -36
-30 -24
-68 2
-99 -3
-43 -54
-73 4
35 24
119 5
-52 -7
-96 -8
-37 0
-247 -26
-52 51
184 47
-11 -32
-117 -85
-39 -13
21 6
-74 -12
-106 -5
-185 -27
-90 -17
241 21
31 0
-51 41
-30 30
-88 30
15 -53
89 -25
-55 -20
-68 35
-86 25
-46 -17
-96 -5
8 -23
20 -21
-45 -4
-158 -1
82 0
188 9
-6 -12
-99 -2
-105 -4
-64 -11
-99 -46
69 -30
72 39
-44 24
-148 37
-57 51
-37 -45
-140 -40
56 -131
-112 9
-192 88
143 28
51 -35
-65 -36
-60 -6
41 -6
-85 15
32 34
-54 35
-24 25
66 25
-67 -35
-88 -74
37 -24
-26 12
-22 30
-175 3
34 -12
169 15
74 -7
34 -40
-96 -59
-62 -39
55 33
-64 78
-21 5
-123 -43
-107 -157
-46 -3
71 78
18 71
-16 -27
80 -27
-63 1
-51 37
11 -2
-81 -27
34 9
60 28
-74 -15
-82 -25
-159 -14
11 -31
-25 -18
145 12
-50 0
-12 40
14 22
-51 -17
-98 -35
41 -11
-20 18
-36 -11
-10 -5
-111 -116
16 -16
36 48
-110 5
-27 -18
-18 -20
68 -3
74 39
35 42
-54 4
-118 -21
-174 -19
73 -21
66 -15
-38 -16
-38 -20
-14 4
-86 34
-20 -35
58 -21
-16 -27
-126 2
-153 22
199 -23
137 0
-52 -3
-47 6
-185 -142
-53 22
37 36
82 38
16 -22
-83 -11
-71 -9
-14 -2
-59 -15
24 0
1 39
5 66
-124 46
-71 -25
56 -130
68 -126
-45 19
-58 33
6 53
71 -6
-20 -32
-79 -14
-29 41
-15 19
-19 13
-28 -6
-3 3
16 -3
-54 -13
-36 -22
-101 -53
62 -15
15 39
-13 15
-25 21
58 16
-159 -6
105 8
66 -54
-21 -33
-86 -60
-98 8
-34 7
15 -18
-74 -25
-250 9
-129 22
368 20
136 -54
-58 27
-105 9
-79 -10
-90 -22
14 -47
-6 -23
-117 -12
-200 33
135 31
6 0
-107 -10
-214 -15
198 -9
137 9
-18 30
-129 -5
-91 -61
57 -46
-76 -5
-63 13
-42 30
-82 12
-53 -20
86 -38
39 -6
-96 5
-69 21
-159 0
-204 -22
220 5
174 17
-11 34
-138 -3
-104 -13
-33 15
0 -26
29 -36
0 -60
-93 -54
-135 40
-78 29
124 -5
88 4
-94 9
-41 17
-10 3
-90 -9
-27 -39
48 21
-156 -6
37 -50
58 -38
-152 29
116 27
156 -7
-44 2
-62 25
-56 -37
6 -4
-13 -21
-58 -5
-22 -18
-130 4
57 -5
46 3
-92 16
-69 -7
-25 11
83 -4
-21 -22
-53 -33
-66 -25
61 33
-89 36
-71 13
-51 -39
92 -88
-37 32
-68 46
-68 -21
-65 -12
101 0
240 -1
-60 -1
-112 11
15 -2
30 -26
-106 -32
-54 13
34 12
9 15
-30 -2
-62 -44
-43 -41
11 0
-22 7
-46 5
-44 24
-59 12
71 -42
-24 -24
19 38
-32 9
0 -20
-9 3
-53 5
-64 -8
59 -31
100 -4
-90 -16
-56 17
-49 -7
-4 3
0 13
88 8
-20 4
-37 -13
-132 -10
-273 18
29 -6
42 -57
43 -58
-48 32
44 20
-90 16
-92 -28
-20 -17
24 -3
92 28
-1 45
-98 -42
-40 -63
-68 20
60 32
43 -23
-49 -34
-58 24
-36 3
-60 1
-150 -38
32 11
52 7
-124 -47
3 -17
211 16
13 -5
-101 44
-67 25
-18 -26
-31 -34
13 -90
-59 27
-92 35
-38 -18
-6 -9
-1 3
20 -14
-138 22
-61 19
171 34
148 -47
-94 -31
-124 -26
-46 -15
5 -17
-4 1
92 30
-64 7
-108 -4
-257 -29
0 -8
199 -2
-32 -2
-22 4
-36 -19
-23 -30
-55 -31
30 0
-16 9
17 11
-51 3
-126 -2
-81 -36
-62 -14
109 25
76 9
-17 -16
-92 -33
-68 12
-36 4
8 32
-88 -39
-91 -76
53 -20
14 -1
-77 5
-83 12
33 18
89 16
33 18
-50 -20
19 -39
-14 0
-92 -1
-128 7
13 9
-22 3
-47 -6
-23 -51
-40 -46
-97 3
-40 29
-5 -23
57 -10
-37 23
-46 0
89 -6
-82 -11
-58 31
0 3
118 -5
26 -17
-12 -41
-53 -19
-47 -7
-4 -17
-105 -55
73 1
139 1
-91 -22
-102 -12
-34 1
-52 17
-3 -8
119 24
2 1
-61 -4
-41 16
-41 -40
-20 -37
29 -30
-31 25
-19 -3
-21 -28
-44 -21
-20 17
22 42
-51 -8
41 -7
77 -31
46 -13
-7 9
-24 11
5 -31
-50 3
-51 -39
2 -55
-5 -49
4 -3
-89 48
-97 4
39 -21
199 -11
65 -13
-100 3
-75 20
3 26
-18 -32
-76 -30
-27 21
16 11
-52 5
54 -38
51 -26
4 28
91 4
-46 7
-53 5
44 -2
-11 -13
38 -15
4 -4
-137 0
-154 -20
109 -8
158 -6
-18 1
7 -13
2 -15
-74 -39
-43 -36
7 -10
-38 17
-41 38
-150 15
42 8
237 -8
70 -33
-66 -68
-17 37
56 20
-27 -8
-37 2
-61 22
-278 -3
128 0
61 -12
-77 -11
47 -11
47 -10
-89 -21
-83 7
62 6
217 3
2 -15
-61 -7
-92 -3
-56 24
-27 36
13 -28
48 -73
151 -52
-73 8
-23 14
-85 4
-26 -41
59 8
92 39
-1 19
-30 17
-39 9
-4 32
-56 2
7 -44
94 -71
0 0
-53 9
-83 36
178 -30
121 -35
-98 -53
-111 22
-19 48
12 32
-4 -3
30 -37
81 -5
44 -16
7 -9
-27 2
8 -28
-14 0
-16 39
-60 25
-53 -22
39 -116
63 -34
27 63
-2 23
45 -6
71 -29
13 -2
-52 -4
-62 3
18 13
-80 19
-77 -32
-90 37
81 30
52 0
-45 -23
-93 -13
-34 35
18 24
72 -23
63 -49
-22 -3
-59 0
-72 -8
-19 11
31 -6
3 -18
-76 5
-53 2
-24 -1
79 15
68 1
-22 6
-4 -17
-19 -32
-69 -12
-36 -21
8 -1
-5 53
42 29
22 -3
-42 -60
-56 -15
-101 18
-36 -5
202 -11
62 -17
-47 7
-27 -6
-37 6
-12 6
-40 26
24 -22
-32 4
-44 -4
51 -2
24 3
32 2
-27 17
-61 -12
-144 -11
44 -13
150 -32
-8 5
-97 -19
-22 -31
0 6
-13 6
-50 -7
-17 -6
31 -12
49 15
-84 -3
-29 -27
-49 -25
-48 -17
-17 21
11 4
-135 41
-56 6
135 -38
189 9
-43 -17
-58 -24
-6 -17
38 8
-12 6
-6 1
-52 -2
-14 -26
-31 -8
-33 6
4 9
-2 -9
-36 -14
30 14
12 9
-11 -42
-72 -81
68 -14
24 50
-58 5
-51 -21
100 -14
-19 23
-27 12
0 1
30 -36
-5 2
-33 21
71 -8
86 -32
-19 -40
-59 -8
-40 12
24 42
58 30
14 8
-21 -46
-5 -72
25 -45
49 14
-39 18
-23 -15
23 4
14 -16
-100 -8
-50 0
260 6
49 22
-126 -1
-51 -14
1 -25
65 -4
-110 -8
14 -16
-34 4
-56 8
-18 -3
-18 21
-8 -8
73 -17
-71 -44
-17 -2
129 -6
-36 16
-19 1
-37 -4
-29 12
-79 34
69 28
133 -39
9 -18
-71 4
-10 15
-35 -6
-55 -39
-12 4
5 -4
1 -6
36 -14
-2 2
0 2
-39 17
-42 -11
25 8
19 -3
18 -20
-89 -10
-6 0
-9 -11
36 17
19 -24
35 -7
-6 24
-18 18
-87 5
-61 5
91 -10
-43 0
63 -40
128 -33
-55 -13
-16 2
14 0
-48 -13
-53 20
-15 -6
5 13
-101 21
-6 7
118 15
-6 39
13 -41
60 -10
65 -69
-66 -40
-61 24
-64 23
55 6
-77 -15
-78 -13
-62 -25
0 21
15 5
-74 12
-35 6
13 -34
-6 -14
-42 0
-9 0
-49 6
-26 5
-26 -27
95 -43
134 -33
-82 14
-183 25
16 0
207 -39
19 -5
-66 41
-72 29
-4 -2
35 -18
-23 3
-34 -7
-10 2
-92 -61
-59 -44
-19 -3
116 8
68 6
-96 14
6 -1
32 -27
-3 -11
-63 -15
20 -9
79 -7
-68 16
-52 4
18 -14
-20 -14
-13 0
19 -19
4 -2
-42 -19
-51 -19
-43 -14
-12 -4
24 -17
5 -36
63 -51
-35 -33
-25 2
50 -2
-32 6
-40 -22
-44 -27
-16 -3
76 9
19 0
-19 -13
9 -34
-44 -28
-5 -3
8 12
20 -16
4 -40
-125 -11
-60 -48
-54 -17
63 2
84 -24
73 -28
29 -7
-30 -2
-46 -23
0 -37
3 -34
-22 -13
7 -2
47 -17
-61 -34
-47 -55
-27 -16
53 4
-22 -16
-11 -25
-46 -29
-87 -14
32 2
-4 -10
30 -22
66 -67
33 -25
25 11
-58 -22
26 -3
-9 -38
1 -9
-81 -14
15 -3
38 -25
-1 -25
-34 -23
35 -17
-16 -22
28 -33
28 -33
35 0
-43 -9
-86 -20
-63 -57
69 1
-38 -11
-51 -4
-10 1
-80 -7
-17 -4
83 -39
32 -16
80 -20
-96 12
-76 -5
-27 -47
71 -32
5 -6
-87 -31
-142 -28
126 -47
197 -4
-24 -11
-76 16
-31 -23
37 -1
-5 -18
16 -21
-8 -62
-109 -62
-29 -11
1 -16
-8 12
62 -13
42 -19
-18 -19
-6 -15
8 7
-3 -7
-62 2
-39 -8
-36 -37
106 -39
45 -41
-17 -1
-28 -40
-32 -5
83 -7
31 3
36 -19
-55 -29
-40 -16
26 -25
-8 -31
0 -46
66 16
-39 -23
-1 -14
-51 -35
-22 -6
52 -17
75 -29
-12 -16
-89 -38
-190 -20
123 -9
263 -42
-22 1
-85 7
-9 -33
2 -23
-1 -21
24 -22
4 -5
46 -8
32 -27
-25 -1
61 -6
-125 -37
-67 -27
71 4
57 -12
31 3
-17 -26
-20 -1
78 -4
36 -21
-19 -27
-18 -44
33 12
34 -5
-29 -10
-10 -1
53 -34
35 -64
-22 -35
-55 -29
1 4
78 -3
-23 -2
-98 -28
69 -3
150 -37
9 12
-26 -8
-4 -40
69 -13
-55 -9
2 -23
22 -25
-1 -27
-2 -17
9 -6
-68 -33
41 8
39 20
11 -56
64 -38
53 -1
-56 -43
-24 -49
3 -4
-58 -38
-26 0
42 -11
142 -3
90 7
-39 -14
-73 -8
-41 -31
52 -9
5 -7
-14 -31
-100 -34
-57 -19
119 -36
0 -18
-21 -4
22 -26
35 -6
-8 -28
-87 -20
-21 35
130 -21
108 -26
-32 -71
-57 -15
-15 -32
58 -16
44 -10
-5 -10
-7 -21
-66 7
-74 -31
17 -17
122 -23
76 0
17 -9
-9 -14
30 -23
16 -56
-13 -6
-117 -13
-40 -9
114 -20
95 -9
-30 3
44 -4
103 -23
1 -45
-7 -68
-19 -11
-206 -5
66 2
221 5
-64 -11
-97 -33
16 -16
108 -21
92 19
32 4
-11 -35
-103 -36
-22 -25
74 -10
9 4
0 -42
-15 -25
52 -4
57 -22
-24 -44
-37 -17
-22 13
98 -25
-58 -20
-118 -7
112 -38
179 -18
-29 -21
-125 -14
-20 -6
101 -7
48 -13
62 -40
-96 -14
-42 -31
74 -36
-25 19
43 17
-48 -16
-16 12
-8 -4
149 -68
26 -73
3 -27
-7 -15
-17 2
-104 -17
1 -21
182 -48
8 -25
-7 -24
-108 22
1 0
34 14
0 17
-47 -22
42 -45
52 -69
-22 18
-67 31
-8 -10
29 20
65 26
28 -12
-64 -30
-68 -16
26 -3
144 -27
-99 -8
13 8
75 4
70 12
1 23
-74 -3
-24 -36
38 -13
-3 24
-44 0
12 6
-65 -36
-139 12
127 5
201 6
51 -37
-72 13
-117 3
117 19
93 -19
-85 -13
29 -6
-15 -20
-128 -34
-52 17
324 18
132 1
-63 16
-56 -3
7 -40
45 3
3 9
-17 0
-18 8
-62 -23
-53 -56
-19 -59
-7 6
-49 62
63 13
78 -30
-43 -49
-49 -14
92 3
74 22
9 0
66 14
-23 -18
28 -42
-90 -25
-75 3
51 -31
51 -8
-114 0
112 31
11 16
-57 7
-33 -12
138 -28
-5 23
-50 2
49 -13
23 3
-5 -39
-97 -47
-122 -43
114 13
122 -7
-92 36
-23 5
111 7
64 -1
21 6
-87 -31
-34 -28
4 -32
52 8
-22 25
-40 15
78 5
-34 -7
-56 -10
1 -18
-64 -10
166 -14
182 17
-92 11
-22 13
-57 7
86 -29
42 -3
-22 -13
-22 -6
0 7
-13 16
-41 -5
-2 -9
-23 -5
43 -31
-16 -15
70 14
57 1
-22 -9
-118 -20
-34 -19
162 11
21 35
-1 -4
-30 -1
-51 -39
15 -4
29 -5
15 42
27 5
91 -37
-1 -6
-75 -21
-146 14
-45 40
59 -22
100 -22
15 -32
87 -39
-74 34
-73 20
-51 0
6 -20
26 -20
6 -8
-56 -16
-96 0
-1 36
0 0
154 -11
-16 -10
-23 6
-47 -14
94 0
74 7
-61 -3
-71 -5
-29 -18
-43 -9
-81 9
84 3
-83 -31
90 -41
78 39
62 29
-79 -9
-52 -26
54 -9
62 -25
-16 12
-8 1
-109 6
59 22
41 -11
-135 -28
-312 9
80 1
398 -5
142 -8
-11 -25
-159 -10
-43 20
2 -2
-20 -20
-37 -17
-16 -15
-23 -43
-122 -26
-137 18
28 65
152 -3
26 -30
-54 -9
22 0
27 -4
-35 8
-69 20
-2 7
45 -30
50 -14
12 31
93 -14
-5 3
-50 -36
-29 -13
-21 -29
9 -35
-58 -36
-60 -5
140 15
115 3
-139 -34
-131 -15
0 4
16 20
-65 29
98 37
1 17
-41 -46
-41 26
-176 -26
20 -34
107 -67
-6 -18
77 29
27 1
-60 -12
-110 31
-74 -17
5 -43
-25 -29
-64 8
-100 27
-86 14
13 18
62 -5
30 -3
1 -38
22 -19
-68 -11
-133 0
18 8
108 22
-1 42
-46 -4
-27 -23
-58 -38
3 -15
-104 -3
138 9
221 2
-21 -10
-224 -17
0 12
-28 2
44 0
-73 -17
1 -23
252 -32
-7 -9
-90 7
-100 8
-49 -18
-53 -41
61 -6
108 20
-30 33
-170 6
88 -14
23 -7
37 -18
-17 -44
-12 -6
80 1
0 -19
7 45
-94 -15
-46 -14
13 5
29 -11
-94 11
-9 -30
31 -32
13 -46
88 -9
87 16
-47 15
-129 -4
63 -27
123 -6
49 -14
-12 15
-149 0
-107 22
95 3
60 -22
77 -32
32 -8
-52 14
-74 9
0 -13
-13 -11
-92 -7
-41 -63
46 -40
274 54
-54 27
-195 -3
6 -19
103 -22
17 -13
15 -12
-56 11
-22 14
-58 7
-38 0
-48 -22
54 -12
51 -24
-7 -30
-104 5
102 -4
110 5
-54 16
-80 4
-77 24
57 -32
191 -21
139 -42
-3 -24
0 0
-64 39
-78 -5
-54 -26
-49 -41
38 6
-54 5
-23 -16
53 -8
87 23
9 20
64 -10
105 -23
2 -10
68 -16
-52 16
-152 20
-36 33
79 -16
-1 -13
134 -36
-45 -46
18 -7
-47 -14
39 20
81 -1
32 -26
-147 -3
-39 -6
26 8
6 22
30 9
-7 4
-92 -1
-98 -9
183 0
59 16
-41 -11
63 -33
-50 2
50 26
-46 -5
115 -21
8 -34
-1 17
-24 0
-91 -26
-53 -10
52 18
72 14
-21 -14
-9 -23
-95 -72
108 -21
-110 62
-77 9
-14 11
-26 7
129 -16
114 -13
25 -60
-2 -22
-24 20
-111 53
-2 22
44 -44
-39 -96
-144 -24
44 59
163 39
96 21
-200 2
-147 15
94 -29
32 -14
-67 -2
-2 -20
-66 -5
49 1
-61 28
-5 -44
-52 11
66 -19
181 -25
46 -10
-229 7
-59 6
295 6
95 -15
-25 43
-120 25
-35 3
0 -60
51 -53
-21 -51
-40 50
112 15
-81 -6
22 -2
-5 -35
14 -18
65 11
-106 25
62 -2
29 4
-147 -1
35 -27
83 -66
-60 13
2 12
99 3
124 19
-115 23
-159 -6
166 -18
-50 -64
-13 -7
-31 12
29 9
19 6
-140 -26
-116 30
243 -3
123 18
-75 -31
-185 -7
-179 27
42 -35
231 -18
174 -7
-26 6
-54 23
-73 7
-34 -6
-82 -33
39 -5
11 3
-101 18
80 9
84 -2
-117 -6
-143 -33
4 -15
130 0
200 -9
15 -17
-165 -9
-50 23
116 30
41 -21
-38 -26
-9 -9
40 -5
-37 25
-34 50
-64 -11
20 -7
5 -49
-127 -28
99 -4
110 -18
-13 -4
-116 -5
40 3
110 49
49 64
7 -16
-95 -118
-146 -13
106 51
37 42
26 -20
31 -38
-91 7
-38 -7
78 40
-120 0
-44 3
-34 -5
-45 -9
36 -13
229 -12
114 11
-127 2
-70 -21
92 -17
44 -2
-72 -6
31 0
-58 15
-6 -6
-98 7
-91 -36
72 -8
114 -29
82 16
23 16
-54 -15
-113 -5
-3 -4
193 -9
68 26
-38 -23
12 -28
-25 -27
-9 -35
-36 42
-53 44
-29 -7
-75 -19
35 -54
1 -23
-59 19
59 23
91 -4
-19 2
-14 -20
8 44
105 -15
-64 -32
-13 -20
-21 -1
-108 -2
0 13
-6 -28
17 0
7 -7
36 6
-80 1
-111 -24
104 -50
95 -18
-28 28
-150 -1
-61 -25
401 -18
175 56
-76 -19
-143 -40
-80 -14
71 12
118 -16
0 -17
-59 16
-79 -36
-52 -12
-93 -13
-91 -10
171 22
88 42
82 1
-74 -1
9 -25
-57 11
7 -29
-29 -58
-15 -69
24 -8
-35 12
-30 24
-24 12
76 -29
-51 4
-45 9
192 0
76 36
-35 19
-12 0
-32 -72
54 -19
33 17
-39 0
-75 -22
-100 -22
33 -17
-12 29
108 23
90 0
-23 -12
-11 -32
33 -13
14 -20
-6 9
-117 -1
-26 15
147 -2
-39 -20
-108 -12
-54 -11
78 -29
56 -7
64 -5
-51 9
-24 24
-20 -13
-108 6
143 -2
79 -14
-30 -30
-48 -3
5 3
-25 15
-80 -7
-14 3
57 -21
5 -17
-1 -4
-17 -1
100 -2
-12 14
-46 -7
-4 4
51 -16
-42 -25
-32 7
-11 -11
-31 -25
53 1
17 1
3 4
-22 -5
-28 -5
58 17
-44 -9
-22 0
-31 -3
-27 6
66 3
82 -3
-34 9
-54 4
26 -20
27 -8
20 -10
2 -10
-83 -1
-43 14
-29 -2
180 14
66 -8
-52 -17
-51 -19
-20 -14
-5 4
-19 14
9 26
-33 16
42 -8
-17 -35
-51 -49
16 7
30 23
59 -10
-14 -1
-3 -1
22 -9
-49 -17
51 8
104 26
32 -4
-76 28
-20 1
3 -19
67 5
-5 -16
-48 -15
-112 -22
-49 -20
128 -2
19 -6
-54 0
20 22
0 -6
43 12
1 -9
-46 -17
-7 -14
97 0
4 -7
-26 -4
38 -4
56 -19
4 11
-22 -7
-39 -7
-48 20
-1 -8
-73 -9
12 3
36 7
73 -5
65 -6
-1 -7
-57 -19
-36 -4
-12 14
-28 0
19 11
95 18
41 -19
23 -28
-8 -39
20 -7
18 9
-13 2
-28 3
64 -3
96 -39
-3 -10
-79 -11
43 -11
26 6
6 15
2 15
79 -13
36 -10
0 8
-62 5
-66 -17
-1 -12
-2 4
-13 22
62 -1
-115 -14
-1 0
25 -8
-3 -27
22 -10
14 -2
-3 6
27 5
-27 8
62 5
58 -10
-37 -3
-20 -14
-8 -14
-27 -16
-9 0
-1 15
-33 -6
1 14
74 -20
26 -6
-15 -7
-17 -1
63 13
61 20
3 5
-48 3
69 -1
30 -21
0 -17
-36 0
-24 25
-10 -1
35 1
41 3
26 -12
-5 -9
-4 -19
-28 -6
-15 -7
1 1
89 15
3 -5
-26 20
42 -12
-11 -17
-2 -17
8 -5
-6 -3
-30 -1
0 0
-24 -13
41 -2
79 -12
-19 -17
13 -2
-16 -3
-24 13
25 0
-66 2
19 -1
48 -1
26 -10
45 -23
13 -8
13 4
49 0
11 -16
-85 4
-26 1
-8 0
-4 -14
0 -9
3 0
-25 0
16 -8
12 -3
13 -2
26 -8
-8 -19
-27 -10
38 -15
15 -5
46 -2
22 0
-5 14
-3 -19
-4 -3
0 -25
-31 -27
-29 3
-3 -11
-9 -3
13 3
17 0
-9 -3
-20 -26
-13 -23
-51 9
-36 12
83 0
4 -2
-60 -3
4 -7
47 -29
32 -16
20 -2
-20 -15
9 8
37 0
-10 0
-24 -8
17 -19
-1 2
-3 8
2 15
32 -3
-85 -1
11 0
61 27
6 2
-26 -20
-37 -2
-5 1
-17 -16
66 -8
-29 0
18 -6
-3 3
-3 -23
-28 -14
-41 -13
8 0
30 -2
-15 25
-4 -2
3 9
11 -1
19 -24
-23 -20
20 -4
9 -5
-50 9
0 -8
-11 -15
8 -17
4 15
30 -28
-6 -11
16 -1
-34 5
18 0
-5 3
-4 -8
20 -13
-6 -34
-2 -9
21 -6
23 32
0 0
-7 0
40 -16
12 -28
55 -12
-31 -10
0 -11
-49 9
5 -10
-11 0
15 3
-11 -22
22 -12
-41 -24
-7 -6
4 -8
6 5
44 -3
-3 3
23 1
1 -2
4 13
-38 2
13 -24
16 -7
6 -2
22 -9
-2 1
6 -21
25 8
-138 -18
13 -9
-28 -9
19 0
-26 13
-37 -14
-16 14
4 2
8 0
5 6
26 -3
22 5
-29 5
-5 -7
22 -20
9 0
-14 4
-60 -9
19 6
-30 -8
-22 -12
-23 -15
-40 -9
24 -7
59 6
-4 3
-8 -4
-2 -11
-5 -3
-18 -20
0 -11
14 9
37 5
17 -1
-10 -16
-36 -4
19 3
20 -14
-18 -13
-7 -4
-47 -6
-9 6
0 2
6 -4
18 0
15 -14
37 -16
3 -12
-28 1
33 -5
9 0
-5 14
21 -4
-38 -4
-20 15
-20 -22
4 -2
53 14
-82 4
3 -14
11 21
-52 2
6 -8
7 -19
-17 -16
115 1
-36 3
