38 -1
-28 0
-15 -3
-13 0
50 -24
-115 -19
2 -5
-10 24
-48 26
8 -6
60 -15
-11 -13
2 -9
-86 0
-16 7
14 26
55 22
20 12
-49 -3
-48 -19
22 -27
18 -5
-70 -4
29 -20
32 -24
64 31
-42 -1
-16 -11
-1 -1
64 -8
16 -12
11 -12
34 2
9 20
-58 9
-17 -25
-48 11
49 5
43 -11
-46 -19
1 -22
2 29
78 4
43 30
14 14
43 -3
17 -21
-16 0
-55 -8
2 -8
-43 1
26 2
35 0
-58 -2
26 -3
25 -39
-25 -10
63 6
119 13
-9 6
56 6
11 -4
71 0
0 13
-28 -28
38 -13
26 24
67 -22
20 4
14 4
-64 1
26 -1
107 -4
80 -6
-6 -14
21 9
-15 -5
86 33
36 11
0 6
-17 -11
-3 -13
86 -19
-24 14
77 15
-50 6
30 -11
-1 13
73 34
32 -17
-35 -3
16 3
-14 2
57 6
83 5
21 -9
-5 -14
68 -20
11 -12
42 -16
79 24
15 0
-56 0
-5 2
88 0
46 -8
0 -28
-6 18
59 -4
74 27
33 12
50 8
40 -21
-42 -5
-49 -15
34 -4
17 2
77 11
42 -27
-44 1
-29 6
47 0
47 12
-27 -12
37 -18
7 12
62 17
12 -10
-15 22
20 5
-16 22
-17 22
51 -19
107 -25
42 -2
-23 6
11 0
30 6
-64 20
36 27
75 -16
-23 -10
88 -52
94 -19
-43 25
-35 38
11 41
-20 22
21 28
123 38
45 33
39 -7
17 -34
-30 38
-10 21
6 19
19 12
29 4
-6 -24
90 -73
25 -22
14 21
27 71
-101 70
88 13
30 -10
44 -68
-25 -58
90 -8
15 15
28 -12
35 13
9 19
24 -16
52 -19
22 57
2 53
15 15
-13 -92
71 -16
49 3
-4 -20
22 -26
19 -8
15 -9
-11 -1
14 11
6 44
81 55
36 69
-47 52
-23 51
-18 54
-20 -15
18 1
61 15
66 3
-30 -14
27 -68
2 50
7 28
70 -46
71 -60
82 -28
32 68
-20 43
-12 47
-44 3
-14 9
16 5
47 -78
-53 -115
7 -3
5 34
30 49
-27 42
38 93
31 52
-21 -39
12 -115
0 -148
65 58
28 101
-4 2
26 -115
-29 -80
98 49
78 80
0 64
40 22
7 -10
-12 -51
4 84
-19 -8
64 -112
54 0
12 46
39 6
22 -34
-41 -23
41 -81
67 -4
-14 82
3 3
84 28
18 7
-52 -39
39 23
140 9
-12 62
16 3
-45 -93
6 -159
113 64
25 25
27 -41
-16 68
-16 130
89 -112
40 -53
-38 41
25 43
67 40
19 -64
-43 -10
127 -17
40 -109
20 -41
41 143
24 41
-10 -83
-10 -57
89 -46
0 62
0 153
22 75
34 -77
47 -98
6 -6
14 33
59 32
-43 -54
-28 0
53 2
4 23
2 -29
64 138
5 -52
32 -148
50 57
0 31
-11 -10
63 -45
49 43
34 -42
11 -33
-19 0
-37 -40
79 60
82 73
-52 18
12 -32
-43 -25
-3 -5
56 57
-7 83
-18 -67
29 -29
72 -32
27 -37
35 127
29 35
19 -192
41 -136
35 188
-16 199
12 96
-20 -185
15 -194
-113 33
64 50
56 76
-48 -21
25 7
46 -17
44 -90
-1 -4
-20 90
107 96
28 50
13 -102
-11 -5
71 4
-3 -75
93 -7
38 29
36 36
-16 -50
11 -92
25 3
-4 96
23 112
40 -28
24 -59
35 29
-38 -73
62 -56
0 -6
30 67
-15 32
13 3
-28 -58
-7 4
35 -3
28 -48
7 52
-7 85
-1 -8
9 11
32 -36
3 -85
-1 112
53 30
6 -45
4 -72
22 -106
-17 45
-14 104
-47 22
-8 -15
-8 89
44 3
0 -40
43 -56
-24 -42
-73 31
-40 38
85 6
69 -122
15 -74
-42 39
13 29
-5 67
29 -8
36 54
16 34
-9 0
6 -146
-12 3
-29 51
-55 -48
-48 -78
-44 0
36 92
66 8
22 0
-12 -1
-29 -19
40 -28
19 108
-19 -33
-41 -113
99 29
57 23
-34 -5
5 45
-10 -128
-34 -46
27 113
47 46
1 16
-3 -24
-26 20
70 -22
-9 7
34 -4
3 4
-10 -32
13 -47
-11 135
25 3
31 -139
-33 -90
19 -41
-14 96
73 72
18 -21
25 -17
-69 19
31 18
15 -42
11 -22
41 67
3 -11
13 -78
-36 63
52 77
-8 -53
-28 -53
28 -64
25 0
-26 29
-27 33
18 23
1 -59
3 -23
-11 -28
59 33
8 34
-25 -90
-28 28
-6 14
33 39
2 57
1 -60
57 -6
-54 -34
-45 -75
41 24
40 28
-49 27
-6 -5
32 25
13 27
-5 -85
-16 -90
0 81
50 75
19 -44
-10 24
-45 -50
14 -55
-47 5
54 4
55 18
-26 -6
27 36
37 -8
1 -30
56 43
40 14
-40 -14
-67 36
66 -3
36 -87
20 -61
61 36
2 53
-12 -17
79 -21
54 13
51 25
68 -10
80 -39
91 13
-30 78
-32 37
0 -82
-10 -52
-12 -16
17 19
1 59
12 47
3 -42
-8 -39
-22 28
65 36
24 52
-28 -130
-75 -25
48 73
23 -40
19 -49
-17 29
28 71
38 -1
43 -30
-9 -73
48 4
42 40
24 -3
42 66
-22 42
-12 13
-37 -84
-19 -43
-52 0
27 -6
-3 129
73 -28
39 7
-17 -75
-15 -73
5 -42
16 6
19 53
29 42
47 -30
-12 -7
-10 -16
79 50
61 28
20 -24
-113 24
11 4
-34 -64
14 -53
-43 35
31 4
89 -3
-23 -38
-84 -18
-9 87
-34 38
7 16
58 -60
-5 -27
-46 -6
-4 -49
-13 21
-102 28
-36 43
-8 0
7 -36
28 -16
41 31
-6 -68
29 -21
-68 76
16 -45
62 -61
28 73
14 -28
-25 -46
15 7
-17 97
-15 -5
5 -110
-17 15
0 37
-5 17
42 22
-7 -95
14 -66
44 50
-10 20
-35 14
27 -13
65 -52
-16 28
-7 -2
-10 -20
-40 31
1 29
14 -18
14 -25
-3 7
23 -54
16 16
17 46
7 -66
28 -45
-10 41
-21 8
-10 21
28 16
-12 1
-15 -8
12 -95
-17 4
2 29
57 21
-14 17
-7 -29
-3 -58
8 2
-3 42
40 7
-6 -31
21 -19
-9 -7
15 14
3 0
22 -21
14 5
30 -7
-23 -15
-7 -36
-34 -12
15 27
34 -6
-32 24
46 37
67 14
17 12
-2 -79
30 -75
3 38
-14 34
0 15
9 -12
17 -13
-9 -37
44 -35
-29 14
-31 73
7 18
-31 -50
79 32
28 5
34 -43
-4 -13
-10 33
9 -35
29 41
-22 32
0 -57
56 -9
129 -20
1 42
-18 80
-20 -120
-7 -78
-2 9
29 22
12 -18
-9 27
-40 28
4 -17
90 8
-20 24
-29 46
61 -36
45 -9
77 6
60 -13
19 32
-27 -33
25 -21
51 12
-60 -21
-3 54
-9 48
-7 0
-9 -60
46 -8
-10 12
30 -79
2 -31
-33 50
36 42
24 4
49 -83
-15 5
-1 81
58 -26
13 -25
52 -25
32 79
56 55
-34 -17
7 -30
25 -44
15 -19
43 30
19 41
38 -14
-2 -21
39 22
45 19
39 -25
8 -24
-12 -22
-47 -30
-24 11
7 8
31 72
36 -72
-47 -58
-1 29
46 68
-1 -24
-42 -55
-18 -20
28 23
29 3
37 -20
-10 23
-30 -25
30 19
16 67
-66 -26
18 61
-28 -109
47 -47
11 58
-60 7
93 -39
27 -27
-56 19
-33 26
-8 -5
6 -21
34 44
34 60
-26 -47
-12 -19
65 -50
26 -34
-5 26
4 27
56 7
3 7
18 -95
27 15
37 6
-18 27
-28 47
-11 42
26 -74
17 -14
0 32
24 80
-6 12
-30 -50
-5 -44
42 23
5 -2
-3 -9
25 -17
-54 0
-4 37
-25 21
-23 -28
3 -24
14 -2
-3 56
2 30
-1 -25
28 -31
-6 4
-10 14
2 -22
40 17
0 36
32 34
-33 4
-25 -52
-16 -11
43 34
14 32
15 -36
-35 -46
1 19
29 -47
21 -7
-10 8
-23 -1
41 42
-3 -19
0 -36
6 5
9 56
-24 4
28 -46
6 4
-34 -16
-11 -17
25 4
9 34
20 18
-14 -10
3 -44
-25 -5
31 39
8 -21
-32 5
18 -30
35 -14
3 17
30 -2
-32 12
11 32
-28 -17
-3 -30
31 48
31 0
28 -56
-43 -9
46 -4
37 -21
65 1
-11 7
-4 -16
18 27
22 68
65 -48
-20 -53
-37 14
-29 12
-32 -14
53 -7
48 -14
-26 -62
6 41
21 41
31 41
-3 -17
-4 -23
-14 -64
19 -19
3 29
2 38
6 21
21 -7
23 -31
68 6
-3 -45
-29 -23
-1 68
-20 0
25 0
61 -13
0 -23
-65 4
-40 -1
17 8
7 -22
-26 16
58 2
89 15
6 13
-8 -28
4 -86
79 6
28 53
4 88
-33 -47
29 -133
17 11
16 69
44 19
15 -11
-32 -24
3 -1
-4 57
46 37
21 -7
19 -32
-15 -14
9 4
6 -27
-7 3
-16 11
23 54
66 -67
36 -45
-16 60
-49 -6
60 -35
-2 14
-40 -20
-63 16
4 -27
-2 -11
37 -6
35 1
42 -17
-23 -6
-19 16
-6 -8
28 4
29 33
46 -3
3 6
-9 -5
5 -37
-6 -1
12 -17
19 29
39 7
37 28
1 0
8 -22
-28 20
30 -38
7 -84
14 18
-31 45
18 -4
60 8
23 9
-67 -53
-69 -31
28 27
28 65
-36 -7
-21 -42
72 -22
22 15
24 -12
-18 -48
-49 50
0 27
53 27
4 -4
8 -34
0 -10
-44 35
-16 26
5 -82
-5 -44
5 23
-6 63
27 36
12 0
-5 -79
-33 -37
-8 44
11 -4
-20 -27
8 -45
16 8
30 54
12 52
60 -26
-63 -33
-58 30
-6 -3
14 13
38 -4
15 -5
17 -11
-24 -19
25 -53
14 -45
3 -52
8 -1
0 48
15 -7
1 38
29 -10
19 -13
-56 -10
15 13
-10 9
2 -33
-11 24
4 -18
1 -52
30 21
22 16
-28 -22
-8 38
23 -7
-6 -11
-15 -5
12 59
23 12
-8 -24
9 -29
0 -11
-29 24
23 -14
4 -16
20 -34
5 50
-2 12
-11 -20
-14 -22
21 2
7 7
19 -8
55 14
42 46
-7 3
-6 4
41 -10
1 -26
-11 2
-1 1
16 4
41 22
-51 -19
12 28
-4 23
18 -43
-15 -15
26 -32
33 33
-39 52
19 -24
-7 -9
33 9
20 48
7 32
-30 -17
-46 -4
-2 19
0 32
-21 -51
13 20
31 -34
-17 12
-4 -3
30 -69
33 6
18 -5
7 19
74 8
-24 -7
33 -17
18 -8
19 46
-120 41
12 -22
3 -51
53 15
-5 -1
18 -2
16 -35
-22 -38
-34 -10
41 9
72 7
-13 26
4 18
-10 27
43 -17
-7 -19
35 -11
0 30
37 -24
-10 -78
13 -2
-41 45
46 16
31 -72
12 3
-20 -16
40 46
24 -16
69 9
-4 29
23 62
-62 -15
20 -84
23 -51
-21 21
6 49
51 24
-32 -22
16 -21
18 -26
-10 27
4 6
38 28
-8 5
34 -21
-19 -5
-35 5
61 -14
11 -18
-19 -13
40 27
22 11
-11 -22
30 -34
-32 0
24 -38
21 -4
30 9
-13 20
54 -4
46 18
0 16
-13 19
3 -26
51 20
13 -17
50 0
-64 -14
-6 21
37 23
-17 9
25 4
27 -56
-26 -35
-14 -14
-14 7
61 11
0 4
26 32
-5 8
-32 -98
-145 -24
2 50
26 20
-32 37
-30 9
-11 -26
11 -8
2 -40
1 97
-7 -56
48 -94
1 70
-6 64
12 -2
-9 1
27 -37
-17 -20
-36 -4
19 39
0 14
30 69
5 -103
-10 -37
0 40
6 21
13 -32
12 16
-17 13
22 -11
20 2
-35 -24
-3 9
26 38
39 -14
-2 -36
-3 -7
49 36
28 -38
-7 19
-6 51
4 -2
58 -17
33 -39
-37 3
-7 -17
-3 15
7 -14
14 34
19 23
12 -34
-6 -82
-10 -29
4 22
23 0
-5 17
35 -22
4 -34
11 54
61 -10
14 1
-16 22
42 -64
-24 -1
-10 -28
31 29
-8 39
0 -66
2 2
9 -30
12 -11
-3 37
-5 60
0 -37
8 -4
44 6
21 -33
33 -34
-52 27
47 40
15 25
3 0
36 -36
-8 -29
-7 40
24 34
24 20
12 -156
-8 16
27 47
24 38
15 27
2 38
-14 -66
44 -68
24 11
35 13
-1 23
32 -27
-9 -30
17 -21
-9 8
59 1
8 14
28 39
17 27
4 -33
-32 13
-15 20
12 -13
24 -21
6 -16
-53 -4
13 -23
0 -18
22 55
42 -13
14 11
27 -59
-40 -91
20 18
-15 13
-30 43
21 31
34 30
-64 -1
26 -17
-3 -16
-41 -3
6 39
7 11
8 13
3 -102
-55 -8
-3 2
-13 -10
16 22
17 3
43 -30
15 -17
49 49
12 28
69 -17
-24 -73
16 2
-65 64
25 14
26 -7
-30 -28
44 9
54 9
-34 39
-7 -5
62 -51
13 24
12 41
-3 -25
16 23
17 -39
0 -31
97 -10
-19 7
59 -2
6 18
-12 6
16 37
-1 18
-1 11
2 -34
38 -32
-7 -18
66 17
17 -20
-53 0
-35 7
-24 -5
-4 -28
6 58
16 -37
-19 -23
2 12
-36 19
4 -18
3 -14
-4 29
-8 -17
-1 -21
1 26
18 25
12 4
-46 9
36 -42
-11 -18
-8 -2
34 -16
31 19
-6 7
3 -35
0 -8
13 46
11 11
-8 -12
-16 0
9 2
26 -57
13 27
-6 19
39 -10
44 -11
22 -8
-5 27
-24 -52
0 12
27 22
21 18
11 -52
12 -27
-17 34
-19 3
19 -22
-11 5
-11 62
41 6
22 -49
35 -37
-43 37
31 17
1 -6
16 -35
34 -8
4 2
39 29
38 -3
56 48
18 12
35 25
9 -12
-27 -23
21 -18
19 -19
21 16
2 25
21 -9
-18 35
19 -12
5 -74
-15 -39
2 27
40 -16
0 0
23 37
37 -31
11 -29
-28 42
-1 -43
6 -32
13 -21
5 5
30 5
51 52
-31 -43
0 -37
35 -21
11 4
-6 -5
48 22
13 0
-29 3
68 -12
50 -35
-19 9
5 22
58 -33
53 -29
-29 26
30 -18
-41 -23
-5 47
34 12
25 -26
7 -4
22 -9
18 -40
-9 -11
35 36
46 21
-32 -20
-2 -10
-16 13
0 -35
58 53
32 -1
13 -8
-17 24
-12 -40
-65 -2
21 0
-24 -43
1 -9
15 -4
47 -4
30 19
-3 1
-3 8
66 -6
-64 -11
46 -20
20 -32
54 6
52 19
12 7
-17 -60
27 0
-53 48
-18 26
-18 -26
70 -36
-36 -63
55 74
-34 14
-21 -3
21 14
-140 -1
35 -5
28 -14
14 -7
21 1
55 0
22 1
13 -27
58 6
-43 13
-52 -27
44 -44
38 0
-31 9
-38 29
-52 3
9 -39
38 -8
-24 25
1 -12
5 -10
38 0
49 -7
5 25
14 31
-38 -23
-25 -19
-9 11
8 -29
-2 -4
-20 4
21 -23
-8 -20
-9 3
-18 21
55 -13
27 24
12 -30
-11 -29
30 5
-7 -9
-6 -7
-1 25
24 -14
-67 -4
2 39
59 -20
7 -28
-36 -1
-11 24
28 -7
-17 0
22 -2
-30 7
15 -65
13 -39
26 32
20 21
-32 -58
16 -7
-2 16
-2 1
-20 -2
44 -58
-68 32
23 -21
-35 0
2 3
-6 -11
-35 -5
11 -8
27 -32
-39 16
35 -24
6 7
18 0
49 17
3 18
-45 4
-10 -53
5 17
-5 -15
54 -41
43 37
-17 37
16 -17
33 -21
13 -40
65 -1
8 34
23 0
53 -19
-26 -21
-9 -2
9 13
20 27
9 -14
-24 -22
26 -18
7 -5
22 46
-2 21
-27 -52
32 25
-19 -2
27 -15
14 -57
27 39
16 13
19 3
20 20
-1 42
-23 -23
-26 -36
-25 -20
50 -10
21 50
-22 5
31 20
22 -50
-22 9
61 5
55 -21
-20 -19
3 -47
-12 15
-13 28
-3 1
4 24
6 -34
3 1
-5 4
-1 2
-13 28
27 11
-92 -43
23 -20
11 13
47 20
-8 -64
32 20
-13 -4
71 5
11 6
7 12
62 19
9 -11
-29 -15
7 -29
7 -10
-9 32
54 26
40 -59
9 -23
23 22
4 -20
-18 3
-1 34
37 -29
-53 -62
-14 24
30 52
2 2
-10 -16
5 -21
-13 -63
24 -5
28 69
40 0
-31 9
6 -11
7 -4
7 -10
-29 -19
-20 0
11 22
60 -1
0 13
24 -7
28 -20
-10 -12
27 -26
-7 -1
-5 21
5 42
-8 1
-9 -6
0 5
2 -59
-39 -36
50 38
-11 8
-19 4
40 -17
17 17
29 -27
48 1
12 36
34 -43
35 -43
3 32
8 30
26 0
13 8
-27 37
-29 -45
-8 -33
-8 41
-32 -25
63 -28
85 20
5 23
0 2
0 -1
-1 -9
-8 0
-18 -12
16 -7
31 19
-1 -37
0 -1
-20 40
-21 9
17 -35
31 17
14 46
25 8
17 3
12 22
-26 -38
0 -36
16 21
-17 -13
-32 6
-20 -14
3 42
29 26
-2 7
1 -5
5 -19
24 -21
53 0
55 -18
16 3
-19 66
-57 -40
52 -8
40 -12
16 -25
0 21
12 17
15 -5
55 27
-16 3
2 12
3 -88
27 -16
-38 14
-8 32
-43 5
4 -2
0 17
-2 26
-20 5
-11 -13
-26 -31
-8 17
-25 -23
24 21
4 1
-24 -5
3 4
-16 -4
-24 5
-1 -1
-4 -3
2 28
-43 16
-1 0
2 -26
-7 -73
31 2
-39 29
-3 14
8 16
-14 -11
-4 -57
11 22
-22 20
-7 20
-16 -3
-40 -53
2 -19
35 3
-11 22
-11 -20
15 8
18 -67
-11 -1
-3 64
0 -47
18 -9
0 31
-26 43
-9 2
33 0
26 -37
-21 -44
7 -1
-15 -1
-21 3
-38 21
-1 -5
19 -16
-63 -36
-65 -5
-53 -20
19 23
-25 -19
0 -46
-13 42
20 -3
-31 -24
0 -2
-51 -3
1 -5
-21 1
-6 38
30 -3
-32 -12
-85 -2
25 0
-20 -12
-10 -33
13 -38
1 -21
-15 0
40 18
-30 19
3 -1
33 -19
-112 -14
-22 -7
-42 23
-31 -12
14 15
-21 14
-30 -5
-8 20
17 -39
-18 -15
-65 14
-47 11
-52 26
-14 -44
-51 -46
0 22
-4 -5
28 -19
-14 -22
-7 17
-20 31
-2 -3
28 -7
-38 2
-25 12
-21 -43
48 -6
19 0
30 0
-7 -6
1 -6
-78 5
0 11
-27 -23
-2 -9
-25 -23
-21 22
-69 -13
-58 -8
-22 5
-14 20
78 0
4 4
-74 -5
-1 -35
-21 6
-3 19
1 -37
-101 -5
-65 18
91 -31
75 -14
-45 -50
-1 72
6 22
-7 18
3 -34
43 -11
-45 22
-63 -28
-9 -7
-14 -15
22 -9
-18 39
5 6
-8 27
-20 -10
24 -5
-75 -8
-8 -45
11 18
2 6
-17 -21
21 -13
-22 35
43 -4
2 14
-51 -40
-10 0
4 -22
-9 24
-31 12
-27 -26
9 8
38 -9
-40 -9
12 -7
30 -19
-1 37
-74 27
-34 -17
51 -9
37 -16
-21 -11
-21 -9
29 31
29 24
-26 0
-7 -11
-13 -59
41 22
28 0
-7 14
1 -3
-37 -80
18 -47
7 55
-28 47
16 9
5 15
-7 -31
1 3
-3 16
19 12
58 24
-73 0
-37 -27
57 -20
14 26
26 6
19 -21
-7 -4
-9 37
45 17
45 7
-4 -14
31 23
47 38
0 12
0 -63
61 -23
29 -6
38 40
-5 44
25 13
25 19
38 -34
47 -41
52 15
-62 -12
-55 13
-92 15
31 -2
107 22
-13 2
-66 -72
-29 -39
25 7
131 46
-21 -61
-20 21
148 -10
159 7
67 -25
-131 -34
0 -1
152 9
124 42
-1 11
-105 -6
-59 -1
-80 -33
-119 -28
-63 -44
60 4
95 56
29 17
-26 0
-69 11
0 15
53 -10
-46 4
-197 -22
53 -22
-19 0
12 16
207 -9
237 23
11 8
-57 -46
71 -6
426 19
389 49
-156 -52
-268 5
-199 21
15 2
26 -8
-29 -2
-26 -40
-79 -23
-179 23
-162 21
-17 34
206 -2
99 -4
-68 -67
-27 -11
-70 48
12 15
123 -17
59 -88
85 19
2 28
-65 -17
-108 0
-70 -5
-12 17
-30 -10
-19 25
-222 64
-26 9
356 -66
287 -49
90 -6
-56 5
-60 34
81 13
137 8
