-3 11
-48 20
-39 27
16 15
-19 38
38 15
24 3
15 5
-30 23
-8 6
-20 16
-38 21
24 26
-27 19
-9 23
-16 -3
48 0
-4 13
-13 12
15 7
-1 14
21 20
8 6
-59 27
0 12
-26 8
2 3
-17 8
-2 3
-24 -13
18 14
-11 13
-154 3
18 0
8 8
83 18
-10 -6
-3 -3
-10 18
-38 42
-9 19
1 25
14 28
-1 20
36 0
7 12
18 -3
-23 0
-9 20
33 18
0 48
-17 19
11 12
-29 4
-15 2
-21 -6
-4 19
-1 28
2 43
46 19
-36 23
-29 -5
-38 -1
-26 9
0 12
16 11
1 5
-33 7
-2 12
-1 0
32 26
26 16
-9 0
-44 3
22 8
-58 5
-1 7
12 19
21 13
5 19
-7 9
-36 13
12 4
0 16
-39 5
-19 -1
-14 12
0 32
-41 33
8 14
-9 20
0 13
-15 4
90 -2
-3 14
5 21
19 19
8 11
-26 20
-7 3
13 0
-22 -2
-4 1
25 25
-4 29
-18 4
-10 15
12 4
12 20
-12 -5
-9 13
39 14
4 32
-47 20
0 33
0 3
-1 11
-19 -6
4 8
12 27
-14 18
-16 19
-11 11
-9 16
-2 12
19 4
0 8
47 6
3 12
9 34
-11 2
-11 20
-34 14
-22 12
20 2
37 20
-39 17
-36 17
46 15
-19 16
-23 3
0 -1
5 -1
-2 -5
19 -7
28 9
5 13
-24 18
12 24
3 11
-7 1
-25 -6
-19 -1
3 24
6 11
-20 19
-2 12
-11 5
-7 1
2 -7
37 0
9 28
-7 9
-10 19
-55 32
-60 9
6 3
-8 8
25 13
24 7
50 14
4 15
-3 9
-19 33
-39 21
-17 9
-8 -3
19 -2
-53 26
-2 18
-6 9
-7 6
-9 3
-19 1
-12 -5
31 -2
-5 20
33 19
-3 32
-11 16
-33 6
-59 12
5 2
-15 3
19 6
44 18
-2 28
-25 28
-48 12
9 5
-13 -9
-2 3
0 2
18 12
14 6
-56 6
-2 7
-24 7
-3 -2
6 -8
-18 -16
-34 -25
66 2
-3 15
-42 5
8 2
0 -16
0 -8
-75 -24
-34 -10
26 7
-3 -5
1 -11
-40 12
-34 22
-11 9
-17 5
-33 -2
27 -7
6 -18
-22 -24
-10 -3
-11 17
15 2
-10 4
6 5
-5 -4
26 8
11 -1
4 -23
-66 -26
12 25
-27 9
5 -3
12 -3
-33 2
-12 -3
-7 -12
-7 -2
-59 19
8 8
-13 30
-72 2
13 1
-9 -1
33 -20
-32 -30
3 -3
0 14
-31 1
8 4
2 0
-21 -10
-21 -19
-9 -13
-2 -6
-21 18
4 20
7 2
-9 5
-24 -9
3 -17
-2 -8
-12 0
-53 -5
40 19
7 16
-26 1
7 12
-22 -14
0 -20
-3 -26
-9 26
-9 13
-12 -5
7 -11
6 2
-5 0
3 -6
6 4
-25 12
-14 13
-5 9
7 0
4 4
-7 -3
-26 0
38 -10
-15 -3
11 -13
20 14
-16 2
-9 2
-6 -9
-10 -9
14 -34
6 -1
-16 20
-12 0
-10 2
24 20
32 -1
39 -34
9 -23
39 0
-6 0
-39 0
55 4
-12 17
-37 -8
7 0
-24 -18
-38 -25
-5 -4
-6 -6
12 -15
-11 14
1 -11
11 4
-14 6
-16 0
-29 -15
-4 -4
4 -8
-43 33
20 -23
-7 -12
27 12
-12 -6
-12 -8
-32 -17
0 17
26 13
-11 -4
0 0
-19 -11
-13 -16
-63 -19
11 -11
14 18
29 4
-36 13
-17 24
34 0
15 -14
-25 -23
-22 6
-11 8
0 -10
-10 -2
2 -8
-21 -5
-7 -8
47 28
-12 -5
-21 -17
38 -12
-37 3
-59 8
17 22
11 0
-21 14
-17 -18
-2 -7
4 7
-2 -15
-40 -18
-17 0
-33 -8
24 2
15 1
-2 2
-10 -10
-77 -9
-51 -4
-138 -1
2 3
19 0
13 5
-17 -4
0 4
-5 -11
3 -14
28 -4
6 19
16 16
-13 -6
17 -1
22 -14
-45 -39
36 0
3 -10
-44 7
15 5
16 5
-32 -21
4 19
-37 -11
72 -16
-26 -10
-82 -3
3 17
34 8
9 20
0 1
22 4
34 -21
24 -4
34 -13
44 5
15 0
-53 -7
16 15
31 -8
-14 2
-21 -19
-10 -13
7 8
16 -1
1 7
5 -2
6 2
-32 8
7 -11
47 -33
-10 -10
-24 21
18 9
-13 4
7 -6
48 0
-33 6
21 -12
-15 8
30 2
-1 -27
-37 6
-28 2
44 -19
3 8
32 8
-43 -10
-41 -11
35 -23
18 -2
17 22
-30 9
-80 -2
36 0
-11 26
-59 -2
-5 -25
-25 -15
-28 5
4 14
-1 11
-33 -3
-24 -4
9 -24
-11 -8
9 -21
12 -1
-21 5
-36 22
-9 -2
-27 5
0 -4
39 -11
-29 -12
29 7
-8 15
-24 -3
32 8
-8 0
-9 13
0 -16
23 -23
-9 -8
-10 -2
1 15
-16 14
-38 2
3 -4
-8 -14
-13 -11
-35 9
0 3
18 3
-29 -5
-25 -8
-22 12
-10 -2
-3 3
23 -14
12 5
-28 0
12 8
-24 19
-7 5
-10 1
19 -6
19 -2
-10 -7
26 -5
5 -9
-7 -6
-18 50
-23 13
-31 -8
16 23
-42 -17
-33 -16
17 -3
23 0
-79 12
-47 1
-12 -4
34 -3
-25 -7
-69 -28
-13 -28
14 6
29 6
40 16
0 0
-23 18
-46 7
37 1
45 2
-17 -10
-29 22
59 19
-13 23
-39 12
-17 11
7 38
0 -44
37 -18
5 -2
32 -2
41 1
22 9
-5 12
-1 6
28 -17
12 -8
-28 -25
16 -1
69 7
-37 8
-40 4
32 9
-27 2
-4 -12
-9 -22
0 -12
20 -3
16 -2
12 -3
17 -8
-64 -5
-25 13
-16 -2
40 -13
-18 0
-40 -1
-10 7
15 12
-1 17
28 -9
55 -28
39 -26
-73 -13
15 15
-10 20
-132 23
4 -10
-25 -29
-26 1
68 2
-1 -23
-17 -13
-6 5
13 15
-36 0
14 2
19 -11
-21 13
9 8
44 -9
-33 -8
-37 -12
-75 23
16 15
26 0
7 5
-6 -3
-12 -4
27 -3
-5 7
21 -24
-10 9
-28 -6
-27 -8
-43 4
-3 27
1 -20
17 -24
-15 -11
-34 21
-6 12
3 0
-66 8
2 35
17 -8
-21 -4
-2 -6
-13 -28
53 -5
-55 0
-12 1
-6 13
-11 6
63 4
-15 -37
1 -21
-18 -2
77 7
45 9
-19 -5
15 11
-12 0
9 -1
5 6
0 5
-4 14
14 28
8 2
-45 2
-9 -6
70 0
0 -45
5 7
-32 -4
-22 -28
-26 -2
-10 8
-15 5
-38 27
-3 2
14 -11
3 -35
-38 -4
9 4
9 20
-4 4
-8 0
14 2
0 -11
-29 -41
-3 16
-1 2
-34 9
-12 1
-24 7
-5 -2
0 -11
-16 -49
14 -9
-10 18
-10 14
-9 -12
22 15
-24 8
39 2
-37 0
-49 -24
-33 9
13 20
-6 23
-38 23
27 -21
-27 13
8 0
-5 -18
-17 0
8 17
-65 3
-8 -10
38 -6
36 12
-33 -2
-32 -25
-18 -16
-17 -3
-17 13
-4 7
-13 -5
30 -5
41 15
7 -5
-28 -24
-46 -32
-3 27
-23 12
18 -5
8 -10
14 14
5 -16
-4 -24
-7 0
-67 15
-31 12
6 11
-16 20
-9 -8
-21 -9
-1 -26
-23 -18
49 3
-8 5
0 14
-26 12
19 5
4 -2
-14 -23
-30 -14
-18 -2
-37 3
-10 6
-7 18
27 -3
8 13
46 -16
-6 -22
53 -12
-1 -14
-28 19
9 -1
0 0
66 7
9 -6
-14 -21
-77 -21
26 -18
-138 20
-21 13
-40 2
21 -1
-23 -22
-37 -13
-63 9
-57 5
5 9
3 5
-13 0
-5 4
31 0
16 -13
-36 -5
-1 0
-2 14
-119 2
-9 16
-37 6
34 15
-9 -17
19 -7
-17 47
-5 -8
27 -27
-30 -32
-73 6
0 -26
-35 16
-15 4
-14 -7
-65 0
-11 -15
1 -6
37 -7
1 9
6 22
-11 -6
23 0
20 -21
13 -17
-18 -2
-15 0
18 6
-3 24
-54 -3
27 -1
-23 13
22 -6
-8 -25
6 -18
26 5
-50 9
-81 6
-14 -3
7 7
-35 -7
-23 -8
-23 -14
-32 25
-40 -14
-13 0
-4 6
-14 0
16 4
23 -8
-53 -11
-74 -9
-20 -13
-19 -3
14 16
-7 4
-1 19
-8 2
-76 -7
-17 -5
-23 -2
24 3
17 0
-20 0
-1 7
-6 -12
45 -3
-20 -11
0 -21
-56 5
1 -3
12 5
19 15
-4 23
-27 6
0 -2
6 -10
-2 -3
-16 -15
-4 -14
0 14
39 3
28 0
-1 -2
-39 -10
7 0
27 -12
-15 26
-27 5
-27 14
-51 -17
-16 -25
-19 17
-30 -4
42 -14
17 -12
-46 18
-38 18
27 0
25 -1
25 8
9 8
-16 -4
-1 -7
19 -8
6 9
-24 13
-4 -4
2 -19
39 9
-20 7
-47 -19
-44 -2
-21 -2
20 -8
-22 6
-11 -4
-1 -5
-2 14
3 -18
-7 13
-7 -3
2 -9
-25 -2
1 -11
9 17
29 9
-2 -7
-93 0
-32 -4
-7 -13
-25 9
-32 4
-15 21
36 -12
-58 0
2 -15
8 -21
-19 -11
-12 9
-6 14
1 4
-12 -8
3 -3
-4 -6
-145 -9
-20 11
27 4
8 15
5 -19
-18 -1
13 4
28 12
-3 -14
-68 -10
0 -21
-11 -14
-19 0
-3 9
-3 14
36 18
-11 -11
-36 -7
-78 -7
3 -12
-13 0
25 7
4 32
-32 0
-31 0
-18 -4
-10 -33
11 -20
-17 -6
3 25
32 16
-17 0
5 -11
-2 -15
0 -20
-16 -5
-9 2
-50 9
-25 -3
-4 0
7 2
-8 4
-13 4
17 8
-3 -21
8 -12
-2 -12
18 3
-10 -12
21 0
3 14
18 -10
-13 -16
-3 0
-3 1
7 15
47 5
-14 1
-19 -4
1 -15
-48 0
-3 -10
35 -1
-46 4
-8 6
0 -15
19 8
-63 -1
39 0
26 -6
14 -10
-14 -2
-2 20
-8 -2
12 -8
-27 14
54 -6
-63 33
-8 -15
0 15
-1 23
-37 -1
3 1
6 0
44 5
20 0
-24 -20
-1 -10
3 16
6 0
-11 -12
-34 -7
-15 -24
-41 4
-5 -20
9 -11
-32 0
1 12
-8 13
6 1
-43 16
-11 -5
-17 -5
-7 -6
-14 -1
-11 13
-17 14
15 -4
61 25
-13 6
-13 16
-9 -34
70 -18
-37 4
-11 28
24 12
3 0
1 -4
-26 -8
-3 3
-20 -2
-19 -18
-18 -29
-40 -35
27 15
31 7
-24 2
-77 6
-1 13
-22 0
-11 -27
12 6
-17 4
27 -3
-5 4
-16 -16
-38 15
-13 -24
5 -18
17 -7
0 -1
1 -13
-12 -1
8 23
-3 -24
16 -12
-34 -2
-28 8
6 -12
-15 0
36 12
-19 0
-22 6
-26 22
-18 1
24 -21
20 -22
-10 -24
-19 4
-30 19
17 13
5 -33
-56 11
-14 11
-11 -23
-5 -15
-32 -25
14 12
-23 27
-27 -10
0 -13
-34 -5
-18 -19
-10 -15
-29 4
-1 15
-12 0
4 -8
-8 8
32 -9
-10 5
-25 0
24 -15
11 -38
-4 12
-37 14
19 0
0 3
-6 6
2 -4
5 -28
53 -23
90 9
-53 2
9 -30
-15 4
-7 -16
24 -21
-38 1
14 15
28 4
-3 1
-28 15
-17 -6
49 -18
-3 2
-5 -5
18 6
16 14
-52 -1
-62 3
-20 -4
26 -3
16 -8
-30 -9
-15 -9
49 -11
49 -8
-9 -8
7 7
30 2
-38 -35
-25 -12
-41 -9
17 3
14 -3
-1 -7
-11 -23
-19 8
-17 8
-12 -4
-2 -11
-25 -1
5 -9
39 25
8 3
0 5
24 -25
2 -2
-47 -16
13 -12
15 25
-18 12
-22 -20
-23 -19
32 19
9 11
-27 -11
13 0
12 7
1 -9
-23 11
12 25
-25 -8
5 13
0 -12
-38 -18
-17 -16
21 -19
-1 16
14 -3
-17 9
-12 -13
-60 -11
0 -19
-54 6
33 -4
20 11
-42 8
7 7
-12 0
-55 -10
-44 -10
15 0
28 16
17 2
16 -2
-45 -3
-1 14
26 5
6 -7
-33 -22
26 -6
-6 36
28 -5
45 7
19 -15
8 -11
-2 1
-9 0
2 -9
-19 17
-47 3
-10 -22
7 -6
-45 -2
-33 0
6 -13
25 -8
0 -5
-4 -20
-6 14
-3 14
0 -10
-3 -21
-36 -4
-36 13
-34 -33
13 -5
27 32
-28 -10
-7 9
-10 6
2 16
-40 4
-14 -24
11 -3
-9 -2
-10 5
-15 13
11 -2
-5 5
12 -5
-8 4
22 0
-26 -43
-29 -19
3 -4
-7 15
-45 18
-11 1
-16 -13
-12 4
-28 -10
1 -11
34 -26
-1 6
29 17
-26 6
-42 12
-29 -17
-14 -13
0 14
17 -7
-8 16
17 -1
-15 -12
-27 6
24 0
14 15
2 0
14 -18
-27 -1
9 1
-39 -15
-23 3
31 9
-8 0
5 3
27 -23
-6 13
-20 -6
2 1
-55 24
17 29
-11 5
-13 -4
24 9
-19 -33
2 -17
-15 -1
16 7
-9 12
13 2
1 6
-16 3
-4 -18
-7 -6
14 -6
6 -1
38 7
-7 -12
-10 -30
-32 -15
74 9
8 -15
-14 -15
36 -22
-18 39
16 29
-9 8
0 12
-10 -5
49 1
8 -11
36 -7
-3 -14
-30 25
4 11
12 -25
-33 15
1 -8
-24 -8
-25 -11
-26 8
-58 29
42 -1
18 -8
25 -10
7 8
42 11
14 -18
-22 -20
-9 -7
15 -3
-10 5
29 -1
49 -1
49 4
27 -19
-53 -17
11 -17
36 11
0 24
36 9
-4 -3
14 24
-17 -10
-9 -13
67 -19
23 -1
4 4
41 4
8 -6
-125 13
27 0
23 -8
7 -6
38 -19
-8 -1
-3 -4
5 3
1 29
62 1
-2 -7
1 -19
39 -4
-31 21
5 -2
39 17
21 2
0 15
-41 -30
24 -24
-12 -9
-1 -6
-17 22
27 8
12 2
19 27
2 -7
-8 -2
12 -4
4 -3
9 16
-3 12
-21 0
43 2
15 -1
21 -2
-21 -19
0 0
17 0
-62 -6
-4 2
13 24
-31 18
-4 -8
-3 -10
7 -6
0 -4
-1 0
17 14
53 12
-17 -3
1 -14
-18 -16
4 -23
9 17
18 2
-2 2
5 -13
0 -1
27 0
-82 8
-2 -9
17 -11
32 5
-49 1
60 0
43 -2
-31 7
2 -6
-31 -7
29 -3
8 -5
4 3
32 23
-1 0
4 19
-11 -16
38 -24
19 -13
-38 -1
-17 -10
17 0
67 -4
-9 9
-5 15
45 -2
-20 4
4 -9
17 -9
5 26
7 0
-2 5
-27 12
41 -27
-9 -37
38 -17
13 -10
55 19
24 -3
19 17
-21 6
18 -1
-3 -4
-4 -15
19 -24
28 4
53 2
38 -2
45 21
-40 -11
27 -1
-24 0
17 0
13 -10
-11 -1
-12 4
-5 -4
-45 0
-14 11
9 -2
8 -8
0 -12
40 -27
18 4
53 11
-10 -16
-7 -2
4 26
63 -5
-2 -16
24 -18
-8 2
-53 4
8 7
54 5
0 -3
50 -2
-37 17
4 23
22 -34
24 3
0 -7
33 21
21 30
-9 -10
-20 4
-11 6
-7 -20
33 -13
11 0
-12 16
7 11
40 13
27 -4
21 -3
20 -16
15 -23
-16 18
-6 0
-135 7
49 0
19 0
1 -21
16 -3
21 0
-3 -17
19 -4
26 -12
75 27
-25 1
-1 1
11 15
-34 -41
59 -8
-20 12
26 15
-2 17
19 -3
13 -6
-5 9
-29 -9
-34 -17
58 -19
101 19
27 25
23 -5
-25 4
-39 -9
6 -3
9 -28
18 -18
-8 1
45 13
-9 24
17 -5
-16 3
12 3
1 -15
-1 -26
-30 -21
66 27
21 -1
-26 6
40 1
-31 -13
-14 -18
15 -8
59 -10
17 -4
25 9
-12 20
-10 6
19 21
-14 -16
19 -22
-45 2
-55 11
4 -38
8 5
7 19
6 0
-1 -4
1 15
-11 -4
46 -10
-5 0
9 1
24 2
9 -6
35 1
27 8
22 9
21 -18
5 -5
-15 -6
27 -16
23 22
-5 0
-45 -2
11 24
4 -4
31 2
-22 -24
22 -10
15 4
0 2
42 -4
3 -9
21 -2
-36 0
23 -29
16 3
34 -4
4 -11
67 9
-22 -2
9 7
-1 9
-5 -29
8 -13
41 -45
28 7
37 16
6 1
-37 -2
44 -2
12 -1
4 -25
-19 -9
20 22
-10 8
46 39
-12 -28
1 27
-20 -13
24 -19
22 -12
-14 3
6 12
29 0
-20 -2
26 3
16 13
-2 -1
-8 3
28 18
35 -8
22 15
13 -16
-15 -1
3 6
-12 -10
-4 0
-4 4
11 1
37 -18
60 7
51 -1
50 -14
-21 17
-2 11
19 0
8 6
27 -22
37 -23
-14 -6
0 6
20 2
29 0
9 7
32 -4
-9 -11
-1 -17
56 -17
2 1
24 18
-6 11
17 -4
-22 9
5 -28
-7 1
33 -6
44 -5
39 0
4 6
-7 16
-20 -2
23 -8
-7 2
5 -16
7 -26
-26 -9
-3 18
0 31
-12 4
-4 -1
34 -1
11 -17
-63 -10
56 7
-11 1
22 -8
25 -15
18 26
5 -20
29 -7
8 -21
-23 5
22 -4
-40 6
25 19
35 22
21 4
-8 -12
29 -7
33 -2
12 -18
28 -8
13 8
20 8
-23 5
-18 -17
34 -18
19 -18
51 -2
30 1
30 3
18 1
-43 -5
50 -20
16 -6
1 -1
9 2
2 -3
-3 -2
9 1
-46 2
3 14
-8 -8
15 -15
47 -14
-3 18
-74 -11
14 -3
1 -9
0 21
56 -1
17 4
-17 -31
-15 -20
2 4
19 15
24 23
17 21
-4 -7
15 -36
-47 -10
-46 -24
45 4
20 7
59 -5
-29 9
24 2
-48 -9
3 0
16 -20
33 -12
-6 14
29 14
-5 -7
15 0
42 -12
27 -10
-6 -2
3 -9
29 -27
15 21
-27 20
-3 -25
28 1
24 -25
-8 -13
-3 -14
11 -20
23 20
1 -5
15 -10
-4 0
15 -6
1 9
2 -8
-15 -16
17 -12
8 -5
-7 1
-33 24
-20 3
46 29
5 -10
0 -16
-15 -11
24 -6
24 2
14 0
37 15
-17 0
5 -14
9 -20
-36 -2
28 -5
19 8
23 8
-2 6
14 -9
8 3
-3 -13
37 -15
0 -17
52 0
-9 19
17 3
-36 0
-9 2
2 -14
19 -7
19 -18
4 -6
9 5
9 13
-11 -3
16 -2
24 -7
0 22
-31 -22
-9 -10
2 3
33 -12
1 22
45 18
41 0
7 -3
26 -12
21 -27
-15 -24
32 22
55 13
15 7
-10 -2
15 -6
-17 -9
13 -15
-3 -23
5 23
42 7
-19 -2
-13 3
-7 -5
5 12
11 -20
-23 -12
36 -18
-47 14
13 8
25 -12
17 9
5 1
14 7
16 -12
-66 -35
-15 -14
-2 21
-132 2
40 -4
-8 0
28 -11
-1 -12
13 -13
43 -6
33 21
16 1
5 3
1 12
-9 -14
-10 -27
44 -33
17 3
13 31
30 2
-23 -6
1 -6
-2 17
24 -10
23 -11
-53 -17
21 27
29 14
7 3
0 -7
19 1
37 -6
-6 -25
-4 -14
69 -8
-32 -21
43 33
1 -4
0 -18
-1 20
43 13
-32 -2
17 -20
-3 -5
26 8
33 6
33 -33
12 4
22 15
67 -14
-13 -3
-106 -3
9 -31
9 -12
1 24
-23 0
-31 0
-9 21
49 2
18 11
48 -10
8 -18
-33 -5
-25 -12
-4 1
-13 19
19 3
8 -2
-58 1
-30 -2
31 -27
-33 3
24 2
-10 15
-43 -10
19 43
13 -18
-23 -20
49 -17
-1 -14
26 2
31 -27
-18 18
11 0
9 -7
19 29
13 -5
11 -17
0 5
15 -7
9 8
-5 0
-27 11
-22 8
2 -37
34 -25
-3 -4
25 1
-2 5
3 11
33 7
13 0
20 -11
2 -12
34 -10
3 -4
44 0
9 0
31 12
-1 -10
-21 -8
29 2
-3 -32
42 -12
41 0
6 13
-9 28
-24 0
40 28
-15 -20
7 -2
3 -17
-21 31
50 12
14 11
-19 -21
12 0
40 -4
42 -17
19 -17
5 -18
29 1
47 5
-34 15
-15 6
12 -9
22 -11
-6 -19
13 21
4 7
34 4
-32 -1
-36 4
-13 1
33 -8
24 3
19 2
-44 -22
-5 32
63 3
26 0
-15 7
-46 17
1 -9
7 -11
35 -18
-29 -2
40 13
17 16
0 16
0 -10
7 -1
1 -3
40 -30
0 -16
13 28
29 11
-3 -2
-3 -3
49 17
-22 6
4 -22
-1 -16
57 -26
38 -17
-54 -15
28 17
16 32
-19 0
-42 24
13 -43
21 -12
7 -5
24 5
5 15
0 6
-73 -5
20 3
16 7
0 -5
5 -11
35 -14
0 12
39 -22
-39 16
52 0
3 -11
43 -3
11 -11
46 -6
1 5
24 12
34 6
-15 -12
-7 0
20 -7
17 -16
3 -16
33 1
35 -2
-64 0
-1 -8
22 34
-9 2
11 -15
25 -14
36 -5
-8 8
-6 12
18 21
-74 1
13 3
12 -15
52 -32
6 -12
-3 -10
34 -13
-12 -11
-43 24
81 -6
34 4
-13 -5
71 -13
33 -10
-4 -31
-29 -3
58 5
-52 -2
-17 0
-15 19
-9 -14
-95 -4
-3 -22
17 -21
-7 11
-24 5
-26 17
21 -4
12 13
32 2
16 -23
11 -1
-10 13
3 15
-39 7
-3 -2
25 14
38 -28
30 -32
-59 -46
27 29
-5 22
43 12
11 -1
-8 5
59 5
34 -7
-7 -12
-8 -19
32 29
0 2
42 12
-47 -2
22 -21
45 -20
29 -23
-7 -3
-7 9
47 0
2 -3
-28 -1
43 31
7 -11
13 -21
46 -18
29 -16
-12 13
-9 13
-28 -1
16 3
36 -4
16 -9
0 -14
17 8
32 -2
-28 6
23 4
-4 8
16 -14
1 -22
-1 -6
12 -4
11 4
-18 8
-4 30
22 7
7 11
-4 -23
-42 -17
56 -2
0 5
38 18
20 -21
49 4
-14 -7
7 -3
-39 -16
13 -20
34 -1
46 1
-20 19
-1 -1
-4 3
16 4
21 -14
-36 -7
23 -8
82 -14
-39 4
-26 7
-15 25
-34 11
11 -9
-14 -7
-12 -2
38 -10
-18 3
43 8
-2 43
-12 13
-25 4
-79 -8
32 -7
-74 -7
37 6
29 0
21 5
-22 18
29 24
-50 -25
-1 -26
31 -17
-15 -5
6 16
25 30
-35 4
33 -9
-32 -11
-111 0
-14 -2
21 -6
16 9
-5 22
2 16
16 -2
-15 5
28 -16
26 -6
-58 16
15 2
-2 22
-3 -6
39 0
42 -9
14 -6
-25 -14
-25 -1
-62 2
-23 16
29 18
16 4
30 6
-25 -19
-54 -5
-13 -19
-6 -1
38 8
39 6
6 -3
-15 0
0 -11
-22 -12
-20 -16
-28 -13
-7 4
0 3
5 9
-5 15
25 20
-50 -18
-31 -11
20 -3
8 -5
1 9
32 9
26 -6
41 7
-43 1
16 -21
-12 -22
-25 -4
-36 9
43 14
-8 0
-32 3
-23 0
40 -3
-75 -20
-18 0
7 21
-10 3
-22 13
-15 -4
-34 1
-19 -5
-20 -18
-4 -7
-3 -8
-36 -23
-2 -5
-9 3
-23 0
8 -2
0 -22
-19 8
22 -2
29 3
-6 -14
27 2
14 14
0 20
-7 -11
-10 25
-7 -17
-13 -24
-25 -13
-25 -4
2 4
5 -4
4 3
31 16
-7 0
-31 -9
-1 -8
40 -21
0 -3
-34 -1
31 4
-24 18
16 2
12 8
-12 -15
30 -9
-27 -7
-14 0
-33 16
-31 -1
-66 1
-7 -12
-23 -22
88 -14
39 -12
-33 2
-3 35
-1 15
8 14
73 -13
-67 -7
-20 -5
-6 -2
-14 19
1 6
14 -3
-26 -4
4 16
7 5
-26 -16
-26 -19
22 -14
12 17
9 -1
-1 -14
14 2
-14 5
-2 -6
19 -10
-39 -3
-7 8
18 0
-6 2
-18 2
-12 19
-9 4
14 -22
-2 -12
6 6
19 13
1 14
-29 1
-42 8
-6 0
-22 -27
0 -11
16 11
23 -6
-25 28
-13 -15
0 2
21 15
19 5
20 -18
-31 -47
24 11
-9 36
-17 -9
-20 -7
-9 -8
-61 -3
-93 -8
