-10 81
194 63
150 -30
167 -55
118 -49
-34 -9
-168 -39
-245 26
-82 77
89 15
267 -168
410 -38
329 -33
23 23
17 21
-42 -46
-118 32
16 -17
340 23
-193 0
-480 20
-470 14
-274 -26
197 -25
370 -49
188 20
86 14
-11 -67
19 -89
116 40
179 37
-122 -27
-167 -21
-229 76
-127 104
0 -98
123 -11
99 -116
36 -71
-45 55
-66 26
137 41
105 -25
94 -8
14 32
35 65
-26 14
-92 74
72 -164
77 -122
52 31
186 79
21 -36
-5 -41
-99 39
-9 9
-31 -91
129 -14
44 -9
-19 87
88 -47
89 -47
103 -3
59 -79
107 -53
187 0
44 -7
-54 61
146 -54
80 -132
-16 -21
-2 116
-33 -14
15 -86
-21 -18
-67 15
120 46
122 16
64 -91
21 46
-85 -28
28 -43
-13 -10
-46 31
106 27
18 -71
59 -25
0 83
-2 -49
-2 -52
39 -49
58 13
59 -8
-57 -52
56 14
33 4
60 -35
52 3
32 -85
5 41
21 33
-38 -44
66 -64
18 -3
56 41
32 13
32 -48
32 -49
-30 38
48 2
-100 -65
105 -5
143 21
44 -23
26 -41
47 14
7 -5
140 -31
52 -11
128 -18
139 51
32 -23
30 -4
41 -22
-114 16
70 34
160 -135
-65 -41
81 39
-89 11
-165 -59
-103 23
133 40
262 -76
89 -30
80 0
115 44
-21 30
20 18
34 -40
-81 -18
-22 29
-42 -61
-46 -66
112 -12
105 62
-6 43
18 -44
1 -48
-60 2
62 -85
-16 -28
7 13
36 53
160 2
-1 4
14 14
-98 5
66 -47
74 -53
87 -10
109 41
-58 25
-94 -87
-110 -12
-352 -30
-52 -17
180 -5
190 -25
390 20
282 -36
-220 -37
-34 4
174 31
124 4
64 -3
-223 -31
-483 -47
-33 5
39 6
92 12
-75 45
-316 69
247 -156
349 -56
309 -4
-93 16
26 -32
134 12
74 16
-54 16
-50 -24
-357 -27
-148 16
-75 -27
258 42
296 -20
-148 14
-45 21
158 -91
308 -54
247 -36
44 57
-35 -39
31 -33
-26 68
-158 -44
-160 -39
-103 0
157 -10
331 -11
-281 -6
-272 35
198 52
821 25
-16 -63
-330 -13
-89 -30
129 -1
-28 5
38 -6
-2 -14
-90 6
-122 16
15 12
-82 -67
-263 -13
-196 -36
328 -11
-50 -8
227 5
163 18
-34 -7
-228 -35
-53 0
56 -2
-93 -26
-232 17
59 -12
257 -76
155 -23
-216 63
242 -32
469 -57
160 13
76 -96
91 28
-331 48
-683 54
-65 -49
329 -3
282 -21
145 -19
-245 -33
-201 4
172 7
151 27
238 11
69 -18
-307 -20
-325 -15
-474 -54
-495 6
303 25
1220 -4
129 0
-156 21
-140 -6
245 -43
228 -30
-173 -18
-214 -52
197 -23
-39 -22
-130 25
-260 14
-210 4
-180 -37
67 -39
700 -37
150 69
-280 65
-387 -47
-164 -33
280 9
123 -30
79 -10
-137 -31
94 -35
501 15
214 -7
-257 -8
-367 31
126 2
443 -3
44 -59
-325 -38
-366 8
224 -11
345 -11
-108 -8
-339 -16
85 -15
181 -54
-319 -13
-573 -16
700 -21
1094 19
-85 9
-629 27
24 -15
51 -89
-52 -61
562 -13
51 23
-526 9
-140 -19
26 -4
-117 -2
-259 -29
-314 -20
80 -26
347 2
803 -1
365 -20
-98 -12
-231 9
-199 -27
139 -102
214 -24
-44 32
-187 15
-222 -1
-410 -19
-511 -13
-410 13
921 5
1087 -20
103 -22
-76 -41
-239 77
-470 0
69 -47
433 -7
95 7
-518 -44
54 -13
-633 0
638 11
946 -21
517 -19
-164 -31
-324 -2
-242 -38
175 -47
104 -8
-23 2
-243 -2
-384 -41
228 3
-159 9
445 -21
-151 -88
-97 -52
387 11
29 29
337 -17
312 5
-146 21
-241 -22
-108 -28
-207 -39
162 -22
-135 -29
51 19
-217 -1
-113 -47
70 -31
456 -8
-42 -31
-42 -38
61 -19
133 -10
-339 29
39 -34
88 -21
-194 -25
-50 -55
-123 -8
149 -1
-324 33
57 21
561 -10
196 -20
185 -15
-203 -3
-120 -17
370 -52
345 0
-32 17
-101 -10
-270 4
-236 -23
-147 -14
-84 -45
-201 -17
57 18
9 5
527 17
454 -14
-24 4
-57 -30
4 -46
-47 -22
-208 2
-92 59
97 23
76 -47
-392 -72
-156 -10
-98 -71
106 -27
562 -14
433 -8
-41 -10
-96 -13
-323 -3
-203 -15
99 4
-65 25
-156 1
-39 4
-121 25
-131 20
89 14
194 -144
36 -82
-60 -40
-256 22
-29 -12
26 -79
84 3
-123 0
-386 30
-317 29
610 13
465 -22
-9 -32
-168 36
-136 -20
-184 -13
-296 -25
322 -1
880 -22
52 -21
-553 -31
-277 -26
-688 41
-428 33
1013 44
948 -18
6 -52
-550 -114
-258 31
-46 13
-51 -32
204 -7
338 4
-155 -25
-109 33
-574 13
-446 1
553 -72
724 -139
187 -91
146 103
-406 41
-319 -5
429 17
77 -17
22 -38
-534 -20
-162 45
580 89
517 52
-106 -5
-288 -14
-17 11
-135 15
27 19
-102 -64
-263 -16
366 20
690 24
107 -28
-134 -15
60 30
102 -33
-73 34
-348 88
-31 -20
431 -10
-614 -169
-66 81
616 107
59 2
-184 -67
515 -14
233 16
-243 -40
593 -8
-319 37
-382 46
8 89
352 32
-65 54
-88 -61
-285 -11
-66 -21
-25 -134
501 24
188 71
3 -41
-253 -54
-55 -24
210 66
181 107
-142 99
-432 5
96 -34
275 -33
147 -47
-53 26
-109 -29
-65 -26
37 32
-6 -39
-10 15
-63 113
414 -45
-101 -16
50 -88
294 -59
-65 55
-206 81
72 39
-311 -35
332 49
190 50
-263 24
-256 -5
-241 -89
118 -55
644 29
428 27
-242 43
-528 58
53 64
-1 -68
278 -164
186 -71
-321 152
-140 189
-98 8
-60 -71
-1 -339
147 -87
-260 128
357 118
194 77
-20 41
-16 19
96 16
48 65
-162 143
-241 -71
-53 -163
289 -166
235 -24
117 33
-232 36
-219 -34
132 -60
215 15
382 88
-144 105
-185 72
-75 90
80 15
318 -78
-139 -45
80 -57
-157 -25
-426 27
-167 43
392 54
536 46
231 37
-153 -5
-204 -17
283 -14
157 0
-57 -162
-626 -91
66 -40
320 149
159 46
-43 -59
46 -44
168 95
36 152
-314 186
531 49
453 -1
-446 -156
-452 71
-299 67
314 -197
552 -267
34 -71
111 83
-252 153
78 93
-1 21
-72 -36
-411 51
106 55
303 87
81 -34
73 -33
14 -14
-197 -29
38 -9
88 -26
160 0
-17 41
-266 -10
144 -3
442 101
134 24
9 0
-126 -121
-98 -26
-160 132
132 78
-122 -12
-118 -215
73 -45
387 202
151 28
47 -194
-40 -7
165 -18
-86 112
-77 41
-98 22
-30 62
78 6
32 -6
-126 -11
96 78
237 -56
-37 -81
15 -73
-144 -22
-78 72
-69 24
0 21
-5 26
-60 55
-110 -43
297 1
348 108
30 65
-236 -5
-188 6
46 -64
26 -9
576 -23
219 11
-135 108
-227 -13
-370 -26
43 -55
441 -24
135 83
-101 78
103 -67
-26 25
-109 38
-173 19
-25 -71
137 -33
-223 -6
-329 25
656 41
364 25
-29 -2
-202 -20
30 -26
-27 6
89 -55
18 52
-198 68
-294 8
-225 2
94 58
141 -113
155 -33
160 99
195 39
198 46
-169 -102
-159 -40
104 110
286 84
208 40
-77 -72
32 -121
8 128
-43 -3
234 -116
4 -12
0 40
412 59
-245 7
-328 -15
-124 40
295 103
313 64
166 48
-3 18
-138 -64
3 -30
56 -48
-198 -26
37 81
229 -35
-493 26
5 23
301 -30
174 8
136 -159
-171 16
157 86
253 49
-227 -5
-458 31
235 -1
307 25
172 45
-268 49
-69 8
344 -47
233 -257
131 4
-132 109
-71 0
84 7
-227 -26
-327 -21
-224 73
147 124
449 -1
643 -56
273 47
-244 -4
-273 -87
73 -23
72 -16
45 18
-513 70
-503 46
590 -25
594 20
2 -14
-380 -60
218 -7
420 60
-16 42
-111 -139
-178 -106
-221 44
317 47
-187 28
-344 -37
312 63
329 60
13 18
-37 -58
-32 -20
-83 44
-427 2
-13 -50
285 -24
1064 50
516 58
-115 67
-302 -46
-407 -80
-41 42
-107 -40
-31 -99
-197 -47
-34 67
-72 52
70 3
356 13
131 75
-124 76
-464 4
291 42
678 -58
90 -34
-335 34
-322 5
-151 -86
381 -69
344 40
-188 48
-411 -1
-67 20
-81 62
-165 14
39 0
671 -47
126 -14
-141 18
334 -39
305 -15
104 70
-213 22
-673 -31
-400 -10
486 14
820 12
-424 72
51 43
319 -26
189 22
-258 23
-97 63
-62 -50
138 -28
-38 -32
-148 7
-583 -122
-42 48
406 82
344 2
-16 -1
-300 -23
-560 67
431 85
551 -5
-182 -4
-281 66
181 -12
14 -59
-22 -93
319 0
-147 45
-399 54
-337 44
-151 64
725 18
541 -6
-35 -99
-27 0
65 28
35 44
-33 0
50 35
-235 52
-315 -26
-13 -7
242 11
175 -15
-71 -58
-249 -21
69 -33
585 4
197 3
-378 -2
-505 28
-140 65
378 94
241 90
-113 -54
-174 -180
102 -11
234 62
-245 73
-638 21
20 -27
435 -165
401 -3
-273 75
-183 76
232 19
273 -51
130 -48
-277 16
-201 35
-222 55
149 77
279 102
-24 -12
104 -52
8 -19
-136 15
55 -128
-25 25
-195 34
229 -31
69 40
-170 53
-379 12
510 -12
443 -84
-330 -55
-16 32
547 -12
70 5
-137 2
-297 22
-210 21
168 0
326 12
-12 30
180 46
178 22
-283 -10
48 -73
-15 22
-70 -44
286 -141
613 51
-198 71
-259 19
-262 9
3 -37
74 -37
274 29
159 -4
13 26
-154 -1
-393 8
-21 -224
25 -20
243 60
79 50
-324 -16
-213 -14
283 -12
12 62
-50 54
-337 7
70 46
494 27
318 -60
231 -44
-107 -3
-99 36
-179 51
163 34
215 43
17 43
-139 -15
-272 -77
-41 -2
16 56
180 62
318 37
61 46
-43 -15
-89 -24
-105 -4
238 118
-77 77
-125 47
189 -34
324 -82
-147 -20
-124 53
-177 33
-201 -13
-92 72
-89 -9
74 34
6 106
-67 50
136 -30
-40 66
227 -112
78 11
3 5
-184 6
35 29
-26 89
57 27
-55 -68
147 -5
216 43
54 34
-4 43
-119 44
-219 69
-253 6
51 -85
416 4
128 7
-194 79
-372 0
-269 97
81 -46
686 -86
225 -8
23 -2
-360 46
-327 13
346 23
172 52
-66 71
-113 101
-78 83
-31 -148
40 -16
-470 -41
-516 68
226 25
712 12
632 -5
9 27
-453 12
-210 27
392 78
599 20
-345 -16
-617 2
-259 6
408 15
335 27
-72 43
-265 -31
-339 41
294 40
282 25
45 -16
-333 66
-392 -27
-165 -15
857 -65
80 68
-126 100
-291 14
-211 -16
717 -35
386 23
-103 51
-300 -13
-82 -53
31 118
-75 163
87 -83
94 -76
13 101
-224 90
149 40
18 -35
-110 -10
68 71
192 66
-158 9
-477 7
94 -5
816 39
806 24
-168 -7
-473 7
-241 14
253 5
493 5
-79 79
-286 83
-350 -8
-400 -61
152 -54
46 33
31 60
250 -4
373 32
167 18
-122 30
-101 7
-229 4
-43 19
-130 -14
92 -3
197 70
5 12
-442 45
2 -6
482 -25
-78 20
-62 1
-286 59
-584 -29
276 65
501 39
508 71
-385 -7
-263 -51
217 -207
63 53
-305 143
-22 60
-82 19
187 -5
141 2
-447 37
-111 0
117 29
352 52
-63 29
69 -21
-141 -22
-374 20
354 -10
49 -5
-255 14
-96 43
-45 65
280 -11
397 6
532 -81
-177 -17
-458 70
-299 48
-465 2
447 61
897 21
-41 -13
-415 -17
-255 67
-182 54
192 -23
252 -21
138 41
-65 63
-191 29
-105 43
142 -37
145 12
-137 48
169 -4
468 -23
374 -71
-227 21
-236 82
-192 51
350 15
242 -8
-310 -20
-450 32
334 98
365 47
-54 15
42 15
-106 -21
93 32
-69 60
-23 65
-698 22
270 2
865 -3
129 55
-317 -109
-325 0
-305 26
541 20
213 17
-145 40
-132 11
294 41
-144 60
-48 56
-72 11
-51 -10
259 -7
41 22
16 31
-235 15
-57 11
328 34
108 4
-37 -15
-303 16
194 34
205 41
184 107
-396 100
-255 -18
355 -201
-288 -176
-251 180
90 115
439 -1
156 -13
-55 53
-285 -1
-267 -3
-25 64
-122 79
9 44
344 -8
-40 24
-179 -1
-320 -20
108 24
351 66
-204 35
-178 61
-58 -21
257 7
60 22
-179 37
-319 -40
299 -111
293 40
-125 47
43 56
84 34
202 18
36 -9
-174 41
111 64
-13 13
-146 -78
-219 -2
-272 41
314 -22
248 85
287 86
-132 -17
-185 -11
-163 47
99 12
-76 37
309 19
-31 -28
117 50
550 24
-395 100
-302 23
69 -25
-115 -110
-62 -97
386 115
439 111
-285 79
-134 0
-281 -3
88 -70
99 13
118 88
-68 101
96 44
35 3
-137 -2
-661 9
297 -18
886 -5
336 18
-75 85
-259 55
-46 -8
164 -14
31 -72
-233 -1
-338 13
-87 36
-12 -2
356 17
-3 -12
0 13
73 -2
96 63
-55 85
-80 62
-166 -70
-151 -8
-219 55
-141 45
498 41
299 -54
-11 3
-101 -44
-12 -9
-64 69
-28 -21
-156 25
355 1
180 59
-380 33
-302 68
422 -36
499 -7
-206 22
-49 -14
-145 -13
-263 0
42 30
248 38
86 25
-324 -44
-620 -30
-50 26
728 69
420 55
81 37
-180 66
-168 -10
25 -31
-6 -74
-171 9
-82 -11
-88 63
160 33
52 3
-270 14
-163 11
174 42
118 -6
236 -25
138 37
-51 55
-171 18
-251 -17
323 38
279 32
-100 -42
31 -75
111 63
-15 31
55 72
223 44
-169 31
-300 -12
42 -22
166 -12
473 68
-81 75
-28 16
-88 -50
52 5
81 -49
-31 -24
-38 4
-98 41
51 56
-93 84
-37 43
37 30
89 21
-95 12
0 -133
56 -99
260 122
281 98
-206 -4
-79 -9
23 -4
-87 115
-59 42
102 1
81 -1
27 16
-96 -13
-211 45
-316 29
185 -10
316 -6
-103 -5
-52 -9
251 76
200 25
-302 48
-203 43
172 -34
277 -48
29 0
16 0
-204 -53
-186 68
-85 100
554 72
247 13
44 17
-123 -42
14 -75
83 83
-176 16
160 0
185 52
-152 40
-132 -35
-90 37
70 2
207 6
140 96
-126 70
-40 6
-108 14
-143 32
-350 53
453 0
410 1
-63 38
-163 32
-171 -5
-132 20
-20 20
-8 21
104 76
66 -48
166 -21
39 -77
-66 58
60 89
21 -21
85 70
59 45
-124 -33
-298 -4
49 14
452 75
72 20
-253 61
-42 14
115 2
25 86
-84 -9
-258 23
-61 -43
75 4
100 25
4 46
33 68
97 -5
77 -1
-58 -38
-390 11
77 57
334 70
75 44
-145 4
-92 -100
-239 -19
-149 36
698 41
531 13
-115 50
-231 60
-82 -1
26 -13
-159 5
131 114
-108 56
0 39
29 -113
-286 17
-76 24
-51 98
19 62
-119 -57
278 -20
329 6
-310 22
103 91
300 28
66 46
-337 12
161 -10
204 -48
125 -8
-98 75
-9 54
-196 39
-190 1
17 39
57 8
106 18
-39 9
12 -23
90 51
-18 33
-73 0
-82 51
128 33
-52 42
-11 -15
394 44
115 -11
-91 18
-59 -137
-19 -15
75 135
74 8
100 78
-168 0
20 54
205 55
-39 19
85 -50
-20 55
231 11
181 -9
153 -39
-31 -29
-95 55
68 77
78 109
16 84
98 3
-8 -27
-316 -32
13 -40
-269 3
141 0
-49 22
186 60
102 57
98 29
111 60
-67 0
-167 -39
99 -47
181 55
-181 90
-150 4
252 17
41 -3
-198 11
93 16
49 84
-8 42
45 44
-114 42
-132 6
72 -25
24 -29
215 -38
55 9
-235 102
-170 66
357 6
380 35
-17 -26
-185 11
-159 30
-11 45
203 50
59 19
106 -4
-165 -9
34 -42
-78 4
-159 -18
145 1
136 54
78 46
121 26
95 -2
172 38
-49 25
-253 0
0 32
357 48
98 66
50 -44
-59 -50
-98 64
-37 48
74 -59
368 -14
-95 -21
-31 9
-93 35
-308 56
104 34
20 6
510 -18
221 18
89 19
-204 54
-210 74
-1 62
167 -7
154 -9
-195 -34
-156 30
99 33
-76 43
-166 3
-13 27
43 16
317 100
-121 4
-107 -67
-158 -5
-50 74
11 39
75 54
-46 18
-185 6
53 -69
-114 -29
-312 51
123 57
353 34
317 28
-176 13
-156 15
-65 19
8 -12
-248 45
115 23
92 -3
195 50
55 35
-163 -31
38 -32
-26 -93
28 34
-99 43
-10 41
-80 9
-104 5
113 18
-5 19
147 11
-53 11
-6 -10
177 -24
340 50
130 33
-194 12
-302 14
4 28
53 42
149 8
-101 3
11 27
-75 40
28 20
-75 -11
-13 38
-70 40
-181 -22
-9 -91
336 12
263 94
-108 46
-38 30
-127 18
-170 9
109 39
151 28
-133 40
-105 -15
137 -40
-161 15
-227 84
115 27
158 -38
113 -21
19 12
-210 79
21 3
-224 14
123 42
185 48
-135 -2
96 -14
-122 -77
63 -27
-80 164
-117 71
-269 -14
-238 -70
430 8
-88 70
-137 59
-123 -10
-229 -20
14 28
218 22
558 60
126 1
-188 20
-39 4
43 19
-85 -66
96 -37
-87 21
-30 -9
-94 43
98 21
-79 -57
170 42
-59 21
-200 35
123 79
270 53
-79 -40
-196 4
103 38
195 -15
-213 -33
-1 36
459 55
-37 41
-344 27
-2 -40
61 46
-28 14
12 6
-202 13
20 -22
33 46
-66 28
-27 22
310 70
87 41
-63 -37
-186 -105
-100 -47
279 55
223 80
-92 26
-240 29
-55 1
-164 -20
-123 39
78 38
-28 80
109 24
-30 -1
57 16
34 15
-166 -19
-94 6
418 27
91 30
-59 59
-319 19
-86 -42
102 42
221 13
-23 -2
0 -14
7 19
34 80
-27 36
-29 45
-131 40
-277 -6
-153 -4
742 -47
205 -20
142 78
-2 36
-25 9
182 63
-210 60
-124 -15
-13 -79
-139 -27
-155 74
-125 68
89 38
150 25
-13 -11
-59 -8
-97 13
438 -22
-90 2
-490 62
-57 83
175 -31
432 23
-109 23
-255 14
-62 22
41 47
-138 42
-50 -38
-180 41
-153 24
-4 5
296 -12
165 21
31 -5
-43 -40
-65 56
-28 48
155 55
141 0
-48 45
-74 -18
11 11
11 -12
4 41
-60 78
-27 86
36 41
343 -8
-44 -118
-179 -11
-138 78
31 69
-41 37
142 22
107 8
-185 23
-244 -4
-187 89
29 58
35 54
112 -33
180 6
-79 -7
-127 25
71 56
-25 -4
183 12
202 73
8 25
-387 48
-296 -25
453 -21
-121 53
-351 32
102 13
451 -26
308 -107
-102 51
-211 103
-82 44
-90 37
354 -7
-267 48
-209 37
-165 -23
-135 24
99 36
133 84
121 9
86 -25
-81 0
23 -79
-8 -47
-34 111
-218 101
51 35
201 35
-83 -75
-187 -10
69 46
176 82
147 -12
-168 13
-184 15
-105 -29
155 -12
-63 52
-221 83
172 -7
186 -11
224 -21
-163 79
-240 19
108 18
131 -22
-501 39
-338 41
599 3
302 31
-159 92
-280 0
216 -21
362 33
143 73
-12 44
-16 6
-528 9
-349 50
45 -13
227 31
61 -17
-117 -14
48 48
-102 27
-464 2
367 23
864 22
-56 20
-268 54
-142 51
88 50
-44 -16
195 -28
-69 -11
-105 3
-77 34
-48 -16
-72 32
78 58
142 52
-13 -3
137 -40
13 -28
-80 11
43 63
163 17
-53 22
36 41
-11 79
3 -24
-127 -73
105 -54
-128 132
-109 58
-105 36
71 -40
185 -51
197 -11
75 17
-200 44
-307 54
363 84
359 96
187 -50
-486 -148
-40 -119
129 21
-20 123
93 80
240 25
-297 -2
-428 -21
168 3
516 14
149 14
-73 1
-131 26
-58 18
16 -48
216 -54
-309 20
-396 21
290 91
323 4
-296 -7
-4 -22
125 1
88 -22
205 20
-47 -11
-299 -37
-301 -30
241 32
171 25
51 22
-21 3
390 34
13 35
-241 9
-332 -18
-101 -72
329 -7
75 29
-26 27
-200 -35
-55 11
206 -28
-69 -42
-94 8
-99 61
-117 35
-98 -12
154 -1
116 16
-133 13
-93 66
513 1
236 -58
-419 -32
-447 -2
409 67
296 58
369 36
-157 -26
-253 0
-397 13
11 57
64 -11
370 -53
143 -112
-254 -61
-322 32
336 61
232 -9
-81 45
84 -3
-170 33
88 69
-94 70
-326 30
-106 -33
138 -87
-95 -26
85 64
390 -2
121 6
-267 66
-76 -16
-155 -19
-73 12
325 -46
6 19
55 -3
85 1
8 -45
-229 14
245 11
-17 34
15 -37
217 -2
52 8
-143 58
-81 30
-143 41
137 -50
460 -31
-5 -35
-350 7
33 -11
111 -24
475 44
-33 41
-509 9
265 -28
406 7
-70 -13
38 46
-72 17
9 4
-171 18
67 -47
-3 -44
-190 -49
-95 32
-1 18
-37 57
148 8
253 -25
178 -3
-146 102
-181 16
301 -79
217 4
68 44
-53 41
-213 -13
-107 19
0 4
-223 18
150 34
136 9
-55 38
-353 -21
256 -33
262 -32
-28 3
116 45
43 -26
-21 -60
-51 -8
209 36
64 37
154 51
46 -10
-58 -77
-102 -12
0 -8
-32 0
-21 -146
-257 28
573 97
257 115
-113 -98
-11 -13
-108 1
92 44
-87 39
45 -4
168 -15
-111 -10
-218 76
-177 58
-31 28
255 2
211 -31
33 -17
189 -2
-90 45
-583 122
104 -56
147 -148
-157 -82
-343 67
169 29
208 79
-68 2
-33 -5
-20 -8
133 30
366 46
221 16
-45 -41
-57 -41
-303 -46
-113 64
226 67
181 27
186 -43
40 -53
-270 -4
-240 49
-82 62
-109 8
-57 54
571 4
83 -40
-349 -37
18 -85
262 42
-108 33
40 57
21 1
-78 -21
-69 -41
-106 -40
-389 21
-97 30
319 45
145 -25
-194 -24
125 0
254 38
-269 35
-8 -18
141 -37
274 36
-58 -3
-250 -17
12 3
-114 0
-15 59
18 -17
226 -60
61 -7
-368 47
-134 27
345 79
163 -16
24 -19
-35 -12
-140 14
119 23
14 -36
-42 -19
-55 96
-94 81
-26 -34
337 -159
173 -24
-243 79
-150 69
-15 41
-180 -34
195 -29
205 -53
-133 37
-183 55
207 28
141 0
108 -13
17 41
-70 -17
-114 -19
-401 -19
-110 24
638 13
335 52
103 66
-172 14
-39 -102
74 -76
64 9
-147 31
-80 -17
-159 -49
-18 27
-78 44
183 -5
228 -45
47 -47
-17 6
164 50
-68 14
-115 0
-150 -87
213 -103
147 21
-72 65
59 0
39 -31
324 -39
-14 -22
-115 78
-97 13
-157 -46
90 -88
128 -50
5 39
166 85
173 9
-113 -4
-72 29
-359 -39
99 -5
754 3
-209 -45
-327 -87
-81 74
-191 -31
276 -58
264 -1
-48 -28
-225 -36
53 0
19 35
144 89
-122 -60
-237 -87
-92 -26
281 45
391 8
159 -18
-135 -22
-390 -33
-130 45
-32 11
94 2
137 -55
162 -19
-4 -13
-312 -25
-90 -7
50 42
393 -62
130 -66
-112 -14
-206 37
-138 0
-77 -9
-119 7
386 19
356 3
-168 9
-53 12
307 -11
201 -6
-266 -15
-121 31
223 -20
339 -5
-390 -2
38 0
220 32
126 -95
302 -72
104 -26
-167 -12
33 23
-375 0
9 20
777 -40
9 0
96 -44
-161 25
-55 54
-38 17
40 -8
145 -9
-143 -17
-243 -3
-11 -1
-114 19
-132 6
-105 -10
747 -71
453 -10
92 5
-286 13
-163 -36
-166 -37
17 14
-197 -78
-251 27
163 97
311 30
98 -149
-143 -44
7 28
44 16
64 35
113 28
-230 36
-103 -71
90 -11
-74 -39
152 7
-6 -59
-104 -40
-116 27
238 98
308 -20
-285 0
-377 30
25 2
89 -27
242 -32
407 -24
-106 -41
-173 -5
-22 -26
-12 32
-151 -32
17 -12
8 -28
-104 -5
102 -75
-404 15
108 7
387 35
466 -24
-86 7
-70 -84
-230 -44
4 -36
-92 72
-15 -25
248 -48
180 -16
18 19
48 17
-209 -5
-194 7
171 -48
-130 -34
-203 -11
268 43
356 12
-128 -84
184 -95
224 -43
-34 30
-47 84
-396 -24
-247 -8
270 37
24 18
2 -98
-159 -75
-277 -19
-12 14
514 -5
50 11
-327 59
-19 -29
154 -14
151 -83
-63 8
-117 28
56 -62
107 -35
113 52
-6 84
-128 25
18 6
-29 -36
35 53
-222 69
-189 7
287 -172
706 19
81 56
-253 14
-288 -46
295 -3
206 33
-66 19
14 -13
-417 -4
-71 4
268 84
57 -17
84 -59
-100 -42
39 33
232 28
65 78
197 24
-42 0
-4 21
-39 43
164 5
-57 -24
-180 -22
-130 63
-4 69
76 -100
229 -94
379 -5
-104 39
-5 -3
21 1
-104 0
-101 53
-150 89
-9 56
172 -8
-178 -85
12 -11
147 71
-97 -35
-42 -8
-112 40
120 6
275 57
58 3
-28 -54
-113 -3
27 21
-59 -12
119 59
-41 -39
-105 29
-199 6
104 -16
226 -35
134 7
20 71
-162 23
-1 -20
31 -66
0 7
32 62
207 -20
