-12 -1
47 -10
-60 -10
30 -15
-53 -10
-41 2
-14 14
0 16
4 -4
-6 -4
11 -10
-38 -20
-45 -17
-71 -15
-14 1
53 15
-30 6
0 18
-36 -8
-45 -15
-18 -23
2 -7
-21 -26
2 -13
-37 2
-6 19
3 20
-39 1
-179 -4
-8 -4
-111 -4
23 -9
-8 -9
50 15
-42 17
-96 5
27 -5
123 -4
33 -4
-75 -5
-29 -3
-50 -8
41 -2
11 0
29 -13
-55 3
25 8
23 -11
-7 -13
2 -6
20 0
-5 19
33 0
34 6
-19 0
-15 -18
14 -12
-4 -17
25 -3
20 7
23 9
37 1
-54 -7
36 -2
41 -14
-1 -17
-24 3
-23 5
32 2
2 -9
2 -1
-20 0
0 -4
66 -8
118 -15
-10 -7
-186 15
-42 30
-32 18
-24 -11
-17 -11
43 -16
52 -7
-35 -1
-86 8
-29 21
-5 0
-4 0
1 -13
-22 -13
15 -4
27 16
-7 2
13 22
12 -4
17 2
-100 -9
24 -3
1 3
-53 -12
2 0
-29 25
-6 9
30 11
-24 -1
-17 -12
5 0
-47 -9
-19 -5
36 -7
-26 17
43 1
7 3
-17 -10
53 4
-32 -13
30 -17
46 -7
-36 -8
11 0
-54 0
-1 8
-23 5
22 0
59 -9
2 -17
43 2
-32 0
-26 12
-32 23
31 4
34 -8
-8 9
-2 -21
-70 -13
-26 -28
-17 -11
-7 15
-32 11
22 -2
16 -3
0 -11
8 -15
-33 0
2 0
4 11
-33 5
60 0
-8 0
-3 -13
6 -18
-41 -14
-69 -2
-2 -4
36 7
-7 -12
0 4
20 1
21 -21
0 -28
2 -7
-30 20
-52 4
20 -1
9 11
25 -1
9 -2
30 -19
-8 -17
-28 -15
-9 19
-53 5
-15 -16
38 0
40 0
-16 -15
-32 -17
-19 -7
-98 23
-1 6
0 5
-8 0
2 -7
68 5
16 3
-17 -3
9 -19
-24 -22
81 -10
-98 -4
-34 -21
5 0
-32 9
46 8
6 1
-169 5
-39 7
-13 0
12 3
-21 -14
19 -1
31 17
-8 18
-64 11
-12 15
-50 -7
34 -20
40 -2
-11 8
0 8
12 16
19 -7
-17 6
-20 0
-10 -5
81 -12
68 -4
-4 14
-38 20
29 -9
-12 -1
-35 5
3 -2
-1 -17
-29 -7
2 -6
-187 -21
-10 -4
31 8
7 -4
17 -5
-7 0
35 -10
-21 -8
45 -1
-55 19
-7 18
-10 5
14 6
50 -2
-36 -7
57 -18
28 -10
-254 9
13 3
-14 20
-15 2
-12 9
0 -6
17 -9
66 -18
-38 2
-3 3
-26 3
-3 6
-42 7
-26 -7
-36 -9
21 -24
-6 -25
-37 7
12 -1
22 0
59 4
-14 4
41 -19
-66 -15
-187 -12
23 6
0 8
-18 0
3 11
-13 27
-3 1
-7 -25
32 -24
-96 -6
-1 82
-10 -140
-28 -162
-17 -23
-63 32
-12 27
3 -24
22 -25
-3 -12
-65 5
-15 17
-72 0
20 -1
12 18
91 4
-74 -2
39 -14
22 1
32 -7
-7 7
-21 -5
55 -2
30 -5
-18 -4
-3 -36
14 -27
3 0
-5 -15
-34 9
11 27
-43 -1
-17 -10
-1 -7
-4 -6
4 -6
38 -24
18 0
36 2
-25 9
-20 -16
-33 -13
7 -8
25 -5
-14 -22
-39 3
-19 13
14 -22
-7 8
2 25
39 -7
25 6
20 -9
-53 -2
38 -9
25 -13
2 0
43 18
-9 -11
0 -9
-4 -2
-34 1
-15 -11
66 -16
-3 -18
8 3
32 23
32 22
34 18
-54 -11
-1 -27
-16 -42
-17 -9
38 -12
6 13
26 12
60 13
70 5
-1 -5
2 -35
55 -12
-20 3
-54 -6
19 13
38 4
22 -3
-44 -9
-52 17
46 -12
-17 8
1 3
22 -1
13 -4
33 3
45 0
75 -14
-43 -14
5 -8
49 -15
29 -1
63 9
77 3
64 -6
39 7
-29 -6
12 -6
-2 -20
-1 0
4 18
63 7
0 -7
66 23
4 18
68 -6
-76 -17
43 -5
-91 -7
39 -6
58 1
29 4
-48 7
-25 2
2 -5
-55 0
-109 -14
44 15
43 25
11 8
35 16
17 -8
105 -12
-63 -27
-27 -24
57 16
3 13
37 11
43 23
-4 -21
-23 -50
28 -17
31 27
-29 20
46 1
36 0
37 -4
-23 -9
72 27
-115 -24
40 0
8 -34
23 16
61 -7
25 6
-24 -4
-19 9
6 -2
37 -30
3 -14
13 16
60 4
-32 7
51 18
36 -6
16 0
0 -13
29 -15
13 0
81 3
57 37
24 -8
-46 4
63 -1
-18 5
21 -13
35 -3
-36 8
66 13
54 0
13 2
-34 -11
-51 -3
-13 -36
27 -13
15 4
4 -5
-213 11
-26 -18
1 7
-4 4
9 -13
19 -36
53 -12
-31 -1
23 29
-79 -15
-51 -5
-24 -7
48 11
37 5
-19 6
12 -26
28 -21
28 -24
-17 -8
32 24
39 12
-41 -2
82 5
30 17
4 -10
2 -18
-14 0
12 -3
32 26
-13 11
-49 -11
30 -23
-21 20
-25 -13
49 -9
6 14
4 -8
-13 2
15 -2
11 14
23 4
39 -9
39 5
8 -27
-3 3
38 19
-13 32
-18 14
39 -5
15 -6
24 -12
-17 0
8 20
40 16
6 -1
0 9
-4 21
-8 -27
34 -10
24 0
-16 -14
41 -5
-14 19
-55 16
35 7
-13 9
-20 -2
-31 -12
47 -28
-21 -13
27 14
-3 9
27 -3
6 4
-4 24
26 -14
65 -23
5 -29
-6 -18
-2 24
-29 -19
-15 24
-2 0
19 1
30 -7
2 -37
-4 -10
-40 9
-26 4
-6 20
62 0
-20 -8
20 0
-13 -18
-9 -1
64 -17
9 4
-6 29
-12 16
-25 11
6 30
1 0
24 11
40 8
45 -21
2 -17
7 -26
-54 19
-7 12
-43 8
14 0
22 -12
-21 -36
64 -16
-11 -4
35 4
13 6
36 -1
-22 24
42 7
37 -2
12 -1
50 -24
76 -20
-76 -11
-11 20
-36 18
2 2
-41 -13
47 -1
3 -16
-12 -6
-123 -19
78 6
3 0
-23 6
-37 26
62 -14
33 -6
6 -23
-110 -12
60 -6
-174 -21
78 -6
-24 3
30 55
2 23
42 57
85 0
-45 17
52 -7
-6 -33
3 -52
20 -11
31 29
84 47
-5 34
-21 0
-17 12
-83 -16
-1 -23
19 2
-43 24
-93 13
-80 -10
70 -3
-29 8
20 3
40 -52
21 -17
-34 -10
11 20
3 22
45 -13
83 6
-7 26
-6 -3
16 -34
-31 -9
9 6
32 3
35 19
55 15
24 12
-17 8
-21 -3
40 -17
-17 1
-5 12
4 31
-9 11
86 5
20 5
50 -24
-15 -6
-18 -14
-34 57
59 30
-17 7
-4 11
-8 12
44 -8
41 -12
-1 -6
-3 31
48 -29
41 0
54 14
49 44
12 1
37 -42
24 -45
-36 -72
-75 52
12 44
-10 18
54 16
0 -27
13 -9
-2 -10
60 22
13 28
24 -2
-8 5
57 21
24 37
16 11
1 16
-32 21
88 -22
6 -37
-8 37
52 20
-45 47
44 27
-17 -5
15 32
61 -14
25 -45
-2 -21
-39 -7
6 43
46 -25
74 51
-2 23
25 0
-17 -18
-23 2
20 -27
-14 -51
24 0
25 20
89 19
26 13
-21 -14
-20 -24
-1 -18
-50 -17
-10 19
50 36
102 24
0 33
-14 1
-38 16
77 1
49 -11
41 -14
22 -13
44 -16
40 1
6 25
41 44
-109 36
24 0
-154 -34
-5 40
-20 4
15 -38
69 -9
-17 7
33 41
5 -21
6 4
-10 -37
29 101
62 -6
27 -48
58 -29
69 21
-51 8
19 27
-203 11
12 13
0 -56
36 -31
44 -21
-84 17
3 21
-7 0
126 4
95 14
52 -7
99 -5
-38 19
19 -8
-13 -2
-3 27
49 21
-50 13
0 0
-39 -30
5 -8
16 3
-23 40
38 5
22 5
-39 15
34 -17
-22 -23
3 -27
-23 -10
18 14
18 24
40 35
5 14
-3 22
5 3
-6 -1
-24 -16
-14 6
-9 21
-2 6
27 20
2 14
-44 -1
124 -6
30 -20
17 -20
17 -2
70 34
55 3
16 17
-60 0
4 -12
26 -27
41 -10
17 0
-20 35
79 33
73 -2
15 -10
-62 11
13 -34
-35 -4
0 -19
-18 32
-24 8
30 8
21 20
-24 -15
-14 -1
2 -39
20 -25
23 25
-8 55
35 2
59 20
7 25
2 -6
102 -22
-56 16
27 4
19 19
33 -3
-89 1
2 8
-23 4
43 1
-32 -31
21 -22
-50 3
-15 83
9 35
83 1
33 -4
21 -44
9 6
-46 -15
55 2
-15 -1
-2 13
5 29
55 17
28 -15
-25 -55
47 13
-6 1
0 52
25 -3
-22 0
112 -10
-60 20
29 -26
67 -21
15 16
8 35
-1 21
-33 13
2 46
49 17
-43 -35
0 -18
46 -11
-58 21
47 30
-13 16
-8 11
-14 31
29 -6
-6 -33
55 -17
19 16
-33 9
2 6
-40 4
28 -4
17 -4
0 -25
48 -2
12 -1
33 15
30 25
-7 -8
-54 9
38 0
33 -9
-9 -32
65 20
-33 9
6 41
110 -7
19 19
40 0
-54 21
48 2
52 -24
-26 -11
45 8
23 25
-43 31
16 -1
36 7
8 9
-35 21
-6 15
4 -17
37 -10
14 18
5 32
41 40
18 9
0 -2
29 25
23 -13
5 -31
45 0
26 52
4 0
37 0
19 17
23 33
-33 -1
-20 30
-16 22
-52 -25
35 -2
0 36
62 13
-7 6
-55 3
9 33
29 5
-55 -10
2 -18
34 15
-10 -11
-74 4
104 1
8 19
-13 34
26 -9
-127 0
-45 -41
57 -17
25 16
22 30
44 0
73 16
21 1
21 -14
24 -10
-25 -24
69 1
5 29
-13 -1
-28 29
-88 -1
11 55
-90 16
30 -35
72 -15
33 0
24 24
66 9
38 -11
-27 11
-60 15
-12 -8
72 -16
30 -5
-22 19
-55 -6
99 37
-1 35
-7 15
-27 5
-34 -3
6 -10
-35 -12
29 8
6 35
-41 30
44 18
20 -8
19 -1
-44 5
88 -15
89 22
11 37
70 9
13 25
-40 9
73 0
76 -45
-44 -10
45 11
-9 36
38 31
-12 -13
0 -35
38 8
53 4
29 -32
39 44
45 -3
0 -5
46 8
-11 57
32 -2
11 -15
34 -21
-12 2
-4 0
-13 15
-17 31
6 6
-11 -16
50 0
39 -6
-1 -22
52 4
-30 30
14 31
15 6
34 0
24 17
133 5
6 -9
-36 5
66 7
35 27
38 13
3 27
-49 18
7 -27
68 -41
82 -11
-12 27
-6 63
-72 16
-19 -15
18 -7
8 -11
-48 15
48 16
44 -9
-2 12
-24 14
47 -15
-31 37
-37 13
-12 -18
47 -37
-18 -2
45 17
29 35
6 8
-24 9
2 3
34 -2
-4 -40
-50 -32
-32 6
114 2
84 31
37 27
77 -2
1 49
-28 -8
36 -8
-65 -21
88 23
-27 14
-86 7
3 24
39 6
-30 17
26 13
21 -22
14 -25
5 8
30 2
-28 14
-14 15
34 3
-2 1
21 -38
30 -25
60 -2
5 28
0 29
15 22
28 6
29 -5
39 3
45 -4
35 -27
-43 20
20 12
70 35
29 8
-3 -7
5 -2
20 -3
53 9
52 -29
28 -16
18 25
16 19
58 22
-21 16
-1 22
63 -12
58 -6
19 -18
47 13
11 2
16 8
60 34
4 -9
-10 34
8 -3
39 -30
32 0
-100 -15
-76 -1
11 19
13 6
13 19
0 6
58 62
-7 14
17 -9
19 -19
30 -38
-15 -10
17 19
-21 35
36 16
98 14
13 1
-52 -9
23 -12
67 8
8 -2
8 -9
3 18
7 41
-3 6
104 12
-48 -14
-11 -10
-32 -6
3 20
-17 37
30 23
9 34
69 -9
4 24
0 -44
-1 -2
17 17
-50 24
36 0
32 -9
93 22
-18 -11
56 -14
13 -10
-18 -14
-9 18
31 37
15 35
-27 23
42 5
15 11
19 31
0 21
17 8
25 -18
-92 18
14 30
81 19
39 5
-37 14
-4 -6
6 5
-44 -19
-5 -15
-6 -17
33 26
43 20
8 43
16 5
-13 -23
-33 -47
20 -13
-1 -4
57 23
56 9
38 14
-37 -15
26 13
6 -17
-18 -16
28 44
-2 -1
40 7
17 4
12 -10
-16 -10
-12 -26
-22 -5
1 -8
18 12
35 18
3 5
-36 40
6 -3
-112 9
12 -6
7 -27
1 -28
-17 -9
38 14
21 -4
0 -6
-7 35
29 6
5 17
-16 8
60 -24
13 -7
11 0
28 25
23 29
-60 15
-81 -2
-31 9
-1 6
32 -7
15 -4
15 3
-23 12
-50 -15
16 0
-31 8
-18 -14
26 -6
22 -8
20 12
37 13
59 42
-203 13
-53 15
27 0
72 -20
6 -20
37 -9
13 25
-24 -3
21 25
1 12
1 -10
-61 -1
-13 -21
23 -11
-41 -1
-8 1
-6 12
57 34
23 8
51 -11
9 9
-5 1
7 -13
83 -32
1 36
-1 37
-65 33
38 -9
19 -5
8 8
16 1
19 -17
-31 -29
-21 -3
54 25
-66 49
-106 3
-12 16
51 2
21 -24
-49 -14
68 2
-18 -4
-8 34
-33 9
84 -1
14 13
27 -8
-3 -16
-25 18
-52 20
0 18
-11 11
-38 8
29 30
-20 27
1 -48
61 -20
-23 28
20 22
-1 35
14 -9
-35 6
58 0
-123 22
188 -11
48 17
-19 -5
18 23
31 22
0 5
-16 13
-68 -16
-3 -19
-6 -49
11 -26
-40 12
25 23
5 8
5 8
46 12
34 20
-192 -47
-57 -5
-50 22
0 29
-6 32
-79 -3
8 23
-20 -1
37 14
1 -4
-39 -11
-7 16
-24 0
-8 3
15 1
52 13
0 18
-37 20
-57 -32
9 -13
-54 24
-53 51
-18 37
48 2
13 0
21 17
46 3
-86 -5
-50 -5
23 -11
-28 17
92 14
-6 28
-9 25
-19 -4
-1 -22
-12 -9
30 -33
12 35
2 5
0 -22
-1 11
38 19
-44 16
-2 -43
16 -16
-4 16
-21 25
43 8
32 22
-2 20
28 -32
57 -26
-5 -16
-1 2
50 23
45 8
-1 31
44 12
3 -10
55 0
21 -39
-76 4
-40 21
89 22
5 12
-45 14
-36 -13
-34 -14
34 -17
-18 -21
-2 34
-26 24
40 -22
18 -3
2 -9
-44 15
-2 14
-46 -12
0 -64
16 26
-9 -17
-18 29
-20 7
-19 23
-79 -2
1 -4
-3 -18
27 -1
-43 25
7 4
27 5
-15 2
16 26
0 -20
12 -18
-5 -12
-2 31
23 1
91 43
-68 0
-5 29
-22 0
18 -14
7 5
-36 2
-36 -19
42 0
33 3
-3 3
35 27
6 13
7 11
26 17
23 1
-74 -8
-8 3
1 16
-30 24
-22 21
-5 45
32 -13
-6 -3
-33 -8
20 -10
-43 8
5 24
31 11
21 -23
-15 27
-50 20
-29 -11
52 -31
-3 9
-47 -2
0 28
27 -1
55 20
-19 0
-6 -10
-9 -29
-35 -24
-51 8
59 50
7 30
-1 5
-21 15
-7 15
40 -32
-7 -15
32 6
23 32
-4 28
-6 18
2 -9
29 -9
40 5
12 -18
48 44
-51 18
33 22
2 6
-68 0
19 -3
46 29
-43 -24
-32 -40
-12 7
-77 8
-22 17
-55 19
8 17
17 -15
-164 -26
-13 -31
21 12
-28 40
39 37
32 12
95 -9
-37 28
41 18
-39 -21
-14 2
-15 8
-10 18
-1 22
32 24
15 -5
-35 -20
-125 -11
-19 -15
-6 20
6 37
-19 13
0 -5
27 14
0 -6
-9 0
4 -5
8 -7
16 24
-46 6
14 26
-48 25
0 7
-30 -20
12 -30
11 12
-3 5
-35 35
-10 31
16 -31
0 -12
-50 -4
-42 -9
-17 -37
-38 15
-1 17
28 43
31 0
9 -18
-3 14
-36 -45
-143 -27
-79 21
33 0
-18 20
51 14
-10 29
-35 12
27 -16
-1 -13
-14 -34
16 26
-42 45
9 15
-30 7
42 -4
-6 -17
-15 0
-27 -6
15 9
-29 38
-24 -14
0 -21
53 31
-12 7
2 -21
52 -24
24 3
-44 36
36 7
45 13
0 -15
22 39
0 28
-29 -33
-133 -3
46 5
0 25
1 13
12 21
70 -12
-24 -7
-23 0
-5 2
-68 -22
17 1
-9 35
9 30
31 24
-38 17
20 -6
42 0
-92 -14
-13 -12
-9 -7
-22 20
-27 24
15 26
25 26
-6 -37
15 -3
-22 -16
38 8
-67 0
19 11
31 -3
33 18
-67 -20
37 -13
-156 9
7 4
40 30
54 16
59 23
37 16
9 21
18 24
-111 -25
-43 -39
-13 -3
75 45
39 17
-28 -11
-13 9
9 -15
17 -10
-62 -5
8 17
-69 38
-2 0
32 1
-87 28
-24 9
31 0
57 -20
-34 -5
43 14
42 50
30 31
-43 -21
6 14
-69 -8
51 -27
-60 -26
-60 2
-41 21
44 55
-27 11
-25 0
-28 3
22 -26
2 -3
12 25
-23 -20
2 26
7 3
-16 2
-53 17
-42 -9
-89 -27
-117 41
-6 -9
-11 -11
47 -3
26 41
15 38
-30 -20
4 -10
0 -23
-115 -9
-31 39
34 33
-45 15
26 16
58 9
26 -31
-29 -11
-45 -2
0 -10
74 14
-35 13
-81 37
-41 -21
-57 -12
1 -25
-104 0
-97 5
-61 31
-15 29
-57 2
80 34
-127 -26
-25 32
28 14
-33 -7
-68 16
-29 24
-31 11
57 20
-8 5
-102 6
-7 -37
4 0
122 -6
0 28
53 39
54 1
-53 9
-43 -15
-1 -31
4 -20
12 8
4 20
22 7
-27 13
9 -26
86 20
-54 -10
-9 6
23 -9
4 30
2 38
30 12
3 13
-52 42
-77 15
26 35
-71 -42
8 -14
0 -1
22 34
29 20
-4 19
-20 9
-43 -4
-25 -10
4 -26
-4 -40
-10 24
-6 29
-13 18
18 33
30 13
-24 8
-1 -36
4 -12
28 13
30 18
-6 23
-28 5
-27 0
-48 -15
-1 -15
0 -9
31 7
7 43
-9 1
-23 9
15 38
50 -17
-32 -15
-37 -13
71 -1
50 26
16 37
27 19
-40 0
-45 -7
8 -9
8 0
-39 -3
-9 -39
-27 24
-13 54
27 -5
-3 9
58 16
12 12
-7 -27
-16 -39
16 -9
29 15
19 14
-14 36
-26 14
-5 0
-10 -1
-6 -17
37 -5
-1 21
-14 -4
20 7
-22 20
7 32
-23 -18
-10 -20
3 -14
13 -49
13 31
-92 46
-27 20
4 28
-7 -27
1 -37
-14 -10
36 -32
-13 20
7 31
1 -5
56 23
47 -2
-36 8
27 -22
-65 -18
28 15
14 35
-59 18
-12 -1
-24 3
20 0
0 -14
-9 7
19 3
11 32
-1 12
90 34
-28 35
-25 -27
-20 5
19 -32
17 -2
35 23
56 47
-50 1
-80 -9
37 23
-9 8
-70 -7
42 -25
13 18
30 23
-34 14
41 13
12 21
6 -17
-45 15
-14 -26
-10 -15
-38 37
-37 -17
-33 2
-47 33
2 -8
-26 0
-2 -13
12 -43
40 11
-27 27
-26 18
-57 4
-24 13
30 14
8 -37
24 8
-158 -36
0 -17
-18 36
30 36
0 17
-44 18
24 -14
21 -2
-11 -22
-16 -29
-18 28
-12 22
-89 38
22 34
6 8
23 7
48 13
-174 -3
62 15
-6 -1
59 8
18 13
-84 37
-27 15
68 -30
-8 -10
26 -16
29 8
24 23
-5 7
-1 -6
18 11
94 2
-49 -33
-52 4
-31 -2
-63 49
-123 3
32 15
19 9
-65 -3
-3 6
56 -19
-58 0
-62 33
-53 -6
1 21
-8 -1
52 -4
-24 0
-18 -17
-21 -17
-63 18
-23 13
-46 23
-54 47
3 -11
44 -32
7 34
15 12
29 -31
-97 -28
-29 -10
-6 22
23 33
-14 35
1 9
6 -12
-81 -14
25 3
-6 -7
-24 17
20 17
-5 16
7 17
9 13
0 2
45 -12
-3 -33
-23 -3
15 24
-22 27
-91 28
-14 23
35 -1
48 21
-14 -6
14 -27
-26 5
57 17
25 20
13 23
28 2
37 -16
37 6
108 -2
-48 -2
-5 17
48 25
-51 11
47 -17
44 18
-9 -45
-5 -15
-28 5
-8 31
0 17
-27 27
35 25
44 2
4 -1
38 -24
-12 -62
-7 30
2 -2
70 33
0 25
-53 9
24 -16
0 6
40 -53
2 2
-28 26
-49 8
0 29
-67 21
-69 6
14 13
22 14
-13 -20
37 -12
28 12
-48 -4
25 43
5 1
9 8
-90 18
5 -10
-8 -19
-37 0
-14 1
27 22
1 28
52 23
-52 18
-36 12
54 -30
-13 -18
-103 18
24 30
1 0
29 22
-27 -13
29 8
-52 -54
21 -10
-74 29
84 0
14 59
-7 -5
-48 15
-92 4
70 -4
58 -5
-13 -19
-9 2
7 31
-33 26
-29 -3
30 -2
-57 -6
-3 12
-1 -8
20 16
30 -1
26 17
-211 5
-49 12
-26 12
22 -36
57 -9
-77 -19
62 2
-117 -9
-18 15
13 8
3 60
19 4
44 3
8 0
57 -4
-37 24
-56 9
-70 -16
-56 12
-50 24
-46 0
7 -18
59 -41
20 -15
20 43
-61 37
7 14
-4 11
5 0
4 -18
15 1
-20 -23
-17 0
14 3
-137 40
-75 8
14 -1
59 14
67 16
-3 3
-78 -10
-19 29
-21 5
-48 11
-16 16
-48 -19
-31 -17
-56 -37
-8 0
16 24
-2 4
-66 31
-23 17
15 23
44 -5
-6 -4
27 -14
-63 -3
12 11
-11 22
-17 35
-12 56
-21 -17
-8 14
32 -32
19 -25
-96 2
-15 7
76 -5
-57 14
-5 32
-2 14
49 2
-9 3
-9 -5
-3 -2
4 -5
-40 55
-19 29
64 15
-2 -22
17 22
1 -23
54 -23
-74 7
-44 28
5 11
-22 5
-54 5
28 -44
-56 -36
17 -9
-36 38
-39 19
6 -1
0 -10
66 -1
0 -4
58 -7
-37 -3
-97 -10
56 46
-60 18
7 18
-32 13
27 -31
17 -22
65 -13
-19 8
-30 16
-4 27
-25 36
12 0
-15 -14
4 -6
-22 -9
-37 -16
3 -4
19 19
-35 27
-11 3
-19 -15
-22 0
24 -9
5 8
14 -3
44 18
33 26
-25 -12
-32 25
-44 6
-19 -23
1 -29
-4 9
8 19
-28 9
15 -17
-48 49
-13 25
52 -24
67 -24
-42 0
21 11
4 18
58 18
18 25
51 9
69 -42
-47 -19
6 -3
-6 42
-27 7
-153 26
-10 -4
1 18
0 0
34 -10
52 -23
-51 0
-72 -2
-69 8
17 25
-18 3
-72 19
76 8
-94 -35
34 -23
-73 -3
-11 14
-5 24
24 36
64 19
-12 3
75 28
-3 -24
-46 -15
-4 -1
50 32
3 0
-20 -6
-24 11
45 3
54 3
-15 -19
-15 -6
-69 -2
-2 -12
-8 18
5 0
-10 16
66 24
-44 51
-26 -21
-38 -18
-5 18
49 25
9 27
-5 2
108 0
12 -23
-9 -7
8 0
-18 0
-132 -9
11 6
-65 -6
20 -6
-26 9
-15 47
20 1
-21 -40
33 14
2 12
-36 4
0 18
-15 13
-6 12
-188 0
30 -34
-19 -2
-36 24
-71 -17
41 8
-36 9
-6 14
17 20
6 -1
-76 8
-53 -28
-3 -9
-19 12
24 16
30 40
-9 39
-120 26
-64 -18
0 -43
31 -20
0 13
40 44
-43 30
44 13
-101 -19
-2 -7
-7 -8
12 -22
-10 0
-21 23
15 31
-86 9
-32 -6
56 6
-15 -12
-29 -11
-15 26
29 1
3 -1
18 15
19 14
-55 3
14 -1
15 -18
-17 0
-35 -1
-9 12
27 6
-5 -21
-55 34
-55 26
-45 -15
-25 -28
-27 -4
19 8
28 33
-11 29
18 5
-20 4
-33 -6
19 -22
-28 -27
-13 -5
24 24
26 -13
-4 7
-31 12
38 9
-18 37
1 13
12 -8
25 -7
-14 -8
40 -22
42 3
8 54
55 17
26 -11
12 6
3 0
-22 -19
20 -25
-29 20
-14 31
16 8
25 12
53 -13
0 0
6 -25
-37 -6
11 -7
0 34
13 18
17 -26
-2 -12
1 22
15 -4
12 -1
8 -12
20 -3
66 1
0 47
76 9
25 15
-38 -40
-78 -11
-123 11
-103 -19
110 40
