-174 32
69 37
-141 0
25 -1
-9 14
48 -24
69 20
27 42
-36 18
77 2
79 -90
93 -18
1 9
3 -2
28 -14
-73 -31
148 20
-274 32
-3 31
75 28
124 58
-47 -29
198 43
224 23
68 -106
-18 -37
-100 146
-4 136
91 4
80 -60
-6 -124
-114 -2
-120 30
9 60
-14 4
95 -141
190 -121
238 -24
25 1
-68 47
-1 134
16 63
16 3
45 -41
-16 -70
27 25
223 -21
-15 -44
75 1
-55 43
-45 9
-18 65
60 16
74 -82
3 71
-152 179
-99 65
110 -53
121 -55
44 -5
-6 -39
-14 -8
-113 1
148 -37
92 -16
-5 -2
-160 95
50 137
33 81
-59 1
-71 -231
87 -119
-81 50
44 11
105 5
-65 -41
-49 -36
125 2
25 140
43 73
-25 97
29 88
85 31
54 19
21 -56
60 -193
62 -70
68 65
147 13
42 -23
-100 -4
-43 -9
18 54
6 91
87 35
100 31
58 20
18 -70
50 -64
129 16
-80 -29
-62 32
-112 67
77 -13
223 -52
151 -96
-2 20
-87 27
-9 28
-15 8
-37 87
93 45
40 -49
85 -14
-90 -28
-77 -39
245 131
99 -9
-79 -134
-165 -65
-166 17
52 6
200 -66
-77 75
-141 89
19 119
-7 12
86 -118
26 -37
-5 86
41 48
43 55
13 -7
-125 -153
25 -22
135 129
-159 59
-39 3
111 -34
70 -68
-5 15
0 54
-5 42
-35 -41
24 -65
195 142
-4 -39
29 -66
-110 -24
39 16
170 65
82 14
90 -24
-13 110
-15 -22
141 -145
42 110
44 -33
-55 -84
-12 51
-105 -23
169 29
186 49
-302 60
30 -92
-99 -31
-38 12
87 98
-58 113
32 -104
42 -137
44 -20
-22 65
30 118
-56 -104
-94 -61
-72 92
73 40
13 -29
-28 66
22 -61
38 -117
15 8
-85 61
-55 -19
21 -33
42 98
9 129
8 54
20 -229
-12 -222
61 36
21 192
29 131
-18 5
40 -96
137 13
95 56
38 -57
28 72
-65 108
-92 2
31 22
58 -249
184 -37
-33 30
-39 47
-10 16
100 136
-53 -26
-76 -9
-106 38
124 -34
84 9
168 40
-36 38
-57 58
-40 -86
-8 -136
101 0
81 138
66 46
66 22
-41 -108
-203 129
139 -18
134 -56
30 -22
-234 13
41 32
113 20
-13 -64
-90 6
-71 -53
97 145
0 31
-46 -57
192 44
66 134
3 -118
-83 -32
15 -104
-131 -28
-17 3
-5 131
-63 39
12 -20
-93 -95
16 -20
14 36
5 -28
-129 -69
-30 6
131 104
-113 67
-12 -125
167 -44
31 -76
-184 19
15 144
110 96
-16 -205
-77 -109
25 82
6 36
-24 73
-33 72
-57 40
136 -48
92 -83
-49 -43
-119 29
43 -40
32 -110
-40 77
98 144
5 -135
-24 125
68 -52
-96 -115
114 2
95 83
-37 -21
-8 -13
99 48
4 185
-93 -82
-29 -20
-16 -2
98 -20
119 41
65 -53
-43 -31
-47 27
-7 -20
-88 131
67 97
55 -295
21 -14
50 98
-84 77
-47 92
-23 55
116 -172
31 -236
-37 175
-22 103
-11 -45
-67 55
26 28
68 -77
44 -108
32 83
-137 127
-64 -46
8 38
97 -25
-17 -5
33 62
-11 -8
30 -37
11 12
29 55
17 -11
-118 -3
25 -60
13 24
-99 29
-199 0
102 -52
124 -52
-40 36
53 7
64 11
32 61
-4 73
16 -7
-80 -89
44 15
-20 79
-3 -105
115 -10
72 35
26 64
84 -69
11 -123
-35 58
-89 89
40 -17
227 -58
-82 6
-40 26
-37 70
15 -13
42 75
-39 -19
13 -112
49 23
-8 -58
-24 25
54 56
91 31
-82 -40
72 6
169 -32
-18 6
-21 88
12 4
-97 81
79 -101
80 -170
112 80
65 97
52 -2
77 -1
140 7
78 -101
-15 2
-29 32
90 27
145 20
35 48
26 -17
43 29
-116 11
-45 6
95 22
38 69
104 -97
142 -47
-153 95
-94 -67
36 -72
167 82
145 -20
-126 21
149 81
100 -46
2 73
-9 45
21 -113
-83 -123
-22 16
87 112
135 65
-26 9
128 -18
-57 -33
-1 50
-44 60
-39 90
4 -13
-20 59
62 -109
256 -166
-65 -57
-12 46
101 80
-58 46
94 7
82 33
-23 51
74 98
-20 -43
-80 -107
-207 64
121 -39
-94 11
6 -24
202 3
-14 -50
143 24
-78 51
-122 146
58 48
36 -170
-22 -52
-39 60
2 107
-5 44
5 -64
118 -205
-84 -8
-103 110
-85 112
23 46
19 7
-54 9
86 -7
116 -82
-97 36
-17 56
-5 0
29 -6
119 -3
-8 37
-19 78
-20 -42
97 -89
48 -33
-39 48
57 60
48 36
-90 123
21 -38
135 -11
25 -70
0 68
-10 45
30 -78
13 -25
-9 27
43 182
-83 137
133 -102
119 -376
-19 45
16 175
1 34
-4 14
-87 85
9 -19
148 -107
157 -3
-169 -87
-136 161
11 -66
2 -92
80 33
-54 4
-58 88
26 93
-27 -162
-33 -101
8 104
-35 49
60 23
20 -31
39 -30
120 3
109 20
-27 6
23 38
-103 42
17 110
29 -55
91 -152
25 48
-84 102
-50 -172
-27 -121
34 104
32 22
27 43
-14 101
213 -91
4 -61
-93 55
-88 57
-30 52
117 -15
17 31
-25 -66
57 -30
9 86
61 31
56 -103
77 -43
25 97
-89 54
32 93
24 -81
1 -129
62 -28
-5 21
23 75
-75 21
3 131
-33 68
91 -228
72 -30
17 63
17 -6
107 72
18 -7
-139 -58
-48 25
88 -20
12 56
52 -29
9 42
62 0
26 -29
43 3
-83 56
1 37
102 -6
12 47
19 23
65 -26
-87 -60
-26 -55
-25 -62
-36 50
100 61
121 -10
137 66
-86 29
-27 -69
22 35
94 41
-42 64
-49 3
85 -44
81 117
72 76
44 -101
-31 -136
-3 42
-93 97
-116 73
71 44
5 49
74 -47
-22 -150
-23 67
-5 73
-5 12
37 23
116 -79
-44 -80
-112 81
147 56
-8 39
-44 -76
-168 -92
-17 0
55 69
-61 -5
33 49
135 -35
-151 32
-5 35
17 38
0 -30
12 -50
120 29
-63 25
14 51
-71 -51
-17 -9
98 110
-7 -50
16 -73
26 89
-32 56
60 -98
14 -71
70 18
-27 75
91 34
81 -2
-25 -29
41 24
39 96
-44 -66
146 -66
82 100
-126 -3
-5 20
117 -63
61 27
15 -17
36 -50
-47 -10
5 32
27 65
5 15
-92 122
-105 -6
-26 -188
97 -9
81 29
-67 33
-4 -3
-28 -40
55 31
-84 37
-3 -96
157 -66
26 23
106 86
-11 48
-62 44
-52 -30
-1 12
51 -26
-135 -18
61 91
-48 28
-121 -92
59 -36
54 46
93 37
-3 25
47 -167
7 -28
19 50
-19 33
225 32
-14 37
-8 -188
8 -5
33 39
134 67
-30 -20
13 28
-39 187
9 -53
55 -74
-49 -17
25 2
75 40
63 6
-26 -40
26 -17
-121 31
24 76
62 -76
17 38
48 59
-56 -120
25 18
102 57
65 13
61 34
-46 -41
-22 77
-46 -66
27 -50
-19 35
64 42
-11 -9
56 3
-14 34
60 -22
44 -63
22 5
-98 69
342 91
146 -61
-116 -1
-182 32
91 -132
64 -69
0 -12
60 94
-7 66
53 44
28 3
-115 81
-42 -52
57 -24
52 -25
49 -77
0 2
-19 34
-93 50
-15 4
14 -46
50 -9
-161 -19
35 53
91 2
-93 27
52 47
-62 -14
66 -7
15 -145
26 -45
54 164
91 93
100 -34
54 -139
35 23
-77 102
-60 -44
-2 -46
130 15
44 64
140 68
79 -49
-3 -1
-104 16
13 45
-113 -7
65 39
4 -38
16 -21
7 48
-6 86
-116 -109
27 -2
129 -29
-17 -116
-26 14
-145 108
130 -5
-87 18
-58 38
-1 4
143 -27
78 99
-15 -84
81 -34
-10 33
48 -39
220 -16
-54 21
-43 49
-83 -17
24 70
175 -46
0 -84
14 93
227 113
48 -51
-74 -74
-84 -11
-16 62
24 11
-98 -32
37 -20
31 38
-151 89
35 -59
-4 31
22 -28
3 -119
19 29
143 52
8 9
4 59
-1 7
-9 -20
139 -50
16 -7
-68 37
-12 45
-27 -33
50 45
27 -8
-6 19
86 -35
23 -35
-4 49
16 -18
73 15
-74 -28
73 7
38 70
49 26
87 27
30 5
176 -25
-23 -19
40 -39
-46 61
119 15
3 22
-118 35
-67 -192
-4 -17
76 93
98 49
53 30
0 48
25 97
72 -140
-10 -101
-69 22
-81 65
-135 22
82 68
138 -17
45 -109
-153 34
-14 -1
43 22
51 71
-2 -19
6 -106
57 0
-34 23
93 94
56 -47
-11 -80
20 -63
38 80
19 48
-28 3
-47 2
15 -68
15 11
31 91
68 -18
62 -60
-85 -1
-33 -3
-31 7
42 70
-75 56
-60 -67
125 -35
71 52
61 8
65 31
-12 -46
-17 11
-26 66
-3 7
-46 -28
-39 -56
104 -12
79 11
74 13
16 70
70 5
21 -1
140 38
-69 -76
-61 -57
-81 13
-21 40
-95 74
99 -35
62 -96
-29 16
-80 80
124 -74
-78 -11
39 77
6 23
-15 -43
25 17
-165 34
59 -6
86 -30
0 -45
199 36
1 34
-103 48
-53 -56
-25 26
-6 51
-24 -109
-10 -102
2 86
-9 54
-39 58
8 -13
73 -3
-52 -33
-95 18
83 24
23 24
-13 -53
67 -22
51 83
-45 63
-2 -54
-41 -155
-12 41
-109 65
103 15
62 61
-7 -53
-50 -3
44 24
28 -3
168 -53
83 -6
0 33
-2 36
42 25
28 -27
-48 37
-12 26
17 -23
-14 -77
74 -22
-22 51
-10 73
35 -7
-21 -64
19 40
7 61
-53 -11
111 -57
57 -24
0 58
66 48
-146 16
64 -49
-52 -59
-122 52
116 96
-56 1
156 -38
193 3
61 -11
-87 -80
-17 19
27 43
-96 -27
49 -2
-105 74
0 23
44 -38
-5 -16
2 49
84 83
53 24
33 -79
-5 -30
-8 90
-41 11
72 -132
54 65
-13 75
-86 8
28 -31
-73 -46
177 -58
-53 100
-209 76
-30 15
-40 -4
-88 -69
76 -39
-19 8
4 -9
-76 6
-11 -11
-75 66
-12 107
-43 -176
-53 -84
112 -15
-128 47
20 29
37 40
-210 -17
8 -4
-161 9
-94 46
0 22
0 -18
67 -2
-40 7
22 -35
-80 -31
15 -19
-43 18
-37 72
-10 -10
51 -34
45 0
-39 50
42 37
-63 32
9 -39
161 -28
59 -10
14 70
-13 40
-112 -9
59 -3
58 17
131 -41
-55 27
0 19
-51 -68
1 13
-10 94
-72 26
0 20
17 21
74 41
-79 -112
-51 -75
103 -21
-9 68
-11 88
-28 16
-19 32
-17 -78
-13 32
14 -31
-14 45
1 16
158 65
-93 -20
-140 6
66 13
-30 96
1 -259
-26 -77
48 177
103 112
-21 -121
33 -25
-47 24
15 94
-23 33
58 -63
-93 -48
-21 64
-26 56
11 -72
30 34
-87 -3
-5 -98
11 76
-143 56
-34 -38
100 -3
34 39
-40 89
-79 18
57 -18
222 -45
-106 -30
108 9
-90 -49
-35 54
-70 95
-58 12
30 -67
-36 -24
-218 -60
5 -8
15 42
81 88
-19 -5
-77 -123
-150 -7
-9 -64
-45 -30
86 -17
-92 45
-15 12
110 32
-140 22
75 -89
-32 25
-121 -49
78 -10
74 -46
-39 97
-64 -34
-15 -186
3 -8
-73 43
-86 68
-122 7
105 -17
71 -86
-126 -94
5 32
-93 98
-66 -25
198 48
39 -120
-17 -112
0 17
-137 88
91 96
9 -55
22 -103
4 30
-75 -6
96 -105
-40 -5
126 47
66 5
66 -21
-449 29
-112 -29
57 -6
12 -35
-84 20
27 -46
-58 -8
97 -37
64 -3
-42 -41
72 -26
-22 4
-172 17
4 11
-51 15
0 -14
-46 -57
-78 -8
-110 -15
12 -19
31 20
-5 9
91 -37
-50 -61
-134 32
-123 38
79 -94
115 12
-17 -24
-93 8
-108 -2
195 100
29 43
84 -65
-77 -27
7 11
-170 41
11 -80
-42 -4
-7 44
-166 27
0 -121
-5 -99
-51 33
-376 27
56 21
-47 -55
-92 -71
178 9
58 103
-97 27
-24 -19
-72 -46
24 -71
26 12
-36 -2
-45 -25
-47 18
23 -8
93 0
-68 -13
27 27
67 -113
25 -5
-31 8
9 25
-33 -47
6 63
122 41
-32 -38
39 -117
-64 63
-113 -7
-79 -84
24 15
131 74
-62 -1
-147 -14
-274 53
-83 -67
160 -68
28 43
-102 17
72 -26
34 -60
-84 -79
-88 15
-24 24
4 33
26 41
17 -49
-117 -45
0 7
-51 15
-69 5
-85 64
38 -15
-93 -79
-123 -75
102 -15
45 53
-50 44
-35 -67
-57 -4
-22 36
-45 -146
-40 -81
-3 88
-36 29
-45 -20
-26 39
-51 9
-97 -81
84 -65
54 30
27 -4
-46 -84
-41 -43
-98 75
-97 58
17 -130
-113 -67
-46 8
17 31
18 9
20 11
-76 47
63 26
-116 -13
33 -97
-65 -39
-89 20
-96 -20
113 31
58 9
-169 -71
22 -25
105 7
-150 13
-100 50
15 -111
51 -72
51 2
-140 21
-84 38
17 -22
146 25
-51 -36
-12 -24
1 40
68 -37
-106 -119
-117 -10
41 92
3 9
-32 7
-26 28
-7 -60
-56 -44
-24 -26
-82 28
-85 -10
53 -23
45 -45
-65 45
-10 -42
-6 -7
-60 -32
-37 -42
39 5
-29 16
-34 53
95 13
-45 -4
54 -9
-181 -67
-80 -30
58 20
-25 1
18 4
155 -6
26 38
-33 -27
6 -42
60 -33
-30 -1
-19 -13
-28 -12
-118 35
31 -20
0 -21
8 -20
60 -27
-6 -58
46 0
-70 -5
-5 21
-47 -16
-55 -22
-50 -51
-73 45
119 -32
25 -30
-9 -54
-33 5
-31 23
-33 6
-119 -13
-48 -5
-75 -27
34 -31
13 -64
-31 84
-28 -4
-45 -59
32 7
-36 38
38 -68
43 -103
-14 -4
-104 79
-116 62
144 -4
-18 -76
-107 -34
-23 -32
42 -65
-287 16
-35 -23
-19 28
-95 1
89 -22
-149 23
-9 -15
-8 11
-3 22
-137 -68
22 -75
-37 50
35 -18
-87 -116
-10 -18
13 -26
61 -12
-120 7
-15 12
71 72
-62 -57
-8 -52
-16 -47
123 -4
-8 -35
3 -19
-104 -25
-16 23
25 53
81 36
87 -27
-57 -57
-17 -26
-97 -20
-258 4
-4 11
42 -52
0 -39
117 5
-181 44
79 23
158 -51
14 -6
0 11
18 -27
-110 -31
-60 12
-92 30
55 -85
86 -34
227 21
-15 102
29 -12
-52 -98
11 52
26 13
58 0
-96 -65
-90 -34
-46 -64
39 -37
97 4
-54 55
17 -25
48 60
167 -97
-38 -138
-17 23
-6 52
-40 43
-31 20
45 1
30 -23
40 -73
-29 1
3 60
4 0
46 -6
-113 30
119 -32
79 -80
56 -16
30 -63
12 35
-62 0
12 21
-30 47
-40 48
-4 -140
-3 -87
-76 81
148 43
-5 19
-69 -83
14 -139
41 35
0 82
4 -19
38 -49
19 -82
13 -27
71 -11
-20 54
-23 -45
-17 -35
-120 35
-5 -68
-12 -94
-32 44
-115 76
-119 20
70 -83
123 -65
-28 -34
35 12
206 27
34 -65
-69 -142
2 -26
-88 42
-95 43
-72 120
31 42
-14 -202
-81 -34
-50 52
53 -17
88 -13
11 49
-56 -52
-78 -129
-15 2
61 69
13 -30
-3 32
-46 49
-40 36
19 -77
69 -182
88 26
199 109
-5 113
-58 -189
-21 -279
20 60
-33 157
-24 58
27 -60
-52 -68
-29 -6
23 66
32 -72
-189 11
23 8
5 12
-34 34
-7 6
-13 -32
-79 -112
60 58
18 9
-18 -58
37 37
-108 68
-27 -145
12 -103
-9 17
-18 30
57 78
76 -33
-43 71
-171 35
-12 90
27 -183
68 -92
-105 72
82 52
55 -151
55 -50
0 27
-108 20
59 65
-16 -19
46 -19
163 21
-2 12
-72 -73
-187 -18
114 46
73 102
-81 -83
-64 -233
142 -51
145 -34
-90 -47
-62 24
-65 152
49 -99
28 -115
-22 58
163 169
-13 -115
36 -148
-109 31
60 15
37 28
39 -14
-19 26
-37 -20
8 -82
-26 19
4 -12
-51 3
1 28
-7 37
-44 -203
-11 -47
112 42
101 -3
37 15
96 -2
-77 -4
-23 -26
95 18
-51 -60
-15 -26
26 34
-31 114
-56 -105
32 -58
179 85
11 -53
6 -67
-54 25
106 63
108 -51
16 -34
-74 11
36 32
-5 -17
-2 -19
41 4
-1 28
58 -61
4 -81
-88 -23
-28 8
-78 19
93 -51
-53 -46
-17 62
107 -40
-2 -32
0 38
81 0
96 19
-42 -23
-58 -50
46 -2
-122 -5
88 -26
115 -13
16 24
-119 -46
-56 -44
42 -4
-3 26
116 19
25 23
-1 -8
-54 14
104 22
-50 -83
-25 -53
-5 -20
-54 36
-14 5
17 5
65 -61
-2 -3
104 -5
-13 -16
-19 21
-30 33
-48 -34
67 -62
14 -14
-35 -37
32 19
2 -52
178 -23
1 24
-83 -47
16 37
65 -27
0 33
-14 1
-25 -1
60 -58
98 -43
33 9
52 17
66 20
-61 0
-58 -5
-12 -154
166 -112
-40 26
-52 46
62 80
65 -41
84 -46
80 0
51 -14
-74 7
-22 6
35 -31
43 29
74 -52
42 15
84 54
-140 26
-259 11
167 -41
142 -42
14 5
-32 -22
44 30
65 -8
-63 8
8 74
-26 -121
46 -97
0 -30
-92 54
8 37
0 30
16 -92
37 -50
63 -25
14 42
111 13
101 -6
91 -54
-38 25
-1 21
8 12
162 24
24 -60
5 -66
102 -15
-50 -50
61 -2
4 20
-130 35
19 12
0 -67
19 -60
-23 17
43 -29
175 26
-76 2
68 12
-28 -29
46 -40
39 -34
28 -14
118 -29
-95 -20
47 8
68 28
-38 -35
84 -10
-243 11
123 -21
-21 -36
-17 -27
82 60
35 -86
-49 -44
-2 -39
-54 67
-45 -5
-117 -97
53 22
-126 60
55 -24
112 -14
43 1
-46 -54
-76 42
40 -35
0 -31
-28 64
-11 31
-81 -95
-35 -57
-121 40
30 43
99 19
-24 -50
68 -32
69 -18
19 17
59 44
6 12
-83 -3
-15 -20
232 -47
-119 -18
-20 3
64 -38
160 9
-135 -43
-30 85
-86 16
117 -101
-133 -107
-117 23
41 47
78 15
-98 0
-56 4
60 32
42 51
38 -68
-64 -120
-52 39
43 30
57 -88
22 -145
44 -5
97 30
148 -4
-34 9
12 -23
-3 24
92 -11
-22 -54
80 23
6 65
-125 -53
-31 20
-1 -55
99 29
21 52
-76 41
-135 -46
-52 -101
-62 -7
11 16
71 7
-49 -55
20 24
128 -34
41 -5
-58 11
15 64
-107 29
-50 -40
-42 -84
-64 -26
13 -10
87 56
-38 -35
-76 57
-78 51
76 -50
28 -109
23 -1
-40 -11
15 17
199 56
27 0
-58 -37
57 47
253 -101
-42 -92
114 68
-58 52
-67 40
23 -28
58 -32
97 78
-29 -126
34 -130
18 -27
110 94
26 12
-39 -44
-65 76
-75 43
14 -20
-11 -128
-20 11
81 69
73 -26
-43 -20
1 11
148 3
73 -18
26 -46
-26 19
33 -8
-38 -9
48 34
64 -41
-37 -40
19 -1
90 -27
30 -56
83 51
-4 31
-99 46
-78 -31
32 -112
-34 33
-27 -22
0 -71
81 -7
75 89
87 43
-110 -69
-55 -45
40 92
-40 37
-59 -78
167 -78
172 3
5 24
-67 31
-75 -114
22 19
83 -15
66 25
67 6
-50 -68
-15 -27
6 63
-61 19
-50 -58
-57 -77
-24 -97
-27 12
-3 52
5 5
-38 -16
1 -30
18 -19
-2 2
33 47
30 38
47 -23
34 -22
14 16
-2 -114
11 -79
-150 65
-8 -10
132 -40
-12 -34
267 -56
36 -101
-115 27
-96 38
67 69
-37 -12
-24 -48
49 -25
81 57
-23 -22
-201 47
35 -78
147 -44
62 -7
28 -6
-5 67
-62 -2
66 -27
-82 -10
22 -87
68 -65
-153 15
-77 59
122 36
127 -67
-69 -11
-164 -26
-7 34
98 48
103 9
-46 -40
-41 -51
5 27
21 -38
6 -80
60 -9
81 -2
38 67
-23 -45
-22 -24
48 -1
-62 9
-72 -77
-25 -17
45 17
-82 21
-46 -36
43 -3
83 108
-31 -86
60 -24
83 -58
-18 -88
-40 -8
71 31
-37 9
43 16
49 -13
58 45
-37 -6
-81 -40
-21 38
92 70
24 -110
-23 -197
64 40
-80 93
-45 -105
24 -92
59 14
-52 66
-19 82
-19 -23
-175 -27
44 23
-92 11
29 -40
71 -87
100 -20
56 72
-55 4
-4 -40
0 -61
83 20
107 36
5 -10
23 -13
28 -41
-4 -74
50 -13
-24 11
57 21
84 -29
-40 -10
-209 6
86 -79
14 -19
38 45
90 31
-92 43
94 -46
-33 46
1 -46
142 -115
43 13
-29 65
31 28
2 -61
-4 15
-29 -12
102 -16
117 3
30 7
70 16
-18 -3
-28 -19
-10 -47
13 9
19 82
56 -73
-67 -217
15 48
-98 89
6 -34
73 3
-24 0
104 -23
96 -50
26 0
-132 22
-121 61
-7 -13
11 22
18 -82
20 -12
51 -29
37 1
-30 -13
47 -39
95 71
-9 -18
24 -2
51 31
55 -35
19 -88
-23 -2
-37 68
37 3
32 -12
-54 0
-9 -7
71 33
84 38
81 -87
68 -50
59 22
91 66
29 -17
-29 5
13 -12
184 27
44 -47
-75 -9
2 -35
-24 -12
72 17
-67 -85
157 -18
86 36
-1 36
45 -68
-118 28
27 -55
144 -8
15 69
136 25
167 20
110 -120
-31 -140
-27 27
79 60
90 9
-260 13
51 13
9 -59
8 -56
38 -29
58 -5
78 16
53 28
-84 -44
-9 -17
182 4
127 74
1 -48
-33 -49
19 -95
42 17
78 72
-215 -4
-12 -23
42 4
-12 54
-9 9
199 -89
61 -153
-28 -94
-161 97
99 -4
38 54
114 -50
26 -46
50 11
-141 78
68 60
-91 0
-70 -8
1 57
155 -156
134 -97
-81 -94
-63 -21
117 44
236 42
55 32
61 1
-72 -23
0 101
34 9
77 -12
51 -170
-68 -58
4 96
-107 62
40 1
36 2
85 -20
138 0
-7 -29
22 22
-66 65
43 -66
82 -61
113 -41
-39 3
-86 1
83 -29
-38 -13
-14 -62
-57 1
