-27 -10
13 3
-48 22
-76 9
-66 34
-15 13
-51 -12
1 -19
-51 0
33 1
22 4
48 27
107 19
-11 12
50 17
124 8
13 -10
-31 -19
205 0
62 8
12 15
56 25
52 8
-11 2
-55 -18
-24 -33
38 -18
78 13
-1 22
-10 18
-36 7
-1 0
-29 7
21 -13
-76 -4
-142 -2
120 19
71 18
109 11
-117 21
24 5
121 2
81 11
-10 -16
25 -18
25 -11
-66 0
-24 19
-27 38
-133 9
-13 -2
32 6
93 -6
-109 -10
34 -9
-4 12
-134 20
-25 20
19 15
-28 27
23 0
-17 0
-76 -5
58 -27
-91 -15
-48 5
-21 18
0 22
-74 1
-154 17
129 -8
-89 -7
-61 2
117 -19
96 -3
56 13
133 20
14 1
-36 15
61 -1
116 -11
-37 -26
46 -18
-47 25
39 22
-103 11
-47 8
-48 -5
-33 13
-28 -22
-70 -5
-110 39
45 32
24 8
-13 3
95 7
46 3
-29 -7
34 14
6 -2
-109 -26
-28 20
56 3
-95 15
32 -8
-208 -11
-18 -6
-94 -11
21 24
-7 22
-303 50
60 8
54 0
-31 1
106 9
-59 -23
-60 19
-72 12
15 20
-29 19
-10 5
-18 4
45 -19
-43 -8
-6 -2
72 12
6 21
-143 -1
-75 15
19 -4
62 -20
52 -10
-170 -7
9 0
17 15
-147 19
-69 23
-41 -15
2 -19
52 -24
-74 -3
44 -6
70 19
97 22
21 9
-31 17
41 -29
22 -14
-27 0
-10 -3
-51 17
-1 20
-54 23
-31 15
-13 20
103 2
55 -12
-115 -22
-57 8
23 23
-3 -3
-20 6
3 -1
59 -4
-100 -17
-42 -22
17 -8
5 17
-1 32
15 28
-3 12
-68 5
53 -10
-35 -16
-31 -11
20 22
-18 16
72 8
-36 16
-62 18
44 30
149 -12
18 -16
-39 -22
-60 -2
-7 -2
32 6
-13 9
116 27
83 2
28 16
164 3
-7 -12
-124 7
51 22
-14 22
47 19
21 4
95 4
-61 9
-33 0
-49 -13
159 9
-45 27
80 17
-8 20
-86 5
-3 7
124 -10
127 -27
-9 18
50 4
-157 27
-180 17
178 11
42 11
-79 -7
-44 -11
168 -15
12 3
-78 6
-2 9
-8 7
45 18
-4 -17
-50 -28
-84 -9
-6 -12
63 9
99 35
-84 16
90 8
95 4
-27 -11
-138 1
-4 -17
-221 -4
-190 9
-25 19
-26 32
-53 -20
-82 18
11 24
-162 -17
-49 4
-50 5
77 6
37 25
92 5
14 7
6 12
-59 11
76 9
-163 -18
-141 -20
103 -2
34 23
29 23
11 15
-72 8
14 9
37 1
-35 -16
22 3
30 6
20 16
-49 9
71 12
-71 13
-31 -16
206 -14
-12 -13
0 1
32 13
-45 27
75 5
-20 6
-53 1
-15 -14
35 -43
-121 4
-16 33
-60 17
-2 -4
-394 -3
7 0
-15 -11
73 -9
23 1
-30 16
57 -4
-24 18
-25 5
40 1
-99 8
-3 -7
49 -21
-3 4
32 22
84 11
40 18
80 13
-28 -27
-51 -20
16 -23
-17 0
44 13
78 27
26 3
-29 40
-36 -1
31 -3
-4 -20
99 -14
96 14
-16 11
-30 15
14 4
-111 14
110 -8
60 -15
-27 -22
-64 -10
59 21
-43 23
57 -17
29 7
-23 14
-2 -10
-108 -18
-87 2
-10 6
-36 9
41 16
43 27
65 5
54 11
4 -12
41 -7
-39 0
-2 12
-9 23
86 11
34 -8
-26 0
-15 -14
-80 -26
-3 7
76 -3
68 16
9 20
4 29
52 0
-77 -19
-61 -19
31 -16
9 2
4 16
-12 17
-53 6
0 -7
-39 2
72 16
47 -14
60 15
-39 23
6 20
-44 -2
-15 0
-52 -5
5 -2
-24 -10
-25 27
-19 38
-63 -11
-3 -17
6 -8
-5 16
-59 31
-14 23
-45 24
38 -6
27 -17
-68 -16
59 0
-8 12
-10 16
-23 7
-24 5
-63 -9
41 -34
92 0
0 12
-58 36
-29 25
-20 30
8 37
-3 489
117 352
-67 680
77 115
-10 -32
-60 -59
33 50
34 92
-51 115
4 56
11 -41
22 -94
-61 -53
-73 -7
-2 -22
62 -29
-32 -22
-43 -39
-14 19
-50 40
132 16
-26 -6
19 22
80 16
19 -33
-7 3
-111 43
-10 23
44 33
39 -16
-23 -3
40 -23
-70 57
65 27
52 19
68 22
16 17
-62 -19
20 -6
105 1
9 17
-24 20
-2 24
77 4
-5 14
5 -12
-89 -6
15 0
-27 -14
12 40
1 28
-25 27
102 -8
-47 -8
-80 -31
-104 5
13 -7
96 25
91 9
11 4
-36 51
-31 -3
-24 -20
30 -1
47 14
67 54
12 43
-97 -32
-91 -23
48 0
23 -22
-15 -28
99 11
14 34
47 11
43 0
-63 37
184 9
43 -33
19 -26
32 -18
-102 17
4 32
-24 13
74 5
-366 26
60 -15
-9 -18
128 -3
-80 1
31 0
19 40
17 37
8 19
-30 -2
-8 -6
63 -13
48 1
-29 51
56 29
61 -7
-102 20
105 0
46 9
164 -8
0 -14
-67 42
12 17
44 6
-87 17
81 0
-6 3
14 -20
-118 -21
-8 5
-28 37
117 37
-38 -12
115 14
76 23
-20 -25
125 -8
-108 -2
12 14
-119 17
-162 1
35 -19
129 5
33 9
-51 -18
-108 6
-81 1
-31 17
25 43
6 22
-2 14
60 -20
104 -47
-31 -19
13 21
74 42
-28 29
-40 33
94 44
42 2
-43 19
-79 -19
-114 -27
31 -23
-25 35
9 42
-13 29
-52 9
-22 -15
29 -47
-12 -21
39 25
39 22
61 -6
-127 27
24 2
52 21
-26 14
-3 11
18 19
8 -5
31 -9
-16 6
19 -5
38 47
-70 -14
19 0
-13 -20
99 -29
27 -4
19 29
-25 15
-14 47
-6 31
-22 -5
-57 0
2 1
82 -2
30 -5
-94 25
27 63
58 51
9 40
32 26
-20 -53
-28 -32
71 -9
-26 -32
110 31
-125 -30
-34 7
-36 -4
116 20
-33 -3
-17 -15
-25 34
-73 8
-79 4
-52 16
-69 28
35 16
29 22
74 -32
-58 -11
-45 -20
-76 13
79 31
15 41
42 11
19 1
31 -47
14 -13
-33 -2
45 14
-6 13
39 4
36 21
25 20
58 21
-80 -4
77 -23
49 13
-27 25
72 16
-4 21
47 17
53 42
68 -38
-64 1
-39 9
-13 20
-30 11
3 45
-1 13
25 0
79 -3
49 -6
4 -16
-10 -16
5 -8
146 37
4 17
7 -9
56 20
32 9
-97 -37
-63 -28
73 -25
54 18
-53 13
47 34
136 24
-106 13
40 3
-115 1
29 -26
-25 -19
-321 6
-13 32
2 29
-25 0
101 24
-146 -4
-47 -7
38 -14
-3 2
-24 30
-63 26
50 -34
50 -29
-174 8
12 -12
-76 -24
-75 -11
-132 12
23 43
99 27
-25 8
45 -9
27 -19
-70 -31
59 -4
21 -4
-32 40
77 18
-5 4
29 20
-48 13
-110 2
42 -9
21 13
59 52
71 47
12 0
-30 -21
1 -9
-9 13
123 -30
69 -20
30 5
-13 65
-88 37
91 -23
51 -3
-35 -18
-315 -35
-19 9
-197 50
-109 34
33 24
14 -62
46 27
-7 -21
-47 23
-13 -16
7 -14
-61 -37
38 23
-51 8
36 22
15 4
-32 12
-52 -3
25 -8
31 -5
-97 -13
-7 16
84 18
-53 19
9 -3
1 17
8 5
23 -7
-56 -15
40 36
62 21
68 29
24 13
-1 24
-82 18
12 -2
-41 -11
30 0
52 -6
128 18
15 44
-44 36
71 22
2 -2
-47 -4
5 -36
-76 -11
118 14
58 26
-32 21
-10 -7
-164 36
-71 -16
-80 -18
-175 -5
-4 18
-94 55
54 20
43 14
-97 4
-66 -13
9 -25
4 -3
19 0
1 58
29 -21
-98 29
207 4
-44 12
-64 14
-139 -13
-105 -14
-36 13
-143 84
-51 -1
143 43
14 -29
16 8
-26 -39
69 -24
23 19
11 8
25 6
161 -23
-17 25
48 37
-56 -13
-117 -18
83 -5
81 12
-55 2
145 33
-32 47
-25 7
-120 -5
93 -9
-87 0
-24 -29
77 33
62 40
59 11
77 13
-30 -16
-95 -51
50 -6
31 27
19 35
-83 38
66 -7
-7 25
22 24
8 -19
33 -3
96 -13
99 39
-30 9
51 -2
92 -7
-13 8
-17 -2
45 17
-57 18
21 -9
9 17
8 55
-236 -19
3 30
1 -4
44 -30
-33 -13
64 24
-78 26
-76 41
-20 -23
122 0
62 4
-89 -14
-223 -31
45 -9
-1 25
181 12
2 32
-8 18
-77 21
70 4
56 -42
6 0
-21 20
14 6
-105 43
74 0
-17 15
14 -20
-374 -19
125 -19
133 12
-79 0
-126 -9
38 30
-59 -2
20 16
-98 61
-129 -9
-3 -24
47 -2
-5 6
-40 24
81 13
107 6
31 7
-12 -7
-22 -30
-21 16
-43 33
-40 -1
8 55
138 -20
103 -18
-106 -18
-92 6
44 -11
19 -36
26 41
83 38
75 57
15 -11
79 1
90 12
-117 26
-28 -19
12 -61
-51 -39
-46 35
88 47
-4 48
-13 25
-49 -1
-54 -28
38 -3
33 34
-71 -5
69 15
-26 13
-25 38
54 14
-55 -34
1 7
-40 -37
38 4
47 45
79 22
-44 33
7 8
-62 17
1 40
-25 2
-24 -16
-47 -10
-149 37
-8 24
22 17
-17 34
-20 17
21 13
-8 -10
-25 -2
50 -10
-97 8
-2 22
30 42
-43 12
-41 11
91 30
37 -15
11 -36
-163 -17
15 17
3 48
43 44
-61 21
22 8
15 -14
16 -20
38 -15
56 0
-37 32
-21 6
3 15
-57 29
-60 -6
27 -24
-74 -7
19 21
9 39
-112 57
90 24
28 38
2 14
-46 33
8 -30
-12 -12
48 -1
-63 1
28 8
-7 37
27 36
57 17
58 15
25 -50
-61 -25
-71 -3
-11 -35
34 38
-2 8
76 -10
-3 13
-38 1
-7 2
2 -11
-15 0
-27 45
-2 53
-9 28
82 0
34 -1
-39 -43
-50 -27
-33 5
-60 13
116 35
-1 24
-81 17
116 -6
48 -35
-133 -17
-16 -7
12 -35
16 0
24 65
4 38
64 -3
147 9
32 8
16 -14
68 -8
98 -4
87 25
-33 27
-19 33
95 27
25 12
11 -9
-3 -34
-4 -5
5 25
76 37
-3 43
44 32
66 -18
-64 1
-50 1
59 -29
23 -8
-35 16
70 13
-14 3
-52 20
-6 31
120 -27
-3 -35
73 3
72 4
-2 60
41 36
-90 29
-32 -10
-26 -12
76 -1
-1 0
28 -20
-48 16
2 28
9 23
7 0
-110 2
29 -45
45 -9
-56 52
-120 11
-31 23
-99 21
1 14
97 -2
11 -26
-6 -10
-9 -2
-5 -24
-16 43
-12 31
-31 35
-109 -7
107 -12
55 -20
-16 17
47 25
-37 17
0 31
-152 8
94 -2
46 14
-20 -25
67 0
9 20
9 1
29 -1
22 29
60 7
-17 38
-60 -25
-57 -12
-11 -26
45 -6
-196 9
76 45
39 0
21 0
53 18
-79 2
-149 -27
-40 -24
-59 -4
44 54
36 15
61 30
-6 29
-33 16
4 24
-116 -14
22 -23
5 26
-25 13
-98 -13
-69 16
15 20
30 5
53 -5
-8 -6
0 -10
35 -3
43 23
19 35
141 9
37 3
-14 -62
-32 -24
99 2
-125 32
-34 37
-36 31
86 0
-1 -17
-79 -38
51 -21
30 -17
-89 -11
-21 0
53 19
30 40
38 4
53 -38
-40 53
-29 -22
28 -12
-99 -28
59 5
-44 35
-36 12
164 5
14 17
-74 15
-48 12
30 -14
5 17
28 36
-59 20
55 28
-50 2
-13 -26
-30 -20
57 -4
24 4
23 23
1 22
0 -1
0 3
-6 54
-45 -26
-16 -25
-30 -50
8 17
4 -16
54 16
36 38
0 -15
15 -36
-39 0
-22 -9
-5 8
20 39
11 19
-51 0
-45 -9
-48 -2
-29 -5
-35 -29
43 -24
35 45
81 45
69 -13
-23 -6
14 -5
-19 2
-53 -10
39 -9
102 7
29 42
20 11
0 21
94 5
172 -2
34 -5
-14 -19
45 -6
3 20
15 27
-59 17
-49 -6
57 32
22 0
-40 -25
-195 2
53 -15
53 33
72 40
-71 42
-137 -47
22 -23
-94 -11
46 -48
-36 49
52 35
98 -2
31 38
95 12
-48 -20
41 -6
-3 29
41 14
-32 79
-145 3
27 -6
-48 19
27 29
-42 9
7 -31
-38 -25
30 35
-21 62
-36 6
116 -12
-14 -11
-21 -11
6 27
41 -16
-7 -3
-14 22
-46 30
-41 27
42 19
87 -6
86 -10
-36 -31
-58 0
96 7
-40 -11
-34 57
158 49
20 5
-23 -23
11 -17
-28 43
0 -37
57 36
11 33
65 2
-22 11
-26 -16
-17 -16
19 -22
22 0
-64 20
-79 25
32 2
37 25
-125 -23
-39 -24
64 -8
50 -16
-11 11
90 11
-2 38
-9 41
1 39
-8 -36
4 -40
-67 -16
-279 36
-95 25
-82 39
-22 -10
73 6
0 0
-35 -15
-20 -31
-23 -1
26 96
0 -17
8 12
70 16
77 15
-37 21
38 -26
-41 24
-26 6
-32 28
12 45
47 16
6 26
-45 11
-77 24
29 -6
23 -31
38 11
39 60
-11 32
-103 14
-81 24
94 6
-68 -7
-2 -9
2 -6
-52 23
-10 -23
-13 34
-46 26
107 50
71 -27
-21 -16
5 14
-24 11
6 18
12 30
-56 -21
-82 30
51 -6
-49 -16
-15 -34
30 -53
11 -5
46 25
41 59
-14 -3
-70 17
-23 13
51 20
-3 -25
-54 4
-43 35
-21 5
61 28
-24 31
-64 47
-13 18
90 57
-6 -40
-105 -32
-14 15
-27 -1
70 29
-69 26
-81 0
114 7
-129 24
-57 -3
-68 -21
52 28
93 33
-12 29
14 -26
-77 40
3 -20
-16 -32
-18 -3
-2 -13
25 67
12 39
72 3
29 52
49 21
-32 -11
53 -12
-36 2
69 37
63 27
57 68
19 -7
-89 -5
-125 3
41 -5
-84 -13
12 5
-19 31
125 28
-11 23
-12 16
-134 19
-23 -18
57 -32
-34 -6
-13 0
-65 -6
-29 16
37 27
19 8
-115 25
-29 -14
5 -26
28 -16
-39 -7
32 21
24 36
-23 14
-23 23
-29 -4
-39 -6
3 -15
54 -25
34 35
73 5
117 34
-16 30
-1 37
60 -39
-94 -28
2 13
27 -34
30 44
-58 24
-91 53
-72 -14
-68 6
105 0
84 -14
87 -24
-98 23
-48 13
69 -24
95 26
-16 20
-94 -3
11 -11
-149 -10
37 -8
-29 20
30 47
23 14
14 -4
-49 43
-108 -25
-57 -3
-5 -28
64 3
55 24
42 23
83 24
206 -18
-52 9
-27 0
41 -17
-62 -63
-60 20
-68 38
-67 -11
64 -53
75 24
-70 13
-35 -21
-18 -13
-158 27
47 3
11 47
30 19
12 13
-48 -2
-79 -22
-23 -17
-13 -50
-10 -57
45 34
34 19
46 46
138 16
0 22
-62 -9
-55 -16
-108 11
59 9
21 14
47 72
54 8
-80 8
6 1
-10 -6
5 -14
-2 -34
115 9
-5 21
-76 30
66 29
-34 18
11 -25
97 -32
-60 0
-15 8
-94 29
-12 18
-52 17
6 23
-46 24
15 -15
-33 14
-70 -11
19 -3
-1 27
24 21
19 0
-35 -4
-9 -11
107 -21
-17 7
-40 0
72 -2
36 31
51 21
32 -1
-33 -44
-11 -42
44 -32
11 29
-17 59
-9 -7
47 5
26 36
-32 -7
23 -43
13 -19
-53 -7
59 21
-38 57
9 14
-4 48
19 47
-14 12
-25 -26
-15 -24
-2 46
18 -8
-40 7
17 11
-63 -40
-50 -15
-24 -15
0 -23
91 -12
11 -31
56 34
63 8
67 8
-16 0
28 2
137 15
-49 -2
100 -17
-115 5
-24 -7
6 15
46 40
13 18
-62 1
0 31
57 -20
18 -23
37 -7
41 33
-36 24
-124 8
-16 -4
-199 6
0 -32
38 -8
25 -1
-55 -26
-45 19
-76 11
-107 -1
58 22
-68 -5
12 -2
-1 17
23 -17
-48 -14
-20 -22
34 -2
11 32
-36 12
30 18
6 11
12 17
29 -31
38 -3
-54 -14
3 25
-48 -4
31 43
25 39
78 15
50 36
22 17
57 0
-17 -6
28 37
-15 35
-126 42
82 6
9 -4
-9 -24
-3 -28
65 -29
27 12
-33 -3
-43 38
40 20
47 39
0 -33
19 -14
5 8
-13 -27
13 46
-99 38
-23 25
73 30
-10 5
-114 -2
71 -16
-15 -8
-27 14
-28 0
18 23
282 35
112 22
44 13
-23 -32
85 -16
5 12
-146 -6
9 9
-114 17
-29 -2
-19 26
-15 15
81 11
-13 -31
-112 -26
-37 -4
-40 -15
29 33
37 16
-8 17
-10 1
-1 5
-99 -32
19 -3
-2 42
13 67
-1 -5
-13 -15
33 -6
15 0
13 -19
-43 6
25 6
-57 27
-22 33
125 11
-5 14
-35 17
-30 -8
13 12
52 -4
-54 -14
69 24
5 32
2 1
119 56
-90 -39
67 2
-171 -5
33 5
29 -15
13 45
1 31
-10 9
22 18
-54 -32
-95 -7
-79 3
-168 -3
42 29
-56 9
-6 -8
-46 -5
-13 -12
47 8
-30 -3
31 9
30 47
-76 19
-104 22
74 -3
1 -18
2 -30
4 0
-58 -8
12 49
-99 -8
-55 3
53 24
-41 0
0 -19
28 1
-38 5
-40 34
29 0
-37 13
57 -8
38 24
2 -6
32 -2
-25 -17
-7 23
1 39
0 15
26 33
41 22
59 -3
-6 -53
-77 -21
-53 17
19 47
77 -4
34 6
70 30
1 0
2 -5
-7 -23
1 0
47 27
-41 52
-11 -10
1 -22
80 18
-33 -2
53 -11
31 -3
-49 -7
3 32
1 14
19 22
75 22
45 -25
-65 -38
-313 -20
-20 12
-181 39
63 -17
8 -7
-30 25
123 25
-37 -3
14 -28
-31 -9
-45 16
-44 36
20 25
36 23
121 2
106 9
-51 -8
-239 16
64 -6
50 30
47 17
48 27
-185 17
-5 0
80 -13
58 -34
110 -33
-57 51
-14 28
-42 14
-92 -10
91 -16
1 0
-121 -17
101 -10
46 43
-91 28
-114 25
-39 34
123 11
167 -27
47 -11
-30 -8
-79 41
38 25
26 16
36 5
-99 28
-272 13
-68 -34
-54 -24
109 3
142 18
-44 50
-41 5
58 28
106 11
15 -2
-66 -18
28 -17
31 26
-106 32
56 22
-6 24
123 32
-146 11
-16 -32
-42 -34
73 23
-18 20
-3 30
-87 -6
90 -42
78 -29
41 -6
-27 20
154 8
9 1
-40 42
-57 16
-57 22
-9 -18
-131 -27
68 -18
-51 -12
-107 43
4 38
-69 14
-21 9
-66 74
-3 0
42 -16
-5 3
38 33
41 13
-30 -14
237 12
106 34
24 -6
106 -23
-32 -43
-9 38
46 35
-81 78
-7 30
-81 5
71 7
-23 -11
-59 -26
-75 0
-51 -16
67 47
14 37
81 -4
30 -5
-97 4
-59 -24
-50 4
-13 17
-16 20
-11 24
-24 15
-28 44
79 -2
30 12
4 3
30 -13
18 14
-57 13
-6 22
94 33
31 -6
86 -10
-19 -8
-27 -27
-46 9
-49 21
-28 35
105 3
-71 2
21 1
40 0
16 -31
26 35
-7 32
0 17
-36 11
-26 30
-42 3
-12 -12
22 -44
-36 -21
-53 -15
17 41
12 29
-9 11
-66 -26
0 -6
-25 -27
6 5
-63 -33
-10 54
23 11
-65 -29
24 13
41 8
-40 -29
3 -16
54 -5
-72 37
-119 21
-91 19
-15 -6
19 24
-26 -11
-37 -22
-63 -27
-45 27
-7 11
127 27
19 3
40 8
71 -6
19 -9
164 -21
19 8
44 33
-5 24
145 15
35 18
-10 -12
-53 -19
-61 -17
-29 0
-15 31
66 45
-23 42
-123 21
17 2
-28 7
14 -10
-313 4
-11 28
19 27
-16 27
-38 27
49 18
-102 -6
20 -23
54 -10
-160 43
-63 38
-106 18
151 29
-78 0
-18 20
-32 29
-14 0
-173 -47
-139 -23
62 -17
75 4
26 38
-98 53
95 31
-63 0
-3 -36
59 -15
13 -8
-97 26
32 -3
46 4
52 23
-267 20
-132 -6
-40 17
-34 -18
56 -12
-117 -31
28 38
18 48
85 15
-111 0
-42 -3
31 -19
13 -36
52 3
-49 47
-82 34
47 9
89 14
-164 21
14 0
-85 -18
-115 -13
-131 -20
-61 -5
39 30
-81 63
68 12
-215 8
-7 -22
-161 9
-10 1
-99 19
47 -20
-375 35
36 44
-21 7
99 20
-51 17
-10 5
-7 -16
40 7
-77 46
-99 8
18 39
-86 -22
35 -19
6 -8
-100 -21
42 41
-48 39
-106 28
-50 1
-57 16
-36 -16
-25 22
-41 16
46 6
61 43
-24 -18
-77 44
29 28
-98 -10
-54 -11
-10 -5
177 -44
-3 -3
6 9
-80 18
-84 27
8 -7
-63 -14
-34 2
-29 -7
59 -18
61 7
-51 9
47 -10
-58 -6
-29 39
-8 6
-30 -10
6 -32
45 -9
8 -5
-93 30
-46 22
-5 7
9 6
-19 7
-48 -10
5 26
-32 9
-85 11
-24 -3
7 5
1 13
-31 5
-66 -26
128 -35
37 -9
50 -4
76 45
-30 0
44 17
-69 20
-49 8
20 -37
100 0
-47 7
-23 14
-93 0
-28 24
-30 -4
-7 -5
-18 -1
-159 0
-12 -5
-51 11
49 25
-35 9
-54 44
7 17
-74 7
1 -1
-51 -20
36 -29
-64 -45
-25 9
-27 9
-1 40
-64 20
-43 25
83 13
-54 -7
-51 -23
-47 -15
23 52
-99 34
-2 31
79 14
-59 -1
-5 -24
-4 -25
-14 -28
19 9
44 27
-9 27
-9 -16
140 -6
-73 0
52 -13
52 -2
77 -22
-22 16
-29 27
-67 34
-90 2
184 21
-65 14
-90 -22
-8 -14
-138 -21
25 11
92 28
-5 53
20 18
2 32
-9 -9
-24 -17
-16 -8
-61 37
-71 9
-54 -5
-51 25
-12 38
-72 9
30 2
48 -25
51 -17
-38 13
-30 40
-94 4
-7 -18
-45 19
-54 38
-2 -24
0 -16
12 13
94 0
-10 25
-3 24
71 28
11 -24
125 8
-44 -15
-19 28
5 26
-371 23
-106 31
8 12
142 34
97 1
33 -54
33 -3
-127 3
56 -21
41 7
54 27
-128 -2
-74 39
-59 -8
44 12
71 13
-52 -22
-18 -3
-80 27
8 5
17 41
68 -2
88 -2
46 13
62 -15
-65 -27
-7 42
-104 -9
-91 -20
32 42
-19 38
-180 4
-16 -12
-81 -18
38 -12
59 11
-132 84
-95 18
-14 11
-112 14
38 -11
46 11
-61 -41
-81 4
39 27
7 40
42 12
-61 30
-135 -4
-39 -19
57 -11
-22 -2
2 33
32 44
71 8
-14 21
81 14
-32 -21
60 -14
-31 -7
0 -1
-34 47
0 40
89 29
83 15
53 -4
-7 -23
-16 -11
-25 14
-5 17
49 27
53 -4
-69 12
58 -7
109 2
-5 -14
-65 -9
15 -8
4 42
-93 41
32 26
-26 -26
121 6
-31 -28
-22 -19
-35 16
-12 31
-6 13
83 16
122 61
25 -18
57 -27
22 0
3 32
-52 -6
-29 50
25 14
-59 17
-16 15
92 -18
-61 -29
9 0
-17 20
-4 44
-39 8
-35 29
-45 0
-8 -30
21 -36
-35 -19
15 21
-43 53
-25 32
26 -33
-45 39
-33 37
153 -1
143 -23
9 -15
4 25
23 35
7 -3
56 27
-1 0
92 -38
1 4
92 20
80 25
8 22
1 37
-70 -24
-29 43
-87 -27
56 -38
88 1
4 -4
-77 53
122 43
4 29
-52 -20
0 13
-74 4
-15 7
41 -17
-2 -26
65 0
12 4
-10 48
-39 15
-137 18
25 32
52 -36
16 -31
21 -60
26 -16
-65 8
2 22
-11 26
6 -4
-121 2
38 -15
41 -14
18 -29
-26 29
-48 -5
148 14
-8 -11
42 5
-68 -20
-9 -37
72 -14
33 -12
-188 4
70 13
-204 -32
135 34
0 -7
-19 -27
-107 -21
155 -3
191 -32
-38 8
37 -4
186 -14
82 14
62 -20
26 -34
-15 -14
3 -8
33 5
-74 32
47 4
18 0
94 9
46 -24
-29 -20
146 7
-66 24
-74 34
-113 -17
-12 -6
41 13
-32 -23
85 -6
-109 -21
0 -12
9 34
-48 9
38 11
108 -2
-11 -3
84 -29
-30 -41
148 1
-54 6
12 8
-1 -15
29 -15
-21 -4
41 -60
-13 -21
24 -23
-99 6
14 -22
33 -16
58 21
-16 11
11 -12
32 -32
-69 -33
34 20
63 -4
21 24
41 -6
53 -12
198 -24
-36 -39
-50 0
-30 -7
0 4
3 7
200 -10
48 7
8 -12
21 -21
0 -44
-16 -8
-27 -1
55 25
-57 15
87 -33
1 -65
0 -8
75 0
-23 -12
-65 -13
40 4
-46 27
-38 -29
34 21
-6 -15
80 -78
72 -21
80 -18
-68 9
-36 24
14 -33
17 -33
-4 -34
65 23
12 -5
55 0
-72 16
73 12
-24 11
-41 -9
-16 -13
62 5
47 -33
-101 -11
63 -31
-3 49
-29 -2
114 6
55 14
-3 -12
9 -61
16 -27
25 31
-13 26
45 9
-17 6
-27 1
-71 -38
47 -12
-17 -22
113 -21
9 47
0 31
5 -10
-57 -23
-98 -21
133 -30
80 1
-8 -19
-47 -4
-37 -2
-25 -9
12 -5
-32 31
-98 -40
52 -15
144 -46
3 -24
-3 21
54 11
58 -6
1 -3
35 2
27 -20
74 -24
-34 -31
59 -6
-23 15
-8 11
-67 -15
40 -20
-57 -8
14 -4
34 -36
91 -20
-115 11
47 -22
63 7
-18 -14
76 6
29 7
142 -28
91 2
-55 -6
71 -23
-85 9
-49 3
7 -6
51 22
-199 -30
-12 -12
42 -33
19 17
48 -5
8 25
-10 0
-95 20
-65 -7
7 -32
-101 -42
78 -54
19 -2
-98 2
-36 39
26 7
12 -10
45 -20
-38 -19
71 -30
103 -12
39 26
-43 13
40 -12
47 20
-20 -23
49 -19
-156 -37
42 -22
3 25
-60 6
-3 9
-52 18
98 -12
47 -37
77 -20
41 -58
112 15
