89 1
-34 -60
46 -6
5 14
86 27
92 57
-9 -2
99 -3
-102 31
-86 -18
20 -10
97 -10
193 18
43 13
80 42
0 18
-202 24
16 -32
-13 -15
123 32
152 -10
25 19
20 38
-54 34
9 35
-48 -1
179 -3
120 -16
-16 -9
6 4
19 -20
25 -28
-43 35
-28 23
213 11
165 34
-39 -18
4 -24
-29 -14
52 -10
53 7
59 46
39 37
160 1
-26 6
-121 2
-14 -7
90 -26
110 46
103 25
15 11
34 6
208 0
189 36
-54 -48
-112 -3
6 22
45 0
-10 49
-134 23
-31 33
126 15
78 8
110 -8
0 -2
27 -31
1 19
83 2
39 38
69 14
32 30
-81 13
69 -23
150 -22
17 -4
18 1
77 33
-7 66
-12 32
56 -27
119 6
-26 -20
-6 12
91 53
-53 4
-61 -5
135 1
57 34
-49 -3
104 19
13 0
18 -15
-11 34
-30 27
68 35
82 7
143 -1
-80 12
-33 -67
-79 -12
189 7
-62 58
72 12
35 28
-72 -5
170 46
-1 -25
-9 -30
-55 14
23 25
-29 33
-63 40
96 16
-90 -7
33 -12
118 16
55 -23
32 58
87 46
87 25
67 11
-84 48
-35 12
21 -11
105 5
70 -64
65 62
-9 57
77 69
17 19
33 22
77 -37
-48 14
0 -20
-144 8
209 14
-14 46
-30 9
8 12
17 3
50 3
62 5
-45 -11
20 36
85 22
57 22
77 37
8 40
-63 15
189 -10
-59 -16
-39 -12
37 1
61 34
-69 47
32 -11
9 -17
36 55
117 -19
142 -17
-74 -6
63 41
142 37
-57 36
0 11
-85 1
101 11
51 -18
63 -29
48 47
16 12
75 31
71 22
72 -1
137 29
85 -6
-15 -35
-10 -8
-1 39
55 80
18 13
-9 31
-7 -2
31 16
58 -63
-21 -3
30 16
61 76
94 64
36 -5
-19 11
33 -31
125 19
-20 -45
238 -9
25 19
15 46
-6 8
-38 -19
25 23
-160 2
33 -30
69 -26
14 37
99 70
13 3
-35 29
-51 -16
29 8
-8 -28
45 -34
-39 13
67 20
167 40
-76 30
1 76
-97 -26
89 -34
-94 -18
-7 19
113 29
25 72
111 6
102 15
-58 2
-49 -32
9 -13
16 -2
20 9
161 33
-15 21
74 -19
-68 -8
82 50
54 4
38 -10
-33 9
156 38
-7 19
46 25
20 49
-13 15
132 39
-6 -4
-13 -49
18 48
-86 97
136 -8
70 2
34 50
115 2
-136 -7
45 -47
115 22
-20 68
-73 40
145 7
-142 47
3 38
-81 40
-154 -46
86 8
109 15
20 54
-90 17
4 39
97 6
-230 -30
15 18
-12 4
105 34
58 29
-55 30
57 13
-79 -1
-381 1
-6 -26
94 -13
168 5
36 20
90 32
23 26
69 55
19 -37
103 25
5 -2
16 56
41 -20
61 24
91 44
21 43
106 -21
-2 1
102 -18
54 -9
-50 12
73 22
70 18
-30 4
-66 26
-119 69
77 -9
6 -49
51 7
46 57
17 25
171 -6
14 23
-91 26
248 -53
15 -10
-77 3
-10 -3
214 20
57 23
21 39
100 4
188 30
-20 5
-15 -12
-53 -12
153 -5
-11 53
-117 37
-19 7
5 4
27 47
-33 -30
81 -31
29 -40
56 28
7 13
-2 40
53 -3
54 40
108 -32
-24 -1
19 4
181 24
104 64
-18 18
-37 -3
-53 0
18 -18
15 -34
18 -29
24 19
21 -57
70 17
-7 45
12 28
-37 -14
27 -67
2 -15
-25 11
147 25
7 52
-11 9
-2 -4
27 2
-11 13
-21 -32
52 8
22 21
20 63
68 22
61 1
30 42
-82 2
-55 -31
129 -10
-2 23
23 37
117 56
-19 -3
-29 19
39 0
0 -23
72 -28
-26 49
51 -1
-2 39
-1 20
28 -46
86 49
-103 8
-24 -15
55 3
67 -16
39 4
69 48
67 36
57 18
6 47
21 -46
54 -9
-34 19
46 -23
-160 55
9 57
-4 25
69 -14
-1 -10
48 -8
38 23
-20 6
77 28
-37 22
55 9
2 8
-7 -26
-50 -2
158 -11
-13 -6
99 33
47 20
65 7
5 52
52 -25
77 13
29 -29
-20 -2
-18 33
-8 22
93 36
-39 -4
65 37
-4 3
-31 2
-63 -15
25 9
103 22
-27 -10
15 51
36 0
-83 12
50 42
136 -10
-20 -50
-20 -52
105 83
-5 73
55 2
7 -26
-3 34
-40 -18
20 -37
-27 -21
17 2
47 74
58 -5
9 -5
-14 43
-27 7
-129 -24
38 -20
25 -1
58 -10
119 62
7 15
40 40
63 -4
-120 -6
-13 -23
-10 1
-36 23
37 41
85 33
-50 11
-54 21
-20 -13
57 1
15 -8
16 17
14 33
-2 34
29 41
65 15
-65 75
-37 -12
20 -14
20 -11
30 61
57 36
-117 -12
-20 11
-43 48
-56 -4
13 -28
-19 -65
84 -13
133 46
80 34
47 14
109 30
-14 -7
-56 36
-5 -1
192 -9
5 27
-69 -3
19 38
-47 24
55 48
-2 -11
70 -13
79 -55
107 -17
9 11
22 80
-5 43
26 -1
40 25
69 36
45 43
74 -31
-40 -11
36 31
20 27
-2 29
3 35
72 29
23 -2
-19 -25
52 -14
19 -14
100 9
51 38
53 28
4 13
53 -23
-89 -2
40 -18
54 -32
-21 17
-220 22
0 48
-30 14
2 -18
-16 26
-82 4
121 -53
89 -9
-55 36
-118 67
19 5
50 12
0 30
25 -43
53 -34
69 -10
-9 17
171 21
-83 0
66 37
6 -7
33 67
27 -34
83 -70
-57 3
80 96
-6 8
34 21
-27 -30
3 29
13 -26
-89 -6
68 -29
13 24
129 41
31 22
-12 40
17 -34
22 38
48 -27
-89 -25
135 21
78 41
31 35
-23 17
87 33
20 -28
-103 56
-79 -38
15 -42
-8 28
-32 47
27 40
-42 9
-68 -7
-80 33
38 -63
56 -28
27 42
-25 20
-38 13
-69 7
47 -1
20 23
-102 7
0 19
34 -7
1 35
-30 54
39 21
-9 5
-5 32
-47 0
98 -45
-40 -29
1 26
40 38
-26 19
-10 28
-10 3
-120 -14
36 -28
87 -41
-6 28
-11 23
46 -1
58 19
28 -9
-88 20
-1 -35
29 -22
67 17
51 52
-25 61
-3 8
-53 7
-67 -37
-18 36
-6 -29
-7 41
189 -3
-14 36
-351 20
33 22
-20 -11
-15 -21
29 21
-8 -6
-168 -13
2 28
83 4
117 46
63 21
-44 -19
84 -18
-38 -1
-38 -5
-55 46
-7 14
58 7
-50 3
-66 19
-39 23
-38 -18
4 -6
30 -8
3 22
9 32
6 47
-82 -16
-74 -3
-41 -59
-28 3
-56 -17
79 42
51 93
-26 4
18 -10
-152 21
-75 -46
36 -12
59 22
92 24
-76 29
30 36
14 33
-15 0
-95 -6
-62 0
172 -12
-17 14
52 48
-29 -14
-47 27
-74 60
-6 -17
48 -10
13 37
1 -3
3 30
-50 14
77 24
-82 30
32 48
-50 -27
-25 -21
84 5
1 12
-6 45
-16 30
71 48
-7 0
47 -34
-11 -63
122 4
88 26
38 39
45 30
11 -4
-16 -3
-55 -4
-1 2
21 -13
-32 16
25 49
-24 7
-13 33
5 46
-17 16
106 26
-15 -39
-8 4
-33 3
70 48
65 30
-13 0
-20 0
38 -22
65 -6
12 -2
16 1
-139 9
116 28
1 9
8 -12
-87 51
-94 -12
-91 -24
-108 -12
-40 4
62 37
-62 49
148 27
-7 1
-35 -29
-121 -18
-109 13
109 16
16 38
1 23
43 1
27 30
-3 -14
9 -5
77 -33
-4 -12
-57 17
20 56
65 24
-42 -2
-10 13
-65 -15
54 -13
25 3
65 27
-55 12
-51 68
-27 53
-93 31
-10 -5
-42 -54
-11 -23
5 52
-7 32
48 -4
-16 -29
-14 26
-13 -19
-56 -43
-31 -23
-5 17
-24 50
-41 32
3 0
32 34
21 0
-91 4
-87 -37
84 -2
-4 42
-44 32
-13 25
124 47
-31 3
-95 -8
-62 -11
61 -18
-52 17
156 20
-13 39
-12 17
-10 -11
9 -2
-39 14
-5 -15
21 22
0 52
120 2
88 8
43 29
36 8
-22 0
112 -42
-15 -13
8 34
-70 -11
56 17
116 18
86 -8
-72 30
11 -33
15 -30
-107 -45
-48 14
-22 51
121 43
36 8
73 18
43 0
-33 -50
48 -1
3 4
82 31
103 28
66 44
53 38
-111 7
-285 44
12 -34
-25 -24
47 -15
-8 11
-25 6
40 7
89 -4
12 -46
24 -31
-33 -29
-5 2
83 -13
-26 7
47 -12
57 3
-47 33
7 -41
51 -34
-77 -34
-52 16
-32 25
74 -18
194 -11
-239 -19
-73 -8
-93 -49
76 -24
62 13
-73 -17
-41 -14
-58 29
-7 64
6 23
41 -15
-4 -41
84 -34
0 28
12 51
-178 13
141 48
-333 -7
-23 -11
-36 -56
37 -17
55 20
21 43
-90 33
59 -40
-135 6
2 36
-83 -33
-45 -16
139 3
11 6
-13 5
11 50
-13 2
-67 16
-7 -21
0 -30
8 -39
-103 -31
-76 -2
-76 14
54 17
1 1
-15 -1
36 9
-70 -34
-46 -58
14 -1
152 0
8 2
0 46
-34 -11
-58 -27
20 -40
-42 -35
-9 -44
-37 33
69 35
4 12
-28 15
-50 39
-48 -32
-12 -41
3 -30
93 -63
7 48
-54 8
15 -9
-17 16
-41 -5
92 -57
-61 -49
-12 -8
-1 26
136 6
-11 -2
44 -15
-66 -6
27 -35
4 -44
52 -6
-32 19
28 -12
6 14
114 25
57 -25
-40 2
-84 -41
15 5
8 15
27 1
-9 33
-65 31
-31 -2
-48 -37
-231 -3
97 -35
-52 9
44 25
-56 18
68 -9
-48 15
36 -46
-52 9
-88 -32
93 -12
-23 -3
47 36
109 -26
-118 23
-16 30
26 -1
-63 -37
-13 -32
-6 -4
-9 12
-13 19
84 4
40 6
-3 -32
74 -11
49 3
-69 -17
-28 8
-3 14
29 16
61 7
43 -26
8 -43
-88 -60
-71 -28
3 5
107 44
95 14
35 -15
47 -28
-24 9
20 -22
-10 -11
53 -7
-37 49
-8 11
96 30
-129 0
3 -1
9 -69
-27 -26
31 0
-24 -32
-80 -5
76 23
57 -7
13 22
-39 -31
-54 -45
-105 -18
-47 -5
-76 23
-13 -1
-86 -23
42 3
14 5
-34 -34
-39 -22
-81 -41
30 -46
-23 -14
16 23
37 15
24 -6
49 -1
33 -33
-86 -5
0 -34
-13 8
37 37
-23 37
136 -3
-45 -14
-25 -30
22 7
-90 -27
-6 -14
34 20
13 29
1 1
47 -10
-44 -17
8 -14
29 -30
61 -19
-26 40
-48 7
-62 22
48 26
58 24
14 -22
-32 -24
115 -28
-56 -21
-34 33
39 34
-2 -9
47 4
39 -25
8 -2
-60 -10
20 5
-87 -10
7 27
9 35
63 35
77 -3
-18 -45
-21 -27
-69 -31
-5 23
56 5
56 34
202 20
-9 -8
-15 -31
-30 -12
-23 -25
-12 -41
-54 -16
-55 15
-43 -1
23 4
-94 4
-91 16
15 8
-39 -10
30 -21
-99 -15
53 -11
36 -5
43 45
9 -2
-40 -35
-114 -19
-49 -42
48 -18
6 9
-48 36
-17 -16
3 2
60 8
-48 8
-21 -48
-23 -30
0 -30
82 39
3 17
-2 14
-33 -16
27 21
56 -24
-100 9
94 -88
91 -25
-18 33
36 24
-70 -17
28 -9
0 -1
-48 -12
-44 -51
87 0
4 31
-33 27
-41 7
-28 25
58 -9
20 -34
13 -35
-32 -36
-92 -30
36 18
-27 25
45 37
-50 23
49 9
-56 -31
22 -14
30 -13
71 27
-14 -4
-11 3
11 2
-9 22
-5 4
30 6
61 -25
31 -37
68 3
55 -30
12 54
-45 14
53 -3
17 -2
177 -41
38 -20
-145 -13
-53 -25
-36 2
31 9
-33 23
-61 18
-51 -39
-27 -54
-51 -34
6 -4
9 26
-16 30
-45 -12
22 23
-40 -32
15 -18
49 -43
41 -13
29 22
-4 21
-33 -5
-34 -20
22 11
8 -45
75 -15
34 -6
-4 12
-15 32
-60 19
-24 17
78 -16
109 -56
98 -29
-135 9
22 -33
65 55
-75 18
-172 -5
-39 0
7 1
119 -11
-9 -32
2 -3
14 3
-45 9
-44 -4
0 44
-85 -10
52 -28
23 -31
-52 -6
11 2
68 0
-68 -2
72 0
-3 8
187 -15
-87 -51
-29 -26
34 1
43 19
34 -12
-10 -8
58 8
133 4
38 -3
-56 -26
-49 -30
24 21
4 53
-56 19
131 -14
-26 7
-323 -32
32 17
50 -27
70 21
-31 6
-31 46
-18 -11
-60 0
-28 6
-40 13
61 -29
79 -8
0 -2
-53 20
-82 -21
27 14
66 8
26 -49
44 -40
124 -19
-226 17
-51 19
-72 9
40 22
-48 -8
13 -47
-49 -40
97 -31
7 -10
-8 21
-39 14
-196 4
-100 36
16 -20
3 -50
1 -67
93 -3
42 79
-160 16
13 -9
9 6
-22 -26
-66 -15
50 -44
19 4
-97 34
39 4
8 11
122 13
25 -19
-26 7
47 -66
-43 -19
-7 -28
-27 -27
80 47
31 19
-1 5
-6 13
38 8
15 -61
-45 -41
-5 -10
35 45
47 8
67 -2
0 -26
20 21
-127 -44
-44 -30
-26 -18
44 -12
36 9
-49 57
56 20
-49 29
-5 19
-51 -1
-22 -54
75 -23
73 -13
34 49
-60 5
-4 45
55 -4
-15 -77
-117 -23
27 0
130 -18
-64 34
-30 -20
4 28
-147 -4
-2 0
19 -43
27 -27
100 -5
59 32
-3 -5
8 -17
36 12
-72 8
35 -17
-64 -50
-5 -47
9 -3
5 41
-38 -11
19 -19
-37 5
-44 -33
-3 -36
3 -35
17 1
-18 43
-32 -3
108 -9
23 11
3 14
57 -35
82 -31
51 -14
-16 26
1 33
-88 -2
-50 0
66 25
-58 60
-40 -68
4 -20
44 4
9 -24
-57 38
207 -3
-17 0
-56 18
150 -39
39 -45
52 -29
-11 29
50 29
-72 -6
-2 15
16 -27
14 -2
-66 -66
91 -27
-15 27
113 -18
-57 22
-274 1
-35 5
25 -36
6 -28
66 -23
63 0
-17 58
-53 20
-51 14
-17 26
42 -59
-80 -35
62 -31
129 -14
111 36
41 48
-84 26
16 11
-10 -26
-15 -28
-65 -26
16 -24
139 15
-17 49
-201 2
-3 -6
21 -28
-22 -23
75 -40
-2 -25
-55 -35
-43 -10
-4 19
-2 49
70 -8
41 0
-27 -20
-31 -18
18 -44
59 -3
107 33
-192 21
-36 4
-21 21
14 24
83 41
-68 -30
84 -48
36 -21
3 1
54 25
-16 47
163 15
-59 7
-19 -22
35 -83
79 -18
60 12
23 18
42 61
-50 11
-42 0
34 -2
-29 -44
26 -52
-19 2
140 23
22 39
-80 9
-88 -3
-125 -2
32 -24
-54 -18
-89 -42
93 -3
-14 11
-76 8
-63 -4
-58 35
-59 11
-4 -30
-5 -31
-49 -24
-17 -19
-25 -26
29 61
-95 53
116 -21
-55 -6
37 29
-19 -44
-17 -46
5 4
-37 20
2 34
77 8
125 2
-32 -38
-18 -4
70 0
-33 -10
-108 -16
-89 32
15 -1
50 3
-17 34
-49 -40
20 -50
-94 -31
95 -11
0 34
-34 15
-46 36
179 -17
-37 -16
2 -18
-7 -37
-4 -57
54 16
-5 6
-58 11
-103 21
13 25
-127 0
-69 -32
73 -63
-2 22
66 15
-16 -21
-10 3
-9 -3
-16 -17
-29 -29
47 -40
0 11
71 27
-68 11
45 17
-32 1
20 -1
127 -52
4 -12
-33 -27
140 35
105 16
13 3
-35 31
-15 -26
-46 11
-20 5
115 -41
-23 32
5 18
-4 -12
-26 -11
28 14
-22 16
-131 -24
38 -49
31 -29
83 16
36 66
-71 -3
-39 4
33 29
-50 -6
76 -37
139 -9
177 -3
-41 -2
-41 20
3 3
33 -4
7 -52
-354 55
-44 -16
78 -14
-55 17
61 48
86 32
37 2
116 -15
-31 -20
47 -39
48 -33
36 -12
-19 15
58 11
116 -18
19 15
28 -49
-84 -21
-9 -22
-1 14
-20 -5
-28 20
37 -18
-49 -28
82 19
97 -33
94 -46
-25 -23
-54 44
17 24
16 12
-323 -5
20 -4
-38 4
70 -34
63 -30
53 54
-79 22
25 19
-24 -6
18 -15
-26 0
40 -12
4 -22
-42 3
0 32
-93 15
-126 19
-20 9
44 -19
93 -58
126 -59
-3 -36
-121 -19
83 28
-69 -1
17 12
47 33
75 -35
38 8
-19 -35
-17 -23
135 -22
37 -3
1 15
72 12
-15 8
34 9
155 -37
-21 -31
58 -39
2 -21
81 22
-21 29
109 29
43 6
17 -5
49 -4
18 -36
162 -7
6 -15
-44 -31
-39 9
76 -9
27 34
11 -1
-78 -5
87 -24
-48 -23
31 -4
-21 20
2 4
-47 -6
55 11
37 0
-54 -39
76 -41
-35 13
-1 29
-27 6
1 -18
35 15
32 -10
-17 -5
33 -12
0 13
19 16
-86 6
36 9
29 -19
-8 16
-23 -27
-1 -88
45 0
103 14
-52 32
-32 0
-18 -16
18 30
33 -18
78 -6
46 -36
26 8
-95 -1
-20 15
111 5
56 17
-100 44
127 -30
-7 -53
-44 -59
-14 -28
-98 23
64 -17
38 9
24 0
-58 1
59 -32
17 -19
-9 -20
59 23
-57 -10
56 19
17 7
54 0
68 -15
4 -20
23 -26
13 -22
-11 16
-43 12
-25 25
123 -16
-4 -33
132 -3
-37 -44
-113 -14
24 -1
-29 57
-72 8
6 -2
-21 -27
91 -15
28 -15
0 -55
-15 11
-21 47
65 42
90 14
29 -17
69 9
65 -21
42 -51
2 -4
111 14
75 -14
-15 -20
-12 6
31 4
-4 -47
0 -38
-78 -21
6 1
39 7
-48 5
-3 1
84 -3
132 -13
97 -9
64 -41
27 2
165 38
40 -7
75 7
-11 -27
66 40
36 -4
49 -26
11 -2
-59 41
-69 43
3 39
9 0
71 -7
43 1
83 -7
-135 -30
29 18
35 31
-9 3
19 48
45 14
-79 6
55 -25
22 8
-47 1
-19 2
59 57
76 8
-22 43
0 3
11 0
-62 -37
40 13
-166 0
43 42
-20 32
-7 16
0 35
85 -9
5 -19
17 -12
50 4
95 4
34 28
-93 56
17 -29
133 12
64 32
142 -31
12 2
-3 37
-26 27
59 8
80 -1
-59 34
59 -1
45 -41
-100 -11
-19 29
90 90
13 22
72 3
-24 -1
87 -5
8 -25
72 11
-13 23
56 57
23 3
-108 13
-29 5
82 -21
42 3
67 -34
42 -7
-125 46
50 42
103 18
22 27
-208 13
20 -27
-7 -29
-61 6
9 25
31 15
6 38
66 4
-29 34
-38 -11
44 -29
103 -30
-6 14
-15 -9
0 52
-9 -4
-66 36
-150 44
24 -21
30 -13
-58 -37
13 69
-41 53
56 52
43 21
-56 -3
68 -25
-47 7
1 0
22 35
-29 17
40 32
2 14
70 16
113 0
37 -5
-40 -2
11 25
-25 85
19 50
-1 -8
-67 44
96 -4
15 -21
17 -34
24 -24
50 38
3 64
-7 12
-23 47
45 -19
116 49
-8 0
12 -21
28 11
-28 43
14 39
-30 9
94 41
-6 -11
30 5
30 9
-17 -35
75 1
-60 26
212 26
30 77
22 -9
20 13
65 -53
-29 -27
15 33
-60 29
31 16
-47 -32
-51 47
-44 23
32 -31
-36 -2
-1 28
6 11
129 21
-35 31
-92 3
58 -27
-16 13
49 -10
76 -33
136 65
-73 19
-2 50
46 25
36 35
110 15
28 -6
-121 -42
23 21
1 26
-89 37
39 18
22 28
37 -10
70 -3
23 -12
15 65
-116 -1
3 3
82 19
21 22
-59 -26
91 -33
79 -38
-309 16
-44 17
102 65
-60 31
53 4
8 41
101 -22
31 -3
70 -2
11 9
-45 24
5 17
11 7
-101 9
147 29
41 0
-12 7
-70 -6
-5 36
16 55
-31 36
-10 17
22 9
33 0
120 -26
9 1
6 12
64 50
75 25
41 18
28 -11
-3 -2
-59 -44
-12 -18
-15 31
89 9
9 8
-15 20
60 41
-3 35
25 -28
151 -7
62 -25
57 37
-17 48
5 26
-6 14
122 -5
-50 -43
-5 -2
41 -44
9 23
38 51
-41 45
-10 16
-8 9
-17 21
71 -6
-49 -12
61 4
-25 15
-37 37
-106 0
132 8
38 35
-13 3
-19 0
-61 -20
112 -37
-76 45
74 83
9 -4
78 -24
3 27
20 -3
42 -25
5 -30
-3 0
94 37
33 23
39 31
41 18
11 4
20 0
17 -31
19 -18
48 49
49 60
67 15
41 6
-53 -9
-2 17
2 -24
18 -6
-24 -14
-61 42
51 22
14 11
54 22
-1 -24
25 -4
53 -2
19 11
-115 52
-3 4
22 33
133 28
24 -3
64 0
63 -27
-32 -44
-102 9
122 13
8 22
24 0
18 23
3 -34
23 -25
-36 -38
50 29
7 66
42 -24
41 41
96 -38
-27 8
-18 -33
61 -63
-5 -30
30 11
-69 18
66 20
1 8
60 13
102 -22
36 -21
58 -11
46 -9
-19 11
-48 -11
8 8
123 7
-23 -9
53 -40
27 -24
49 -9
11 15
-29 -14
-9 16
-41 12
-1 -26
96 0
87 -43
23 6
11 6
29 1
39 -11
-12 -16
93 24
47 -64
-27 -18
8 -46
-27 -41
58 17
27 31
-38 0
-29 1
114 29
-78 -39
-110 -57
71 -34
57 4
-67 6
19 -39
24 -21
13 85
-17 -42
-22 -34
-73 -27
18 -27
-18 51
30 30
-19 -6
96 25
-71 -2
37 1
52 -55
56 -13
-28 -25
-66 57
-16 57
30 -1
191 34
108 -2
86 -32
-224 -39
8 -43
19 34
6 -46
56 -7
65 19
34 -13
77 -6
-12 -35
27 -35
21 28
-11 46
21 19
-11 1
-93 0
93 18
24 -16
69 -25
-38 -22
66 41
53 27
-44 -9
-7 23
49 13
34 -40
0 -40
-36 -34
36 12
-148 8
17 -8
227 -47
0 38
45 -20
-10 -12
8 -35
32 18
14 64
17 -10
47 18
109 12
75 -33
66 -10
-36 -25
26 -30
-5 -12
-40 1
72 20
20 5
-15 -7
-39 -11
-66 -40
-64 -14
20 49
66 1
84 -11
-38 1
59 43
8 -37
-39 -64
-14 -18
53 63
67 43
134 -9
-20 8
-81 -10
-31 24
71 -62
12 -9
-8 -4
-25 24
-3 13
-139 -2
66 31
34 34
109 14
-3 5
70 22
63 -22
-29 -46
-69 -9
56 21
49 7
-109 -3
45 21
43 -18
-73 -12
-34 5
-50 -17
35 4
-11 -6
73 14
66 9
-17 -10
-46 -32
-11 -30
-96 -43
-303 -2
-11 37
17 28
-63 3
-75 27
-2 1
-85 -32
39 -21
-24 -22
-23 7
-12 18
76 42
28 -6
29 -17
-70 -31
9 -5
-114 -2
-193 37
27 8
114 32
51 5
-68 -8
19 -1
3 -19
-37 -43
28 -10
-39 -36
3 -9
61 17
60 -2
-33 6
-150 -2
26 -34
-3 -1
-7 20
66 26
63 39
-10 -6
-117 9
-68 -24
-43 29
-59 -48
-41 -38
5 -10
69 16
6 34
-30 -23
-9 -39
-31 45
40 11
-16 -56
112 -41
-8 -8
34 41
-51 15
-9 26
38 41
-21 -19
66 -37
-85 -27
28 -51
42 -6
-18 -6
-11 43
-28 4
-55 -1
-38 32
16 -6
70 -19
34 -27
-29 8
6 13
-15 -20
12 28
-51 33
66 -15
1 -21
86 -17
42 11
31 13
-32 25
46 -35
-52 6
73 -20
-34 -3
-61 -27
46 -16
82 23
89 30
-67 17
37 13
-16 -6
58 -47
-18 -9
-26 -4
44 0
85 22
-77 9
-68 -2
61 7
-6 -25
-106 -24
119 -10
37 -34
28 1
108 -24
-40 20
35 37
-172 25
-18 5
-24 -7
87 -32
1 -23
-16 0
-94 79
28 -4
-17 47
106 67
38 28
-303 -23
58 -41
51 -32
32 -8
5 45
80 26
28 -8
-13 -17
-17 -22
63 -1
-10 -48
57 -38
-9 15
-41 4
11 28
-63 3
6 62
73 -59
50 -62
17 -52
40 6
-22 0
-15 27
-66 11
-31 44
78 42
-44 -31
1 -44
36 -21
-56 17
-65 54
-209 17
-127 -16
90 -21
2 -34
107 -13
73 -41
-68 15
-30 44
29 7
23 -5
75 27
74 -22
-114 -48
99 -6
-56 -4
-33 -32
9 14
-10 36
20 -12
110 16
39 -22
-85 -31
29 -30
45 15
-35 3
-12 20
-40 -18
11 8
-74 -15
-13 -15
102 -34
67 -10
-8 24
-16 23
48 41
8 44
43 -42
69 26
68 14
-68 -32
3 -21
24 7
-60 12
70 39
49 -6
17 23
-190 21
-1 -24
-196 -44
-73 -45
40 13
-20 32
-105 3
34 1
-109 -3
-7 -25
-123 -68
-134 0
-73 -18
52 0
-56 23
64 -11
68 14
-62 -45
-30 -23
-98 -10
27 -20
4 -21
52 -10
-58 34
-30 42
5 13
-50 -1
-33 -16
153 -63
-15 -25
24 7
-20 21
13 17
80 -18
-3 4
-56 -18
-184 -7
49 -20
-3 19
-24 -27
-16 48
-9 11
-47 24
30 17
-17 -47
9 -20
-92 3
123 47
-70 -12
5 1
47 -6
-30 0
-107 42
-187 -26
0 -22
-60 56
16 3
-35 -3
-19 21
-45 -6
-33 -12
-29 -14
-52 -47
-2 -11
-1 8
87 23
106 17
29 28
-17 -7
57 -2
-58 -57
-23 -27
0 0
-113 -24
-18 62
51 -38
-21 -29
29 -39
147 -10
47 -22
-23 -23
8 -10
107 26
-13 -3
91 -6
33 -49
-29 5
16 -34
3 22
-31 47
38 -7
-9 0
55 -11
56 -5
-26 -44
68 -19
2 -33
28 23
36 6
19 2
-43 12
-18 -39
34 4
-124 -37
262 -14
-8 37
-17 18
-32 32
39 24
51 23
119 45
103 -10
30 23
-21 -65
14 -87
-49 -48
-13 67
72 33
6 -18
-121 14
31 -39
-12 -46
-80 -2
37 4
-3 16
95 17
-44 -23
-93 -28
-103 29
-90 13
32 -35
-110 -28
14 0
-32 24
61 18
-104 45
-15 9
-42 -35
117 -20
-28 -34
103 -9
86 28
23 23
-48 23
-18 0
55 -42
26 -63
28 -17
128 -17
-89 46
129 68
55 4
55 -26
27 11
61 -45
84 -32
46 -10
-9 -36
98 2
54 -9
39 11
-47 14
13 -4
-71 -32
-29 -34
-45 -24
11 -37
9 -8
70 9
25 1
14 -15
-28 -20
21 -45
-1 -6
0 -15
159 69
42 6
-48 -4
-18 -8
-117 29
72 -37
-12 4
31 -15
49 -23
168 -2
-83 -9
-4 0
16 15
80 31
90 -38
80 -89
-55 -26
71 29
-16 2
15 26
-45 14
290 22
173 25
-66 -19
19 -28
-81 2
-55 28
0 14
-68 -27
51 13
38 17
42 -4
-79 -57
4 -23
-17 -38
51 -4
94 32
52 30
61 -36
-29 -34
13 17
28 -10
93 29
-34 39
13 18
