29 -1
82 -2
61 7
162 -26
76 -54
23 11
-187 85
6 0
19 -89
-94 -21
-172 104
104 53
20 -67
-116 -104
9 -52
446 74
98 -100
-392 -77
-203 124
-95 183
-136 -110
-215 -75
341 -4
245 87
126 2
420 -18
28 101
-96 45
54 -43
8 -76
-57 18
-471 84
47 53
490 -10
-300 91
-308 44
344 -70
279 38
-390 -19
108 -29
-48 -5
-112 -40
-290 0
-65 2
-77 -28
-36 56
302 40
271 24
-44 -56
257 -16
-19 -7
-289 -27
-194 3
-397 15
844 -7
-52 -95
-266 -22
-79 154
670 124
132 -42
-256 -9
-78 -29
170 -32
-106 -68
-56 -85
109 -15
-308 61
-212 42
-99 74
812 74
111 31
-373 -9
168 -34
209 -22
-74 -43
-274 63
-67 48
501 -1
-124 -59
-423 -57
-111 34
181 94
-11 9
203 -41
-134 -4
-47 -26
-144 45
81 46
102 8
59 -10
-112 -12
-66 11
-144 29
481 37
-49 -35
-241 -25
51 -34
185 69
153 68
-131 -47
8 -22
77 26
-164 -32
-41 23
119 8
-133 6
-24 -45
130 -12
-49 59
159 75
140 93
-180 62
-236 -30
230 -87
244 -96
206 67
-99 37
-135 -90
-147 -131
78 69
7 138
-28 -2
-100 15
-117 21
-70 -32
41 66
-100 112
161 19
119 -8
53 -48
-212 -94
221 -31
-5 48
182 75
-194 5
54 -26
84 -80
-49 -18
127 20
179 39
-91 33
146 48
-20 -38
-10 -2
188 59
-41 29
86 -86
49 -27
-23 22
-21 -44
-184 -111
-46 98
14 163
231 -27
49 -19
23 -7
6 -37
-40 22
68 40
38 -52
-71 44
-52 60
33 45
20 -27
8 -9
59 27
-22 6
-60 -8
94 12
99 -10
60 52
-17 28
3 -2
168 -19
2 33
75 -3
0 0
-58 25
-89 31
64 1
-10 27
137 -33
112 -3
-83 6
131 -43
24 43
-2 63
112 15
101 -66
-107 -46
-65 -25
26 -24
-15 131
-161 137
94 -21
203 -86
96 -24
-21 28
0 65
110 18
55 -41
-64 -35
119 -31
0 16
96 15
-76 -3
57 13
86 23
131 24
17 -23
161 26
-66 -2
59 18
24 -9
-7 0
-51 -12
-53 -34
30 26
113 51
71 -51
-14 19
-12 52
-23 -15
-132 1
-94 24
141 12
49 24
-12 31
34 -60
16 51
61 -25
63 -3
22 -18
-64 -18
32 -2
12 7
46 16
91 54
-90 -3
12 -27
13 13
66 36
73 -4
217 44
49 -33
80 -18
0 -21
-106 -1
-72 -43
-51 -27
29 -84
2 -8
28 65
34 62
-47 18
-2 5
143 39
107 105
42 46
-22 -35
125 -92
61 -51
-104 26
-12 38
-54 16
-22 -31
78 -12
25 44
-101 0
41 63
137 44
-118 3
-35 -54
-12 24
45 -11
36 2
178 -67
-94 5
53 41
78 -42
12 -43
79 -12
25 -20
17 35
-1 11
-61 79
-23 4
16 -23
-45 -37
-49 26
63 0
-19 22
90 -5
128 33
22 -24
1 -125
-38 -6
-22 -13
9 25
52 86
-9 71
-22 14
-44 64
-35 -48
22 -114
52 -134
178 4
-112 -20
-68 18
35 -69
82 -6
81 46
42 133
5 89
-91 125
-82 108
27 150
-21 20
107 -15
-2 -31
119 92
13 -7
34 -86
-80 -102
-21 -19
-53 94
-8 -19
148 -55
30 -11
-117 54
-7 156
72 -24
6 -147
-42 -136
29 -36
180 105
-9 17
-93 42
-91 32
14 97
88 85
-26 83
-19 103
-22 62
92 45
52 -13
-14 -87
-35 -143
19 -70
-16 -82
-65 -221
31 -103
145 -70
27 -66
-12 22
-21 80
16 52
24 54
7 11
6 90
-13 126
-49 44
-3 -2
40 -61
112 -87
41 -110
-113 -33
-51 14
92 40
121 96
-65 100
-59 111
-111 -22
120 -63
21 40
-83 98
33 50
89 -26
-9 -40
72 -12
-5 4
-75 -37
-76 77
15 62
-63 14
-51 58
57 38
61 4
-89 35
-5 81
146 124
67 -50
-26 -118
-22 -89
57 -46
14 -57
-37 23
61 61
-5 129
13 167
-61 39
76 -7
-8 -55
-55 -53
50 -56
178 22
46 70
-159 40
-173 22
73 68
-53 102
158 116
142 60
-119 -84
-119 -78
36 -10
2 48
62 11
25 -29
-47 14
-4 -37
25 4
-26 114
-93 133
-21 87
20 -48
-15 -79
68 -27
56 74
17 77
33 -4
100 -4
-25 -6
50 6
-47 22
-47 98
59 -40
40 -73
-116 -66
44 20
40 80
-56 46
-14 69
54 112
-22 155
57 74
-33 -124
-1 -130
-9 -93
20 -27
2 9
-19 -17
96 -6
65 31
-107 60
-13 94
50 136
-59 177
-21 120
69 59
-19 4
-28 -50
-58 -114
6 -101
157 -18
8 54
-130 117
-71 71
107 -23
164 51
-51 79
-28 29
85 -15
-14 -11
-4 -1
46 53
-83 33
29 7
-8 -21
28 -51
81 -54
60 -26
-50 86
-116 73
118 24
49 -7
33 -5
-48 2
4 77
-2 -22
86 -18
-26 0
-30 84
7 17
68 43
54 9
-11 -17
27 -3
-32 62
-31 99
-8 25
-37 -12
-46 -6
19 -15
156 49
30 121
-11 55
-40 -23
-78 -76
33 -97
60 -7
18 30
11 58
-27 38
-107 15
89 12
106 15
8 22
-154 57
58 87
98 14
-34 -6
-33 -75
-38 -95
-55 -6
207 132
88 41
-54 -44
-27 -39
74 6
-27 -6
13 -16
39 5
-3 54
-27 121
30 69
7 58
8 34
-55 42
42 -3
60 -26
15 5
16 11
-2 -45
-7 8
-136 42
-1 68
79 21
158 28
75 8
94 26
-68 20
-131 -15
5 44
54 8
129 3
-7 0
-87 43
-26 56
-29 36
39 48
8 22
-37 -35
-17 -17
56 -1
1 13
36 41
48 33
75 11
-41 -64
-16 2
-39 36
86 53
0 12
-90 -35
-21 -21
-2 1
-31 28
89 36
-28 30
-74 21
110 45
102 2
-28 -42
45 -45
-74 17
-41 67
16 75
-1 2
17 40
23 -36
107 -64
0 -18
-19 30
-96 80
24 67
20 19
15 5
-20 4
14 15
-27 -5
14 18
8 120
-47 72
55 -8
104 -96
141 -98
4 38
-106 13
57 6
41 27
37 6
52 44
-9 90
16 77
-82 -6
-11 -49
155 -6
70 54
-45 67
-93 45
114 56
69 12
-8 -17
-49 41
39 57
55 -18
-33 -59
56 -62
-1 -31
73 -11
75 2
-42 43
-118 19
6 65
-15 13
58 50
-14 45
69 68
144 -21
31 -47
-117 -58
-20 -7
-124 -9
64 22
79 119
49 30
-100 -33
-30 -127
152 -96
41 -64
34 -9
24 61
-8 43
17 49
-19 14
-71 -15
27 -19
76 19
9 25
3 -14
34 28
59 35
27 -83
-39 -67
-100 -1
84 86
188 78
5 87
-26 -2
31 -3
0 25
58 -42
-24 -13
-79 4
13 -6
198 4
78 13
-111 29
-9 5
69 -32
49 -50
-12 11
76 37
78 54
-26 9
-104 2
-4 25
89 51
72 61
-43 21
-53 64
98 -45
21 -96
30 -81
-54 -33
-7 0
57 -17
100 22
56 18
71 13
-6 25
-66 100
-22 54
16 -22
62 -55
9 -55
77 -42
73 -11
14 48
-61 62
-8 37
14 3
-16 -30
86 -9
68 -28
-55 32
-49 15
21 -34
61 14
25 80
48 24
-43 -53
22 -37
56 -95
-14 6
66 29
74 -2
-40 22
-30 19
-7 -8
62 3
84 82
30 34
-82 13
1 21
40 38
24 16
43 20
50 25
-56 32
-43 35
92 -6
168 -59
14 -45
-30 13
-39 -2
4 -13
166 -24
72 0
39 2
35 35
81 74
-116 47
-82 39
172 20
21 -3
49 -35
42 -23
-29 -17
-5 19
60 24
6 2
-24 -36
-23 -4
13 16
85 9
-42 -13
3 -3
-59 19
40 34
53 -11
69 -50
101 -44
47 -26
-47 11
-48 37
46 8
-4 -32
57 0
46 13
135 67
-17 68
-75 9
-12 -34
1 42
37 20
24 -8
-12 13
0 16
-35 64
24 -56
-7 -57
-38 -52
62 17
168 57
37 11
-62 -3
-36 -32
23 3
49 61
-11 64
-98 58
-76 45
-24 7
3 -26
187 -24
122 1
-69 -5
-21 24
86 0
34 -23
55 -25
-64 -6
-61 40
67 17
101 -21
-43 -16
41 -28
59 -5
6 -12
-12 37
25 -4
47 9
42 -12
-19 -18
2 -6
-8 17
-15 23
29 5
5 -16
-9 11
66 33
113 9
68 48
24 42
-42 -7
-34 43
54 -3
-34 -18
114 -13
134 -12
-95 -15
-97 8
16 -7
49 7
-50 -13
-8 36
66 28
91 -14
-71 -26
7 28
140 29
-14 -4
-2 -45
-38 14
95 0
15 49
36 9
-9 21
1 11
-28 13
15 12
54 -14
39 16
23 -22
-29 -45
-57 -36
80 -35
119 -12
-60 24
-2 24
27 -20
127 -24
125 26
46 54
15 35
-27 66
3 -16
27 -44
6 -15
-68 -46
-4 -31
105 9
-20 -20
19 12
89 9
71 15
-63 86
-10 23
75 -46
48 -8
30 -49
-3 -35
-2 12
-44 27
21 5
18 19
41 26
98 -2
-15 -11
-3 12
98 92
-27 6
-89 -47
117 -50
30 -42
58 5
14 53
121 21
-36 41
9 -21
55 -37
-17 -30
-14 17
93 35
61 7
15 26
-73 6
18 17
-80 -10
37 25
142 44
-5 49
28 -29
-39 -34
9 -53
83 -30
127 -64
-47 -8
-33 28
0 42
-12 14
18 -19
50 -43
70 -13
60 11
55 55
-16 61
0 -7
82 -44
77 -30
-18 -48
-101 3
12 29
137 51
126 15
-66 -2
-71 -3
35 24
294 46
16 -74
79 -60
-44 -40
-58 0
-30 79
-23 87
35 24
82 7
-57 46
0 -39
54 -28
-32 20
45 5
51 -19
53 -37
65 28
49 -20
-1 27
-66 12
25 22
-29 12
-35 24
-30 29
-22 6
-13 -6
75 -28
76 -34
12 -11
29 26
11 37
36 -17
102 27
121 18
-115 -4
80 -44
-88 -22
0 -7
48 22
-42 27
-5 15
128 -2
-3 7
-2 -26
35 -29
8 29
45 50
2 48
14 13
3 43
-7 -1
26 -18
5 -14
74 28
81 17
-42 15
45 -19
-4 0
-6 -2
32 33
38 -20
30 21
-10 13
71 -54
94 -34
-49 -15
3 6
132 -11
60 18
-55 42
-61 -9
-34 26
50 -48
31 -31
13 54
12 15
-43 30
-48 23
114 -8
43 7
53 -17
-59 -23
-7 -6
37 5
25 9
-6 -5
37 -32
15 -43
-18 -9
17 -33
-13 16
27 52
29 37
67 78
50 48
-68 13
21 -17
-5 3
0 2
-83 3
-142 0
74 35
155 61
237 36
14 -21
-112 18
-99 -17
41 -42
147 -29
122 -11
-109 4
-63 24
71 48
-47 27
-28 39
-93 22
30 4
163 -4
205 22
12 29
-67 -29
-36 -46
24 -92
-2 -56
105 -81
-50 68
-64 94
-7 42
39 21
-3 -16
96 19
20 17
29 15
107 47
66 12
-58 -64
-4 -31
109 -44
69 -3
-93 -1
-1 -11
-13 -1
-11 39
69 13
11 32
-14 -20
23 12
18 8
19 22
0 -5
-22 -13
-42 16
55 -18
-3 -14
86 30
-58 -9
132 -128
19 -50
16 0
35 64
43 48
-62 20
-49 -21
69 -29
-24 33
12 89
14 14
38 7
44 -44
-19 -56
-9 -55
-20 -19
15 -3
0 18
61 27
18 2
-27 -11
-40 -12
30 3
98 1
39 -9
-39 6
-27 -17
-43 47
-61 39
-33 -13
87 -14
39 -38
75 -4
41 9
-26 39
-103 24
-46 57
94 -11
7 -14
-62 -37
1 -28
19 13
-2 44
1 49
1 9
-52 14
-4 0
-6 -21
-40 -11
-106 21
216 7
122 -17
72 -15
-194 -18
8 -10
48 51
127 87
-16 51
-39 -23
24 -36
-114 -43
-76 -2
80 -13
44 -24
0 32
-116 -29
49 5
43 -4
-47 36
-95 19
40 12
91 1
65 27
45 -7
-46 -19
-2 2
47 45
-116 56
-86 -12
23 -71
148 -31
-26 -7
-82 -19
-44 -27
79 28
-50 25
-24 66
55 57
163 6
-87 -5
-55 -36
-64 -13
-107 -21
83 -26
184 -37
112 -4
64 23
-22 74
-88 53
-43 5
68 -19
15 -26
27 -26
-49 -31
-74 -25
25 0
55 33
-47 4
33 43
26 94
95 50
-8 -1
-40 -41
-88 -26
-4 -10
31 -23
7 -8
78 -32
0 -48
-121 3
-7 -15
57 0
170 30
-36 58
-19 -4
44 -18
-56 -26
-67 -27
-59 -15
193 28
178 57
-86 67
-250 -4
-8 -21
66 3
50 2
-11 20
-46 30
18 16
-59 17
8 -37
55 -3
104 4
-106 -3
-10 5
56 -10
134 -27
-20 16
-11 14
-22 -7
-22 20
73 0
30 -26
-60 -9
-19 8
11 59
-7 38
7 -27
-97 -5
93 -1
7 17
34 -1
-54 51
-17 22
-28 39
70 44
7 19
-16 4
-6 -6
40 7
89 -17
-10 7
12 40
22 -35
24 6
23 39
-9 66
-162 15
-19 1
18 37
9 53
28 6
54 -12
75 46
-4 -4
9 -5
-11 30
-67 50
31 31
73 57
20 44
-3 -33
-90 -79
-37 -63
-1 -21
68 12
13 37
-13 72
5 81
36 43
5 73
3 38
23 -18
0 -37
22 -20
19 -20
-48 11
-2 31
-62 31
57 51
34 33
-55 34
-45 -17
18 11
-71 64
63 79
142 82
-19 8
-87 -5
5 -93
6 -28
20 19
40 65
5 30
22 17
8 23
18 -19
-27 21
49 20
146 53
104 69
-24 13
-90 3
35 26
87 23
-7 60
23 29
35 -7
98 34
17 -15
-36 26
15 31
5 44
-3 40
-132 1
1 49
-33 37
164 47
136 24
-31 -6
33 -5
-6 11
17 6
6 -22
-30 12
-15 34
45 22
-39 0
-31 7
-29 31
81 46
-12 24
0 11
-3 25
52 -8
-46 7
-72 63
17 46
142 8
95 -35
-35 -1
-48 47
80 35
79 -18
55 12
-6 40
-8 22
-88 43
-82 27
-17 58
111 24
81 9
50 6
0 -7
-19 25
2 0
-27 43
12 43
18 33
-53 35
-31 75
-29 79
54 34
61 -3
17 -2
-71 19
-28 25
46 56
-53 37
103 8
104 -13
80 4
-73 33
-69 44
73 49
36 39
51 -1
29 -23
52 -41
50 -34
-66 68
-80 35
38 62
20 18
28 8
-20 -9
47 -38
-38 -17
1 12
-84 23
28 22
33 18
-3 43
25 -8
14 -80
-23 -15
-81 -22
32 24
21 22
-21 92
-19 36
34 56
84 31
-28 55
-48 34
1 33
2 11
50 -25
66 -16
75 -25
-51 -9
-24 23
-79 12
73 0
108 17
25 53
38 61
-8 33
17 23
41 6
-14 49
34 15
-31 14
-23 28
5 49
15 -20
2 11
16 21
57 37
46 49
-7 31
-6 3
-12 -3
-63 -33
-57 36
81 26
20 32
-1 -44
35 -9
-3 41
-44 24
-14 67
1 83
-33 18
61 -23
21 -40
46 -13
-76 36
24 26
17 90
47 -5
8 -22
-76 0
11 54
12 63
-22 65
6 46
24 47
-16 38
24 -12
65 -23
30 -17
2 -9
7 0
-56 43
6 4
41 17
50 11
14 -9
-33 11
-44 52
-13 52
58 42
49 -7
55 -10
-11 -24
-43 -32
13 -19
54 -50
61 -5
-18 -23
-52 -2
-25 36
66 24
0 4
-25 -7
-26 26
45 45
111 57
43 28
-13 -13
8 -45
-27 3
-35 13
68 -35
92 -41
0 -5
39 34
61 7
40 15
-20 18
12 18
-23 40
-22 32
-58 -13
3 -24
34 41
-34 33
-17 -11
-5 -14
24 -23
36 -17
39 -30
-12 18
39 84
112 67
-5 24
-16 -20
-2 9
16 55
25 45
31 -58
-12 -33
18 -3
67 -29
-36 13
15 45
57 26
-4 -20
-48 1
-41 -8
-44 19
55 53
58 35
-20 -36
-29 -20
1 -20
37 -49
12 -10
16 16
-19 51
-76 24
-44 24
-42 0
28 25
36 -21
15 0
127 11
52 21
-45 0
-24 31
20 46
64 59
31 13
12 -20
-33 -40
97 -38
45 -12
23 -8
-88 40
-13 1
-20 2
70 -11
65 -17
71 -5
-47 -22
-14 6
-7 28
58 -2
0 0
56 29
-71 27
50 44
28 20
31 -20
-20 14
-3 -73
14 -22
-13 -27
51 -39
-60 -24
-16 -20
-11 62
81 71
-68 77
-96 22
17 24
66 -12
54 -20
11 -5
67 -8
-108 6
-54 20
-33 6
-46 16
-6 42
40 8
23 -26
-25 -43
-55 -1
-34 56
73 4
74 -8
46 -3
33 22
-51 0
23 29
44 -34
-48 -74
25 -25
-4 13
-1 -19
-40 -11
34 13
62 -15
4 -20
-42 22
-34 36
-70 30
-24 23
17 11
-40 26
14 41
110 -11
52 7
-50 25
-32 17
-25 3
44 33
41 26
4 -6
23 -49
-13 -65
-32 -19
-3 36
27 6
-23 -9
5 -12
13 -9
59 24
49 14
-49 38
17 24
34 2
0 5
0 -12
-12 -1
69 -34
-10 -14
-18 -11
-21 27
37 24
-21 11
3 12
30 4
61 -46
44 -75
-14 -56
-15 17
-1 48
15 37
118 63
-53 -9
-44 -33
-22 -3
47 65
-27 17
75 -20
47 -17
-54 -39
-14 -31
60 4
23 23
30 34
6 35
12 52
32 48
-92 35
-25 -2
33 -9
78 -7
60 -35
-31 -8
-95 13
85 21
92 44
104 54
-18 17
-80 -15
-24 -65
47 -47
22 -5
1 -50
-64 42
-32 22
-27 -22
111 -29
4 -76
-27 48
24 34
129 38
12 31
0 -20
-60 -37
-64 -40
-8 7
55 15
37 -13
35 4
42 -3
0 -15
55 -3
-35 1
-41 0
32 -1
30 22
12 14
64 30
19 26
-61 28
-42 -6
-96 -19
-47 0
233 23
243 -1
-121 2
-166 15
-53 -11
60 6
102 3
38 -14
-117 -18
-43 -13
29 30
46 43
-46 24
-34 -15
9 -18
8 5
49 26
76 41
-29 5
17 -1
-10 -15
-39 -12
4 5
-3 18
46 13
24 -4
48 -35
39 -8
-55 0
-61 4
64 -5
80 0
72 5
-50 4
-29 -3
93 29
29 41
-33 -3
-88 -19
-23 16
85 34
48 19
-44 -16
-19 -28
52 14
-7 -5
2 0
-33 -9
-52 2
7 17
-55 29
23 -13
-1 17
11 43
43 2
14 -21
23 -31
-37 -11
8 -38
6 0
-51 31
-25 -8
13 28
-4 -10
-8 -12
-4 -9
-22 -13
32 4
4 18
-18 -7
-42 42
33 49
41 -16
108 14
-38 -1
-27 -20
1 -15
86 3
52 -12
34 -20
-23 6
-142 -14
-37 18
54 27
141 39
-5 -18
-25 -21
-34 -10
-42 -9
-29 23
14 -4
41 26
35 -25
4 9
-7 11
-1 11
-33 21
29 24
-2 -9
36 -20
65 -17
24 -18
-36 -22
38 34
-65 51
-68 11
72 -12
41 -3
11 -8
-25 9
-40 -2
9 35
-7 17
-68 -5
1 -23
101 -24
35 -3
-15 15
-30 27
38 38
68 25
126 1
44 -9
-135 -12
-67 -18
-16 26
99 -15
20 33
27 19
-40 3
-59 4
18 -8
-19 53
29 32
26 39
18 12
-17 -1
-59 -9
-11 -17
-9 12
55 15
5 9
-11 -5
35 -4
113 -25
-13 9
-31 -8
-2 3
-8 -20
41 -3
-6 -28
16 -5
69 -15
-2 -6
-50 18
-94 1
-22 6
35 28
133 38
51 -44
20 -9
35 3
-6 -15
-35 -19
68 -14
-82 3
-57 20
23 -26
-4 3
5 17
22 42
-18 29
14 53
0 -28
68 -14
42 6
75 -3
-23 -1
-28 -6
-35 2
21 -8
5 52
47 58
13 31
-77 -18
-29 30
65 -20
58 5
-22 22
48 -27
33 -3
-19 3
-16 2
46 -2
34 7
-43 20
-30 20
-94 2
-61 12
29 12
179 -11
0 -15
33 -18
-44 -14
-2 -18
2 12
42 21
-76 5
-23 15
-18 -6
12 0
47 -7
34 -7
34 -12
-6 -19
37 26
-12 29
-118 49
50 15
28 -2
-64 -8
-65 -6
8 19
-23 -22
32 -10
86 17
70 12
-51 9
-20 -16
-48 29
22 5
6 34
14 -19
3 14
195 9
-62 -18
-66 -8
27 -5
72 -3
9 -4
-15 35
-67 37
15 -4
47 5
-1 0
-6 13
26 35
-3 13
-46 1
-28 18
69 -65
-11 -18
-65 -11
46 9
19 8
8 3
15 -26
-46 -6
2 5
-6 -2
-7 24
0 2
-16 0
34 9
-62 15
-29 -18
58 -28
16 12
26 19
-12 -13
-4 -4
-11 12
27 5
25 -22
-33 4
2 24
25 13
-48 -10
2 4
111 0
42 8
-49 -18
-37 -20
-55 13
-28 15
121 0
89 20
-16 6
-6 -10
-13 -4
63 13
-4 -4
-7 -7
-32 17
-26 -7
29 -6
-81 7
22 -33
101 -10
111 5
-70 29
-29 20
27 0
79 11
37 -10
-39 -14
-83 -6
6 7
47 32
-12 -16
-33 2
-48 4
0 0
42 25
-33 15
-72 4
-51 -8
-26 20
-27 7
37 15
73 -49
-28 2
-58 27
43 50
43 5
-78 -32
-92 -49
-83 -22
20 -4
89 9
11 37
-41 25
-54 -3
-13 -7
31 43
75 -23
36 -25
-24 28
-6 49
-45 29
13 -32
20 -70
-6 9
-2 17
-12 12
-47 11
-87 8
-1 -2
60 7
-27 -25
-17 -6
-128 37
59 3
-69 2
9 -16
50 0
-65 38
22 4
-51 11
25 -17
39 -24
-117 -23
-61 5
-9 27
5 18
-21 31
0 3
81 24
-29 -33
-52 -24
-78 18
27 36
87 39
44 -19
-18 -5
-162 -1
13 26
25 -5
-38 19
-24 22
41 25
-20 -7
-50 -24
17 23
-39 17
1 7
-19 2
-20 5
2 24
-3 -7
49 0
64 -49
-32 -20
-25 -45
25 -34
45 21
-113 38
-30 -10
-8 33
58 -11
-42 -40
-4 -22
12 -17
27 8
-17 52
-56 54
-22 13
27 -1
-89 46
13 14
36 -11
40 -15
-30 -12
7 -6
-30 4
-45 -4
-37 -13
-18 5
26 -9
70 26
1 17
-56 31
14 30
-3 -33
-76 -41
-52 -32
109 -14
57 -5
11 8
-90 -7
-104 -7
-36 -9
-29 0
-3 24
34 5
0 25
-44 -2
12 -20
-81 3
79 38
116 -38
-34 5
-62 -16
-43 -12
3 7
5 -33
-17 2
-22 58
-39 -5
-5 -7
-1 28
35 6
37 -29
-24 -4
32 -26
11 -7
-53 88
9 42
29 -8
-46 -50
36 -18
48 -31
69 13
-34 -16
-28 38
51 1
-55 -27
23 12
-14 27
-63 25
-47 33
28 9
45 40
-104 -1
-110 8
24 -30
100 -18
99 -14
36 2
-46 -25
-88 27
-80 24
21 -27
21 -7
38 -16
-14 16
-71 25
-80 5
57 40
-63 24
27 25
-21 -12
-80 23
84 -19
84 -25
26 -31
29 -55
-45 -3
-67 25
-25 11
-9 35
2 33
-12 -16
-6 25
4 27
-2 28
-29 12
3 -25
13 -28
-6 15
9 8
67 0
70 -21
-112 -8
54 13
-37 23
6 11
29 -2
49 8
-37 3
-17 -11
1 3
-65 1
-65 40
-44 0
58 -5
153 -46
39 -6
-18 -25
-2 -10
-38 17
-84 46
90 7
-24 15
-8 38
-20 -3
-53 0
-17 17
-21 -12
-20 -7
-35 -16
50 -20
-48 23
-34 18
23 16
30 1
9 15
16 35
-62 6
1 12
53 -32
15 -11
12 5
-60 -4
63 -4
3 9
2 15
-79 55
-19 -35
-70 -2
-51 5
77 -37
-58 -25
-73 -12
14 33
-9 19
-46 23
-15 -14
-51 3
52 65
23 -46
-38 -22
8 -5
48 -13
-5 -56
-54 -26
-29 -3
15 -22
-23 17
18 -46
-100 38
9 38
32 18
-11 7
12 24
-11 14
-42 -15
-36 -20
-10 -33
24 -1
78 -2
-13 -21
3 47
-15 64
-76 -45
-43 -71
-20 -19
-18 6
86 4
-72 9
-41 -11
-73 61
107 48
37 22
7 35
-56 -14
-68 -4
65 -26
-46 -2
-77 -20
-76 20
-29 32
-2 1
-2 25
-16 35
-19 18
-23 7
-34 0
6 16
-29 14
32 11
53 4
2 12
5 9
2 0
-26 11
-54 5
-15 13
5 -24
-20 -11
37 -16
-15 18
1 8
18 -30
-34 27
-36 60
-6 -28
0 -15
21 -50
4 -18
14 39
-7 0
-60 34
-28 58
-18 3
31 -17
24 2
-20 33
-1 22
12 3
-21 36
-2 -29
-2 -7
50 -41
17 3
-7 12
-62 0
0 -3
12 19
14 17
1 19
-92 -50
-65 -35
13 19
24 39
24 4
31 -20
90 -11
-27 0
-97 2
-37 -15
-5 -3
60 67
49 -16
7 -6
-1 -9
-36 1
-60 13
-75 27
-35 27
141 21
36 -15
-43 -7
64 -27
-33 26
-59 29
-56 43
-12 42
110 6
24 -47
19 -2
52 -44
2 -47
-125 -31
-231 -9
-103 35
99 21
117 23
-43 37
-61 31
-89 8
127 2
143 5
-7 32
91 -10
-30 -26
-31 -57
-118 -33
-101 -40
-28 18
142 4
244 19
-18 13
-322 -8
-172 -18
251 -2
46 -2
-55 -33
124 -33
-1 0
-163 0
-11 -20
141 -14
48 -13
-64 -18
-50 -16
128 -15
-11 1
-280 28
-212 -16
16 3
240 -35
184 -39
99 -1
-75 -33
-174 -9
-138 15
25 18
109 -15
-34 -14
-123 0
-124 -22
56 -11
-6 -27
-137 -27
49 22
82 -5
62 -20
76 -12
-80 46
-107 -14
174 0
78 9
-214 13
-193 -48
-22 -12
112 6
142 2
-13 -16
-64 -12
-63 -3
-3 -16
-35 3
122 0
78 -15
-44 -28
13 0
98 -18
43 -11
-122 -34
32 8
