-38 19
31 1
-37 -35
3 -19
-10 -15
-101 -15
71 1
-9 -1
-22 3
11 -7
3 -21
85 -4
25 -20
-137 -8
33 -1
27 5
-61 13
-23 -3
-128 -6
17 -27
33 12
4 -34
-13 -17
-65 -18
-28 -16
40 -5
-62 -3
-50 -3
45 -20
-6 17
-21 14
-5 -10
32 6
-6 -56
-63 18
-6 9
5 -3
43 -34
36 -24
25 11
-73 -18
-3 18
-62 -4
12 -15
24 7
-17 0
-47 -15
-5 -6
-38 -22
-73 -3
-4 12
17 -15
48 5
20 -11
11 -17
-99 5
-30 -18
104 -15
42 11
-105 -20
11 -5
-36 -12
-16 11
-12 -19
-47 -7
9 3
61 -23
9 -22
-99 -26
63 -11
-23 -12
1 0
-2 -40
-20 -25
-10 -7
-8 1
-3 9
-30 -35
29 -16
-70 20
-48 -7
103 5
50 -23
-12 -14
41 1
-21 20
-101 -3
30 -33
130 -15
-37 -4
-8 -16
-79 -12
-80 -5
29 -2
-30 -23
22 -22
29 13
-101 -34
0 -6
35 29
-17 -11
-24 -33
-29 6
-90 -34
81 11
-14 -12
28 -11
39 -20
1 -38
30 -10
20 -17
-18 -3
23 45
-7 -14
-59 -21
52 -49
-15 -41
-11 18
-53 -34
27 -1
52 1
-65 -9
27 -25
1 -7
-15 -10
-28 -12
0 22
-23 -33
58 -7
-19 -4
-23 -18
-35 -20
-72 2
81 -17
25 -37
-128 -4
-19 1
-12 11
-42 -7
20 -14
22 -14
39 -10
-42 -13
-21 -27
-1 -13
-11 -10
1 -15
-35 16
-62 -27
37 -19
-49 -20
14 -17
9 -16
36 9
29 3
-77 -1
-44 -13
15 -25
65 0
1 -16
-75 -14
9 -6
-38 23
14 7
-37 -31
23 -10
-4 -8
-30 3
-52 -13
-46 -9
-40 -13
32 13
12 -11
43 -24
-56 -15
-37 -11
84 20
-21 -15
-25 -10
-32 5
-68 -6
-19 -40
117 -26
-3 -6
5 2
-59 -12
22 -15
-78 2
-18 -3
54 -33
-35 3
-23 -15
-26 -7
-17 -27
38 -30
-4 18
-54 23
-89 2
0 -62
24 -9
-47 0
39 -15
-29 -11
-7 -23
-37 9
7 -3
-95 0
-20 -29
47 -12
57 -25
-31 -17
-25 -23
-20 -14
43 1
-23 -21
35 4
-59 -17
-48 -58
30 -29
9 -17
-11 8
-34 -11
-28 3
0 -13
21 -30
-12 1
-6 -35
-11 -25
-2 -6
-16 31
18 -19
-27 -21
-21 -17
21 12
15 11
-57 -1
9 -26
13 -33
-55 -8
-12 11
50 0
-25 -27
-26 -11
-36 -12
-11 -2
44 -3
3 -18
-10 8
-31 -17
-32 -16
-35 -15
18 -11
-11 -11
67 -30
89 -1
-36 0
-91 -18
-58 -34
16 -21
72 -34
9 -25
-39 -22
-13 0
-21 -13
-16 18
-28 -11
-28 -5
0 -38
31 -10
6 -5
11 -6
14 21
-22 5
-42 -26
-15 -22
-5 -13
-9 -8
73 -4
59 3
-5 3
-8 8
-58 -6
-77 -16
64 -53
113 0
-3 4
-46 -20
-60 -4
-17 13
1 2
-87 2
35 -17
71 -2
-55 -8
22 -18
-59 -15
15 -8
6 3
59 -4
53 -15
6 -6
-22 -18
-11 -28
-20 -38
41 -9
21 -12
-37 -8
-27 -17
-129 -2
-43 -19
-25 -23
28 -40
-27 15
0 37
40 -38
-7 9
-22 -20
-10 -24
0 -31
-35 -11
29 -19
-3 -10
-157 9
61 -16
-10 2
6 22
-35 -14
-4 -17
-7 -19
-7 -11
-73 5
-29 4
0 -48
11 -2
-7 -5
-38 16
-41 -2
-5 -4
33 23
-4 -25
43 -36
-47 -14
-86 -24
0 3
-4 -33
21 17
-5 11
-34 -50
-36 12
20 6
-18 -8
-57 -11
42 11
40 -71
-10 -18
6 -29
-20 32
-31 -27
17 -11
-38 0
-41 -27
15 -5
24 6
47 6
-5 8
-59 -18
6 -7
-65 -6
8 -14
55 -11
16 -31
-14 -7
-14 4
20 3
-25 -33
-34 -7
-50 -1
47 -35
-46 -7
-21 -35
-12 8
24 -25
-36 -11
-22 -24
-6 -19
55 4
15 -38
-20 0
-140 37
11 -14
27 -18
-22 3
-77 9
20 -10
-41 -53
-60 -19
-11 -18
-5 7
8 -8
-51 -32
-31 -7
-7 -18
-30 -31
-16 -61
-48 -20
72 11
-12 -6
-31 -6
-12 -12
-26 -16
-10 8
-6 -15
39 17
28 -4
4 13
4 -11
-27 -1
-37 -10
-30 -12
49 0
-4 -5
4 -5
9 28
-11 9
-39 -6
-34 12
-9 -19
-17 0
4 17
11 2
-21 35
7 22
-3 -13
-19 -6
-23 72
-14 -36
-33 1
-1 -11
12 17
-21 -31
15 -4
7 23
-42 -18
-13 22
-21 -35
20 9
-12 26
-9 24
22 -2
-31 8
6 9
-35 8
-27 -17
-2 12
-16 22
-29 24
7 3
-18 -19
-19 28
5 2
0 22
5 9
-43 -41
-5 14
-7 16
-31 0
8 21
-97 -18
-34 8
-1 3
6 1
7 -7
3 0
19 -17
-2 5
-43 28
-45 -3
-6 28
3 8
-28 9
4 16
-42 -3
24 19
-28 -4
-14 1
-5 15
11 3
-33 1
-36 19
-12 -6
8 -9
-14 11
7 -2
-3 7
-36 16
-40 2
23 0
0 4
-88 18
32 -19
-4 -13
-33 9
28 41
-7 31
-57 -13
16 -29
-6 -6
25 15
6 -11
15 5
-79 28
15 -10
-68 32
-64 1
-75 11
-8 -4
29 44
20 16
-60 0
31 20
-19 24
-81 -14
-5 -4
2 13
-6 17
-23 -5
2 -7
-15 11
-61 23
72 -5
-40 -4
-72 22
-16 -1
50 -2
-9 20
25 38
8 6
-23 23
-49 -2
21 0
16 1
-43 1
-42 -1
-13 3
48 13
13 -2
-33 25
-50 -31
-24 12
-19 2
-72 24
3 6
37 -5
39 48
11 -6
-22 -21
-14 17
-102 -2
-44 -10
43 12
-70 -33
-30 -4
-20 0
1 2
6 -21
-38 -19
-37 4
40 -7
7 15
7 37
-55 24
9 3
5 6
-45 0
-42 1
-32 24
32 -2
-34 -21
-20 34
62 22
15 6
-47 -4
-18 -2
-33 19
0 -4
62 44
85 27
-17 26
-32 0
-18 9
-24 -6
1 -12
16 -7
21 0
-25 22
-38 16
32 28
9 32
-148 -7
28 -22
44 -19
4 -5
76 7
-66 27
-5 -15
-41 34
-10 -10
-38 -3
-9 14
5 8
26 9
9 13
-40 -15
0 -6
-4 -2
-40 7
-6 13
2 -6
29 -19
17 -6
53 -6
-6 14
-36 3
1 2
57 -3
-11 17
-25 -1
33 5
56 -18
-11 1
-16 18
3 12
-18 15
-7 9
-3 33
15 -2
4 -1
9 -22
68 15
27 25
-26 22
7 17
38 37
-70 -1
-9 -7
-11 24
9 9
-19 -15
49 -11
-14 4
-23 23
2 1
29 -13
51 9
-15 -4
-12 -12
54 -3
5 7
0 9
54 -8
-46 -5
-16 0
43 7
25 -8
25 20
51 17
-1 14
1 -8
-10 -11
-60 30
62 -4
25 -5
-40 -6
0 18
-106 4
-11 17
-18 21
30 5
6 -2
16 0
37 -17
39 -16
8 13
-31 -1
-41 25
-6 12
3 6
45 -1
-39 9
12 -16
71 26
-37 -3
-11 3
49 1
18 3
36 11
1 -14
-7 20
20 -17
1 34
-16 23
30 -14
50 0
-6 30
-94 7
-59 -6
19 33
-17 -8
29 14
32 14
-39 -7
15 24
5 -9
0 16
40 -32
39 -4
34 -23
-9 21
-51 17
-21 6
64 -6
21 -36
7 13
25 0
-35 6
-50 0
-9 17
15 18
22 -3
-7 -11
9 2
0 1
31 0
-119 4
30 17
50 -28
4 11
55 -15
2 -20
27 16
32 13
8 -4
32 4
-1 -16
13 -11
15 7
6 1
7 -30
33 39
-24 -43
-25 6
-9 3
-21 -10
71 49
14 13
-29 3
71 12
-14 -31
29 1
-50 27
-37 0
37 24
19 -27
-14 -31
-30 23
55 36
56 -2
-4 2
-32 -22
17 7
45 24
9 -18
1 18
3 -38
2 5
9 1
21 8
-3 37
61 -7
20 -13
-14 -5
-20 15
49 6
0 -14
0 -5
-18 -39
-10 39
24 -5
31 -3
-7 12
50 8
-6 19
-101 -6
-18 -4
-6 2
67 16
-11 12
14 0
43 -13
-5 -8
1 14
-31 7
25 20
26 15
89 26
2 -4
-5 -7
37 -3
22 -2
-12 -5
-1 5
-23 8
6 23
39 23
19 -2
-18 -16
-77 -4
-8 8
54 -15
56 0
-6 1
-21 30
-31 4
44 -2
49 17
2 -6
-32 -1
24 -7
-2 -22
0 13
-2 18
-3 -5
9 -2
31 -5
-11 36
-5 -13
2 -6
49 12
-3 28
-21 15
77 -5
20 1
-14 3
-18 -11
-15 -17
40 -14
27 21
-10 15
26 20
8 -5
-31 1
-22 -8
0 -9
18 31
-12 -15
-6 8
23 33
37 11
40 -31
0 5
16 0
29 9
68 34
32 2
-23 17
52 5
24 6
-4 -6
-16 -11
21 -9
4 23
22 7
5 -10
23 1
13 20
6 13
2 4
-2 3
-45 -9
52 28
2 -15
1 28
12 18
23 8
-14 -25
20 -19
45 11
60 -24
-2 5
-3 -12
12 16
31 25
-24 -16
11 -19
12 27
2 19
31 -9
30 30
3 4
-20 29
6 -18
-58 4
-15 39
41 33
33 -4
-2 25
-8 -15
-72 -11
37 13
-16 4
3 -2
-24 11
-46 41
32 -19
0 14
38 33
-25 17
13 -5
-11 -11
3 28
9 0
-45 0
13 -24
87 -3
-31 43
-54 5
0 17
5 -15
-58 -15
-15 -21
34 11
30 5
-63 7
-11 13
22 -11
-5 5
14 32
23 -16
-89 4
-9 2
9 23
34 20
-45 33
44 -17
-55 0
-27 -4
-67 5
-15 -13
19 -4
-4 11
-2 -13
-21 36
12 20
-32 3
-19 19
-27 -23
-3 0
27 -2
75 -8
30 11
14 -10
9 -13
-37 17
-10 2
-6 13
33 3
5 -6
3 6
-12 4
12 25
-26 0
-33 -26
-19 21
44 0
-38 -10
26 -15
9 6
8 8
2 12
-26 18
-10 21
7 -18
17 -3
-17 0
-37 14
-23 28
8 6
-31 -6
-2 -32
37 -4
37 -5
26 32
-9 -8
-23 0
6 9
23 -24
19 26
-75 -4
-9 -2
19 -3
-24 -6
-5 -7
34 22
-15 8
-43 52
-4 -5
42 11
31 -6
-14 0
1 15
23 26
-35 2
-1 -30
-4 19
-8 -6
29 8
-6 -4
-5 4
-25 -5
-12 27
29 -43
-29 33
-27 -6
20 2
32 -3
2 -6
-21 -1
-25 19
0 -14
-14 37
-17 -24
-18 -20
29 9
2 -3
-19 -15
31 -4
-22 1
-46 2
-57 -5
8 -5
12 37
14 -6
-15 -14
-19 11
-36 35
31 -17
38 20
-7 -9
-23 -9
22 -17
-36 2
-33 24
24 24
43 52
-2 -35
-30 11
-45 8
41 -12
5 2
-11 -7
-27 8
-2 13
-11 -7
-5 4
-31 22
-57 -6
0 19
-13 1
-39 18
-12 17
-19 23
-5 1
-16 -40
3 -41
-11 15
-7 12
0 15
-26 50
-32 26
-110 9
-2 -23
2 21
41 -36
-19 -1
-54 20
-13 22
26 -11
-18 -3
-44 -10
5 -7
-26 14
25 5
52 -5
-2 6
39 5
-37 -20
-54 -13
-29 0
-2 32
-14 6
53 20
-2 -12
-17 17
34 5
-23 8
-14 0
-57 26
63 29
-33 -12
-19 0
24 7
-6 39
3 7
-12 -18
-45 16
-44 24
-4 13
13 7
23 3
2 6
36 11
12 0
-35 -13
-118 21
20 36
17 14
14 1
0 17
5 -3
7 4
37 13
-106 30
-60 -13
-23 -31
1 45
51 22
-44 -14
-9 7
-17 2
-32 -2
-70 19
-3 -8
19 27
-18 -5
-6 -17
-40 -10
-16 19
-27 1
2 -4
-15 22
17 19
3 -3
-34 -17
-3 -7
41 32
0 1
0 -24
-39 14
-39 16
12 43
24 5
-4 -13
-2 -32
-52 14
-21 28
-36 -7
12 11
-38 6
36 -13
47 -11
-5 26
26 16
-37 -5
-26 -14
-32 19
-38 -3
27 -4
8 -3
-38 23
20 15
-16 -15
-36 20
-1 0
-18 32
1 11
37 -20
21 0
2 25
23 0
39 -31
9 13
-19 45
13 29
23 -20
7 -4
-1 30
-2 -19
-5 -25
-16 20
-8 21
-15 12
34 21
17 -5
-10 4
-17 -1
19 16
0 -9
-39 -2
-29 23
-2 -20
30 -8
-8 9
22 -11
3 -12
-8 6
-30 9
0 13
38 17
14 -17
-9 9
0 -1
18 15
-26 -2
-71 -17
-25 14
22 14
17 14
13 11
-41 -3
-1 15
14 -8
-3 5
-15 0
-8 11
-29 16
-24 -4
-1 -9
-5 4
12 -19
-8 9
22 4
-8 3
-50 6
18 -14
108 30
-24 0
26 0
-41 -8
-33 -7
-3 1
-38 32
-15 6
-28 -28
45 -9
-8 5
-9 17
-28 7
-17 -7
-49 49
6 -6
35 22
-21 -6
9 16
-81 -8
2 5
3 3
-67 -19
-10 22
-10 21
19 32
-14 -5
-6 2
-9 5
38 -10
-37 4
-101 27
-18 11
-65 -22
-43 -22
-10 7
3 -14
29 17
57 -3
7 19
-16 28
-21 -1
-18 -6
37 8
31 1
-11 -5
28 -1
-4 -20
-72 8
-77 3
-37 24
14 -1
3 5
-105 -14
-36 2
-4 1
-4 -12
-11 5
-6 29
-23 25
23 -7
-26 3
-39 -9
37 9
13 -9
15 19
-45 44
0 7
0 13
-37 0
11 27
27 -2
-34 13
-21 -9
-50 -23
4 8
-4 -1
-7 27
19 24
14 0
-42 -22
23 -9
-47 26
-51 -5
6 -8
4 21
66 19
-21 16
25 -20
-41 -9
9 8
-11 -12
-17 44
26 -8
-16 45
-13 22
13 -6
24 4
16 17
-53 -3
-53 7
21 7
12 20
-48 3
23 6
-10 34
20 0
6 19
-27 0
-54 -14
6 -3
-22 13
42 -3
-22 31
-8 -29
27 9
-32 -6
-17 7
3 3
-9 16
22 9
-24 20
25 -24
9 -26
-48 23
-33 -6
30 -10
12 -9
1 -4
-9 33
9 22
-22 11
45 -14
8 11
-7 4
2 17
47 -15
27 20
-14 1
17 15
53 -7
-47 2
-4 0
7 4
0 -6
79 2
-5 29
5 6
13 -23
9 4
40 32
-40 -6
-7 1
18 -13
42 -3
-6 1
-19 -4
-3 -2
36 -2
16 -2
-8 15
-37 20
28 24
-1 9
9 -11
33 23
19 13
40 -23
-2 -3
-9 -6
27 23
43 19
39 0
40 2
25 -5
-25 1
-59 -2
36 -4
14 16
43 25
44 13
-14 4
-41 -5
29 -15
13 -6
11 -5
18 -4
19 -9
28 0
23 8
-2 17
-44 -30
9 -7
-8 -17
-14 16
11 -8
0 12
72 -19
42 23
28 -9
12 -34
-81 -16
35 8
0 14
-44 -5
-13 -8
48 39
17 -7
3 -6
3 22
35 -16
59 6
-32 33
-33 -1
-31 19
28 -7
25 -22
32 2
12 15
61 -11
18 -16
-47 15
-57 -7
8 -17
43 5
34 23
-30 55
-1 2
34 -16
-14 17
-30 -3
-13 15
13 -6
68 22
18 17
-20 17
-31 -30
-2 6
37 3
6 -3
-3 18
19 -27
99 39
-19 -15
25 -5
63 3
7 5
23 7
1 -10
19 13
43 9
39 28
6 7
-17 -12
25 31
-22 28
-23 -23
-12 0
19 -3
48 -10
-16 14
-20 46
-4 12
31 15
-8 4
-27 -7
8 8
23 -1
-9 -12
5 3
16 -1
17 18
-9 -16
11 0
29 -8
16 14
-11 0
20 -3
-23 -4
13 36
-13 -1
-32 -6
-27 8
33 -8
48 -5
-25 15
-32 16
-8 -12
-5 31
-8 3
-5 -15
42 9
27 0
61 17
7 5
29 -32
19 -3
-12 2
-1 13
11 23
-7 25
21 -6
23 -14
21 12
-25 7
17 14
13 -10
-25 -5
-18 17
84 0
48 -19
26 8
-32 -8
-10 -6
-37 5
-6 13
18 30
26 9
0 -12
-3 -3
-17 -20
-11 -1
-45 -9
-13 -4
30 -18
-50 20
5 24
-63 -9
5 14
12 -9
-17 20
-40 -3
-3 -4
-17 -27
-20 29
-6 -19
3 -5
0 0
-30 -13
23 -20
2 52
-17 -21
5 21
28 -32
-29 15
13 -9
-23 0
14 -2
-21 -3
-14 -7
13 5
-11 -5
-13 2
31 14
43 -9
39 11
0 12
-76 4
6 -17
39 13
-6 18
9 22
8 15
-42 -12
-28 -9
12 -3
-1 -8
37 7
-25 -17
-7 4
17 36
0 32
13 -10
-3 14
-17 -28
-5 29
8 -7
30 -5
13 -20
-6 17
-36 -2
-12 9
23 17
-33 2
17 -12
-50 24
-8 6
-22 17
34 15
-35 -2
-28 -8
8 15
-23 -25
37 25
30 -2
-1 14
-56 -3
3 -4
-68 -11
-19 -11
-1 0
-28 20
0 -13
-34 0
-18 0
-22 -7
-37 18
0 -20
29 33
19 14
-17 -17
-20 1
9 15
17 36
-6 31
-43 -8
-93 1
-13 8
8 -16
-48 31
-8 -8
-3 5
-40 6
9 8
19 5
-2 12
3 -3
-5 12
-23 -19
22 30
-68 -12
-54 26
-12 -5
-25 5
39 -1
41 6
4 11
17 1
8 12
37 21
5 11
2 11
25 5
13 8
-24 -12
-4 -2
-15 20
3 25
-32 11
0 14
14 -6
23 0
15 12
-44 -10
-16 17
-59 15
-14 24
-13 -10
23 -2
-28 19
6 -19
2 -12
-16 8
54 13
-42 52
23 2
-17 7
-8 -14
0 22
11 6
-27 4
13 21
-14 -5
-22 -5
-34 -28
-4 13
24 -22
-4 39
12 3
-21 -4
6 -17
-28 17
-34 52
35 -2
12 -10
0 19
-11 -13
4 -7
0 26
-32 8
-5 -15
-10 -11
0 -9
3 -7
-29 -11
0 11
-9 12
-3 0
-18 8
-17 0
-18 3
35 11
-32 8
-21 -2
-14 -25
77 16
-13 7
-33 28
0 3
20 -19
3 17
-31 15
-12 -1
15 -6
4 5
0 18
-45 6
-17 29
0 4
12 -17
-1 13
-10 -26
1 7
-74 16
-45 -29
15 16
24 40
20 17
31 -8
9 -7
-52 -20
-28 2
-24 35
-22 -12
45 43
-9 20
-18 24
-10 39
35 -5
-36 -9
-48 12
8 -9
5 -5
4 5
-16 -6
-9 4
20 25
4 20
-48 -1
4 -2
84 19
1 -15
-16 5
16 8
-115 -30
21 20
-8 13
-46 6
-49 -8
-8 13
-24 -13
-5 -7
8 25
52 17
-73 1
-28 -11
-27 -24
9 27
39 34
9 -1
-38 -11
-26 0
8 2
-20 19
-48 1
-6 16
-41 -9
-38 -7
4 31
-5 -30
-20 -41
19 40
-44 9
20 -20
13 -5
-57 -6
-43 -46
-18 44
-14 50
5 15
-74 0
17 23
34 14
-14 -12
23 -24
19 5
28 -3
-45 -37
-51 16
24 11
-9 -7
19 5
-8 18
-14 -6
-72 -5
5 20
-6 -31
-78 22
-6 -1
41 24
-12 0
-31 11
-41 -7
57 -4
-24 -3
91 34
-38 22
-24 4
17 -11
9 -3
16 7
15 24
5 -15
-32 16
-28 37
-15 -12
41 -14
44 7
11 -3
-12 -5
17 15
-29 0
5 -2
-64 16
-24 35
124 -20
55 29
-16 -1
33 -8
-26 23
-24 20
-30 -1
17 -1
-14 -20
-128 20
-37 0
-19 -24
-44 4
-45 5
-59 -12
-24 0
-1 -2
-11 22
-49 12
-49 -8
-22 13
-23 2
-41 0
9 17
-2 -18
3 9
36 1
15 1
-10 -23
-20 4
1 11
-15 -6
1 5
16 -4
-15 3
-18 -13
-8 -17
-21 -4
-12 -5
-3 2
31 -6
2 -21
-26 9
36 27
-25 15
59 -68
-19 15
-10 0
-16 19
20 -9
20 9
-8 14
-18 -32
13 0
-16 11
-29 37
-34 -8
22 59
25 -21
-10 -13
15 4
-18 -5
-6 -4
-12 4
9 -6
5 15
-30 6
0 -26
12 -4
5 1
-8 -31
-26 6
-15 55
-2 15
3 12
-7 -11
-11 -2
-48 -9
46 -9
46 2
-38 8
-71 33
3 22
30 11
-28 12
36 17
7 6
38 -12
-23 -1
-25 34
-17 5
-29 6
55 11
-8 -18
-8 6
-21 -6
-2 0
-23 -29
18 -10
-13 36
2 -6
0 -18
29 9
0 -4
3 -6
-57 17
-8 -10
0 43
18 3
19 -1
11 3
-11 -4
-16 -2
-13 -14
-5 0
16 -7
8 -5
17 -15
-18 20
-8 0
74 -8
29 9
-34 -6
-80 16
6 23
24 9
-34 13
-46 7
-10 12
19 6
-37 -5
-30 -11
-6 15
-111 -1
8 -1
-8 32
-10 0
5 22
-26 -3
-7 -14
-93 0
-2 5
39 -1
-35 22
18 2
4 6
-3 9
-118 -14
1 -3
29 20
-8 7
-28 7
-22 8
-14 25
2 33
-1 8
-28 -20
12 -14
0 5
32 44
12 6
37 8
-18 -3
-10 19
6 -11
-13 1
35 0
-15 26
11 2
-22 2
32 -12
18 -16
-9 -5
-23 7
22 23
-15 14
2 -2
6 -13
20 13
34 5
0 8
-26 0
26 -7
-2 -14
-50 8
20 13
46 24
65 -7
-19 0
-29 0
-78 11
-23 16
53 14
16 22
9 5
-31 -3
-19 5
-30 -12
1 -16
-10 0
37 -1
9 -18
-25 3
-30 0
26 13
-11 -11
12 28
-27 18
-11 3
17 23
-44 14
52 28
19 20
-84 -8
-56 -5
21 7
14 1
-49 12
0 7
27 24
0 -2
-7 0
0 9
64 0
-77 -16
-3 -5
-6 6
7 11
48 34
-29 -29
-10 1
0 -45
-24 25
-65 -30
-28 2
24 22
23 18
33 5
-1 -15
8 4
-42 -2
-27 18
-31 -1
-28 -8
41 7
-7 21
-5 16
-79 25
-26 -2
-30 -32
-2 -7
48 19
0 5
-21 -14
-18 -22
21 15
-11 -5
-42 24
-4 16
-20 18
19 -11
21 -10
33 24
-3 16
-26 3
-36 8
-21 7
38 -40
5 -4
0 1
-9 11
-25 3
39 5
-21 -11
0 25
14 -10
-31 -13
-20 24
45 -2
22 46
-1 -37
-38 4
-39 -14
-36 42
30 -26
62 -8
-1 2
-20 -8
-2 18
18 7
8 -18
-58 3
-38 -6
-61 6
-7 -3
-36 -4
-9 -17
14 7
-14 31
-34 32
-5 31
-10 11
4 -14
-5 -3
21 4
-8 -9
-11 11
-7 9
-48 11
-46 19
-28 6
58 -6
-22 14
-15 -10
-40 -8
54 16
1 21
7 37
9 -21
4 -27
-30 -14
-15 27
-17 2
-14 -21
-33 32
-77 0
-12 -6
33 18
28 20
-41 -11
36 0
11 11
-60 14
-32 5
38 -15
-37 34
16 -6
32 5
-46 -8
-5 -6
17 -20
-59 5
-52 28
-33 3
8 1
30 -10
-67 -32
7 33
26 -21
-19 -4
57 3
-25 44
-45 -1
-9 16
12 -35
-16 30
13 -26
11 -1
-23 41
-12 -9
-21 -14
4 16
-8 2
26 1
0 -15
-17 0
-35 12
-7 -9
14 29
-42 -2
-4 15
-11 -1
20 0
2 18
-1 0
-23 26
-20 18
-49 -6
-23 0
22 0
28 -6
-66 0
-4 5
9 -8
-4 -5
-5 1
-22 3
45 38
15 -4
33 -14
13 11
6 25
11 34
-27 0
-2 0
8 -9
6 -19
6 19
-24 15
11 -6
4 14
-23 14
-23 -8
-9 8
-11 0
6 7
0 11
-8 -6
-10 22
7 6
-21 22
-2 12
9 -13
-29 2
23 1
-19 0
-23 -17
-11 -7
-32 24
-15 14
0 -31
12 15
12 5
-15 -19
15 -6
5 6
-45 14
-42 4
-39 23
3 -4
5 -6
-20 0
2 13
19 18
-16 -15
-51 -38
-6 -6
-15 25
19 24
30 4
31 6
8 -15
2 0
-14 11
-2 33
-1 -24
41 -25
3 8
-13 11
-8 -11
-5 -3
-18 12
7 31
-43 11
35 -5
-33 -3
-5 -13
-48 1
-4 2
13 1
-74 29
-7 28
