40 14
0 -13
-67 -48
-89 -7
-116 -4
-177 1
210 0
77 -21
54 -19
-385 -30
654 23
-118 0
-231 11
72 19
296 -17
-90 -48
-35 16
95 -11
-49 -24
174 -4
-95 -27
-381 -16
330 -13
63 9
-233 -4
377 -17
207 -29
-22 -12
-388 -21
-272 5
71 0
-47 1
-266 -32
-240 -11
24 -8
3 -13
74 3
2 -22
112 -40
-36 -35
-21 -13
-7 -16
-63 -24
-242 -38
-51 -7
67 11
377 -25
433 -18
32 -7
-95 -12
-252 -3
-84 -25
58 -5
38 14
-173 -12
89 -10
191 -16
-17 -7
-242 -14
13 -11
373 -16
171 8
-104 -3
-204 2
-112 -10
-8 -32
-109 -26
162 -28
51 -18
-70 -17
-81 8
29 5
-76 -26
32 5
167 -18
63 -10
45 -33
-258 -9
37 -7
107 -14
-175 0
-355 -20
39 -9
99 -23
-162 2
-33 12
287 -11
41 -12
-145 0
-20 -23
105 -11
-39 -19
-219 -12
133 -22
98 -16
122 -13
145 11
0 -2
-21 -2
-83 0
-25 2
72 6
80 17
101 -8
69 29
-132 24
188 -30
149 24
-90 8
53 -12
-138 -13
240 -2
137 51
-83 57
-29 26
7 -50
82 -21
88 2
155 13
20 36
-26 -45
4 8
-131 -12
-95 14
-247 -6
470 23
198 1
-104 0
-100 0
-31 45
24 -6
94 -10
-227 42
-27 44
129 -9
7 -5
-61 -38
-170 -12
71 35
132 35
19 30
-18 33
-13 -35
36 -8
-90 9
9 -28
9 -60
-65 -25
121 -9
72 6
-20 -28
-19 14
18 -13
-103 -26
5 38
13 30
39 36
-85 22
-67 11
120 33
240 -38
72 -18
-58 -12
-109 -27
-108 33
292 7
43 40
169 -13
-51 44
-52 16
-100 2
66 -42
2 -104
142 -35
-15 1
17 65
-83 31
-136 1
136 11
31 25
-140 30
-100 46
129 59
101 40
-7 13
-86 -25
-76 -17
13 9
109 11
41 0
-51 17
-62 15
7 33
-2 -38
-101 -27
-27 -22
-24 -20
291 26
-61 8
-12 18
-8 -18
-131 5
18 44
109 19
-46 -42
9 -80
106 7
-111 14
-34 42
199 22
0 -11
86 -28
-23 -17
-22 15
-127 52
4 12
3 37
-6 26
79 25
-4 34
9 37
-88 -32
140 -6
7 24
-54 -23
-39 -7
21 -14
-54 -20
-72 -24
98 0
9 20
15 39
-14 26
-31 31
104 34
19 14
98 -12
-30 -7
-163 21
139 -39
28 -15
-111 23
71 8
69 28
-128 -28
0 30
-13 53
-89 -3
163 5
236 21
-1 -11
-78 -9
12 -11
-41 -28
96 8
3 -29
-188 17
115 21
196 22
-32 31
-81 -31
145 -39
22 12
-120 8
-21 -37
-55 34
26 41
-9 25
-56 28
42 -15
27 -7
-3 -41
87 40
-46 -8
-52 -27
-87 1
85 8
-56 -15
3 -23
-6 71
43 44
56 8
-72 -19
20 -20
-44 -1
59 5
62 -19
25 -27
-98 -21
77 12
20 22
-35 29
-11 21
126 -12
28 55
-66 4
66 43
-20 11
-15 4
86 -8
48 11
-27 -2
-17 -24
-17 24
-21 21
27 27
98 20
59 -20
3 -42
-32 -68
98 -18
63 18
12 40
-29 8
-57 23
30 14
-27 23
9 -19
45 5
46 18
21 17
127 0
36 -60
-84 -16
-71 19
79 27
77 32
28 3
183 16
30 13
-108 3
-7 -12
-18 -18
-23 -24
199 7
136 32
-84 65
-84 -2
-91 -25
-69 7
265 4
58 -10
12 -18
14 19
-69 27
-19 -21
18 20
46 -17
112 7
20 11
-78 -17
-70 -12
4 47
70 11
140 -22
72 -21
-152 -60
-4 40
58 30
51 34
72 2
-11 -19
-24 5
82 -16
1 32
-109 0
172 -7
48 48
-41 17
-95 14
212 21
18 16
-1 -14
81 0
37 -29
-51 -9
-49 0
-18 -32
182 36
24 18
-5 -18
-59 4
43 0
-11 14
2 -6
11 21
124 55
11 -16
-42 -8
50 -7
-30 4
-19 13
111 -25
36 -25
81 6
-75 2
54 41
-63 -2
12 26
-1 3
75 -11
-3 -37
47 -17
84 6
39 21
42 35
-27 46
28 0
18 -21
3 -12
20 -21
-34 0
88 -6
42 50
-7 38
-4 26
54 -11
11 -20
-1 -9
-14 21
114 48
26 9
-9 -36
-37 -6
-45 -4
-13 24
2 6
79 4
-53 23
-12 7
-1 -13
-4 0
-2 -18
48 35
-19 35
-4 -9
113 -16
71 -7
-30 -5
-14 -10
68 11
44 32
47 -3
84 38
-46 3
22 -38
57 -41
84 24
-52 -3
47 13
1 12
9 46
42 80
24 -21
55 45
56 9
-3 34
-65 -16
48 -27
123 -8
86 -22
-22 -42
-36 7
-57 9
-69 8
118 16
97 32
-40 -4
33 22
28 42
-5 -28
-78 -12
21 16
70 -11
30 -7
47 -12
-72 13
32 12
5 -12
19 2
28 6
20 -4
26 -25
38 -31
5 -4
19 14
13 11
40 13
34 15
79 43
22 -14
-3 -16
-46 -36
31 3
-38 7
13 1
56 -5
8 5
16 -20
44 31
66 0
57 -22
-10 8
4 -5
-46 23
-17 -27
91 13
67 11
-38 23
70 -9
29 16
-5 -11
48 32
45 27
50 -7
44 -8
-34 -27
-77 -39
3 -19
-30 21
111 0
-4 14
37 -12
137 7
73 11
-17 -5
-38 13
51 31
-10 26
-11 1
-81 -19
22 -17
32 0
30 7
0 16
12 12
111 0
37 9
-43 -14
91 -48
14 -23
-22 -2
95 -14
-1 -7
-7 4
91 42
-3 44
-53 58
9 30
81 64
-1 33
-19 -47
-35 -37
121 -3
163 -16
-80 -45
-47 1
-12 7
25 -44
143 -3
-41 27
-40 83
52 38
-50 -1
-77 -14
111 27
85 -17
43 -4
-61 -32
18 -16
62 -12
6 23
-40 55
0 -11
123 -18
94 -12
-6 -2
16 -32
11 -9
17 49
-55 66
-16 31
6 0
84 -11
17 -4
12 0
33 5
69 27
-1 35
52 -18
38 -44
-43 -28
-28 11
188 28
11 43
-23 17
-18 -54
34 -6
90 42
11 22
-18 -6
18 -42
-39 -35
127 -54
95 -7
-60 -8
-34 4
20 31
6 127
-7 42
13 -66
-63 -41
-18 0
72 17
137 4
-95 -35
24 11
44 -32
-1 -44
25 25
-12 41
-84 80
-78 97
9 68
34 11
62 -22
28 -1
-26 -39
-13 21
27 31
-6 20
18 12
-32 -26
-68 0
-74 -11
74 -39
-5 -9
7 -43
85 -31
-44 -51
-19 -7
61 22
-9 45
-95 13
112 38
40 16
-16 -30
-66 9
-58 20
12 2
0 -9
-61 37
67 -16
87 14
-59 34
-92 2
-61 31
-20 6
154 22
-64 -9
88 -3
31 26
-52 30
-46 0
-18 -12
12 3
-36 -32
28 -1
23 46
-36 -14
-14 -9
-27 6
9 47
24 -6
49 -13
11 14
23 11
7 -25
32 -24
-24 28
14 22
8 12
68 48
-52 3
12 -30
-43 25
-15 31
11 -34
-23 -22
-8 -41
15 -76
17 -29
84 12
-14 69
-93 57
66 23
77 13
-38 50
-104 -1
-39 -35
112 26
-7 -27
21 -36
34 20
-19 22
49 1
12 0
-25 3
-99 -13
-41 -30
118 8
79 -9
-76 12
130 49
-35 68
-45 11
26 -19
-57 -11
-7 13
92 -60
44 -16
-22 6
-185 11
9 -27
37 -9
-5 19
55 8
-12 26
-13 22
63 95
-99 82
-58 -22
90 -61
7 -61
65 -129
-26 -51
39 38
82 84
-58 58
19 12
-3 44
-22 -13
-1 40
-68 54
55 69
103 -3
60 -42
-78 -49
-62 -61
6 -25
37 28
77 38
19 53
-41 -5
74 16
-41 37
4 13
-9 -1
4 56
-79 15
105 -18
35 -54
-84 -41
21 -21
30 7
12 27
84 7
46 -2
15 16
17 8
-47 31
15 27
-76 22
-7 -5
28 -25
5 27
20 -46
-30 -31
170 -19
87 -23
-13 -21
-29 29
27 24
27 54
55 41
-53 -10
-50 -8
18 -8
181 41
-34 47
-54 25
-33 -21
122 -5
3 -9
1 -17
17 -30
119 21
13 7
-59 35
-31 21
-5 67
-31 1
-16 -95
41 -35
132 4
26 25
-28 42
-70 -10
56 -56
-4 19
8 19
-52 42
70 56
70 45
-86 9
61 -17
50 -89
-18 -27
-5 35
34 71
7 29
61 -13
-10 -22
-42 -23
2 8
-30 20
3 -8
-2 20
132 53
-40 -11
-23 -4
-39 40
38 29
-23 33
47 2
84 -28
-59 -65
57 -49
22 -8
38 24
19 43
4 74
-69 43
-54 23
-3 19
112 29
147 1
-55 -2
-104 -19
21 -40
7 -42
8 -39
25 -5
-11 -21
11 -5
-17 68
68 29
-53 -3
2 1
7 -31
30 -36
6 8
-42 17
0 23
15 25
-97 -16
-33 -31
-38 45
67 62
99 28
16 0
-32 9
-29 0
37 -8
50 -25
-43 0
-47 22
58 26
34 13
-76 -10
-29 40
62 24
49 -37
62 -52
-78 -39
3 -13
-85 -33
46 -2
94 15
16 61
-7 21
35 17
0 45
-14 23
-40 7
-8 -2
39 11
-11 2
-69 -22
137 -20
-56 -18
-53 -1
-77 21
145 -3
-8 18
57 16
-24 -10
-5 35
-10 6
-4 -20
30 -26
59 -47
53 0
38 60
-9 40
-16 12
-61 -2
-41 -2
28 34
33 47
65 -14
43 -19
-32 -26
52 -46
-12 -19
-32 45
11 35
36 -6
44 -5
30 -4
-6 -19
55 47
0 1
106 -30
91 1
-101 -38
-35 -14
-52 -9
80 43
34 59
-32 22
-73 16
-37 -32
106 2
50 15
-25 23
12 18
127 2
-17 -11
-40 2
-2 12
-74 16
-36 -5
50 -14
18 12
41 32
57 -20
-45 -47
-35 5
49 8
16 12
-1 23
65 16
-15 -32
-45 16
15 23
48 6
13 3
16 -6
37 -12
4 2
-59 -8
86 2
15 17
16 13
-40 12
6 -72
-86 -49
-65 11
67 -9
93 34
38 25
38 29
-44 15
-19 35
58 12
51 4
27 -26
36 -19
-17 2
3 -26
27 35
-33 -8
-22 12
15 -4
21 -6
-27 -71
25 -78
2 -1
-53 68
90 26
-67 41
-46 21
-88 56
170 2
27 -31
19 14
-23 1
43 7
-12 -84
-49 -26
119 20
44 6
-46 9
14 36
30 78
8 11
37 5
-34 0
0 23
24 11
15 -31
-19 -38
26 -54
-17 15
14 2
49 4
63 15
-16 4
-99 32
30 -29
16 -19
-75 20
75 47
38 18
-18 35
-28 44
15 -37
-46 -39
24 -20
28 -13
-1 18
13 1
69 11
12 43
12 26
-13 -1
-82 -18
-30 0
16 24
75 8
48 0
-73 29
-10 38
194 -33
-51 -5
-59 -10
19 -16
71 5
-50 -7
-13 9
-2 -4
-35 13
20 32
33 7
114 16
-80 55
34 32
22 23
22 12
95 -8
-85 -20
-50 -56
9 -29
5 38
-50 -1
32 11
33 25
-30 -2
0 -8
4 -22
-19 0
-78 28
81 32
41 -5
-10 6
5 -8
28 -6
-28 -17
-46 17
-45 40
90 35
26 -46
-6 -16
-1 -44
17 -1
18 -2
-17 9
-55 14
14 40
-52 46
102 69
28 22
2 -34
-11 -39
-51 0
30 -59
36 -19
26 0
-45 -46
-15 -1
6 17
17 49
-59 76
54 69
28 66
15 29
8 -10
4 5
5 -33
-30 9
-13 4
-24 0
50 3
-17 -22
58 -3
49 2
-79 22
-104 20
107 6
70 5
-18 -24
-84 -9
50 21
28 -3
11 31
25 6
45 -4
-43 -79
-5 -34
31 -19
21 42
-11 45
45 45
14 28
41 9
-22 -20
-9 -64
40 -53
-17 -66
-12 -1
-50 8
20 13
32 43
59 0
2 2
-11 52
-86 84
56 61
54 18
-57 -17
34 -38
48 -24
12 -16
5 -43
-37 -7
-24 4
31 8
27 57
11 22
37 -2
4 -16
20 -14
-34 -5
49 33
-28 65
-14 7
104 -7
-38 -38
-93 -41
67 -40
46 -15
-33 20
-53 30
94 -7
19 0
22 3
18 15
-16 40
-68 42
30 29
7 22
-22 -20
30 1
-20 9
-29 18
4 4
-30 6
-33 -29
27 14
72 37
62 32
-47 77
-34 -6
64 -37
52 -50
-56 -30
-17 -22
-31 32
123 58
49 12
4 20
-84 23
2 38
14 30
-15 13
-34 14
-41 7
-54 21
1 29
-21 -17
0 -23
64 39
2 58
-8 43
-9 59
-17 38
-6 -5
9 -21
-23 -59
-7 14
-38 17
-19 21
17 27
39 -3
77 5
-21 21
0 56
22 21
-26 2
25 3
-30 16
36 6
8 30
33 24
-36 48
6 16
-24 -15
17 1
56 -13
12 3
-45 20
-25 16
-43 23
137 48
-7 -7
-44 39
-30 -16
34 -35
-10 11
-103 28
-36 16
119 11
0 26
4 36
-40 3
-35 32
35 74
37 32
22 14
5 -23
2 14
44 1
-25 3
-9 6
16 38
43 57
-30 22
34 -16
51 8
-56 1
-58 -1
-106 22
47 0
117 3
34 26
20 27
-64 -8
-25 39
53 41
-11 54
-55 -28
35 -21
-6 7
-62 16
48 -13
125 19
-59 53
5 44
-3 0
8 21
34 31
-38 36
18 34
40 38
17 14
-41 56
-52 32
72 20
3 22
55 44
-10 62
-60 1
14 -49
43 -8
25 15
-19 39
-21 -36
53 28
20 39
-42 6
60 20
29 24
-114 17
-10 48
72 11
49 -1
-5 17
-31 -8
60 9
99 7
62 37
-55 46
-24 7
-46 22
35 42
185 34
-37 41
-43 16
-39 -12
-29 21
58 5
39 9
-99 29
71 18
-22 22
3 8
-43 -12
7 -3
2 0
3 0
-57 -13
69 6
71 52
3 45
-72 16
64 68
28 32
5 -13
-26 9
100 13
-93 27
-56 46
36 -27
-46 -3
-9 47
55 -16
2 24
-45 26
8 12
11 19
-16 19
54 -17
32 25
-17 12
-13 15
-6 69
-61 17
-20 18
75 0
71 19
29 -10
-21 3
-25 25
-18 26
-23 0
85 13
-15 73
-15 30
-19 1
24 -17
9 -31
-154 -4
52 -13
-8 -12
45 2
-1 45
108 23
-11 56
41 29
0 0
-35 53
-16 110
-12 -37
41 -38
43 0
-16 16
-58 -7
-28 5
74 49
-27 81
37 11
-92 -22
34 23
148 54
9 13
-15 -2
-20 30
4 23
7 35
11 0
33 13
27 35
-30 71
-8 7
-32 -8
-20 5
-156 36
111 -14
205 -29
12 16
-6 14
-45 37
-41 -16
37 30
75 30
-40 25
-61 18
87 25
-69 18
-2 29
115 13
-45 28
-2 -5
81 33
-55 5
-60 2
-12 42
40 22
63 -7
-20 -20
-51 20
-13 0
5 1
-1 -10
43 61
1 38
-38 14
-14 20
-20 21
3 42
76 11
19 1
-27 39
-3 50
48 22
-20 -19
39 -44
5 6
-23 31
-13 60
-7 22
-11 34
-2 25
76 -7
-25 14
-57 49
35 45
49 53
-27 -4
-4 -34
47 0
16 1
-43 -74
-62 0
84 52
27 38
-47 43
62 1
-6 -1
19 35
8 8
-11 -22
-7 -19
30 23
12 -12
-51 -38
28 -7
54 -11
-3 9
-8 48
9 31
-57 41
6 25
17 20
30 23
-43 9
7 -4
-49 26
31 14
68 -27
11 -8
-3 -42
23 -23
85 -8
33 59
22 59
-4 44
-56 33
8 26
45 -54
18 -17
-5 -30
19 16
69 2
36 43
-11 7
-53 -36
18 40
25 27
-78 13
50 33
50 37
-26 -37
83 -30
44 -16
8 15
-54 23
-23 30
72 40
20 8
-90 2
-78 -24
-52 -30
-2 -44
44 16
53 30
115 0
0 15
-45 -2
-67 -8
42 -3
-2 5
72 -1
32 3
40 22
-30 41
-7 -19
-14 32
-16 1
-46 -18
59 -34
-13 29
-67 13
45 -11
0 31
71 -20
70 -6
-8 32
-28 68
-57 37
124 14
74 -45
28 -16
-147 -11
-76 -27
93 -6
-4 11
14 16
6 0
34 0
-38 7
-66 18
-29 3
-9 34
50 24
17 -24
24 -46
24 -46
-30 -43
43 -10
3 -1
19 -9
1 14
-5 -6
44 -7
8 -2
3 -3
21 4
60 -22
3 8
-45 2
9 2
27 12
11 20
-20 -11
-33 -21
44 -3
55 -28
-48 30
-60 -32
16 18
106 13
-95 -37
-38 30
6 29
19 6
-9 18
-16 19
-10 7
30 11
21 -2
38 -30
71 -17
9 -19
-9 1
-4 3
-32 34
-7 16
-73 -23
0 -9
92 7
9 -13
-17 32
39 3
51 14
-32 5
-9 -4
5 18
-1 6
-19 8
56 0
-33 -4
-2 -4
32 -8
2 25
-9 23
-13 22
33 -13
4 -34
-35 -16
111 7
-32 2
-94 25
59 25
18 24
14 5
57 -11
30 -6
-25 1
-30 6
-2 24
-27 35
23 -20
43 9
9 -52
-28 15
-62 8
95 42
3 31
-85 0
26 -26
12 1
1 18
24 11
-5 -10
-28 0
51 -58
-38 2
3 37
-13 -2
8 -12
-79 -45
2 25
-12 -13
66 -17
95 13
14 -31
-64 -2
37 -5
22 -45
1 -15
62 13
8 35
-8 -21
-3 -11
17 -18
-14 -17
-8 -24
76 -5
88 -2
-26 -8
-28 -8
-35 -18
68 -11
-28 -3
79 -24
11 -2
-18 -27
-24 -41
-28 3
136 -15
51 -23
-29 0
-50 -11
36 -32
30 1
-17 -3
1 28
-63 28
-12 -13
70 -57
-25 -12
15 -10
59 6
-9 -9
5 9
-55 20
38 -34
-18 -4
-4 -23
3 -27
35 11
-27 -13
-12 1
84 2
2 4
3 -8
-48 -2
28 -17
22 -10
44 -13
31 -10
-37 -7
-28 -17
8 -24
49 -7
-42 20
-40 1
88 -15
162 -5
15 -16
-132 -18
-58 -8
3 -28
47 -30
-17 -8
9 -11
-84 -39
2 16
-36 -2
75 0
73 34
-37 -33
-10 -41
57 -38
15 -12
6 -19
-36 13
18 26
-31 1
11 -15
74 -2
22 -40
12 -20
-82 -1
-12 -46
33 -2
28 0
4 3
58 34
192 -36
-88 -37
-2 -27
3 -19
-31 -45
-5 19
-24 -12
1 -15
-30 2
8 -24
-84 -18
9 3
77 4
22 -13
-3 -1
-8 -6
41 -26
-35 -30
-58 6
47 -8
31 -38
11 2
65 9
67 -12
-11 -8
-86 -2
-32 3
18 -34
-3 -31
-36 -8
113 -7
99 -9
-89 -16
-47 -23
16 -24
25 -3
71 -21
5 2
-57 3
-42 -5
13 -7
30 -29
1 -17
46 12
-36 -3
29 -20
-13 8
64 17
37 14
-49 -8
7 -12
-35 -6
30 -1
0 -31
67 -40
18 -25
5 15
-3 -7
2 -18
5 8
-80 -20
51 -48
32 -4
9 31
-31 -26
89 -12
-44 -9
-22 11
57 -16
-25 -13
11 -3
33 0
1 -1
42 -10
23 -17
-31 2
30 -19
13 -4
-19 0
20 1
50 -15
17 -5
-21 -20
-16 -13
13 -2
53 -35
50 19
52 -4
-23 2
-29 -28
-9 -5
-86 -1
54 -4
38 -1
-8 -13
-4 1
4 -34
1 -17
-26 -29
82 -44
83 -21
-9 -31
-111 -22
16 -20
-29 7
12 11
-33 -15
-3 25
-40 12
41 -8
55 22
9 31
-18 -34
-40 -69
-11 -30
69 15
105 -20
-85 -29
-57 -17
64 -10
34 34
41 -2
0 14
5 47
29 11
-16 -35
-45 -15
-71 -10
99 -24
58 -27
-79 -8
-13 -7
15 -27
45 -7
15 -10
-27 -16
90 14
50 21
-34 6
-6 -3
34 -14
28 -47
-56 -21
-37 -2
-17 14
94 20
62 -36
-44 -32
-11 -9
144 -28
-6 -1
-23 -25
1 12
31 4
-48 -7
-61 -27
63 -42
46 26
20 -29
14 -5
-38 -11
-1 -19
26 -10
28 12
21 -17
-52 -27
2 -8
60 5
-37 -22
-83 45
98 15
75 -12
-8 -21
-3 -13
42 -3
0 -1
-13 -20
0 18
6 -24
-6 -18
24 -1
7 -9
92 -51
-22 -3
-32 0
-9 -33
-42 4
113 9
48 36
-9 21
67 -45
-43 -34
-29 -42
-15 -37
0 -8
-29 -13
-101 -26
73 -27
69 -8
-19 -1
-133 2
15 -10
49 -20
0 -10
-2 16
-4 -6
-11 -29
-88 21
24 1
-2 -26
-46 -5
-25 -29
26 12
38 -4
-70 -8
2 -6
7 2
-28 -23
50 -23
-7 -8
8 9
-44 -19
74 0
45 8
1 60
-80 -2
-49 -52
13 -45
106 -15
39 4
-86 14
60 -30
142 -27
30 -41
-41 12
-46 -1
-29 62
21 50
1 25
94 -26
-45 -15
-48 -36
-4 -28
45 -26
-87 -13
22 -25
0 -3
-6 -9
13 -7
40 -7
-53 8
-39 -34
102 -20
-8 0
-15 -29
-30 -1
48 -31
127 -30
-22 -23
-34 -17
-63 -5
85 -13
-51 0
39 -2
17 -5
12 14
-37 16
-28 -11
87 -3
22 7
35 6
4 -30
-43 -41
-13 -37
11 3
11 28
32 0
-31 5
-11 -13
-18 -15
-10 -4
83 -9
3 4
2 -20
15 0
4 -23
5 -30
38 6
-14 13
-13 -15
21 -16
-2 27
-25 9
26 -24
51 -34
-13 -77
-48 -17
-62 -17
96 -4
96 -10
52 -2
8 6
-19 -16
-39 -6
48 42
-26 -21
-22 -62
51 -59
-52 -12
-55 -27
5 -37
20 0
19 0
-6 40
1 39
91 -1
25 37
-19 0
-4 -21
11 -17
-10 -16
-17 -6
7 -41
-62 -42
-5 -18
-38 26
8 -11
73 0
13 -45
-29 -19
-11 0
-12 -29
29 20
32 45
-29 -8
-7 -29
61 -3
2 -2
-8 -3
4 -16
0 -29
13 -2
8 -27
-26 -13
-17 1
-23 38
-41 28
24 -26
-16 -26
-30 -17
-18 -5
86 -31
38 0
-4 -11
-25 -45
22 -44
-3 -29
26 5
36 16
16 34
12 -17
-8 -20
-16 -7
-6 40
55 23
53 72
1 27
3 -23
-47 -31
16 -56
16 -30
40 22
8 -6
7 5
-15 42
45 36
41 27
-51 -6
2 7
-37 2
-26 9
125 -8
-94 -1
-73 -4
97 2
162 -23
14 8
52 7
13 31
-64 30
-31 29
130 34
15 -29
-5 -31
-12 -15
-6 -3
14 52
-32 45
-7 -12
26 23
-37 -37
-10 -6
15 -2
61 30
-10 22
-12 20
38 -6
8 4
-14 -4
17 11
35 14
15 13
-41 38
-81 13
-81 -12
-1 -21
128 -16
109 -7
-44 -40
3 24
116 1
67 47
-66 14
-72 19
23 27
-10 2
30 -3
-18 4
-9 -6
1 -18
4 -32
-16 12
1 19
-18 41
44 3
-50 -17
-11 4
13 7
2 -17
-2 -26
21 -2
14 14
67 -1
-5 38
4 47
58 -4
33 -6
25 8
-14 7
156 31
-56 49
-18 12
78 -20
79 -17
3 -8
5 -1
39 19
16 -15
32 -11
-37 24
-25 17
53 0
3 -3
29 9
146 5
51 30
-73 20
31 30
-19 41
58 -40
36 3
-42 12
18 -1
28 19
6 11
-14 -26
0 -32
59 -9
73 -2
39 22
1 -11
-5 -12
-15 3
38 23
23 34
38 -6
72 3
47 -1
64 -4
44 -7
15 -12
9 -38
-96 -18
-13 5
145 19
20 45
21 1
28 33
-47 -40
-8 41
88 4
113 -8
52 0
-19 27
-52 28
115 27
32 14
27 -1
-28 -32
-21 -13
23 35
48 13
52 -17
14 -23
-18 11
45 -35
-71 24
-24 7
63 -5
42 26
97 26
-5 -19
4 -50
21 -17
73 -31
2 -4
-38 -8
20 38
25 33
60 33
12 5
49 -2
60 -20
-22 -18
-19 -19
-33 39
41 24
73 16
92 25
26 34
-35 -9
-62 -30
91 23
-52 34
4 2
207 -30
78 16
-98 -39
-22 -11
-55 -2
18 15
92 24
20 73
