-73 -12
-13 -40
-217 -22
-111 188
109 45
-175 -88
-291 -192
744 -12
183 109
-242 118
-170 -96
274 14
178 -21
0 76
90 96
203 144
-676 11
-270 131
45 -79
-83 -68
1067 -93
333 -17
-835 -9
-413 30
798 -39
736 -130
-363 -126
-578 -17
-606 281
-252 212
-78 -159
-292 -243
-335 -206
-270 -94
75 197
-105 221
200 -30
239 -46
223 0
42 51
451 97
207 -33
-708 47
51 15
227 -36
319 -14
116 0
326 36
162 46
54 50
68 111
-244 31
-201 -36
-374 -108
326 -154
136 -57
32 -30
111 30
-90 63
-73 72
87 101
153 53
112 63
163 55
-2 35
-117 -64
-613 -40
175 29
240 -11
-38 35
217 69
93 33
17 -114
133 -27
-422 -28
-165 -54
111 27
-117 -61
-405 -38
280 6
-16 31
-106 71
-192 77
153 21
401 -19
46 57
8 117
-250 29
124 -128
-189 -123
-6 -48
8 30
-260 109
-50 29
-42 27
320 18
33 25
0 0
-23 -53
23 -1
205 -2
-12 88
-152 52
-174 -44
134 -101
230 -24
-259 29
270 9
73 -13
-227 -68
119 -78
145 25
-50 52
25 92
-273 15
36 49
187 -48
-235 -21
132 0
409 110
-348 0
355 8
28 26
-378 38
-58 5
242 -63
412 -1
-186 26
-397 32
-123 48
69 1
201 -27
85 -1
-93 -50
-252 30
-301 -18
174 5
23 -2
-35 77
66 -44
-230 5
-36 46
183 -16
66 -19
-156 0
-60 32
-46 55
178 20
168 -11
-42 98
6 42
-231 -110
-271 -65
388 67
109 62
34 -2
-144 -57
142 -142
-100 -24
-23 -1
-138 72
136 113
240 117
-98 -45
14 -32
29 -30
-60 -21
-119 32
163 139
267 11
59 -53
-273 9
-128 20
195 -2
37 27
-91 26
-95 6
139 -42
-90 75
-4 -32
-234 -115
212 -47
267 29
-26 28
-196 20
154 60
43 25
-87 -4
-90 -8
11 91
-88 25
-195 26
-47 -20
289 -35
4 -59
-101 -22
188 43
75 25
-104 -31
-119 -19
-15 -37
-11 19
-103 43
-38 34
119 8
4 -6
50 -37
28 -26
-91 5
79 2
20 11
-168 1
106 11
99 25
101 17
-68 5
59 40
162 9
-161 -2
295 52
-8 5
-220 38
0 -34
34 0
-158 57
82 93
148 -25
-60 -8
-116 38
-83 -11
119 -52
106 -31
13 59
-93 44
-49 56
-73 -25
0 -59
2 -20
34 27
80 21
-89 75
-22 -7
-16 0
46 -44
-44 -8
75 -26
38 -44
-150 -17
5 -18
74 74
-149 64
35 18
73 2
-57 19
89 -14
16 56
-9 80
179 82
-184 21
-61 9
91 -84
45 -21
-126 17
24 15
-158 40
141 43
38 -29
69 20
-188 -22
-46 18
-22 68
25 12
36 -24
45 20
-113 23
-118 56
-148 69
69 39
142 35
68 -4
-123 49
-159 1
-8 21
51 76
-127 0
4 -25
29 69
-1 53
55 -44
54 -89
-74 -15
-134 55
301 -36
96 45
-100 54
-56 66
-74 59
19 -23
-423 57
291 44
175 4
-149 18
-257 15
-194 11
124 8
350 -50
-13 -2
-149 9
-101 89
1 29
-110 25
-80 42
0 27
-78 72
89 33
-69 -26
65 34
16 20
-46 -27
-98 -69
-16 -74
-41 19
2 4
-73 -15
-15 88
3 126
-8 142
0 14
-62 -32
54 16
-22 -34
-61 2
92 -18
58 66
-140 -27
-96 24
126 -16
77 52
23 75
34 125
-43 11
-299 -2
111 2
136 11
-49 17
-176 63
-125 60
130 -34
216 17
-58 -8
19 113
-100 -1
-120 -10
-90 -22
133 -21
109 -50
-182 5
-78 38
-92 20
129 53
13 44
-31 98
-43 -15
-84 32
-64 65
123 0
-87 16
-104 4
-204 -73
279 -94
95 44
-124 120
-132 1
35 7
46 99
33 90
32 91
-61 32
-184 5
24 -13
-40 -17
132 -24
0 5
67 -32
-98 21
-3 72
-40 50
26 56
42 29
-90 4
-131 -26
40 -81
97 -143
-247 -49
7 -36
36 -4
78 76
31 72
-77 -27
-57 109
26 164
27 84
-24 15
36 15
87 -76
-27 -20
-80 -15
-22 -16
-68 34
-7 67
-8 55
14 -25
-36 2
-5 5
-82 23
-35 19
107 83
184 90
-174 21
-56 -33
-133 -48
11 3
127 -8
-24 66
-6 3
48 -9
40 66
-188 67
-38 61
112 31
16 65
-42 99
-20 -77
-30 -40
19 -32
-129 -105
-72 -44
101 28
87 131
-40 129
43 25
57 50
-41 23
59 -43
0 49
-67 27
-46 -7
95 -24
140 2
-44 26
-39 14
-62 51
201 88
-80 14
-9 24
-125 -4
-49 -3
35 41
19 15
54 44
-196 -7
1 31
-29 23
79 3
6 35
77 -37
-3 29
-183 141
-88 158
57 -59
-24 -37
94 -41
-27 -72
28 -115
-62 -12
-31 32
153 55
3 33
-50 41
51 131
-38 113
-56 151
-82 36
-24 8
2 -37
55 0
-16 0
121 -53
-16 58
-164 -13
-59 -30
5 21
278 100
-3 127
-189 37
29 26
150 31
-7 -22
-64 1
-46 -10
41 48
-59 34
37 -46
-86 -31
2 21
32 27
0 -71
-87 1
71 1
-51 19
-173 95
-19 32
-44 -17
85 -26
-29 61
-19 24
-235 41
154 52
261 32
-21 40
-101 5
-14 -6
-73 4
-62 25
20 2
142 30
17 24
-126 96
-119 84
58 -28
-52 -6
-16 -5
135 -47
42 2
-50 -8
-107 86
-113 41
148 86
-33 -66
-27 -11
26 -7
8 -30
87 37
-89 -39
-94 16
118 53
132 98
-119 56
74 49
53 80
-19 -52
-194 50
-80 8
153 -19
3 57
20 48
0 20
-23 79
-75 52
6 83
57 104
133 124
-36 -16
-59 -76
-145 -43
84 -61
51 -13
-12 116
-23 82
72 -30
23 36
-49 57
-49 20
101 81
102 -16
-115 6
14 65
31 77
32 149
-35 32
-56 -34
-129 -41
-100 -98
44 -21
186 9
54 104
-220 84
40 90
76 3
-2 2
-44 67
-84 9
-29 34
43 -20
84 43
2 -18
-74 38
-101 14
-26 32
29 22
106 87
-57 118
-69 39
57 -32
-112 -9
-9 38
-2 111
74 1
-12 -42
28 -37
114 -12
-11 70
-249 55
-86 -16
34 -27
104 42
28 60
-137 124
172 170
32 114
-23 26
8 -65
-61 -31
-121 -43
60 62
-46 -54
-119 3
-33 125
-22 127
8 84
-82 69
-11 22
155 -1
-18 16
8 11
-21 126
-83 74
54 -103
17 -96
-203 -5
-29 -44
-13 36
197 123
38 131
47 54
-66 31
52 -1
-9 26
-157 41
74 9
-2 66
-57 46
-33 -2
28 20
162 -72
-49 68
-208 107
5 40
23 30
-68 94
94 64
-15 -1
-89 -31
-8 -35
117 -53
109 -1
-55 133
-68 84
-51 -29
58 -67
-25 -6
-37 0
-35 58
-107 68
-100 59
6 66
-36 44
-8 144
-2 56
-8 22
15 57
-45 42
-67 78
-47 -81
45 -55
125 118
-57 98
-65 -56
109 -30
18 -23
-31 15
133 38
-5 100
-141 6
148 32
176 124
-250 43
16 9
26 11
-17 -14
-2 36
-108 36
232 57
46 36
-268 3
-64 40
-18 60
-56 47
-76 3
72 17
-66 106
-33 84
-30 -35
15 -4
8 36
-96 61
49 48
36 85
-58 159
-66 151
27 -24
50 -105
-60 -28
-20 -75
-131 3
-29 37
32 17
6 70
-32 -29
-40 67
102 88
71 71
-25 80
-107 5
45 32
184 86
-47 17
-99 38
-240 72
300 0
72 -6
32 -8
-165 -1
-147 -12
154 59
110 123
-37 57
-53 1
54 25
-29 52
-19 20
-62 117
14 137
-1 48
44 -80
-5 -11
-9 45
-102 -39
105 -46
24 -11
-73 23
5 -58
73 19
-41 45
-15 115
63 96
48 130
-11 64
-40 6
-120 -30
-71 -18
70 33
128 54
-48 53
-95 7
-79 39
44 31
-24 97
-8 173
63 84
-28 -24
-87 0
11 4
31 -53
-214 -33
-30 4
297 75
21 76
-135 30
-1 14
-27 13
-88 38
114 -14
9 -22
-4 -49
-19 28
-38 -3
43 99
74 54
89 5
-17 -10
-79 5
6 38
-70 43
13 25
70 -48
13 46
-126 59
43 94
109 47
-53 76
69 66
16 63
22 -23
-50 -27
31 59
-18 32
5 24
-38 64
50 104
64 20
-151 -1
-65 0
66 -7
-57 -19
67 -12
-19 11
-105 17
79 98
22 55
85 65
19 114
16 92
-86 21
0 -42
-3 -36
-99 -89
33 1
5 57
-5 39
14 36
-48 -8
16 98
17 89
-123 73
-38 35
42 75
-32 -30
79 -25
-20 86
38 -21
-40 -48
-78 -15
38 58
187 51
-102 44
-115 130
-120 120
54 -7
56 -9
15 15
-116 -12
-98 53
-15 43
274 28
36 57
-77 3
-80 77
-114 45
133 72
59 44
-18 -13
-67 -30
-83 -12
61 -29
-14 24
6 14
-5 38
-17 157
87 138
5 92
0 21
81 -22
-25 26
-96 0
-140 -52
-24 15
104 73
40 36
-56 -29
-40 11
93 24
-61 -17
-36 -24
38 14
4 61
39 118
-100 77
-40 -17
-119 63
-36 31
-2 48
-4 75
-60 21
58 36
-126 -17
69 -54
21 -55
-26 1
-91 47
-73 11
-91 27
93 87
26 120
1 48
-19 82
4 72
-27 54
20 7
-116 1
-26 7
-34 21
101 -17
-41 0
-110 3
-33 23
-55 103
107 33
114 57
6 97
-100 30
-13 -13
-87 78
82 -4
-81 -20
1 -30
-25 -41
1 -22
-4 70
23 43
130 -9
53 42
-54 79
-55 45
-59 101
-42 12
60 59
40 15
-43 -16
-68 -24
3 -28
-14 29
-29 33
76 60
-21 86
-38 63
36 63
-7 29
-31 13
25 22
12 1
9 -28
-48 -9
2 34
27 92
-18 86
-36 1
-41 -17
31 -15
-26 1
-41 12
-9 -41
20 55
177 114
-4 103
-50 17
-25 16
-153 56
97 0
84 60
61 131
-11 19
-90 -33
-7 -76
-68 -37
0 -54
53 44
161 51
-43 201
-68 80
72 -12
-65 -38
-122 -8
-24 0
39 6
31 112
-13 128
41 48
-53 -58
46 -38
24 -18
-48 5
-93 34
20 95
139 109
-31 58
24 26
-75 3
-52 59
-48 63
-12 84
110 121
48 68
-182 -21
-26 -69
33 -18
-76 17
24 43
-44 104
-4 9
23 -4
-67 21
-79 70
37 75
84 60
42 -19
-23 -27
-14 -20
36 6
-43 -5
-132 125
74 109
138 2
-117 -45
-151 26
28 37
169 31
164 2
-83 57
-113 54
48 35
83 11
-94 2
39 74
43 48
55 94
-58 107
-12 -25
0 40
47 -2
-54 -28
-57 -62
58 -53
-4 -9
-109 16
-67 67
69 100
72 43
-77 98
-54 -5
-31 -8
-33 -5
4 -83
-80 -63
154 -119
35 73
-120 65
97 44
-4 31
-138 21
24 36
-85 23
19 2
70 -4
-39 25
-72 -34
36 -14
-53 39
68 5
-86 34
-63 8
-7 53
61 -18
-22 9
-93 -38
20 4
33 -3
95 6
-90 25
-4 36
-143 84
-60 113
79 111
-59 32
-78 7
46 -14
118 -72
-44 -42
-95 -2
-39 -8
216 57
-62 -27
-145 -53
-28 16
-10 30
0 116
26 163
-10 90
-10 -58
30 -120
-70 41
-143 20
45 35
128 36
15 17
-52 33
-164 92
-27 83
-6 43
43 4
3 59
-6 11
156 -40
-31 -60
-64 -25
-11 -18
-107 59
39 28
244 13
-4 27
-290 25
-32 49
107 86
148 -24
-69 -37
-65 -19
3 -47
23 -23
-29 9
-76 102
0 130
11 67
-60 -26
8 19
-9 0
12 -53
-38 -26
-69 9
43 116
40 56
5 60
11 -5
-25 5
-51 14
-14 22
52 61
144 47
-101 25
-11 30
-35 -41
-158 22
-86 65
-21 28
220 73
133 -77
-150 -16
-35 -17
20 49
23 -45
-60 -58
-49 20
120 117
54 81
-120 32
-77 103
39 -24
42 18
5 9
-17 -40
49 -20
-57 -40
3 64
-19 69
28 83
5 2
-18 1
-93 -25
30 -17
20 51
-69 12
4 31
9 14
-55 22
32 -21
35 16
-174 7
79 3
234 -50
-126 6
-132 104
91 43
16 86
-151 17
-7 11
13 -41
89 59
-3 13
-38 -61
13 -78
17 -113
-24 -8
-27 23
27 59
91 103
30 120
-10 63
-69 25
-148 22
-25 50
70 73
8 -4
-56 -43
-2 -68
-43 -38
-10 34
17 77
64 13
-59 31
-29 99
-31 26
-97 -41
-103 15
140 98
66 64
48 -35
-61 -42
-68 26
-87 -10
82 4
104 -5
-24 1
-157 70
-204 14
55 29
76 -6
-19 77
45 18
-27 -84
23 -12
44 14
67 14
-49 30
-21 -76
-5 -88
-28 -61
41 2
-39 15
57 35
-4 51
-29 21
143 35
-139 102
35 70
-78 23
-22 127
30 55
-44 -20
-38 -95
-34 9
32 13
40 -29
69 -38
-39 -21
-180 30
156 -1
127 11
-97 -9
-124 0
-6 43
5 -72
-34 9
-11 -21
-123 61
-140 45
39 3
26 60
47 19
-98 -3
-54 -86
-20 -66
-3 -68
-77 -20
6 49
31 60
45 12
-175 32
71 -17
-43 42
-66 56
71 74
-41 85
-49 15
-17 -72
-103 -72
77 -61
30 5
-7 18
-95 41
-73 27
87 -17
31 -7
3 -46
-49 6
-87 2
-141 13
48 2
108 -14
41 -5
-93 -40
8 56
121 7
-88 8
-70 -26
-12 65
48 3
-24 -8
35 -21
-51 -73
5 -20
-46 -69
101 -79
-78 -30
-97 66
20 166
-7 87
-75 -29
18 -3
-20 54
62 105
0 -51
18 -31
28 -4
140 -115
-102 -20
-135 7
88 -20
6 74
-30 60
17 27
82 31
-7 37
-81 -46
14 -88
97 5
-26 59
-94 -8
51 -8
-95 8
36 48
-70 9
43 -26
74 30
-15 -4
-93 -16
152 -66
24 -52
-17 -3
-14 -13
-64 30
35 59
-48 36
1 75
7 76
-48 -34
-13 -43
-65 -1
81 100
121 -50
53 43
-46 -32
-112 -98
-100 0
24 -46
66 72
19 99
-12 -14
-7 -23
-23 -44
9 -25
-49 -80
15 0
0 -7
-192 17
2 78
129 26
-51 -10
-120 -44
74 33
-29 51
-57 39
129 72
-40 12
-2 -94
71 -29
-46 -4
-106 38
7 -16
86 20
-20 0
15 22
-36 -58
-29 -68
-57 9
-99 12
53 81
102 43
-48 39
-66 35
97 0
8 -14
-45 -7
22 -38
-35 -6
-81 33
-113 36
101 13
136 40
-73 -15
-18 28
25 30
-12 15
35 -57
15 -6
-26 -30
-8 69
-1 44
-100 -7
-46 -15
13 11
85 -33
48 -135
-11 -107
-70 43
5 90
-32 15
65 -19
-12 64
-109 35
16 -25
14 7
5 52
-70 36
-150 4
6 -44
139 -79
1 11
2 85
62 -14
-67 64
-39 22
-55 -3
113 -79
138 -66
-144 -5
-145 59
55 3
102 31
-29 31
-157 26
32 25
89 120
14 3
-83 -72
-84 -25
-22 -102
-67 -74
71 -94
-4 -12
-22 40
38 18
-186 93
-98 116
79 48
-38 88
59 37
-49 16
3 -104
-74 -55
-166 16
78 -23
40 -42
35 -48
-81 18
35 95
-77 72
-31 72
88 -8
136 -42
-43 -85
-39 -8
123 -33
8 -56
-124 -4
56 -14
0 39
1 83
-98 44
-11 56
56 72
-177 9
-33 23
176 -15
160 -70
18 -23
-68 -2
-67 -14
-12 -10
33 -46
-10 38
17 48
0 17
-123 0
-16 -13
37 37
-80 69
60 1
33 -34
-2 -102
-105 -34
-2 20
117 -14
-104 -13
-45 -9
-112 36
-35 -1
61 23
98 -7
-65 -23
-52 8
48 12
22 -2
-36 11
-81 2
134 -15
12 -38
-228 16
48 4
136 40
72 78
-63 111
28 -121
-36 -120
30 6
99 49
-22 72
-123 -2
-10 -41
19 20
4 2
-19 -127
-83 -8
-8 -9
17 66
55 73
-25 14
-45 -8
-69 2
-30 -10
27 79
-4 34
66 -3
-26 43
37 19
-140 -33
-58 -58
-53 -3
50 -76
-54 -5
-12 50
22 105
152 -11
16 -20
-242 -66
-89 -43
100 -67
209 2
-85 81
-56 56
-62 45
0 3
1 27
66 53
57 -41
26 40
-48 -86
54 -49
78 41
-64 26
-153 31
55 0
31 -15
-112 48
76 33
-3 28
-53 52
39 -19
-38 -28
31 -62
-64 -4
62 -1
21 25
7 65
-15 60
4 24
-8 -17
-19 -16
-91 8
-20 -33
156 34
58 -42
64 -52
-213 1
-5 -1
77 -7
90 29
-123 0
12 -30
-29 -90
7 15
-46 5
-21 75
102 -31
-40 -8
-59 61
111 63
44 -73
-59 -104
-100 13
11 99
72 33
-43 3
-49 35
-8 20
42 -11
46 26
0 64
-17 47
-10 -37
-11 -19
-169 -24
-41 -4
95 8
-111 38
-27 14
9 -17
-98 0
182 -6
-77 -10
-240 15
26 45
195 -38
46 -50
-118 27
-63 156
-80 15
42 -36
107 0
-16 3
-37 25
-90 82
-114 18
19 -19
99 40
-95 84
-8 -29
21 -46
9 -53
-104 -90
21 -10
-1 14
-83 46
-59 -47
-34 -28
20 38
8 76
23 25
-47 13
60 -21
24 21
-55 82
-95 16
-2 -41
-60 -75
-40 -42
-48 11
185 -12
21 53
-155 -11
-16 -22
68 70
83 60
42 35
-110 -45
-157 -7
53 43
66 -32
1 -24
-48 -25
39 6
21 -43
-88 0
-20 3
76 40
-9 11
-54 20
-48 -26
-121 -30
-17 -11
91 22
-74 30
-46 -38
58 52
62 71
34 81
30 24
3 -11
-17 13
187 -35
46 -20
-74 -19
-58 39
49 137
-37 -8
-60 20
-70 -137
40 48
-31 33
100 21
0 37
-80 18
11 -23
-17 -8
-37 19
6 31
-17 -40
4 -72
37 12
2 8
-78 -8
-60 21
88 41
23 20
-50 -29
-105 -45
35 -5
64 45
117 39
-70 18
-99 19
92 8
9 -79
18 37
-69 -20
-32 15
20 70
17 -41
56 -5
11 -87
26 4
8 -12
-106 35
13 59
17 104
102 54
-81 -58
-5 -33
-17 -12
-3 -35
-71 -12
70 13
109 18
-81 69
-18 -3
48 42
-32 40
-32 -20
-120 24
34 42
70 41
67 -29
-3 -93
-29 -6
-85 16
-76 60
48 33
126 -5
23 -7
-117 -9
-87 20
-35 -17
308 27
33 35
-208 0
-73 -21
88 37
22 55
40 19
-8 -45
-22 -37
-65 -41
8 24
-14 -87
-16 -32
106 -16
-93 55
-77 39
4 74
17 112
-33 32
48 5
86 23
54 76
42 -11
38 47
-26 14
116 -23
-17 -24
-62 45
-43 12
57 -63
32 -39
-73 3
-82 57
94 14
37 -97
-63 -81
-17 14
34 106
-16 -11
65 106
21 97
43 15
-128 -6
-4 19
50 -19
8 -14
-96 -48
-36 -64
-69 49
37 -70
65 46
-128 82
-59 64
64 52
-48 72
-10 -14
-135 -39
-29 -16
99 5
240 -69
-57 -2
-77 -12
-94 13
-27 80
16 70
100 -20
-97 22
-18 56
-88 37
22 -50
-68 12
91 6
-38 -4
44 47
-60 71
-6 -45
-17 -8
-12 -107
-51 -75
-10 -31
34 30
-42 79
5 33
-43 -38
-18 14
71 -15
-95 48
3 -18
14 18
50 34
155 -1
-177 -38
-97 16
70 48
40 5
-119 23
84 60
-53 54
-40 -6
-38 -13
62 -104
11 -32
-67 -72
-25 72
3 95
-31 43
56 8
113 -32
125 2
-86 34
-141 45
-29 -5
-4 16
137 35
12 -19
-124 -94
-26 -40
-26 6
3 12
-55 15
13 -11
36 -50
-98 -44
-48 64
28 -18
20 13
-34 38
-80 114
-50 31
138 7
25 -4
-131 -61
92 1
-77 -31
-122 -28
21 -8
24 5
-91 23
55 17
59 -20
12 -57
2 -69
-29 15
-55 12
9 -22
-52 74
-93 7
-78 40
62 -3
75 -61
-60 -41
53 -39
-25 -37
-20 89
-70 102
-71 -19
49 18
122 -9
89 -29
-101 -54
-145 -29
16 20
-19 1
-59 71
-117 1
-2 -2
21 41
-44 -105
38 3
-21 110
13 43
18 -13
40 -64
37 -68
-36 -25
-42 -39
-39 -24
-60 14
31 57
1 65
-74 40
111 14
35 13
-9 -25
-44 -31
-76 5
49 38
-12 25
92 0
2 20
-21 6
-187 -43
-29 -87
65 -15
-82 20
-73 24
-89 -6
-71 -3
92 -3
120 24
-26 -18
-169 27
-52 -20
258 8
-7 37
-176 -31
-58 -25
46 5
-13 17
-9 7
50 -13
73 30
-10 97
-54 59
-29 -18
-5 1
6 43
42 -54
31 -19
-33 5
-144 32
-2 -12
-13 -38
22 -8
7 -48
-12 48
4 -8
-99 -25
-18 38
-36 5
13 29
142 1
-15 69
-14 -9
76 43
-36 -4
-227 27
42 28
-16 -10
-24 7
54 -20
-7 -19
-41 62
5 -8
12 -9
-16 12
-78 -2
-66 17
-4 35
57 -79
-65 -10
59 93
-23 7
-29 21
58 -42
11 -52
88 -33
-90 6
69 34
100 0
45 63
-44 -6
19 48
-83 18
-41 49
68 57
64 52
60 -5
-32 -94
-98 25
-112 54
-95 -1
159 15
33 14
-42 20
-66 27
46 66
-46 32
11 35
-36 9
-2 -10
18 -18
-18 31
54 -54
-41 -5
4 -3
41 17
-107 28
-17 -17
54 18
26 115
-57 -3
4 -120
30 -59
34 -24
-58 36
-85 29
101 -8
153 -6
-99 39
59 47
-12 3
-69 46
-72 117
-81 -9
-152 4
65 -56
166 8
-11 28
25 4
-87 -31
-76 39
126 21
-4 53
-36 30
17 -8
-74 8
-74 53
-4 -22
3 -29
13 16
49 24
-138 51
60 -9
61 -12
-6 -14
83 -9
25 -27
-46 36
-11 -22
-45 -27
22 31
62 4
-31 64
40 19
48 55
3 -17
-138 14
-74 -3
46 15
101 20
-35 -7
-34 -20
-84 -28
-12 -56
-12 -32
20 -17
-6 43
84 9
-84 78
-80 2
51 -1
15 -22
-26 8
-72 -29
-77 -20
-11 51
49 96
145 -8
21 -27
-71 14
-50 -44
1 -82
-54 24
38 94
-52 94
-54 -56
219 -98
-58 -16
-113 -23
-27 -19
115 -7
-43 11
79 62
16 76
-35 -14
-84 11
-7 66
-9 49
-61 -41
-127 -50
51 13
2 -58
-15 22
-54 -41
-45 4
30 -29
4 66
39 59
39 1
-68 12
-57 1
-49 -30
46 -21
154 -18
-89 -101
-1 4
58 35
-29 89
-104 112
-33 -14
143 -77
27 -28
-74 -98
-6 -46
-162 -56
-1 -91
36 77
-17 61
-53 32
122 11
-63 25
-4 46
-128 -28
87 24
26 1
-32 -80
-41 -57
32 -135
-129 11
-32 14
-123 -10
-22 26
92 73
26 46
61 1
24 1
-101 -17
-91 -83
-42 -52
-69 48
37 41
36 50
-9 -53
-53 -16
58 -30
-21 -44
8 -41
-13 -11
53 15
-57 29
-24 32
-79 -23
18 -9
44 1
-65 23
13 8
56 -47
6 -85
-28 -30
-132 -48
110 8
150 33
89 56
-145 38
-118 -1
-22 -9
124 25
-23 -105
-19 -103
-22 -33
68 13
-74 -1
-35 11
-44 26
-23 27
185 41
99 4
-60 56
-12 76
-51 -12
-117 -73
-83 -58
3 -33
120 -2
26 -7
-58 4
-47 19
7 -29
29 -8
-8 -58
-15 -65
23 -54
51 -70
-26 1
-29 41
79 4
-32 -21
-97 -8
-53 -26
37 7
6 -1
96 51
22 -4
-91 -45
-133 -32
11 -3
0 -2
79 -36
12 23
-72 -14
-67 -2
88 0
-9 -13
-103 78
26 -20
52 -3
45 64
-124 -41
-61 -74
8 -69
-8 -56
-79 40
43 -27
35 -2
-20 -16
-76 -29
-10 29
-14 22
113 73
30 -1
19 32
-133 -38
-1 -26
38 6
43 72
-37 -22
-36 5
-33 -67
-13 -102
73 -80
5 -114
-2 -14
-45 23
-61 -37
114 60
86 19
-59 156
-65 105
-45 28
70 -11
-78 -42
-3 -98
23 -105
29 -115
-46 -81
-79 -15
19 46
-22 73
30 75
150 71
-17 25
-11 51
-24 42
-43 -23
-20 -87
-15 -46
28 -58
-14 -13
-6 -29
-10 -42
-28 77
-46 88
-9 6
4 -97
15 -46
-32 -133
-45 -62
25 35
34 -46
24 -53
-50 37
3 -52
-98 86
104 232
28 -39
30 -181
-17 -51
-4 -65
27 96
13 93
-7 76
-75 -2
-23 123
8 -48
-19 -265
125 -214
23 -38
-41 -162
-100 2
2 66
61 -43
1 4
35 55
-3 155
-71 215
-20 231
-4 78
-3 79
0 -273
36 -313
14 -57
-41 50
-7 201
24 68
-65 -38
-102 -52
-7 39
20 155
36 -13
-19 -175
35 -253
-41 -141
-18 -35
6 -38
-6 7
41 55
-25 15
-42 133
-71 -31
-171 -123
24 225
72 55
-82 50
-140 -95
-82 -116
19 -70
-8 53
-10 108
-18 -23
-49 -324
18 -249
-3 15
-82 343
103 74
25 -77
-7 -205
-59 -104
6 1
-7 106
-42 118
-15 145
16 -48
-5 -11
-21 -141
18 -95
29 -36
-2 24
13 118
-76 162
-83 91
25 -115
120 -422
0 -180
-13 331
-71 313
-31 -160
-60 -40
-108 -60
-78 -72
-38 64
65 39
0 -41
33 -66
15 41
-14 147
-12 -19
-4 -82
-33 23
-22 -28
-51 -105
2 -173
41 -5
19 120
-75 40
69 -82
-68 -30
73 -143
47 -151
22 -1
-8 132
-24 20
-36 -121
-52 -96
-25 172
-12 181
-14 -45
24 176
24 32
-13 44
-73 -172
-39 -275
31 4
4 304
57 197
33 -173
-45 -201
-137 -27
-39 62
103 155
-49 337
-73 30
-36 -218
48 -297
-75 -212
49 21
53 82
-42 209
-42 150
-4 -99
14 -3
-10 -79
-50 -68
53 -60
-17 159
-63 102
-76 0
67 -120
48 21
61 -74
-121 -215
36 -214
9 95
-23 254
1 291
-55 -38
-44 -255
-19 -114
71 104
35 212
24 111
72 19
-40 -207
6 6
-75 74
-67 53
-7 -97
34 -105
80 12
-29 251
-84 35
-25 -60
-38 -105
8 1
94 -221
100 14
-23 263
-92 41
-35 -47
-60 19
3 -128
-14 -48
38 -95
-46 175
0 287
55 -87
25 -170
36 -126
-40 70
5 163
-34 -12
-67 -110
5 -20
-24 -35
89 11
-42 -39
-102 -4
36 100
30 -73
27 -78
-25 119
-78 129
-36 86
39 -25
-38 -240
-37 -204
71 337
76 438
-70 -105
48 -96
11 -82
19 -26
-122 -44
-74 -104
98 -186
40 115
11 139
15 -100
-24 -37
25 -89
86 -39
-8 178
-38 188
-77 102
14 -91
46 -237
57 -106
24 -106
69 -62
17 72
-153 169
-82 65
-12 13
51 -36
68 41
-16 67
56 149
-5 47
-93 -51
-51 -95
1 -5
3 65
12 -37
29 -64
-52 40
-27 94
3 -67
-13 128
-11 140
-73 -96
