87 30
122 40
109 42
-124 -21
-108 -14
13 19
-22 65
70 -55
89 -17
-33 49
-95 -40
26 0
87 -8
12 -1
49 17
72 -18
90 26
41 -4
2 30
-86 8
59 -45
187 -64
188 7
85 11
-65 -43
-121 -36
-193 5
53 43
117 -23
112 -29
-43 77
-123 -37
-132 7
176 36
67 -18
97 14
215 51
-31 1
0 -42
-147 14
6 15
117 8
-19 12
117 22
-180 -37
-68 -14
-238 -54
245 -11
245 2
77 48
124 29
160 -10
96 -13
114 44
-50 -19
-60 -28
-388 6
-345 -2
345 -29
611 -5
-2 41
-214 -14
-116 -30
31 9
45 1
-29 -7
-209 0
-10 -45
195 -4
-201 5
-293 -15
-4 -2
263 -9
200 -51
115 -19
-167 -97
-152 26
-35 -12
265 4
111 74
-331 -7
-205 -2
168 8
299 3
47 -78
-101 -17
-136 -48
-37 -11
62 9
97 -37
142 -13
75 28
11 23
-204 -11
-181 -37
247 15
253 -2
-91 52
-233 -43
74 -25
-17 -39
209 -17
204 37
-336 5
103 -5
155 35
37 4
18 -22
-38 -44
-21 13
-20 -9
-38 -14
-146 -31
67 -26
-72 -13
105 -2
-21 6
26 -12
40 -37
-23 -2
24 -16
18 19
-29 52
-74 14
-6 -9
86 -46
-25 -9
60 -25
0 -19
-115 -31
240 40
202 22
-78 7
-95 -49
63 -21
93 29
3 -108
53 -83
29 37
-6 49
-51 -30
-9 -24
-5 20
-28 -20
22 13
201 62
-57 -51
17 -50
152 14
0 23
53 -27
-25 -21
-68 22
79 36
-40 2
113 -16
227 33
-56 5
-104 -65
-19 40
-7 -53
97 49
-86 -46
38 -21
18 -5
109 14
-78 -10
-83 -7
148 -42
13 -6
-26 5
162 -12
56 -4
-89 9
-24 -28
26 -1
-58 22
-47 3
158 -16
59 5
15 -16
13 -13
11 23
2 -12
-43 -15
74 17
79 5
-69 -16
25 -31
-38 -25
45 -16
160 -5
-123 13
-21 3
14 -14
-34 -4
-42 -1
11 -40
26 2
112 -3
-61 41
-74 57
66 1
156 -28
-35 25
-130 -9
35 -55
135 -8
106 -12
-86 24
-218 -3
135 -37
97 8
-1 1
-76 -32
-33 -14
231 3
101 58
-27 18
-43 -12
-32 -18
43 0
16 6
14 -26
-19 11
8 0
-13 -6
-144 -7
32 4
50 -13
-44 -17
-24 -4
117 2
-24 36
-41 -6
22 -2
28 -22
-12 -6
28 -4
-21 34
-87 -15
-109 20
7 11
9 36
7 105
-31 -69
33 -28
175 -14
-17 -43
43 -3
-7 6
-31 -8
-19 63
48 -38
29 -17
-86 -16
36 -13
187 -6
-54 -38
-36 -21
-25 -59
60 46
41 -62
-26 -26
102 -12
33 29
-33 -58
-2 31
17 8
71 27
7 -19
3 -26
45 -18
-5 -47
26 18
-127 70
83 -19
8 -12
-54 -39
105 -25
20 34
18 -77
35 46
-37 12
24 -1
3 -17
7 -19
-1 51
-1 2
-21 -51
65 -14
11 43
-8 -40
52 -21
126 43
-39 0
-53 -34
-44 -71
52 17
60 26
-46 -87
-108 -69
-24 57
113 -27
37 1
20 -1
-1 -36
13 12
81 -72
63 40
18 -28
-49 71
-22 -31
6 -16
84 -13
38 -74
-26 8
15 41
-27 61
-1 42
-22 41
27 -117
-10 -1
35 -19
73 21
73 9
-189 -23
116 69
47 -82
52 8
18 19
-41 13
32 0
16 -19
-36 -45
3 -1
-14 -4
1 8
14 20
-61 -82
49 -5
133 23
44 -27
-112 -3
-27 4
5 11
22 48
89 -11
11 -67
-157 -16
54 -43
80 -46
-4 33
-90 -59
5 14
-42 8
56 12
51 -77
-27 1
34 -5
-46 -17
6 -7
28 22
40 -8
-94 17
36 -33
33 6
-167 -9
-39 -35
39 -45
-3 -23
69 -49
67 69
7 76
22 -44
9 -17
-29 -38
2 50
-32 5
-111 -26
62 38
9 -3
-58 39
59 -22
6 -38
15 75
-25 -40
-73 -18
92 -30
-20 53
89 -56
-89 -106
17 8
37 27
38 -50
-140 -28
32 -43
72 47
-24 25
-55 -37
39 5
20 17
6 -48
-57 19
-6 1
-86 -12
-59 8
-1 -12
113 -15
31 -21
-29 -12
69 13
28 18
-15 48
-83 -26
5 -14
22 -22
-80 -15
100 -6
-29 -5
-94 -24
46 -39
23 25
-3 14
14 7
-28 -11
-19 24
124 21
30 18
-114 18
-24 57
-22 21
77 -27
67 13
28 -16
-95 -8
-50 41
38 -24
-150 24
-38 18
67 -1
9 -21
88 42
-66 9
-7 -36
27 -40
-20 12
37 -4
-16 4
-19 -53
8 -14
77 -47
-4 -7
-10 -23
-81 -22
-71 18
72 -19
-22 44
-36 13
61 -64
0 -27
3 -3
-44 -23
-59 36
-4 -5
-45 30
24 9
50 3
-27 -109
-31 61
-3 3
48 18
-48 -12
-81 -11
102 34
-2 -4
-7 -6
-7 -98
24 21
-48 33
-85 47
-18 -51
9 -12
-10 -22
93 1
12 41
16 -75
33 -30
-68 -10
-13 -21
31 27
-10 15
54 16
71 -14
22 36
-33 -48
-57 -20
-14 16
55 -51
43 40
13 4
-65 -42
43 -28
59 23
-96 20
7 -20
31 67
-86 -14
9 -41
5 -31
-30 -50
36 20
29 -47
70 18
-70 18
12 62
-28 27
68 6
-14 32
20 43
57 -17
30 -12
-19 -31
-34 28
6 0
9 66
28 -41
3 -34
20 -34
13 -7
-24 -27
-49 -4
-4 18
2 1
6 -16
-53 4
-9 -15
5 -10
8 24
22 -23
-33 -18
-56 8
-41 -11
36 -32
-9 -41
-9 -36
42 -19
-8 2
71 35
14 18
-14 0
-21 -2
35 -20
106 -47
-36 -17
-18 -29
40 2
-1 -2
17 58
-9 -52
61 8
-60 -25
-40 16
-26 -83
-31 13
1 48
24 40
-13 -7
-56 -24
-27 -27
51 4
-8 -34
-8 -1
-23 36
30 50
-29 4
-151 -24
-14 -35
54 4
-25 30
27 -10
32 -46
-69 31
7 33
52 3
51 -7
33 -24
46 -12
-50 -19
-18 7
-6 -70
-20 12
19 27
-28 -35
-84 13
15 -8
44 6
-1 0
1 -7
20 15
7 17
-1 13
60 -3
69 -23
-33 20
-5 -9
-26 20
1 -44
-64 -13
-99 20
57 17
26 -12
12 -9
22 -33
4 -10
48 -17
-33 20
-69 36
76 22
-1 33
13 -29
-56 -18
58 -16
-39 -9
-54 -13
5 -24
6 -6
8 -15
-34 -14
17 -18
-51 -25
-4 -36
89 -5
27 -51
-41 15
-48 5
9 5
28 -20
-32 17
11 -39
30 -36
-1 -20
-63 -9
20 -2
-88 70
4 14
68 14
49 -17
-98 15
-128 -45
45 40
33 34
23 -77
4 26
-35 -39
-5 -41
76 28
0 47
-79 -39
6 -47
4 -2
-28 3
-13 33
13 -15
11 -33
27 -35
19 28
-70 0
0 -63
-11 -17
-25 -22
2 -9
41 -54
7 -35
-42 19
-67 -26
13 -4
12 -4
12 -35
-29 -16
-88 0
53 -96
-45 32
-61 22
-23 -1
64 -31
48 -28
-5 -37
-13 40
35 -89
-97 6
-5 -21
0 -3
-19 -1
13 -28
16 -6
-4 52
56 0
-4 -70
18 -55
-26 -5
27 -8
-7 -22
8 -52
-106 23
113 46
-13 -4
-38 -11
9 -5
-49 -41
17 -77
53 15
-32 -7
19 14
21 5
-12 -5
26 -32
-6 1
-47 82
24 14
-18 -14
71 12
-13 18
-24 -56
22 -6
83 0
-3 -69
23 -27
-50 16
7 -10
1 21
-60 -29
-58 -25
89 30
16 14
-28 41
-1 -43
16 -54
-28 18
11 15
-1 -17
43 28
-75 -37
-127 8
31 -23
-66 -64
-12 -16
31 21
-52 18
-10 -16
25 1
94 -3
-121 11
22 18
-42 -31
-16 -29
61 33
-36 37
15 8
1 -28
-17 -14
-70 -10
44 9
56 -16
-2 15
-14 -2
-59 -5
-22 -11
-49 14
53 -46
-8 -27
-8 -18
105 2
-2 1
15 19
40 -24
-24 -5
-2 0
-42 -13
-33 -19
-39 11
-36 -5
21 24
14 9
50 -15
-31 -16
74 -1
-5 -53
-15 -31
51 -12
-23 23
11 49
51 11
-17 18
31 -55
-52 29
-51 57
-4 -10
11 -3
22 16
-29 -11
80 -5
72 -33
-52 4
3 39
20 19
-8 -31
81 43
-76 -31
-27 11
64 -12
33 14
-16 -33
1 -97
-20 30
-1 35
26 35
89 -29
81 -6
-17 -17
-87 18
-36 11
76 8
151 8
-91 -34
-93 59
8 -25
27 -31
-7 -1
-23 -11
33 -23
70 34
-50 -40
33 61
-27 -57
-27 1
-74 -74
-22 -2
-14 -14
15 15
4 17
38 18
-4 -2
7 -40
-22 16
-12 -11
32 46
34 -27
72 4
1 55
-45 40
-21 -18
99 0
-34 -14
-16 -12
11 15
-5 3
2 0
-56 0
1 -16
25 -41
13 40
-33 -26
-17 -11
31 -52
47 25
-35 -2
26 -1
56 19
-31 2
-49 35
-54 -23
11 -25
29 -15
6 -6
-79 -9
20 42
81 -56
60 -24
-37 11
-55 -26
6 4
-28 -16
1 12
35 30
-4 21
-55 -26
-32 -38
9 -15
-5 -68
78 9
2 43
-49 -54
-23 31
-84 8
21 -46
27 0
-26 -2
-19 1
-26 15
-25 -11
28 20
11 -62
-21 25
-124 2
-70 -4
129 5
89 18
-30 -13
-5 24
20 39
32 -10
17 -67
-18 -9
-42 24
1 -14
-12 -16
95 -28
9 -18
-36 8
-112 -14
48 -10
58 6
56 11
-23 -49
-101 9
-27 20
25 -25
41 -11
0 -10
-2 -13
-6 -35
-41 9
-42 -25
-36 0
101 18
22 15
-69 -49
-16 53
54 -5
-37 -27
-36 -35
-109 3
8 3
-44 9
-80 6
-27 30
59 42
-30 23
72 -24
12 -48
4 -11
-19 1
-42 15
-44 22
-68 3
12 -4
-29 -36
-91 42
72 3
74 15
-42 -11
-39 -2
-10 1
-1 -4
103 -38
-22 -7
-16 9
2 -37
35 -39
-56 -10
-5 -7
48 32
-28 -80
-11 -12
-21 16
-2 -28
2 79
-35 11
9 -41
64 -31
-31 23
89 21
14 -47
35 -21
31 0
-18 15
8 61
21 -19
8 -4
1 -36
-14 -19
-57 -13
-7 40
9 2
9 -30
-52 30
57 -67
25 33
61 24
-48 -17
-122 17
43 -11
29 -14
-21 30
6 80
-53 2
25 -36
-42 -10
44 -31
-101 2
-36 -49
24 47
-10 88
11 -9
22 -9
45 -49
43 -5
-47 -4
21 -5
39 -39
-121 -32
-2 15
61 44
-95 -34
-65 28
66 -26
62 -16
30 -34
-147 5
-9 -34
36 20
37 79
-10 27
-29 -29
-86 -2
-44 2
-107 -16
-56 0
-58 -39
12 0
47 46
50 20
30 -11
-35 -36
-21 -47
-1 -28
-13 -28
-2 -20
-31 5
13 24
50 12
12 3
-45 -37
-55 23
33 -13
40 27
-14 4
-47 -5
19 -6
-24 -23
-19 -29
-28 -5
-57 -6
26 25
-13 -3
-51 26
64 -41
75 -29
28 -36
-68 -6
-11 -9
15 -34
12 -10
51 -19
-28 1
-2 7
3 3
-15 -27
-13 15
18 0
61 -34
18 -20
33 23
-22 9
13 26
-84 -17
47 -20
39 -43
26 -37
-4 1
-35 9
52 56
-28 -9
-6 30
8 -21
75 16
-24 -65
-38 4
-30 14
17 40
-36 -9
107 -11
64 -5
-100 5
-87 -3
63 -13
82 17
-42 16
9 29
-3 -7
37 -13
52 -8
-62 -2
-40 -26
-3 -26
1 -21
-8 67
62 11
20 -52
-65 27
-44 46
-15 -75
-12 -37
-71 1
-6 -49
142 -11
33 -8
-33 -23
35 16
-72 -32
-38 13
-12 -1
7 67
31 -26
-32 -38
8 -31
-54 40
81 5
60 -2
-149 13
-58 -12
6 -12
17 9
44 21
0 -9
50 -37
-109 -48
0 9
42 18
6 -26
-43 0
-8 17
-133 -37
-1 12
-40 9
-3 -26
-39 -24
3 -26
3 -4
30 0
11 -2
-57 -24
134 -16
37 -22
-86 31
-117 -51
-84 6
46 2
58 -11
67 0
-24 -15
-56 9
31 -16
-79 -22
-16 -4
41 26
63 8
34 -113
-41 4
32 -28
0 -55
-132 4
-84 22
62 -61
26 21
-55 -13
1 9
19 -20
-100 -11
41 0
0 -30
-51 -2
83 41
14 34
-4 -17
-21 -23
45 19
-45 -30
-106 0
-87 20
-14 -47
26 0
14 9
81 6
23 1
-8 -13
16 15
69 8
7 1
37 48
-21 23
-137 -39
99 -53
-55 7
8 -2
-15 -29
29 -35
-4 34
15 21
-8 -16
31 -11
-24 54
-4 17
-12 -79
-18 50
-85 5
46 23
89 47
-5 21
22 -3
18 -49
-87 28
-87 -82
76 8
107 47
-64 -37
-81 -6
18 -9
119 25
-60 -17
16 -52
-33 11
22 30
-62 82
1 -48
27 -78
40 -11
-24 -6
-93 16
-4 -48
24 5
18 17
24 94
-7 -60
36 6
13 -30
67 -27
-30 22
7 -3
-3 73
9 85
19 -53
-44 -91
-28 53
15 -19
-9 -6
-93 -16
9 -16
34 23
-32 -12
4 -6
17 37
38 36
-23 -40
-31 43
-9 -9
-5 -63
-11 62
6 27
47 -48
15 5
-12 -35
45 -10
-31 -42
25 26
33 27
17 15
17 -52
-35 -4
57 -38
6 32
-32 -25
20 23
-12 24
-11 -28
24 -78
36 19
-7 0
38 -11
9 -20
14 -39
23 57
0 20
15 32
-78 -37
49 -15
72 -14
49 -9
-70 25
-27 -59
-29 -42
45 2
23 -5
26 -18
6 3
56 -47
20 -2
-16 -14
-21 27
-4 -9
61 0
27 -11
62 5
-8 -75
63 42
-16 -38
3 40
-27 38
-13 -45
25 59
26 -19
106 -7
-122 -6
29 -5
36 26
-4 2
21 -23
-8 26
29 69
45 -38
38 -44
-71 -10
33 29
-31 -1
-35 -6
66 -5
49 -3
29 -38
46 -19
-89 -17
1 -36
2 3
26 6
51 58
65 -56
5 2
-2 -84
36 -14
-29 -12
77 -1
21 22
-31 -5
15 21
27 -55
123 -1
27 9
75 -24
-21 -29
-48 -25
21 -28
67 55
-9 -16
22 -15
-31 0
8 -5
5 -39
-29 6
-19 -8
92 14
41 -2
53 -1
13 -5
-15 -2
19 51
-40 -36
21 5
-16 58
-121 -12
-32 -3
109 -16
-16 -27
-36 -94
14 -9
-3 -2
-15 3
25 -8
-35 12
36 -2
5 5
48 45
26 -53
-42 14
-16 -62
-5 99
27 -36
24 -69
23 22
-14 7
77 -32
-2 43
85 9
97 51
-11 62
-53 -47
29 -8
-34 6
8 -18
72 -13
11 -3
62 16
-3 -23
35 19
5 -23
-7 -65
52 -2
45 0
2 -17
29 -24
-4 -36
-88 -10
4 52
57 0
41 -52
-3 -15
-27 2
31 0
0 13
27 0
-49 38
-34 -2
-43 -5
7 3
258 -9
7 -24
-80 -15
-26 -9
66 -4
9 29
27 55
19 -95
1 39
11 -79
28 -5
-32 14
-39 18
-18 0
-30 -44
68 -44
-25 -62
22 -6
35 -13
-50 -18
-14 -37
35 48
-9 13
-10 -51
18 -6
59 89
4 -72
-20 -127
0 52
-34 37
-9 49
0 18
-4 44
21 -14
12 -52
-29 19
-70 0
-27 -25
38 -22
33 17
-21 0
-35 -54
0 -24
15 6
-11 12
-32 1
0 -20
-51 12
3 1
-25 -25
38 -32
19 -31
15 1
-62 -34
-17 -14
-13 8
38 13
-58 38
25 1
42 42
-84 -6
0 -45
-78 -20
15 7
-12 32
-38 -10
-3 -61
56 -4
-12 22
34 -1
-83 -67
15 6
-35 32
-16 41
38 48
2 -32
-151 0
46 -4
3 15
-90 -15
-24 -5
60 11
26 0
45 13
-20 -54
26 -50
-20 2
-15 -69
-77 25
-17 -3
145 -5
-60 29
76 -46
64 -57
-58 24
-24 -39
23 6
-29 11
28 -4
-90 12
58 2
18 38
-18 -24
-21 -17
53 -11
27 -44
-62 17
-4 -9
74 -13
50 0
2 -34
0 20
-63 -20
0 -9
-30 -34
-79 -8
44 56
27 -19
-39 -34
96 -28
37 -45
3 -15
-55 4
-46 15
41 -44
3 11
-2 0
26 21
-82 -52
-1 14
-41 -39
-95 -21
3 32
16 3
-3 -26
25 -29
34 17
-15 41
4 -47
-17 -37
3 -1
42 5
-26 23
-42 12
-58 -68
-18 -14
0 -57
-17 47
-14 -13
-12 -15
-48 22
-2 6
34 -64
15 12
7 32
-63 -6
-79 -10
-30 -45
74 -31
57 22
34 -15
-16 -29
13 -12
-53 -43
38 4
-39 -31
38 -9
24 21
-22 62
17 -33
-15 -21
1 17
26 -70
-61 -25
39 35
-23 64
30 -12
-15 9
29 -5
36 -71
-76 0
39 -15
29 54
41 -44
-27 -8
21 23
-73 22
81 6
4 -31
-61 15
32 17
-46 -32
45 -14
-24 25
23 37
-4 -28
-25 -14
-2 31
3 -3
-2 -23
-38 -33
15 49
17 19
-15 28
-19 20
-84 -30
-36 -4
-11 -7
15 -26
40 -6
-7 -46
-8 55
21 0
40 -30
-42 52
-35 -65
-14 17
7 -19
90 3
-26 -10
52 23
-5 61
12 -78
-23 13
-16 -15
-14 -19
12 -26
-3 23
68 7
-12 21
-129 -22
11 21
24 -5
-85 -54
13 9
0 -22
8 44
-25 55
12 -21
99 -10
-47 -27
-9 2
-46 -58
4 1
39 -20
108 26
-21 5
43 -25
-105 29
-14 18
-6 36
0 -70
25 -1
28 56
-41 39
-46 -49
23 -54
-25 -3
-50 6
6 13
63 -56
-67 -5
16 -17
7 53
12 -24
-9 -9
-43 27
-40 -20
23 -18
-5 -3
71 103
15 0
-10 28
22 4
16 34
-76 -80
-8 28
7 -16
-11 77
28 -46
-25 8
-10 -11
47 19
-102 -55
-74 8
75 6
-18 -25
15 16
175 11
-19 -15
-101 -11
-3 -1
-66 -36
20 6
69 -25
27 43
17 -52
32 19
27 31
-80 32
-5 -40
-149 -2
55 12
24 0
15 -1
5 -3
13 43
-30 4
2 -9
13 -29
-29 0
-37 -63
34 -24
25 -3
-27 -22
-28 -33
5 36
28 41
-39 -65
35 -1
-17 7
37 -54
33 65
80 -7
-16 13
3 2
-81 -6
2 -14
11 8
-38 -42
6 -4
-26 18
-80 12
75 8
-52 -61
-32 -45
-37 2
-13 0
-3 2
-25 -17
-2 32
11 1
-42 -18
-29 12
2 -12
43 -72
16 19
17 8
31 13
-2 -1
-23 17
-14 -20
-23 -7
17 -45
73 42
18 1
-15 -2
57 -20
-8 -2
-82 -23
-25 -12
16 -6
29 1
8 17
13 15
12 15
37 -15
1 -17
-5 -38
-13 23
-22 -12
50 -22
0 11
-19 -12
33 -21
-1 -31
32 8
20 -13
50 -35
-31 3
-4 9
-2 23
12 5
51 39
7 -18
-72 34
-42 0
3 -27
23 -23
22 9
62 119
3 -8
-69 -52
-39 33
39 -16
26 -68
-47 86
19 -33
3 -57
-26 -22
-82 -7
-18 14
-4 -18
28 -27
21 -13
-39 21
0 -3
24 -1
-4 3
-27 25
-22 7
46 -2
19 15
27 20
6 -12
30 -23
0 -14
3 50
-30 15
46 4
82 -20
39 -53
-16 13
-38 -17
21 2
11 17
-13 12
0 -11
33 -2
66 43
-31 -30
-43 -25
114 -9
46 16
70 15
-62 0
-101 -33
20 -33
-44 6
36 -8
24 24
-17 31
56 0
-66 -36
15 -23
-23 4
-32 -54
-67 -7
-11 -6
27 33
-44 36
-46 -9
0 -43
14 -34
7 42
9 -37
44 -40
34 -28
18 -41
-85 38
42 -40
8 19
-4 16
26 33
-91 13
67 -4
28 15
-97 4
-11 11
31 0
40 32
12 -14
6 3
48 -16
66 -34
25 28
-47 -29
-78 35
-4 -47
35 34
48 20
-9 1
-7 21
-1 24
19 0
-12 -39
-51 0
-21 30
29 17
46 9
-23 -21
-29 17
-2 -14
-19 -27
-40 38
0 -8
36 20
50 -26
-6 0
-19 -19
-12 -13
55 -18
4 -49
-45 20
26 60
-16 -4
-6 -5
-2 -44
44 16
-71 13
-6 -46
-42 -5
0 -8
55 31
11 26
43 -52
15 -63
-30 55
-26 -13
20 -10
16 -34
6 66
46 25
-7 -28
-11 -3
31 9
-6 -42
-9 -44
-49 7
22 29
-14 5
29 -31
17 -33
18 -5
-42 -16
-68 -24
-15 -6
16 12
-52 42
-42 -7
45 -25
25 -31
-4 -17
-66 13
-8 -13
-27 21
-2 30
12 -9
9 40
42 -28
-22 3
76 -12
19 26
-42 -26
-17 -30
12 -18
19 24
-21 -32
-8 -30
13 -11
17 17
-58 9
-45 21
-33 -17
17 -2
-32 -5
39 -32
5 -4
17 -57
-55 -25
-44 -17
7 -25
54 38
1 -20
3 46
-40 -15
-38 -9
-24 -9
-21 -60
23 18
43 -19
-7 70
-24 -10
15 20
2 19
-8 -8
30 -36
-50 -36
16 -1
43 9
21 -30
22 -6
19 -75
-48 -2
53 -7
29 -56
-58 -11
-38 -29
43 40
6 -21
38 -2
5 -12
16 -9
-29 -32
-51 -18
3 34
16 23
26 36
27 -30
-12 -20
23 -3
-4 -21
36 -7
-74 -5
-30 13
6 28
23 -14
-18 -8
-46 -26
-5 -19
67 25
38 -3
-47 -3
13 7
49 58
-19 -84
0 0
-3 -12
-66 0
-96 -20
-46 23
-13 16
0 20
2 -49
8 -14
2 29
33 -46
-61 -33
25 -27
-33 3
30 0
-12 -37
16 -36
-23 80
-57 -27
107 -51
21 4
-62 -15
3 21
14 -64
37 -3
-57 38
-20 -35
45 -16
51 23
-19 53
-37 45
5 11
-4 -9
-47 -3
-23 -38
-22 -80
-103 -2
-17 -9
-25 46
67 16
54 -22
-7 -21
11 34
40 11
-11 -43
-11 -21
0 -13
-23 -2
-105 0
66 -62
-25 -24
-19 45
26 -7
23 -25
77 33
-5 -9
-5 91
13 51
28 -12
-1 -8
24 23
-39 -14
-48 30
-20 51
-34 19
13 -6
-7 -42
80 22
40 -5
-62 2
-31 -58
-8 -7
-32 34
35 -11
-49 -26
32 -1
-131 -22
57 12
31 -10
-66 -21
14 27
-1 16
43 0
-16 -26
68 -11
57 8
-54 7
-15 22
-80 11
65 17
20 -5
-39 -23
51 22
2 25
-31 -25
-84 -5
-26 32
-12 -14
60 6
27 45
9 -3
7 -31
-16 -8
17 51
-114 -51
6 31
12 -68
25 -16
8 -62
18 -8
-29 -17
-19 -12
-30 -24
-21 -22
9 22
-50 52
6 -9
70 -3
32 -26
-18 -12
-39 -33
48 13
-7 -45
53 61
33 32
-32 -14
0 -13
-35 -14
-4 15
-29 13
1 23
14 -12
16 -2
54 -45
-1 -9
-63 8
-17 -42
44 16
20 7
-6 -13
13 27
-16 5
21 -8
3 -14
-32 -44
-1 -18
-62 6
19 20
21 -8
44 23
23 -14
31 -25
-16 0
50 -15
-37 -22
4 53
-48 -9
12 -10
9 -26
71 -3
-28 -7
1 23
-37 -41
-4 -37
-18 37
13 -85
0 8
46 22
1 -7
7 -15
54 1
69 -5
-85 26
-20 53
-18 61
35 -57
20 -2
-27 -1
-54 -49
9 -30
8 0
-41 0
0 36
-3 0
32 -27
41 -64
-10 -10
95 1
17 -30
40 8
-46 -4
18 8
18 -3
-10 -23
28 -25
-16 -2
-21 -4
-40 2
-7 -2
65 -8
-61 52
34 -52
8 -20
32 -41
70 -31
-12 -12
-49 -37
17 21
13 -14
-68 7
-11 -43
23 -7
33 -14
-8 -15
-4 34
42 6
-90 -9
-81 33
26 13
81 37
62 9
48 -5
6 -4
-44 -13
2 -7
-7 -2
-65 33
36 -21
-7 -9
-25 -28
43 -5
33 -4
33 11
15 50
-60 19
-11 -17
-3 -30
61 29
0 15
-8 -81
19 -19
30 -13
-44 -7
-59 54
-7 -40
-47 3
-45 44
21 -42
-32 -36
-3 14
9 14
-18 -32
15 15
23 -40
17 30
21 -18
-10 -134
-49 28
13 -5
-67 5
-21 -26
-13 17
25 -27
3 26
45 15
-57 -12
2 -55
-62 -14
-41 36
-32 9
-35 4
50 17
-37 -13
-1 -53
22 27
-11 -48
-74 43
-74 15
34 5
36 -61
4 -4
-21 5
-23 9
-11 -6
-44 8
-10 -3
-16 32
-21 -21
26 3
-21 -19
-12 22
41 -47
-3 2
17 -2
-24 -14
-21 -23
-41 15
-1 -18
-5 18
17 -30
-10 4
16 -2
23 12
-3 64
1 -16
7 -1
-3 -7
22 39
34 -48
6 14
-35 30
-8 19
-22 -1
-19 1
-58 3
24 21
-13 -29
0 12
8 17
38 45
14 -20
-41 17
4 -34
34 -32
6 27
30 11
0 16
12 2
-71 61
2 5
-3 -2
-5 4
18 2
21 -11
-39 21
7 -79
26 -20
-21 30
43 25
15 2
11 -37
9 12
-18 -13
6 26
16 6
-23 35
33 22
-22 -28
-44 -15
-46 -35
11 -57
61 17
31 25
28 -4
5 -5
-11 -27
-34 -37
3 9
-30 0
124 1
93 0
-23 31
15 2
-12 -8
-13 22
25 4
-43 -2
53 3
19 -19
25 -2
19 24
-15 26
2 -1
-11 4
-45 -2
-4 -14
34 -1
-6 -14
-15 -4
27 40
21 -30
-31 -10
-24 29
32 -44
37 -34
23 -17
50 39
62 22
-3 -34
-16 -53
-21 -21
-22 12
-8 60
34 -28
-5 4
25 64
0 -20
-12 -30
30 -34
1 -30
42 -49
2 -43
13 7
35 32
0 -1
