-43 16
-69 2
-24 29
-41 14
72 -18
-4 -13
-51 -36
-90 28
-33 -7
30 -37
12 -5
33 16
-79 -2
-63 4
16 -14
29 -38
-58 31
-16 30
5 0
-25 22
-2 27
-47 -42
62 -11
-38 -1
-38 -17
7 -19
-74 -3
-22 45
62 33
-11 -16
9 -20
-26 1
59 -32
-28 -34
57 -29
111 55
85 -48
122 -21
-5 35
-37 -13
-44 -9
68 17
-49 -2
-65 -4
22 40
184 45
-101 -59
-46 -24
-18 17
-104 -2
65 1
-127 16
-72 -81
95 38
-6 58
-45 -16
3 20
-9 -22
55 14
-8 18
-36 9
-74 22
-105 -44
-52 -3
42 -50
-20 22
4 -73
-114 22
26 20
0 14
1 15
-10 -35
-8 -38
-7 2
39 22
-140 -38
-7 4
-59 54
5 47
85 -26
-71 -30
-90 3
-63 -38
97 25
71 -85
-112 8
-1 18
-65 -13
23 -56
-37 -16
26 11
140 0
-101 -8
-58 -21
-109 32
90 -32
17 -32
2 13
-17 20
8 12
0 -2
-86 9
-15 31
-35 83
-19 -6
11 -21
71 -13
-5 51
-22 -59
134 -52
43 -8
-12 77
93 -15
39 -23
-56 -11
5 -4
-94 71
-134 41
-1 12
-5 -9
-34 -90
53 6
-70 -34
30 -32
0 -4
-62 26
-114 -29
-70 16
113 -11
63 29
-37 -12
-3 -82
11 -25
17 79
-102 9
-125 -19
-27 32
-10 17
27 -6
-132 -12
-7 -5
42 27
8 -19
23 -34
28 3
-35 16
-11 44
-31 -22
-90 -30
120 0
71 -25
-60 -20
52 -20
2 -3
68 24
-40 -8
-68 32
57 -24
68 -38
6 18
-23 12
-113 42
-14 -9
73 20
102 -21
97 -4
-9 -24
-13 -54
8 19
-71 14
-88 13
179 23
39 -49
-40 55
-4 17
8 -42
-14 -12
-85 19
-14 -22
2 -15
54 8
-49 -8
37 -58
34 -6
-2 -41
67 3
-85 -59
27 49
15 4
-9 -14
-60 9
-63 -59
29 -3
-20 2
-76 -58
23 -32
54 43
8 44
-31 44
13 -23
-26 -4
-58 -3
15 -30
-39 -12
21 27
31 12
24 -6
-35 12
2 -38
124 -1
-32 71
-92 -14
47 27
55 0
-54 -9
129 23
8 7
-53 -8
-28 -38
76 -8
113 -28
-42 -8
-114 -22
-55 33
-21 -5
133 -38
103 8
-74 -3
-68 -2
32 -7
27 -9
100 23
-14 62
7 -31
-152 -2
-7 -18
115 -11
-18 -87
17 0
136 -3
12 -87
-47 -15
46 49
-62 0
-92 4
-16 -7
38 -49
115 15
171 18
-143 -86
-84 0
-69 -35
26 9
132 0
-92 -51
40 42
69 69
80 40
51 47
-38 6
-35 31
44 31
21 -46
-52 0
-131 -11
35 15
-43 4
3 -23
4 -29
-4 2
-83 1
-59 -28
-47 11
-110 -5
-50 39
179 -2
-19 -34
-95 -11
-102 -33
19 11
104 -40
61 20
-25 41
-38 -9
-82 -3
46 -25
2 26
106 -42
-45 -16
31 18
3 19
41 80
-6 2
4 -21
55 45
-12 -24
0 -16
62 -9
-11 -29
-5 29
-38 23
7 -22
82 -2
-51 -18
40 -25
43 -1
53 11
-96 71
15 -45
-75 -3
-49 -82
5 -25
43 21
24 -14
86 13
-36 2
-34 55
4 14
123 0
-54 20
-30 -34
41 -13
68 -43
13 -32
73 13
-40 31
-140 -12
18 -43
124 18
-64 -73
-7 -24
5 44
35 -15
-19 69
63 5
-54 -30
-12 24
-97 -22
4 -4
-25 4
-28 11
72 -4
-34 -38
0 14
-57 -15
0 -72
-15 56
-43 -43
-8 41
-12 -60
35 35
-9 -21
-24 -16
33 -34
-57 -55
-8 -4
8 13
9 43
91 -89
13 20
-115 -7
40 13
38 30
27 -16
-29 -9
-44 -40
13 -40
-2 -45
71 -14
-22 -40
-71 0
-37 -13
5 -40
39 -7
-42 54
18 29
-12 -12
-36 -50
-11 30
-23 -48
80 -48
126 16
0 -7
-20 61
-25 -12
-25 -26
-15 4
-64 -45
36 0
84 0
-47 20
-8 19
77 6
28 -2
-12 -43
-121 0
4 28
46 -81
47 -2
96 47
-118 25
-47 -2
31 18
30 -44
-1 -5
132 -18
9 -3
-72 -15
-37 -28
-50 4
116 21
60 9
-38 -37
90 56
-36 -34
-20 -34
-29 23
4 53
57 9
-35 -7
-29 -12
-4 -15
51 -24
17 -56
17 4
41 65
16 -71
-35 48
-93 -27
-2 26
49 31
-18 -8
80 -53
-17 15
56 72
-25 -35
12 16
65 -19
-8 -6
29 -26
107 75
35 -5
-50 7
4 23
-34 -39
1 -13
-75 18
65 22
-37 -23
-26 -19
-16 40
-45 15
-35 -13
36 -10
38 -20
-44 16
-4 -10
67 -173
1 29
16 11
17 8
-81 -25
36 67
-59 11
-1 4
-16 -63
-57 -8
43 11
8 51
-56 54
-61 6
33 -19
-49 0
-44 -13
-57 -54
15 -23
-23 2
-53 -65
53 -25
33 -9
-16 66
11 27
8 -17
24 -27
-117 -17
60 -8
68 -7
-37 51
4 8
97 23
-101 20
-11 -36
83 -35
-35 -42
-97 27
66 -3
111 -19
-58 54
-94 -40
-37 -15
-23 14
23 9
129 -47
-45 -7
-65 21
67 3
-22 14
60 26
94 -30
29 -44
-65 4
-101 33
34 44
46 26
-33 18
54 16
33 -20
32 14
-18 -14
-45 -3
22 61
-47 -20
-4 0
39 -20
6 -22
131 -29
-1 -8
14 -58
12 57
59 -43
-97 2
-9 -11
59 7
59 -23
-6 -25
-52 -3
-75 -19
-22 22
15 -3
-102 4
-72 -5
13 -21
1 6
12 5
-15 -20
6 8
-13 22
-45 35
75 -54
32 -18
13 -21
11 16
-1 -58
24 -5
73 -40
44 6
-30 -3
-25 18
71 6
45 -21
-24 17
-36 -38
7 8
-40 20
-15 25
39 25
-8 -20
1 -13
1 -9
122 -33
56 9
-51 14
-67 68
-14 38
26 -9
30 -51
46 5
60 -17
-9 54
7 -4
16 9
-24 12
26 -12
42 -32
-29 0
-38 -4
-17 -6
99 0
-71 22
-30 31
29 0
98 -55
-29 22
9 56
4 -51
24 -16
-25 19
-34 1
-28 0
16 47
24 -18
-23 23
14 -4
14 -15
4 -1
-28 34
-33 12
-33 -60
26 -13
42 -10
5 -18
-17 0
-15 17
3 37
-14 25
15 28
-16 -36
20 -79
-8 43
-3 -40
99 -44
-21 3
-91 92
11 -5
-49 -36
38 12
-4 30
81 -20
26 30
-8 -13
-99 -18
108 60
123 9
-30 -7
-195 18
67 -16
58 -16
26 -11
53 -26
29 35
-37 0
-52 1
35 33
45 -20
-68 -20
22 -6
-13 32
-14 58
-141 -1
-17 -14
68 -8
19 19
-20 6
17 -67
55 25
-11 67
-59 30
-23 25
80 25
9 -3
0 -68
43 -3
81 1
-59 -1
-59 25
6 -70
-56 -7
40 21
67 -5
28 -16
80 -36
53 7
-33 22
17 -17
-5 -1
67 -75
-11 3
0 21
-46 -77
43 2
47 14
-16 54
-95 -2
21 23
-19 -65
24 50
-37 -23
111 -17
35 23
-87 85
-24 23
80 -105
-13 18
-93 110
-15 -45
37 -46
-3 -16
-78 -27
31 16
70 68
7 -35
23 -108
-19 15
-32 13
-35 25
-39 -17
-57 1
66 -46
55 -20
47 -25
31 -1
15 0
36 -12
-12 0
-72 -44
-100 22
-46 -28
-5 -58
-18 -18
27 -18
25 -13
-3 15
-46 -49
6 38
1 38
-3 -26
-36 30
-1 6
4 -32
-38 -32
-28 -34
23 -33
-2 97
50 -28
91 8
-58 3
-48 -32
43 -45
-34 -14
-44 78
-12 -61
-95 -21
-4 24
-6 -53
-17 -15
-9 8
51 25
0 72
-65 -2
14 0
72 -51
-30 1
-28 -26
53 -88
17 -26
-13 66
-31 45
78 -27
-45 -15
-55 19
-51 -6
22 -62
41 6
-9 -10
34 28
-38 -44
0 -49
-25 -22
0 -30
27 -24
-71 -17
91 27
-2 22
32 -62
-50 90
-57 -22
-109 35
21 -51
76 -25
-17 -8
5 -77
-14 24
-7 24
-11 -29
53 -18
-50 -15
-26 -35
16 -15
50 31
46 77
-5 1
33 25
8 -15
-54 -116
-57 22
34 23
54 3
64 40
-41 -5
-92 29
65 -12
-9 11
-4 3
-25 16
75 18
11 -12
27 2
-39 -10
87 15
28 -17
-27 2
-51 11
-40 -43
8 -27
95 56
-42 -2
-32 -48
12 -44
-20 6
24 25
-35 -7
73 -7
31 -3
-7 -19
64 57
44 -29
32 -36
-117 -8
31 -51
-2 -52
24 24
-74 83
17 29
53 -50
-82 -60
-79 -21
19 34
23 -14
-30 42
42 41
33 -25
-96 -41
14 -59
-15 7
-52 -14
-33 -14
-38 12
8 22
47 14
-77 -35
-17 -32
-4 38
19 -44
4 -40
7 43
34 -4
-34 60
29 36
6 -30
-5 -50
-38 -2
-20 -10
48 -95
15 43
4 55
14 -4
44 -14
27 -13
56 23
-68 26
28 -10
33 -22
61 4
-6 41
-68 59
2 -78
-51 -75
-41 14
-40 -18
-18 65
64 0
16 -11
33 -5
89 13
-152 -12
14 38
-35 -59
17 15
50 13
-27 3
-10 -11
-52 20
75 -34
-48 19
-18 -11
16 -10
6 -63
-21 0
34 63
32 -75
15 62
-72 42
-14 34
-81 -23
-65 -50
-30 50
38 -11
-39 19
-29 -17
-55 42
-57 -45
-2 1
-21 -43
40 -9
7 108
-5 8
22 23
-16 79
-40 -22
-75 -39
31 56
71 -111
4 -29
-5 -11
-16 18
-54 -15
0 89
23 -89
-42 -17
28 7
13 -22
-95 33
39 5
26 -18
23 33
12 -10
51 16
-34 -3
-19 -19
-7 66
27 2
28 -4
6 59
-32 -35
65 -20
-18 18
6 20
-28 44
53 23
-56 20
-14 -35
33 43
19 45
-50 11
-15 -22
54 66
79 -54
15 -31
-3 4
12 69
11 43
-2 22
-2 -45
-59 3
70 -3
50 -17
14 14
-48 3
23 -7
-11 9
-39 -22
-43 -29
13 12
68 32
-11 -28
26 32
-52 49
-18 -4
18 -10
4 38
-12 -18
-35 5
25 0
110 7
0 34
-29 54
82 17
-26 -12
-18 -11
-74 43
-11 -55
33 16
71 39
-2 18
65 31
7 -86
-159 -30
18 63
51 -13
2 -5
83 24
35 53
33 -35
0 -124
25 36
0 78
63 -30
23 26
-43 -25
65 -36
-139 47
27 19
41 -27
-18 18
-31 -15
42 -33
5 -26
-36 8
51 -38
12 19
23 35
-27 -9
-10 8
-40 -32
100 -29
16 40
51 -7
-55 44
20 27
57 14
-57 -7
-65 6
55 -40
-39 3
-34 -6
107 13
-51 -3
28 21
30 -13
-4 -1
-5 -7
18 34
63 19
-13 25
-41 32
48 -8
-100 68
18 -9
-3 6
-43 32
80 -16
-71 0
21 64
75 25
-24 -17
-100 -57
-37 4
1 9
36 27
0 -36
-52 1
32 22
-113 52
32 -37
-19 -4
17 -12
29 -29
18 -5
50 7
17 9
25 38
-57 0
-72 -56
4 25
0 46
35 -33
-37 -14
-69 -4
61 -87
17 43
-28 9
-9 -18
56 12
59 -58
14 3
36 18
35 -11
35 -1
0 54
-4 -32
2 -53
0 -48
-15 -14
43 -30
-17 9
23 19
-16 27
-58 28
-14 -32
9 -33
-16 -77
42 -15
-41 2
21 -7
-31 -41
-32 -4
3 -27
-79 -50
40 -38
39 21
16 18
55 -13
14 -45
-26 -11
-22 -48
-4 13
19 -22
4 -14
-20 -72
9 -12
15 -52
48 0
-8 -15
-47 -36
-36 -9
8 -2
17 57
14 -53
8 -36
43 -33
26 43
-15 -6
-31 -3
-16 -46
45 -66
-42 -59
-30 30
58 -17
-12 -30
70 -24
-6 36
-8 17
25 -27
-25 -21
23 -25
-51 -20
30 21
-24 -19
14 -1
-46 32
-7 5
-16 18
-2 -40
-28 -22
-4 -26
-2 -14
-13 -19
-35 -29
8 37
23 8
-12 -40
-36 -45
9 -2
9 -65
-45 14
39 -25
39 1
72 -17
52 3
5 23
-5 13
-1 -15
23 -65
13 47
-14 47
4 18
8 31
-20 -69
-99 -34
24 28
86 -47
83 -19
0 0
-12 119
-13 -39
27 -67
19 -5
30 -11
-49 -51
68 14
-26 -33
23 -32
-12 -8
-26 -80
3 -22
-9 -36
-30 30
-8 -78
21 -17
6 -42
27 61
30 -70
19 36
-47 -36
-10 -49
-20 -62
-33 26
76 -4
-4 38
-36 -4
35 25
27 -7
42 -50
-15 -75
12 -14
60 -18
28 5
0 49
5 -3
30 -70
-10 -17
-53 -40
28 -7
17 -41
57 -48
76 -20
0 -24
47 -28
-96 -42
12 -40
-68 -23
-32 -35
53 49
89 -2
-31 77
-12 15
69 -73
-65 -111
1 50
2 19
9 -22
-3 -61
-131 -15
-18 -14
-79 -66
5 26
-33 -19
35 -7
-50 -50
36 -26
-14 -36
-19 -35
27 -6
74 -47
-15 -76
-95 0
66 -24
-60 -63
36 -24
-20 -1
-80 26
-10 -40
-11 -65
-4 -37
-6 17
67 -28
0 -47
18 14
-56 23
-1 -5
-3 16
-18 -22
-20 0
14 -51
-1 13
-19 56
11 66
33 19
65 7
-36 21
-39 24
-32 38
21 -47
-6 -75
-30 13
3 27
23 -15
-23 -95
-16 -29
-31 13
22 -1
67 23
-20 19
40 54
13 -24
-23 14
-24 -30
-23 -16
15 -48
18 -8
-7 12
8 -22
-13 37
-20 6
-30 -59
-28 26
-8 -37
-11 5
7 17
3 -29
-11 12
-3 64
-23 -8
-37 -18
-17 -35
19 -16
-2 6
28 0
-100 32
34 -2
-40 -26
-26 -61
0 -5
15 -45
-5 -8
85 -30
30 5
20 0
1 19
9 38
30 65
-21 -49
-46 -17
23 0
20 25
48 -5
30 3
27 -66
-42 -25
15 96
0 26
-26 -38
-36 13
-19 26
-6 40
-18 -16
24 29
-77 16
-83 12
25 -31
88 28
0 17
88 -9
40 25
38 -20
-9 7
-140 -97
6 22
25 50
-1 0
33 12
-55 45
-7 -12
14 11
2 -3
12 5
-26 75
-48 -33
56 12
42 16
42 45
20 82
17 -79
-34 15
3 -49
22 0
31 -21
-48 17
18 56
40 -37
-65 -31
-5 -10
-20 -14
9 -8
13 -56
28 62
-22 38
-45 0
-60 22
-48 -13
47 3
17 -16
35 -55
11 7
18 -21
-57 52
27 42
3 -13
-47 -28
13 19
-73 -12
-57 2
36 6
-29 48
18 -47
17 -32
49 -14
-7 -7
-183 25
-52 -36
49 21
8 19
-42 23
22 -10
-54 -27
-172 -8
5 -4
-62 20
-29 -65
-9 42
18 17
52 46
-44 -29
25 -99
19 1
-36 -34
1 -118
12 22
7 58
-167 14
-65 -8
14 -44
4 -54
-10 1
-5 14
-7 -10
-25 57
21 38
4 -12
60 -58
8 65
-4 -13
-41 61
-21 -16
-49 35
41 28
-35 -46
44 -11
-37 -21
-33 -25
-12 -35
-47 16
-3 5
13 1
-24 27
23 62
-1 -51
-1 -37
6 -22
-56 -17
-25 -12
23 -26
-4 24
12 3
-11 -19
0 42
37 -87
-63 25
7 -37
37 -62
-15 46
-13 20
-1 12
30 12
14 -3
1 -63
22 -18
-28 0
-10 25
9 56
-8 11
18 -1
-17 -24
34 35
-45 -3
-24 -53
-29 -87
-9 17
0 -22
70 17
-6 -15
-5 -32
18 3
-9 -7
-49 2
36 32
75 47
15 52
133 -14
-38 -20
32 71
-32 1
-39 -66
15 -18
3 39
29 54
-1 -2
-16 -30
23 -31
32 -70
-9 18
43 -29
-76 74
-7 -2
40 32
18 11
0 -7
18 16
48 11
-41 -18
-37 28
50 20
30 -25
103 -7
-3 20
53 -55
28 12
138 -58
-100 -50
-24 17
31 -9
-14 24
45 -71
3 -26
-28 -18
35 -35
77 -25
-98 3
8 4
32 8
58 32
-42 -58
9 -55
59 84
-10 -15
4 -34
16 33
18 -2
15 29
71 -53
9 18
39 41
-26 -43
-50 -38
59 -12
24 7
-47 -32
94 12
80 -10
56 -14
21 -36
-4 -67
48 11
-34 -25
104 4
37 47
-25 -69
-113 -63
108 -34
41 65
-102 26
49 -7
23 -19
1 -11
80 6
-21 -51
-18 -33
27 -15
-61 56
0 -44
-7 -4
-106 2
14 -42
68 4
5 -67
60 -15
-16 -42
-42 -35
-21 56
61 30
45 -63
31 -35
46 -6
19 -6
-62 -19
32 -14
26 -20
-12 13
51 -13
-38 -5
16 7
3 -12
-8 -4
22 -58
-71 -29
16 -2
75 1
33 -7
-16 9
-20 -67
57 -20
-26 -105
-4 -23
-23 46
31 6
35 23
43 -35
20 23
36 -95
29 -22
15 3
-57 -24
16 36
-19 -35
16 -25
18 -33
-3 -16
45 -26
-75 -45
-12 -60
27 31
63 4
30 -22
18 -24
-8 -18
31 -39
34 -49
-51 -12
8 -19
3 -27
102 11
54 -35
24 -26
37 -26
3 -33
17 -78
-20 -57
-4 -3
9 -67
30 0
58 11
13 -34
5 -1
-14 2
-2 -43
15 -32
25 -80
45 0
118 31
-47 -20
-40 43
26 -72
47 -80
30 -30
-32 59
-25 -60
7 69
-16 -3
40 -36
-4 -57
14 -94
31 -18
42 -4
31 -55
16 14
16 4
-17 -39
-4 49
-16 -55
14 13
29 -39
22 -46
49 -8
0 -45
5 -50
22 26
0 -32
-6 -12
-66 -129
9 -10
17 -18
48 -32
17 2
33 -11
9 -31
-13 -24
-22 -24
0 -46
63 16
37 -1
26 -18
15 -43
-22 -4
-36 18
3 -32
-5 -19
25 -28
45 9
71 87
-12 -49
93 -80
-45 -9
-5 -39
20 -41
47 -33
25 -29
102 -47
-12 7
7 26
33 -19
-19 -25
-50 0
-55 -51
57 -5
19 28
19 27
42 -13
-5 -47
-17 -14
22 -26
-103 12
-26 -53
0 4
68 -29
2 18
63 33
48 -6
12 8
30 21
1 5
58 -16
31 22
-3 73
4 5
-10 -13
-52 -1
49 -23
-32 0
12 19
43 -1
-11 5
25 24
16 -2
47 -27
-8 0
-57 -2
29 8
55 -6
13 31
56 51
27 -67
-133 35
-7 3
-74 -15
-23 -3
2 -22
-3 -28
55 57
24 17
22 -34
-14 55
-1 -4
-62 -23
62 -31
0 35
-107 -32
45 70
-5 -54
0 -14
-57 -22
-25 48
54 -14
7 -16
-21 -39
-3 -6
2 36
2 8
-47 3
-48 -23
19 -3
14 4
21 -9
-60 -30
29 45
-37 27
-5 -20
-73 -26
1 4
-52 -11
55 -2
13 -32
-74 6
71 79
15 -28
-93 -34
30 15
-185 -52
-41 21
18 35
-12 -61
38 -39
28 5
-32 32
-41 -83
-48 -40
53 -32
-41 43
-25 25
-56 -15
100 9
22 47
-75 1
-33 11
24 7
9 -70
-26 18
-14 6
14 -12
-37 4
-16 -26
-8 96
-40 -1
0 -11
-7 -6
-11 -25
-19 -49
-10 -17
33 12
-57 21
-39 2
-31 47
40 -45
-4 -40
2 9
0 -3
35 20
19 -26
-17 6
-23 -56
-22 -18
13 -44
-4 13
12 21
-11 -60
28 16
-24 4
-40 13
-11 36
17 38
47 -9
38 -77
-1 54
-1 -11
29 19
-32 -17
-40 -1
27 19
4 19
-8 -22
78 14
-43 -2
-54 16
31 4
-9 -5
13 25
39 16
19 -44
-64 -34
45 22
24 -18
-4 31
-8 -4
-54 22
-49 2
41 -54
45 -13
2 -2
21 -2
-36 -73
-44 44
-2 45
-11 15
53 -15
-45 -34
-25 11
27 -13
20 0
12 12
-51 -107
5 -7
11 43
27 -10
77 -1
26 11
-17 -9
-2 -20
-17 13
0 -22
65 55
12 -40
38 6
-34 18
-8 0
24 -33
-38 15
-61 26
0 87
80 -54
28 -25
16 -17
1 -24
64 -23
-27 -43
-34 -1
-28 24
43 70
-8 -2
12 -36
-11 0
-92 -27
35 13
42 -13
5 26
48 0
-9 -3
5 -29
67 11
83 -4
43 -40
-17 13
7 -7
5 16
4 -7
15 -18
-1 -16
18 -29
44 15
-36 72
16 9
-43 17
50 40
51 5
-18 -8
20 -14
1 86
18 -33
-70 -14
-10 56
-24 74
19 -16
13 -51
-1 -15
-51 -5
27 44
-81 14
-38 -52
20 34
55 -11
3 -27
-3 -4
-60 24
45 -10
-18 -21
17 -5
-39 30
58 0
45 -27
-34 -32
29 -13
-57 4
-16 12
-5 -11
24 46
-36 80
15 -102
-1 -36
70 15
-1 1
-64 -6
-21 14
-41 45
-59 -4
40 19
24 -15
60 -36
9 -18
-5 -30
-10 -39
-94 9
8 32
68 37
31 -36
30 9
31 32
4 -25
57 -5
-45 -46
-79 -19
-32 24
-22 15
57 17
18 -64
4 -5
-24 24
8 -5
23 4
-5 -27
-32 -2
-74 -70
27 27
57 16
88 24
5 -37
26 -10
-19 -16
-12 3
-14 24
-13 -34
65 -29
-35 -67
44 -2
-38 -12
1 -1
-39 2
-76 -8
14 -58
26 41
34 -11
-5 -32
2 58
0 43
8 -19
-51 12
-9 2
16 13
-12 0
-23 -27
18 -17
-27 19
12 -26
-11 54
11 58
-76 5
-57 0
24 -47
40 18
-4 40
-32 31
-26 -45
7 0
4 51
38 -9
34 -30
37 -8
-10 -7
65 -5
-31 -13
24 12
-54 -6
37 16
19 0
59 -18
-26 -29
-24 -30
-4 24
-13 -7
-55 -2
-11 8
44 -21
6 -7
5 -8
-15 -16
-3 -41
-45 -3
-49 9
-11 47
-2 -66
9 -72
38 -15
-45 -6
-19 23
-12 -11
-35 47
-24 -35
-33 -5
32 12
59 9
80 9
9 -25
29 -32
-4 30
-34 20
5 14
40 -40
74 -60
-17 -9
12 -3
-24 16
25 -17
-42 24
-25 -79
38 60
-4 -1
46 -45
-2 25
60 -36
-69 46
0 -9
-33 -9
-27 42
13 3
27 6
-1 -8
-28 7
55 -41
11 -2
-49 3
71 -9
-126 4
8 39
-40 -34
17 0
-25 67
-2 -1
2 -9
-16 14
17 53
-28 -72
9 -86
-123 9
51 44
31 -61
-51 -26
-17 25
16 23
-21 -25
-5 16
67 4
-3 78
29 -39
-5 -50
-21 3
2 26
-19 11
0 4
-31 -14
7 69
27 -38
34 -59
-8 -19
55 12
-70 42
30 -35
29 -55
-42 -32
16 -8
-11 -44
-19 -33
-12 36
33 79
9 28
-88 -36
147 -33
-53 28
-4 -21
15 44
-2 -19
-14 13
31 -1
58 34
-63 9
74 1
0 -14
-23 -18
40 26
-23 23
-12 34
-86 8
19 -36
28 25
12 0
28 -54
-29 -63
0 -4
-53 65
-2 9
7 -46
-14 -26
29 -14
-24 -19
-7 -19
25 -11
-68 11
-40 -12
-29 14
8 -27
-13 -33
-13 26
25 30
-12 6
-23 -9
-58 3
-26 12
-70 -26
-9 1
84 36
13 -48
-49 -30
-59 -25
3 26
-17 17
-32 7
8 22
28 8
-1 -4
23 28
27 -38
-16 73
35 -20
32 -10
-2 36
21 -28
-3 -3
26 -43
15 -91
22 14
0 2
1 39
-64 -31
-8 -39
24 -11
21 -59
-20 -3
64 -26
0 26
-10 1
3 20
39 -22
3 12
71 -24
-2 -21
18 -6
41 38
43 31
26 -44
2 -29
-31 5
7 14
-10 13
-22 29
32 2
22 -5
-7 33
34 -17
13 -14
31 -46
-31 -16
-6 -7
25 11
