-96 -57
212 -37
-169 1
-322 -43
322 60
205 -11
-380 117
-193 15
-81 -42
183 -127
591 -89
-123 -87
-387 88
-162 68
-324 -30
471 -76
376 54
415 44
-88 2
-736 -3
-149 2
123 -93
341 -108
-202 85
-289 121
-89 -93
-93 1
-185 23
158 60
-21 -92
-48 -68
-2 47
-238 -66
-77 177
-99 83
27 12
545 -12
28 -143
-41 -53
0 17
206 28
116 -62
-77 20
324 -26
-206 2
-209 122
-102 81
143 62
53 82
167 77
87 -31
62 -156
92 -9
-91 -7
78 -151
-56 2
-17 116
132 47
-17 15
-117 -32
-39 -92
-250 -82
274 -137
15 -71
185 -17
141 68
-307 74
395 -2
2 -103
-140 14
-210 128
-110 -4
-152 79
-56 36
-128 -33
127 -99
34 -111
-86 117
-225 126
-12 102
349 -126
164 -34
-118 -59
-131 -30
-17 82
-40 127
-66 80
37 -77
-199 -99
-3 20
8 109
149 66
133 174
-88 17
-95 -114
344 -17
197 -14
54 -57
-162 -8
-261 9
21 -28
-123 13
293 39
-182 -82
-302 -107
133 -111
-5 -37
326 69
109 49
23 -16
284 -81
-7 -57
62 -74
-18 -89
38 -1
-18 -22
-192 2
-17 -47
-91 8
94 105
180 80
101 -20
-232 -40
-214 21
188 8
139 57
38 -80
-272 -186
-100 -9
-165 -26
52 -162
218 -15
36 35
6 23
-146 -16
-79 48
22 7
298 -64
-53 22
-196 106
69 3
217 -69
-243 0
58 52
36 -23
5 -55
-48 -105
33 54
-68 116
-6 -29
72 -52
77 -53
101 24
99 -109
-46 -48
-141 19
-76 20
302 -4
143 1
-76 -53
-117 -209
-77 -155
0 -78
-44 45
40 99
-1 21
291 -53
76 -86
-174 -18
111 95
155 112
-70 40
45 -19
-35 -28
4 -47
-41 75
-41 -8
17 -62
31 -52
71 23
-39 -54
66 -60
81 83
66 -18
-134 -102
-152 -73
37 -66
191 -21
7 -11
-60 99
-47 105
41 -30
-117 -38
20 -15
238 -1
274 3
-180 18
-147 -22
11 69
142 20
76 -45
-294 -65
-119 62
-29 36
27 72
-53 83
-84 -50
0 -75
290 -115
55 40
13 39
-179 -100
-71 -26
11 -113
165 42
24 59
-365 34
202 -10
91 -155
-57 -98
-137 -18
-191 138
69 95
139 198
85 48
-90 -328
-83 -279
96 -143
56 83
164 91
-149 -95
-208 -42
-102 -7
169 71
34 101
-6 150
23 185
-2 94
43 -17
-1 -168
-91 -45
186 -30
61 -20
-127 51
-36 80
-25 31
12 -111
29 -38
16 4
-123 3
78 -15
148 29
-49 -88
-178 -72
26 -97
217 -71
47 -20
24 -5
-145 64
1 5
128 39
-83 96
-174 1
125 -118
63 -61
-17 -70
-32 -126
149 -107
-100 -66
-65 -59
-1 7
34 29
-95 -46
-65 -22
-11 17
-91 67
191 -77
-67 17
-14 68
43 60
29 -5
-15 -185
-77 -96
-7 6
177 2
-18 -27
13 -41
-83 -67
-125 -13
51 69
59 4
34 50
-9 42
-12 -98
-1 -160
26 -86
21 -64
-67 27
-72 17
-17 -50
28 -1
78 6
123 61
-97 92
-54 73
33 67
-124 8
-15 -114
215 -49
46 -79
180 -38
-115 -18
-122 -8
33 0
-61 -52
52 0
22 33
-44 69
6 27
-49 -6
18 98
-10 135
23 -120
109 -212
101 -271
54 -49
-28 22
-40 18
-103 -20
-32 -1
60 17
100 29
-24 97
-80 128
-17 56
304 61
-18 -101
-106 -146
-16 -197
42 -158
38 -14
-108 45
62 28
-17 63
-94 22
-51 -4
75 -18
-116 -21
-135 -52
107 17
353 38
105 2
-73 34
-201 -70
-61 22
54 117
-4 -21
260 -113
-36 -128
-107 -127
-121 -135
37 57
68 77
0 21
70 -53
25 22
85 80
21 117
-9 53
35 -19
-114 -107
20 -137
-29 -147
126 -119
-17 -77
32 16
88 47
-82 -12
17 23
-91 66
66 82
-2 59
-28 -58
-68 -90
-135 -1
424 -31
328 -68
-168 -28
-109 15
-121 -51
126 11
37 2
-64 95
-13 39
-34 -53
43 -45
-141 -31
-48 -74
13 -164
102 -167
4 -106
22 -32
-96 5
-31 57
-57 59
73 26
154 -76
-134 -40
13 44
189 33
5 43
-12 58
-26 -106
-54 -80
0 -58
-76 -31
43 -89
-91 -31
172 73
226 75
29 -39
-110 -56
-75 -138
-13 -44
-44 -52
-3 0
86 61
-54 84
-201 -74
-62 -72
160 -13
32 32
-36 -4
54 0
52 89
-105 -12
-39 -95
126 -60
-114 -107
-36 -81
45 -100
-65 -72
179 45
30 100
42 -63
33 -24
32 -44
-50 20
-4 -46
16 -49
79 25
178 -42
20 2
-73 -22
27 -6
-15 28
5 123
-105 75
76 -54
16 -64
-88 2
-97 2
131 -84
66 -78
4 17
12 -27
-53 -43
13 39
19 79
75 -92
-17 -39
-125 63
158 -4
-59 -74
-8 -207
6 -141
55 -42
59 72
36 70
-13 50
-130 64
-44 14
63 -48
37 -49
134 -62
17 -96
-50 100
33 119
6 18
17 -69
-41 -70
-52 -4
-76 -77
124 -6
142 29
-134 98
-57 72
-12 12
49 -53
-101 -4
70 -83
218 -159
131 -7
-89 101
-82 112
-65 -72
12 -26
56 -22
-12 -92
47 -115
-7 22
27 6
-85 -50
17 -60
-51 -6
36 -18
48 -6
20 118
-72 128
114 2
-48 -100
-43 -166
11 -92
-21 -23
-34 -29
105 -79
186 -8
9 24
-156 79
17 118
-115 75
55 -24
-32 -60
73 -4
36 -66
46 -126
-121 -141
-192 44
-98 118
155 7
78 -28
21 12
6 11
0 23
-24 -49
12 -26
-18 -24
52 -69
-36 -29
82 -1
-31 -10
125 -40
-64 16
-6 37
15 17
5 25
63 -72
39 -83
-177 -41
14 -59
102 -51
37 28
28 20
2 11
-40 30
50 -2
72 2
-35 -20
5 -104
71 -111
69 -64
-100 59
-47 83
-81 7
-53 36
75 -16
-64 -115
-143 -79
141 -51
232 26
-274 -3
-93 -1
129 -167
243 -67
-78 -16
-236 131
-28 141
23 -57
-84 48
-41 -60
-47 -134
92 -51
33 11
-5 -56
-153 -39
47 -71
36 -87
-37 -12
-65 25
-23 -19
99 57
135 25
-111 -56
-61 6
56 -20
57 44
43 47
-8 16
-150 -183
-27 -211
-41 -75
65 -69
-125 20
184 75
28 -54
-48 -119
-74 -42
3 106
107 -28
-153 32
-30 -87
-107 -55
101 -53
6 17
-131 -63
-40 0
193 -55
-64 -60
-42 -80
-105 -81
-155 26
11 38
-120 21
-60 -49
64 -46
29 -112
51 -44
106 -139
36 24
-58 51
-169 -54
-84 -20
28 -5
103 -36
36 139
-77 23
82 23
-51 74
-63 -17
-76 -74
137 -167
33 -19
-29 -142
-8 -209
43 -70
-103 -22
-146 5
16 -64
161 -40
-107 79
-44 61
50 4
-3 -137
64 -31
-102 -57
-106 -18
18 -55
129 -39
73 -43
81 14
-52 -26
-235 23
14 70
24 17
12 -15
-185 -26
-41 -59
86 -46
173 -37
-36 7
-3 -61
-45 -78
16 -146
35 -84
-20 -19
-90 125
-96 -39
-30 15
110 31
-7 65
21 55
-36 -60
-35 -108
-64 -131
0 -115
165 -37
160 -40
-185 168
-158 -40
100 -105
178 -167
155 -53
37 -29
-167 15
-11 -31
-12 -76
-114 -47
9 104
60 70
-27 -9
1 -64
33 -20
13 -48
88 -94
-170 -110
-105 -99
24 -6
91 -36
105 44
-33 21
6 28
-34 21
-26 3
-36 -34
-17 -5
-1 -90
-34 -137
6 -128
86 -117
38 -39
-131 73
69 88
-32 76
-119 -72
32 -83
42 -53
-39 -46
-71 -92
77 45
117 6
85 -29
-206 89
61 -175
31 -89
3 -133
18 -102
-15 -23
-132 -3
-60 -67
-1 -47
3 13
228 74
17 45
-76 123
-19 29
-8 -122
16 -56
82 11
-17 0
67 -73
29 -32
-24 80
-66 -85
2 -29
-57 -146
-45 -33
-145 -64
102 -19
29 -39
-79 -86
-57 54
13 46
44 33
-9 66
-18 -76
-51 -173
-78 -47
50 -124
-43 -13
-70 -118
3 11
-29 -77
-156 -48
59 48
-65 11
-118 -33
45 -3
130 -31
5 -135
59 -35
-120 -5
-29 -46
122 -10
-94 -114
-9 -93
-133 0
243 -34
39 -23
57 -10
33 46
80 27
-8 -17
-100 -7
-170 -42
-60 -27
169 -17
81 -37
-102 -56
-59 -64
137 102
-64 -20
-37 -71
131 -65
-66 -54
-16 0
-110 32
-74 37
25 -21
36 -41
-60 -29
30 -51
67 -94
-101 -55
-188 2
-52 71
89 -42
150 -32
109 -89
-24 -78
29 -30
87 5
-54 87
-88 93
3 18
40 -41
-111 -107
-164 8
-61 -41
75 -55
108 -61
-42 -48
46 -26
43 -1
-102 30
-150 -18
6 16
165 -23
-44 -69
0 -16
-110 -102
51 -95
-66 -45
16 -33
-131 0
40 52
98 -7
-19 22
-129 68
107 68
-41 -25
-62 -20
25 -108
147 -221
46 -152
-173 -146
-27 25
32 87
3 83
-16 44
-102 51
-56 -44
48 -117
16 -50
-76 45
-74 -35
69 36
74 12
-11 -8
-15 29
-70 -75
-53 -69
123 -69
19 -143
-39 -126
124 -85
-56 -108
-115 -30
-25 27
19 112
15 110
-73 106
-184 79
-69 125
52 -48
25 0
45 -37
75 -91
-76 -6
-118 -99
-41 -36
42 34
-39 57
30 -63
65 -23
-65 -48
3 -7
-77 -38
-61 -19
17 -2
56 -35
2 -8
-87 42
-68 -74
-54 6
104 7
106 30
-52 -19
77 -53
36 -149
-81 0
-119 42
-46 -49
116 -134
4 -131
-77 -72
-3 39
4 57
-19 93
-116 70
-58 97
11 1
36 9
103 -103
-44 25
-92 44
-23 -67
-23 -67
82 -182
-5 -21
-68 -44
16 44
-48 0
-77 -16
79 79
-58 -53
49 -64
-68 -31
-131 -16
-38 67
123 63
95 46
-138 -47
24 -68
4 28
-93 -27
18 -39
140 -97
64 -53
-120 -81
-73 -35
-98 24
-111 15
52 -73
-14 1
18 20
-15 26
101 94
-60 66
174 -52
48 -71
61 -8
-70 -47
-70 -150
-93 -149
-109 15
-74 41
47 64
-4 47
0 -6
39 -57
-116 -18
15 -5
145 -3
43 -7
-90 -26
-108 -95
31 64
31 -10
-47 36
-28 -50
168 -73
25 -32
-26 37
-81 36
-29 -83
-46 78
-13 -10
41 -62
43 -70
-3 -59
-112 -78
69 46
44 -39
30 73
5 57
5 60
57 -50
-32 -111
-80 -136
21 -1
-63 25
9 -28
20 -5
78 19
-66 -1
18 17
-4 -59
-58 14
-73 37
79 115
42 -94
108 -97
-54 -48
-81 -46
-22 -41
-1 39
41 37
-5 -2
59 66
-8 -33
-18 -65
7 -11
79 -20
-21 29
51 59
20 66
-62 -14
67 -111
-46 -69
-21 24
-22 -27
-53 -100
-52 -34
-44 -54
106 -30
40 -44
-65 33
-21 27
33 113
36 -53
-74 -23
-203 -25
4 -66
155 -59
222 -18
-180 -60
90 13
74 -12
-116 -6
-51 13
-73 19
27 -57
67 -18
-23 -115
-7 -52
-102 -20
-89 -114
-85 -35
71 69
26 151
110 77
-59 25
-23 -72
-83 -79
16 -16
26 57
-39 112
0 53
40 -31
31 -54
38 -13
-43 55
-76 104
21 13
83 48
-50 28
-5 -13
76 -142
5 -72
-118 -73
90 -6
-129 7
-46 84
134 78
110 31
-22 -107
99 -125
-20 -72
-182 -113
74 -26
50 -29
87 -30
-18 106
-144 64
-68 89
2 106
70 64
-69 -25
23 -107
-66 -115
-106 -62
42 48
-74 -42
13 6
-106 -87
42 -106
5 -37
-80 122
4 183
12 73
-8 -26
65 -68
66 29
12 6
-7 -34
-77 -16
-73 0
-20 90
79 -38
11 -81
-30 -43
3 18
12 -8
-32 -44
-58 29
52 53
45 78
-108 118
-82 -74
27 -17
261 -14
-4 -30
-251 14
8 -2
84 -14
-31 22
31 -4
-8 62
8 -6
-79 -100
-57 -125
50 -73
0 79
54 75
4 41
65 27
26 51
-93 57
-27 26
8 31
36 224
9 51
53 -165
26 -211
-18 -202
52 -72
-20 59
-11 33
-29 79
130 11
-72 -27
-12 -65
-98 16
114 72
48 66
-59 -92
-171 20
-26 123
67 53
106 47
72 63
-31 57
-141 -96
67 -119
-111 -78
20 -48
66 -69
14 -28
13 43
-71 -131
-16 -101
-8 -38
-42 -28
-6 -7
18 108
4 54
-19 41
-69 4
45 6
0 47
69 -23
-31 -10
15 -45
-42 -34
-13 -18
-25 60
20 -13
44 -127
9 -91
-73 14
-26 54
15 45
-7 -76
-98 21
-35 99
-50 84
5 44
-36 -48
0 -91
-27 -17
29 64
137 -23
67 -15
-29 -16
62 -42
-159 -76
-92 -101
137 65
40 -5
9 117
-42 59
-69 -50
-43 -114
30 -143
-64 -1
41 30
61 18
82 58
49 26
-25 11
-19 2
-65 1
85 -52
-13 -39
-43 -106
60 -83
30 -25
13 -41
35 50
16 46
-152 -27
-72 -53
-48 -2
28 32
0 19
-54 -1
-66 23
0 0
-23 4
11 22
5 -35
-12 -25
28 87
-25 49
-95 -5
19 -41
45 -56
20 -9
-43 21
-97 23
79 -53
69 -42
39 -43
-38 40
-51 81
-106 -27
-18 -8
-18 -24
64 29
2 109
78 -42
70 83
-94 20
-126 -63
25 -48
-120 -204
18 -44
78 -24
14 116
-41 34
4 4
-13 -29
20 12
-37 51
-39 72
-36 91
3 0
27 -113
4 -138
-32 -13
-45 38
-40 -71
154 -32
-35 38
2 68
61 -42
-64 -65
-117 37
39 -4
-7 41
24 -36
35 -148
-31 -19
18 -12
19 46
78 31
-33 -4
5 62
-165 38
-53 0
104 -19
13 2
-58 -38
44 -9
-80 4
-26 -17
-42 -32
-37 37
33 104
-15 68
59 84
-36 86
13 30
-90 -107
24 -77
76 -173
-47 -103
-25 -5
122 6
14 69
-11 37
-96 35
20 -41
-93 -46
61 14
-48 58
-26 8
50 8
8 14
-68 49
-47 -79
-35 -77
-59 36
56 39
-24 119
3 122
-45 -44
49 -133
-20 -154
-66 -142
25 -19
-5 25
-77 45
86 15
100 77
18 82
-70 -26
-2 -84
68 -60
-51 61
27 103
75 100
-42 4
-116 -103
-62 -95
-13 -61
8 -1
-38 65
34 64
-21 7
12 67
30 -63
51 -115
6 60
12 2
11 4
-43 37
95 8
-73 110
15 -69
107 -45
-62 -85
126 20
-80 -24
-116 16
86 41
117 38
136 169
19 -23
-30 -69
16 -164
11 -64
-17 -17
-64 13
-118 115
24 52
-44 -34
-10 42
-28 17
125 1
-10 -56
-53 -29
-15 39
28 72
27 -47
-59 -14
36 -40
72 7
-97 59
-191 43
55 99
106 93
62 -22
54 -91
-147 -67
97 -60
-20 -39
-25 -32
-52 23
-108 17
170 14
103 8
-7 -43
-75 17
-12 73
19 76
6 -6
-61 -9
-116 -72
78 -43
57 -96
-50 -38
25 0
-76 22
-39 38
-27 55
-47 61
28 76
-43 -22
-107 27
-36 -29
32 1
99 1
47 -27
-101 -6
-95 137
49 43
-54 -19
-4 2
144 37
-95 64
-58 -17
-23 32
35 -69
-28 -59
-36 -75
123 -74
55 -71
-113 -73
-106 5
-5 44
40 147
37 -16
-105 -26
20 -124
41 -51
0 18
-97 39
-39 34
-28 -33
95 21
44 -25
2 35
11 -42
-25 39
0 -111
32 37
-41 38
-86 96
-55 38
0 -63
-25 -60
37 -86
-25 -38
55 17
-108 57
-37 55
-17 -81
62 45
-9 30
36 79
1 115
-41 -15
-23 49
7 -64
18 -35
121 -93
30 -106
-77 -52
-18 -57
-36 36
-30 75
94 81
-8 91
-13 36
-52 11
-22 -73
34 -138
4 30
-5 -2
-74 -85
2 -31
-36 -67
-55 -55
115 40
4 99
20 -10
-55 -8
-13 -70
42 -19
17 29
-9 75
-68 158
11 23
12 -125
-23 -122
-65 -40
-30 31
13 41
46 35
-16 20
17 87
36 -2
-4 35
55 63
-72 48
-20 -45
35 -41
27 -26
-3 -33
-38 -10
68 -70
-83 15
-92 43
-8 26
2 22
-33 156
-48 39
-21 -42
-24 -74
99 -62
-3 -24
-83 12
-65 38
156 -26
123 -41
-70 39
-210 41
-4 89
96 35
8 38
-73 53
-29 98
160 -107
-29 -99
-55 33
-15 -92
-11 103
0 41
47 51
0 95
-128 35
19 70
24 -77
-58 -39
1 22
3 124
-23 9
-30 -38
37 16
-15 54
24 -16
-35 54
32 70
15 1
-24 27
5 19
-24 96
11 43
-21 -36
-1 -104
12 -11
24 77
-94 163
-65 -87
31 -31
161 50
41 -14
-25 -23
-18 -43
109 29
-27 52
-197 71
0 -4
115 39
40 -11
-195 24
-55 16
31 8
17 91
61 117
-29 31
143 -46
61 -104
-68 -10
71 12
-55 -13
-60 0
-135 -16
61 47
-91 -93
63 -30
124 -1
-3 63
32 82
61 18
39 21
-55 -17
26 -59
-8 62
-2 -50
-43 5
22 -46
-94 -81
7 107
-33 59
-29 37
14 -25
56 -30
-74 76
39 39
-2 -78
17 21
-2 39
3 62
-27 64
-48 54
67 50
57 -56
0 23
76 56
13 93
84 43
-38 -64
-12 -81
-90 -15
-29 72
83 22
67 90
0 -30
-23 -90
-17 -30
-49 -44
11 3
109 64
1 69
12 50
-35 22
-54 -61
-19 -46
-4 -61
-9 -7
-2 182
55 1
33 -40
14 -73
24 -102
-65 -43
-90 -23
56 62
-14 55
-30 42
64 -41
-30 -34
30 -47
56 24
-35 48
-30 46
6 82
95 135
-56 4
4 39
11 -5
34 0
-14 72
-47 -18
-56 28
-76 66
68 -63
86 40
-8 -34
-32 54
-58 16
-19 67
-33 35
66 -18
8 14
24 -77
60 -93
-52 -3
-46 44
55 74
-54 127
18 108
34 64
-17 -52
23 -55
-8 -31
-34 9
97 45
-32 26
-6 0
-1 -159
28 -31
41 52
0 2
-10 12
3 67
72 59
30 -2
38 -17
-95 -11
47 -59
123 -60
30 44
58 65
-22 82
-130 36
-41 -2
135 -2
296 3
2 -9
-193 109
-97 22
-55 -2
121 -131
56 -34
-35 -57
51 90
-39 86
14 -89
-93 39
93 70
65 12
-86 -56
-3 -81
93 35
21 13
36 -44
-99 82
-9 3
-11 -66
30 53
-18 69
5 11
26 -60
51 33
-34 -102
35 34
17 44
-13 17
18 147
-43 98
4 64
55 71
-23 31
-15 -75
-10 -103
93 57
-49 -95
-106 -46
70 17
13 -15
56 29
23 63
11 131
88 35
-16 84
-77 101
-26 -43
56 -39
108 94
-25 44
-31 -163
-37 -76
-72 0
-15 -67
-81 -80
57 18
149 108
112 51
19 47
-57 -53
36 12
24 41
-60 47
33 -27
-45 5
85 175
-188 92
68 27
-19 28
87 -113
-9 -127
14 -28
-120 103
84 14
31 -91
-86 -80
41 25
-44 173
-31 211
54 76
34 101
96 83
37 14
-115 -36
13 -94
119 6
-30 -42
-81 18
-61 73
62 -55
111 -26
-37 -100
-63 -19
-42 65
-14 -42
68 15
-33 18
-54 49
145 81
-32 55
18 18
-8 -17
59 35
20 -36
53 -91
-35 -3
28 113
31 68
-28 19
0 7
12 31
13 84
-9 -19
-16 -115
79 -107
-21 -47
63 6
28 5
30 90
9 91
21 40
-27 70
-22 97
21 90
0 63
6 44
57 57
-36 -14
-99 -117
23 -152
58 -119
-21 -19
13 32
156 34
7 60
-150 76
-64 -37
-35 77
-34 61
8 176
75 121
17 61
-13 -32
-46 -138
-1 -165
-8 -154
89 -14
75 -4
16 36
-38 143
-31 91
6 40
68 34
-38 -42
-27 -96
6 -68
-13 69
-13 46
-19 -19
21 -8
120 19
-26 59
-49 48
21 105
6 85
-38 -26
-6 -61
39 24
47 -10
14 -33
-61 -122
33 29
-2 49
33 -31
40 -37
-8 16
-38 85
-58 68
-67 14
188 -39
45 -4
-52 27
21 -33
65 78
-56 43
-18 -55
-52 -44
-37 -32
-72 14
26 -38
76 71
60 124
-2 45
17 86
26 57
-88 36
-4 -25
-45 6
93 -20
-33 -9
-46 24
-18 6
77 5
148 -6
36 -32
-59 -25
-15 48
-5 46
-21 73
-25 27
130 -41
153 -37
-44 -93
-37 20
-52 24
33 -51
2 60
-51 -18
76 -13
44 33
-109 72
-35 7
28 81
16 96
39 25
5 6
32 -73
8 -74
-62 -54
-27 -70
67 -12
8 87
66 70
47 -6
35 104
26 21
-10 51
-65 77
38 0
69 56
84 28
-24 27
-29 -77
29 -106
71 -68
0 87
-111 96
4 0
1 19
16 46
-99 41
13 -61
12 -8
26 -33
-9 57
-10 56
89 -23
27 -46
-37 -19
2 -6
41 15
-82 35
76 30
-93 -29
73 28
33 28
14 63
83 33
-56 -64
1 -82
-131 8
-15 54
-46 49
8 24
52 -18
-27 40
3 -49
-7 57
-18 -27
2 57
-106 112
-47 -31
8 0
37 -12
34 0
3 21
12 -14
19 7
-21 -14
17 -46
55 -90
16 -61
-50 -67
22 116
61 6
-72 -54
-12 48
17 27
-21 101
9 -42
-33 -68
-6 -31
-10 7
99 5
-117 83
96 52
-76 -26
24 -33
145 12
29 32
-81 52
-80 33
-6 -1
26 117
103 -63
-57 -135
-17 -118
-57 -26
101 2
70 53
-58 -63
-62 -54
30 72
26 -12
35 -82
-125 94
-87 204
67 29
72 -7
-19 -42
-43 66
26 -66
97 -40
-29 -50
0 55
2 49
57 -25
-12 -90
-19 -39
-6 49
-51 -22
71 -60
3 -8
-37 -16
45 115
-46 98
-7 -2
26 2
-15 33
-26 2
-5 -10
54 -45
41 -138
-32 -131
-57 -98
-5 4
29 96
35 111
8 46
88 32
51 75
25 87
-32 51
-100 32
-81 16
73 24
60 -24
40 -58
69 20
14 49
38 0
59 -94
-50 -12
30 -15
-79 -42
5 -55
88 31
171 -13
-96 20
-111 11
45 -87
-16 -71
52 -45
-74 -47
25 5
-3 68
50 78
-32 -48
45 26
32 63
50 -51
-57 -96
31 -82
7 -35
12 12
70 40
-34 25
-13 -152
-62 96
-35 99
92 99
93 91
-13 53
-125 15
11 24
3 -10
67 -65
-12 -64
53 54
-1 74
6 -17
13 -14
3 -21
-11 -38
48 -26
-28 4
-142 -38
20 25
12 100
113 117
-36 -25
18 -56
58 -44
64 -29
11 -18
-98 -59
22 12
70 47
-44 56
17 -35
0 47
-2 -1
-3 90
77 82
24 34
-26 -43
-46 -181
-33 -78
77 -9
13 110
75 50
21 -41
9 -20
28 74
27 30
67 -3
-32 -28
5 7
-58 24
86 19
8 -98
-23 -87
-29 103
18 66
48 -38
89 23
-25 -19
-103 -32
-19 22
61 -14
-77 41
8 11
-53 46
85 4
22 21
-14 -21
48 17
2 -33
-106 2
91 31
89 -104
55 -30
30 64
-59 28
73 6
37 2
-7 -64
-33 -4
-49 -6
-95 -14
26 22
49 95
14 -82
-42 -77
38 41
50 -44
8 8
61 32
-15 2
6 -68
-40 -66
-10 108
-11 27
63 41
-18 -44
14 -14
13 32
-95 -20
11 -53
58 -105
19 -61
-112 31
11 61
45 50
245 40
-135 1
-87 86
-6 109
-23 14
-20 -16
78 16
35 11
38 -35
37 -40
-17 -48
-77 -62
22 -49
5 -22
67 -10
12 49
-27 58
-25 67
-18 39
-19 -11
7 -23
67 -109
11 -93
6 0
3 13
37 -22
-47 -50
-24 2
-2 -22
4 89
11 130
-8 27
-139 -13
6 127
-82 49
-24 79
-29 30
1 64
-59 -42
-29 -4
51 -41
-56 27
-5 -1
65 -66
-59 -35
-84 -9
16 -3
79 33
51 68
-84 -49
-17 66
101 60
67 4
-69 -90
-1 -18
33 3
-83 -27
-15 31
55 14
47 -84
-38 -41
-121 -2
-5 11
49 17
70 20
-8 24
-65 -18
-35 -48
17 -58
0 -89
29 -21
35 -38
57 -5
-7 107
-39 111
-2 102
142 75
-6 -70
4 3
-7 -55
19 72
47 -3
0 -23
18 -52
3 54
34 49
-144 44
5 1
86 39
-35 76
-42 -7
-62 -35
7 30
27 -35
-70 -39
48 -47
161 31
-83 76
-79 6
61 23
115 33
0 41
-99 -11
-102 15
-147 -63
34 58
30 84
108 -6
9 -12
19 -107
16 31
-70 -66
-65 41
33 23
33 9
-133 12
-3 93
-26 50
15 9
-19 34
-13 81
-29 34
-36 -12
40 -20
22 -36
-1 90
-28 21
-14 -59
37 27
-79 27
-22 28
0 -1
-86 52
-31 72
-2 88
-42 51
4 -15
110 -135
-74 18
-64 36
126 -3
41 27
-9 -108
-34 95
3 74
82 7
-193 1
-64 20
24 -5
-67 27
-72 92
-6 -7
-16 -17
-37 22
32 94
-3 30
-16 -20
-54 -64
12 -5
-1 17
99 34
23 -75
-32 25
-78 12
32 -9
22 -37
-76 38
-24 89
1 86
-38 33
22 -26
-92 42
-99 -15
154 71
159 9
36 35
-56 48
-1 -4
-66 -84
-11 8
-46 -39
-43 -64
-91 -49
-43 57
75 12
-16 -21
11 42
-108 59
18 24
28 18
51 31
-65 -13
-4 48
41 54
-8 -20
-35 -93
5 -14
-72 26
-11 39
-13 1
25 70
37 72
26 11
8 39
34 -16
-44 -33
17 -93
-4 -22
77 -23
-30 68
1 27
13 -60
-47 14
-23 16
4 62
-59 17
5 -28
-32 -4
42 34
43 0
14 -61
17 -19
-48 -6
-8 -29
34 -12
30 29
-1 -28
-5 90
12 -13
-28 -36
-36 28
-65 -29
0 13
53 31
81 34
-82 37
-18 38
-75 51
85 -69
-36 56
-15 1
-66 16
-11 3
72 76
99 35
-77 -5
12 -43
-50 -39
1 31
-83 2
12 66
186 23
139 139
-12 -20
-26 -36
14 -44
33 -11
-55 15
-8 16
-23 -102
-57 92
-13 8
9 -49
14 -2
-59 24
-13 3
-50 15
14 -33
11 48
11 47
24 2
-4 -1
23 -9
-30 -63
0 0
-10 33
-21 -6
34 17
-1 13
3 0
45 52
-17 2
-61 -19
36 -27
-170 1
109 29
-39 -53
-28 37
-28 -66
-56 -19
41 -23
-27 23
2 14
23 33
-58 54
43 -82
-33 -6
-84 -56
-23 16
-67 -41
-45 -3
-5 47
-125 -55
17 -2
2 24
-9 33
-93 -154
-3 -18
28 14
-51 29
-93 31
54 -46
-78 4
-15 15
42 -50
96 -20
-134 63
-84 70
-105 93
44 -52
-98 -61
-47 -35
41 46
52 -33
15 -13
-20 4
-51 -12
97 -21
-20 32
-64 -20
-36 82
83 -34
152 43
15 7
-11 -10
-104 12
-106 43
-91 -35
-35 -14
201 -51
85 39
-188 -32
-248 12
52 -12
255 51
118 -13
-334 -17
-94 -18
410 34
152 -16
-132 -17
-61 -3
-149 32
-463 -22
-285 -68
142 -13
419 9
35 23
-40 -6
207 -5
320 28
87 69
-429 -24
-61 1
334 -5
98 42
-215 54
-555 -1
-341 58
129 -23
79 -24
409 -8
7 -3
-303 -28
-498 -37
191 19
301 31
-77 65
-181 20
8 1
-32 -12
414 -56
176 -28
-399 -9
144 -23
24 63
-105 3
-67 -13
80 -7
8 -2
-30 -4
2 -34
-90 12
-189 -14
-45 37
316 18
96 -65
-146 -1
31 -19
139 -7
-44 -21
-227 35
82 36
201 4
-130 2
-112 -9
115 33
-80 -98
