-116 110
57 -10
166 -22
84 -149
-68 -94
-178 -8
39 9
252 43
50 -46
22 -26
2 65
-30 65
-87 63
-61 64
75 80
-28 53
73 -27
23 -111
-4 -47
110 -71
19 54
-98 140
-38 144
-23 12
23 -104
80 -151
0 -35
-63 -103
158 -26
-36 26
22 161
-127 109
-95 78
145 84
194 64
74 -1
137 45
5 44
-213 -26
-29 -58
127 -19
83 -112
28 28
9 96
157 15
37 28
-127 16
-99 43
42 106
118 -38
37 -58
14 -62
-63 -88
-56 -10
-56 63
122 96
-114 113
-11 3
135 -115
113 -16
-156 82
-80 98
31 37
-32 -61
-35 -31
130 101
92 94
-117 -11
11 -17
-2 -29
40 8
2 15
79 50
-40 60
-92 -9
19 -28
-8 -104
41 16
-38 113
100 108
133 80
-77 119
-177 51
-1 -34
-64 -98
220 -60
125 12
-80 -73
-194 -88
-13 -42
58 79
-52 61
59 -14
147 -10
-107 -6
-54 43
-16 24
17 33
-15 38
-169 119
142 142
168 12
-11 -95
-120 -108
78 -71
89 38
-33 7
6 66
36 37
39 -50
-31 39
30 1
-91 17
81 -39
69 -13
-19 -18
-7 33
24 155
-32 40
-54 -27
-8 115
158 -76
-118 88
-117 -18
-78 100
59 50
138 50
-11 -39
-67 -25
-2 -1
-19 54
-85 62
-39 -32
83 34
74 45
50 -6
-18 4
-21 -37
34 5
28 92
-49 208
-11 41
-109 -49
-55 -134
-18 -180
42 111
-70 -27
18 -126
-107 8
168 92
139 159
-45 197
0 102
-71 -180
28 -132
177 -59
-75 -150
-148 19
-121 82
7 122
180 0
65 39
-117 89
53 66
48 92
-27 82
-115 44
-15 -113
134 -151
-34 -58
-36 31
40 42
-41 -12
-24 -8
-89 46
-44 213
71 -73
88 -76
55 -15
-76 84
-24 33
12 61
-10 -14
86 18
0 -70
204 80
31 90
-77 96
2 -50
25 -51
40 96
87 94
-43 -38
-2 -69
-44 -56
-96 -18
80 23
37 24
-162 26
-53 41
65 90
-21 105
-74 51
54 -39
-54 43
-80 75
171 -73
69 -77
-160 -101
-38 -1
229 -16
33 30
31 38
-208 -15
21 57
-4 90
59 30
54 39
83 -40
-38 -80
-52 105
57 -17
166 -56
-49 -25
19 31
67 130
-132 7
-106 5
34 0
218 -60
119 -26
-34 -6
-148 81
-18 54
8 9
-45 15
-27 -55
38 68
1 -1
-108 18
-31 7
30 41
21 -31
70 97
-18 17
49 -45
53 51
-21 114
78 87
-83 145
-76 -51
45 -119
-26 -8
29 -32
-19 -21
-28 82
-46 23
81 35
-160 -28
-27 -89
-34 -39
-9 -7
51 15
30 -9
118 -20
-60 67
-102 39
53 38
85 40
-65 43
-61 2
86 -54
75 -37
-9 11
-89 34
9 23
-14 -27
1 -4
115 115
18 59
36 53
-79 -27
86 -65
-64 -27
-84 -66
6 -27
-53 -57
-82 14
57 87
19 65
22 -24
-37 15
-108 59
-1 -7
0 90
-96 78
83 93
11 79
13 57
-23 -9
43 -4
4 15
-90 61
-60 9
42 106
99 -51
-8 -58
-30 18
-48 71
-97 155
-122 93
63 72
184 -24
-127 20
-47 -5
55 -22
-17 53
32 72
-104 92
-44 65
31 32
-57 -8
136 8
-53 34
-102 39
-58 -2
-68 -44
62 47
-25 71
36 4
17 2
-18 -8
87 157
-37 122
-10 47
-82 6
112 1
0 -23
-79 33
-11 85
20 -35
129 -81
15 12
-36 93
73 -1
-101 86
35 157
56 -35
78 -101
-26 119
-97 48
13 8
-121 30
80 102
14 72
-67 74
63 27
33 13
69 58
65 64
22 30
-40 -50
-41 -50
0 0
88 118
-32 91
-9 103
60 82
-136 51
6 -1
137 11
71 14
-15 81
-105 102
8 24
-71 18
51 -78
-69 20
30 -2
-15 42
17 30
101 1
-111 51
24 44
35 79
-87 92
60 123
24 141
-52 124
-10 -19
-89 8
-44 -24
128 75
75 -65
-8 30
-175 38
46 53
-148 83
159 104
82 29
-25 40
-29 78
-5 -35
-19 4
-88 42
-44 5
1 68
-41 72
44 76
216 63
42 57
-108 44
-50 107
-13 18
59 -2
19 20
-4 70
-52 64
-30 53
-140 45
-16 39
170 17
62 -17
-136 9
-44 35
144 83
100 40
-66 -9
9 21
-55 1
30 68
15 50
22 21
13 71
127 69
31 102
-162 84
-60 11
9 87
1 62
73 57
42 -22
-1 44
-154 -1
-33 9
-113 17
-27 23
-26 7
18 42
27 18
-13 84
36 106
-61 65
-40 27
47 31
-98 40
-71 92
30 41
92 7
-74 113
-44 58
79 48
50 58
-36 81
-43 0
-42 58
6 -17
-33 -21
-73 67
40 72
-40 3
-32 -8
22 43
22 81
42 6
-47 -54
-2 16
109 39
45 42
-49 0
-23 9
-2 48
-1 38
16 51
-15 27
-43 -2
-3 -17
-3 -36
38 -30
-19 18
-44 -90
11 -130
-19 97
7 94
60 96
60 33
-31 -32
-88 58
-64 81
-31 -29
37 -108
74 -20
26 79
59 80
-122 -73
-43 63
2 75
111 -50
20 -35
-44 -39
-70 13
107 56
31 62
-67 6
-79 27
-4 17
24 -60
-22 22
35 34
39 15
-50 4
-82 -20
-44 2
-1 49
71 86
37 47
-15 81
0 92
-8 51
-39 -14
-29 -46
-44 -18
-27 -32
6 -125
-27 11
73 6
56 66
-31 40
55 39
59 -28
-15 12
67 -1
71 40
-103 -56
-1 37
-33 80
-59 -3
-63 27
50 16
33 22
85 8
-14 -22
-67 17
-110 55
64 -39
55 1
72 -6
15 45
-14 -9
-29 78
62 83
-53 -28
-32 73
-115 28
-54 -17
99 -4
84 -61
19 -4
-48 -4
65 -21
82 28
-16 22
36 0
-105 4
-35 -4
44 22
3 9
9 8
32 75
7 20
-64 5
-82 -18
121 35
-27 3
-10 73
-79 -22
42 12
106 95
-88 49
-23 34
-49 37
57 -52
32 -35
-49 1
36 -6
93 54
-53 -27
16 71
-86 1
60 18
-32 104
43 55
157 41
-24 -11
24 -50
-82 -27
7 0
53 37
-25 13
-32 0
-27 -38
62 71
95 100
-50 53
-70 -44
-21 -39
15 -34
88 -5
80 0
51 70
-92 12
-35 55
-44 19
11 -64
30 -23
-57 -88
9 51
-28 30
51 17
-34 -20
-45 -3
-104 -20
-27 99
63 0
99 27
-7 97
54 -5
74 72
16 49
-69 44
-80 73
62 81
58 -50
73 -23
-40 -13
-37 61
-68 3
-181 -36
-64 9
-36 58
-9 63
1 -19
-26 -36
53 0
-28 15
-77 24
-9 -102
-3 62
3 29
15 -42
69 6
30 -15
-85 53
-16 35
-112 -8
-7 5
64 24
69 6
4 18
6 39
-24 -9
3 84
48 89
-8 2
-97 19
1 -5
45 29
67 5
47 -32
-23 70
-5 0
-6 -51
18 -1
-27 5
-29 -46
-29 -35
-2 16
-3 38
-19 -25
50 46
-26 14
-62 -34
17 -65
-22 -6
104 -37
38 -125
18 38
16 21
52 44
-20 1
-29 -4
-32 56
32 25
49 121
-49 85
21 13
30 28
1 -43
-91 -14
20 -13
-8 14
-14 -86
-103 -9
61 47
-42 -13
34 -2
-85 26
59 31
-104 5
-52 15
135 -2
47 -13
-202 76
-29 61
-13 50
1 -1
71 -33
62 -12
-57 42
-11 28
1 -38
37 12
-65 1
-54 13
-57 -55
-22 4
14 34
37 74
13 7
-9 28
-22 4
-71 12
-51 57
-82 17
5 -48
45 -19
-30 -34
-6 12
-1 96
16 9
-17 39
-101 -9
-34 8
22 34
-69 -18
-54 -19
72 -42
44 56
50 -5
-65 29
-114 95
-113 11
77 23
66 -50
17 44
-43 54
-86 67
-97 0
-132 0
145 59
27 -66
-86 -6
-115 -13
-44 41
9 24
-49 13
-1 -3
-68 50
47 40
93 17
3 -19
-139 -25
55 69
-1 41
-93 -18
8 14
-62 32
-43 -37
-50 -66
18 -22
-40 1
29 87
20 75
-59 12
-33 -52
6 -6
72 15
-113 66
-32 67
-91 13
99 -142
28 47
-33 17
-27 -95
-58 33
43 7
0 -2
-31 81
-53 -4
-22 -48
-68 -19
5 -27
101 90
119 -87
-89 -41
46 24
-6 21
53 -22
-111 -15
-30 -4
-28 -80
-15 -20
47 -22
-83 79
-115 -3
19 8
-134 1
-10 -21
5 -52
131 91
36 -50
-38 9
-12 71
-95 -65
40 8
-33 17
-76 -66
-103 -9
13 -28
24 43
-3 28
44 21
-5 34
-30 -15
59 -8
-29 -2
34 31
-30 -69
4 9
0 55
-55 13
-8 7
7 22
28 -39
-16 -33
-12 -146
-38 -38
19 51
13 144
61 38
-55 -6
-99 -34
0 -67
121 -6
-10 11
-14 -20
18 -18
-35 88
-59 33
-28 6
21 -29
-7 -17
24 -10
23 18
-43 43
-25 -54
-43 2
17 22
-56 -13
0 19
30 -27
36 0
-33 50
-36 52
-42 83
-49 20
-63 -115
1 -48
28 -52
31 -72
-38 -33
-17 -2
51 83
32 98
-51 5
-6 -68
2 -13
14 35
-68 0
-9 8
29 12
-104 -7
61 2
22 -28
88 38
-1 4
6 22
-49 38
-36 16
60 29
-57 5
-65 -73
107 -46
-48 3
33 -17
-37 -1
15 -5
21 -120
-80 81
-34 26
4 26
-32 24
-58 -47
26 16
-28 -43
40 16
39 -53
-24 6
-32 -79
-120 -79
6 -7
-12 -31
8 16
-24 15
-20 61
-15 35
-17 37
-17 -33
128 -55
-7 14
13 12
-19 -56
-65 45
-3 23
-7 11
-36 -26
-44 3
39 -14
-12 12
-7 28
100 -25
52 65
-59 13
-41 -15
19 -29
59 5
44 -16
-65 -5
-32 -31
-64 -13
-35 -16
0 -110
-97 7
118 8
48 -1
21 9
17 63
56 131
-82 34
-112 -23
-39 -68
16 -9
31 78
9 -50
-102 -63
-100 96
-52 -58
24 -36
-77 -46
-1 35
-100 -34
-15 71
24 7
36 0
2 8
-63 8
-38 -20
75 -43
-35 69
45 58
69 -43
-75 11
121 -8
19 -2
-137 -35
-53 -12
-3 47
108 -19
27 -36
19 8
-62 2
-160 -4
6 14
97 -2
-4 -6
-33 -64
-8 -70
-98 -63
2 39
96 57
55 -26
-84 18
34 -61
79 4
13 40
3 29
-75 -24
8 24
-88 17
48 -8
-25 27
-15 -22
-3 -28
-8 -19
14 13
1 -24
-4 -39
-80 30
-120 68
-24 -13
20 -25
79 -36
20 0
-115 -1
9 13
19 24
-31 13
-22 -89
-96 0
-62 -25
-38 -46
-17 -10
-11 6
-15 16
16 -21
-19 4
-88 36
2 1
-11 19
65 8
0 28
36 36
36 35
-67 26
-10 -20
36 -14
-6 8
-30 -8
-24 -53
-17 -35
34 -1
-43 30
0 38
-37 21
-16 -13
-25 15
-11 5
-73 -4
21 40
-9 68
-56 -8
-45 -55
-7 -14
13 -30
-57 -13
-54 -19
55 12
43 61
-37 45
-42 -3
8 -53
12 -9
9 25
14 -3
-28 -25
-36 47
-55 37
-33 15
46 -27
-9 -3
14 5
-42 8
-76 43
16 -14
-48 154
-13 -19
-87 -49
-42 -100
27 -116
-20 -97
41 -17
85 25
-77 125
-20 36
35 4
-2 -77
-14 -44
-43 -58
40 -13
98 36
15 7
-121 78
-68 22
-58 -31
20 -80
-12 -3
-39 51
-11 4
0 -19
8 -4
5 -3
-25 -61
-61 -38
-22 30
-70 29
-28 -50
-11 57
132 46
-103 -25
66 -41
109 -111
-82 -52
-51 -46
-3 -24
105 40
-23 68
-77 67
-61 36
-57 -14
60 50
-101 89
-26 -59
3 -46
-18 -34
25 -4
-89 15
17 46
79 -49
-35 64
-76 44
-11 -15
-5 45
17 16
-13 -6
33 -13
-52 -2
-64 14
28 -5
9 6
-76 61
64 -55
21 -30
62 52
-114 -8
-27 35
-92 15
-16 -56
-21 36
47 40
-32 26
8 15
20 36
-27 75
-112 -42
-18 -7
41 -43
-24 -12
-48 26
13 -14
26 -15
109 -26
-40 22
-7 -37
0 -47
72 -21
24 -29
-86 74
20 50
-46 11
-69 -1
126 -101
7 64
-37 53
178 17
6 -42
-43 16
35 -24
-52 -17
-24 -85
-41 -86
155 -48
-44 -2
-17 61
4 -12
19 26
-1 15
14 -50
88 -11
-24 48
24 1
13 14
-123 -17
8 62
-23 48
53 -6
-4 -45
-59 -38
-18 -54
25 -19
31 -2
45 27
-46 66
-44 -39
-38 -40
-117 -29
-33 -102
61 36
60 54
-20 2
-47 7
-51 50
116 -12
32 -53
20 -54
-7 -123
3 -5
-16 -16
-11 0
-21 78
-50 5
-22 7
14 -16
45 4
-44 -32
-6 -1
-44 8
23 39
-23 4
-82 -38
32 -43
41 5
-19 16
58 118
28 -29
40 25
-103 21
14 48
-12 -60
-12 -55
7 -21
33 22
31 -19
-30 50
25 -48
-11 30
-1 -16
21 -18
-70 -30
13 -87
93 -65
-1 19
14 58
12 45
35 7
-142 47
-30 27
28 43
2 4
1 36
12 28
-100 -78
-57 -28
4 -72
9 -34
43 -7
-1 -19
-87 74
-53 95
68 70
37 -35
-90 28
-26 -16
53 -108
57 -29
-71 -73
-13 -29
63 15
51 -11
-32 34
-45 28
0 -75
16 -10
-5 -152
94 -5
32 76
-123 1
-60 -28
-32 39
50 41
9 22
15 45
-13 -52
-8 -7
-32 17
122 39
3 -66
-81 -54
64 -16
49 -19
-55 50
-65 32
75 90
-41 48
-75 -1
17 -55
-3 16
74 -9
117 -39
117 2
-20 -38
-60 39
-17 28
6 -6
114 15
-31 -58
55 -82
-20 -79
17 46
69 -2
25 20
-38 -10
-63 45
-18 53
64 -48
63 -59
28 -33
-18 42
43 102
-27 91
20 -20
35 -16
75 18
-14 55
37 48
-14 16
-12 -61
51 44
-28 -20
-23 -25
35 -56
94 -1
-121 147
-25 -43
103 -89
-46 48
-10 152
49 143
27 93
33 71
12 -40
-66 -57
86 -101
-92 -107
-30 -61
33 64
2 5
-11 4
21 86
-19 33
68 -10
2 -51
8 -32
-101 24
-84 -43
71 -39
30 -24
57 35
33 -9
-11 -37
-58 33
41 76
20 100
-42 71
-6 -75
27 -37
23 -48
5 25
-50 25
7 100
6 18
-89 17
-61 -4
-17 -20
44 -23
112 -86
55 -48
17 80
-58 113
-75 50
-38 7
97 -16
35 13
76 0
16 -14
-26 26
-56 -13
-36 102
8 19
6 -8
14 -43
146 -45
-60 -51
-34 -52
-22 -27
4 -14
-11 93
-47 -32
32 -38
-40 24
40 45
-104 98
105 133
93 41
25 23
40 -63
-23 -39
-6 -33
-54 -14
-67 -7
36 -14
72 88
-1 30
-53 29
-51 -103
90 -42
69 63
12 57
24 -8
-51 6
86 -5
-69 -40
-27 11
-33 36
-2 44
12 39
-47 -78
0 -56
3 9
23 22
-76 38
-25 -46
-30 -7
87 48
23 -4
-23 -56
-122 -52
9 38
30 61
-14 -15
-21 -62
69 -56
19 -57
76 43
-36 -43
-64 -28
-32 -67
-8 36
22 43
63 36
65 0
-133 -27
-48 -29
-29 -24
-10 -47
-2 -25
31 24
50 -39
-84 -37
0 50
98 -30
36 27
-16 24
-91 4
4 -82
26 38
4 -18
3 -78
-40 -78
-5 -29
-2 -2
-77 78
102 47
25 -15
-49 -89
-8 -43
-18 -20
28 -61
93 58
9 -4
-8 38
-20 77
15 -30
18 -82
17 86
31 -71
85 -64
-59 -24
-70 43
38 39
64 -47
47 -87
38 -64
21 -8
-35 44
-38 88
-117 33
7 13
2 -18
141 -43
-15 -11
-138 -66
141 19
-118 24
49 15
-55 56
-24 49
-24 -113
56 -66
-16 -46
-22 -73
8 -65
70 -93
-46 51
-66 52
-5 -32
22 -103
14 -8
15 32
-12 -5
-6 -56
5 -43
-34 48
-40 35
14 35
113 -43
20 -68
-219 -57
0 -49
-45 -3
0 16
-66 55
75 48
47 -59
-9 -79
0 7
-29 -77
-24 -43
32 -128
19 0
-5 20
32 21
18 44
-28 89
81 -69
-14 76
-139 -22
-57 -85
81 -34
2 -7
-2 -92
11 -71
0 -33
17 0
-64 15
-93 -4
29 85
-10 87
87 34
-2 -77
-126 -141
-48 -65
-26 -87
16 57
30 1
-16 12
43 53
2 45
-20 73
-55 50
-12 -89
-16 -111
-39 13
54 -53
30 -29
-16 -13
-27 71
53 17
87 -26
-61 -14
-161 -69
39 -6
26 29
-4 18
-48 7
-66 15
107 -64
38 -30
42 72
50 46
-76 60
-13 24
-29 -32
-8 -36
-32 -94
1 -45
18 29
-89 14
25 36
-10 -111
-29 -46
24 -16
60 -6
-17 0
-113 33
15 -34
6 -20
-6 -19
63 56
18 -11
-20 0
43 -5
86 37
28 -9
-113 0
-63 -34
74 -34
19 1
-56 109
-3 -58
-33 24
-15 -51
-8 -74
-30 -11
8 -48
21 23
0 159
28 44
26 -18
-50 -54
29 -75
-18 -88
22 -37
13 0
-32 -70
40 -21
85 34
-7 57
-52 38
-51 -14
55 33
-29 24
-6 73
54 37
-4 -24
-39 -15
-30 -111
-7 -88
-80 -10
52 -34
96 3
31 6
-15 -25
-50 4
44 -13
2 -8
15 22
77 26
6 -48
43 -26
-6 -90
108 -71
52 -72
-23 -34
17 -18
-50 -5
24 -11
135 73
-27 62
-113 -21
23 -37
38 18
30 -39
11 -8
29 -19
29 -20
-73 -17
24 -9
138 -86
-56 22
-26 -35
-21 -71
68 5
87 -11
68 23
9 -9
9 3
-66 39
14 21
-18 -20
34 -50
117 -98
59 -72
-52 18
18 -68
77 25
42 -17
42 -22
33 -25
49 -31
90 25
-38 123
-9 18
67 -33
43 13
-98 42
-4 -37
-9 -6
110 68
85 5
27 -66
-50 -86
105 -19
15 2
-9 -19
27 -14
43 15
31 -4
64 59
43 14
28 -7
8 52
-30 -67
-9 -17
-14 -65
43 -61
38 92
3 70
13 -16
26 14
-31 -86
17 -113
78 8
-45 4
4 7
55 11
2 -30
67 -21
54 -29
67 -43
11 25
4 28
36 24
-20 -26
20 -100
-8 -80
2 -58
-48 -28
17 17
-50 57
13 84
-58 49
124 -34
15 -57
-13 -10
2 -30
11 -81
12 -5
65 16
8 39
3 -85
95 5
14 69
32 -61
107 -45
-36 17
-5 40
-60 39
64 -10
19 11
15 -54
-57 18
84 -96
78 -39
-5 -124
-15 -18
-2 0
7 16
33 -9
0 11
-76 13
64 -45
-104 -60
-53 -32
-38 4
0 50
65 50
25 -86
-2 -61
89 16
-13 -37
0 -118
-4 -66
9 -20
37 6
-46 -68
3 -36
43 22
-32 14
-37 -25
-26 27
65 -121
21 6
-12 -117
7 -20
38 -41
54 7
-9 5
-29 54
-110 -1
16 47
-34 62
83 -43
59 -33
12 -37
44 -51
-43 -63
8 -70
59 -33
37 71
5 51
55 -5
3 44
0 3
-13 -1
-28 -91
0 -107
44 13
46 -12
48 -66
29 -37
79 -33
-61 -20
-9 24
-4 -21
54 -48
34 -63
-13 26
48 42
-38 -130
39 -138
-19 -72
41 -29
-11 85
-54 -20
-44 35
73 67
45 -51
67 -42
-35 33
-78 21
16 -38
49 -27
-19 -38
2 27
28 -30
87 -18
-8 -44
-192 -28
0 -17
95 48
69 30
37 56
-35 -84
72 -49
47 -71
8 66
-56 -41
45 -34
50 32
30 5
-5 -62
-3 -2
22 -86
53 13
-50 88
-68 32
72 35
77 19
65 -1
-20 -40
-14 -84
-76 -108
80 -97
-35 24
0 -2
63 5
-20 4
-40 -26
28 123
58 -27
-18 46
-97 36
-43 -27
11 -33
51 -58
25 -38
-30 -80
22 -19
-71 46
-7 -82
12 -46
41 -45
96 37
-188 0
-118 -40
52 -71
20 -90
84 -81
-23 -24
-13 55
-29 -76
104 23
61 41
-73 -49
17 -41
28 -6
-18 11
59 5
33 -8
41 16
53 101
-38 -93
30 -40
44 -59
1 -51
-11 67
23 94
32 -27
67 39
-24 -21
-5 3
-28 32
-5 -15
-9 -73
37 -16
-26 40
33 46
37 -1
32 -23
36 -53
1 37
-25 -34
-41 -23
-11 -33
103 -95
88 -19
-57 42
24 -8
39 65
-16 8
-30 -49
-52 -18
-1 -75
-50 -35
-50 23
42 1
53 -14
-14 -19
-9 -73
6 32
-12 79
-15 99
4 34
97 -1
141 -24
17 -10
-64 -40
25 -127
25 16
38 -109
23 -27
65 9
-63 39
0 30
-35 25
-37 -34
51 -54
28 -47
28 -93
90 -40
-36 -87
0 -78
0 -6
-55 66
-13 40
77 53
14 -35
-37 8
-23 27
-10 -32
18 30
82 22
19 -20
-59 -92
-22 -24
-20 -7
38 66
57 29
57 13
-14 33
-6 -23
75 -51
55 -33
34 40
-56 50
-39 68
64 -22
-107 -32
-73 -22
-24 -6
16 31
52 5
-9 -46
-11 -25
-12 -60
42 -57
-11 51
-35 41
-24 1
23 -43
-31 -13
-69 0
73 -15
113 18
-102 146
-147 95
27 -136
7 -191
-6 -73
1 -3
0 52
40 -26
0 -40
89 -45
21 37
-4 -46
-50 -4
3 -23
-29 85
-39 51
-2 71
28 -94
60 -127
-17 -72
-15 20
11 23
24 -55
-30 -15
2 -25
-43 -67
37 -21
-21 -13
-59 -10
39 42
75 46
1 72
14 -1
-105 -37
-44 57
80 -28
-42 -34
-68 3
-83 -23
58 41
151 5
25 -2
-3 -35
13 -12
-14 -36
-28 -47
-2 0
-89 84
-77 33
46 -16
41 -116
54 -42
85 -47
-43 46
15 7
23 -18
6 -32
-19 -14
49 -7
-2 -15
-11 -9
-54 -21
64 6
88 -13
6 -37
-14 -26
-31 79
39 -13
112 -125
-37 -64
-1 -11
-32 35
-4 15
0 6
37 -2
143 -9
-39 -35
-6 13
-3 -104
-75 -17
-10 13
96 -9
79 -1
0 -20
51 -98
-5 8
-35 51
-31 -6
15 3
21 -50
137 -25
-20 3
-26 -23
26 -31
-38 -36
13 28
-31 -25
24 -56
-11 -104
-44 155
9 -30
-18 64
-32 -68
-67 35
-141 -74
37 -128
22 -59
-45 -10
1 80
37 0
57 -49
68 6
-8 -48
-102 -9
23 15
-4 44
0 101
44 -32
-63 -55
-14 -108
-8 -41
-37 77
-41 -58
7 8
116 11
24 5
-59 -93
-39 -95
-49 0
34 -91
45 -35
123 50
26 70
-33 -87
-78 -52
69 -120
101 -23
-68 -17
-61 -50
-35 31
89 -21
-67 30
-92 0
5 16
32 -28
-49 16
18 -51
-17 25
31 -24
-43 -15
-40 -71
73 -12
18 -13
-54 -65
-73 80
0 18
44 -73
0 -6
-15 -22
1 -23
19 -64
-42 -4
-37 -3
-45 20
16 0
23 38
68 48
41 -35
-33 -50
-89 8
36 -56
-8 56
39 7
23 -66
38 -30
-45 -29
-29 68
106 36
8 -10
53 -106
-43 -61
57 -71
-40 -90
4 38
-39 95
-50 39
8 -67
61 -96
-13 -91
-28 -129
-1 -5
-13 2
-16 6
20 -16
84 -63
-37 -69
-109 -56
47 -28
26 37
-14 19
30 36
-31 12
77 0
-31 -109
-23 -73
69 -73
56 67
3 -75
36 -91
-10 94
6 48
80 -76
-42 1
-38 -10
40 -74
12 -120
-15 -119
57 -23
-24 -2
16 8
9 -52
-135 -15
-21 16
97 27
62 103
-49 66
-34 4
-13 -4
77 -37
50 -40
28 -53
34 -64
-83 -20
29 -11
27 14
6 -59
-31 -30
-35 -35
-27 -42
-64 1
99 1
18 -19
5 13
-11 24
42 -47
16 -5
-25 -63
66 -99
7 -111
33 -108
105 -26
-34 53
38 41
-194 -6
-58 20
0 52
-18 13
-4 -49
-25 -48
-26 88
-37 -45
54 -101
89 -59
-49 9
-64 55
5 -16
19 38
59 77
38 32
-7 72
-105 -71
-14 -56
115 -121
-28 -67
-58 -76
-11 38
-4 131
42 -39
6 -46
-37 -21
-21 -51
50 20
-16 -50
16 -59
25 4
67 -89
-30 -26
19 -75
-97 -41
6 54
1 -49
62 -12
-20 11
-3 84
48 -32
-14 -124
17 -26
-8 80
78 13
-7 18
24 2
-41 81
39 -80
66 -88
-27 -48
-40 -29
-40 -30
70 -78
131 6
-9 92
54 56
-14 26
-72 7
8 35
4 39
14 -44
-27 -41
12 11
29 19
60 -63
-48 -8
-28 14
63 -66
62 4
-42 33
-14 -24
-45 -10
69 -87
49 -43
23 -61
15 -29
-70 -48
-1 -16
14 -44
-24 16
-22 14
-51 0
-28 -219
-13 15
-99 -1
-48 -3
-2 12
27 6
-14 12
-14 72
15 15
-13 -25
-38 -14
19 -61
-51 -29
52 -72
9 -14
2 24
7 135
53 7
-59 -10
-60 -79
47 66
-40 -1
96 -3
33 -46
-36 24
-27 1
69 -47
-70 21
-61 -65
-45 -102
32 -16
15 56
34 87
55 65
-1 40
-47 -110
8 -51
17 25
80 -9
-63 47
-27 44
77 101
21 14
9 -60
-38 -60
-42 -43
85 -30
-1 -47
-27 16
0 90
-35 -27
-16 31
20 -34
0 8
44 24
43 49
-20 54
20 45
-80 -11
-20 -58
17 -48
34 13
-60 -32
0 17
-91 18
18 37
-27 0
55 -123
-39 -119
-49 -7
-121 -18
-17 -16
93 9
53 26
-10 65
50 35
-20 43
-44 -42
-10 7
-32 75
54 48
-81 6
29 -61
9 -82
38 -133
-105 -17
2 72
-40 -37
-61 25
166 7
12 3
-99 -21
-55 47
20 75
71 1
-27 -41
-63 -27
-5 -67
-30 68
34 24
-48 38
66 -10
99 -53
-51 -60
-83 16
25 69
19 43
80 -68
-4 2
-13 63
-9 40
-115 -58
-35 29
0 -25
-19 -9
-2 37
-2 -13
75 -35
23 8
-65 60
-60 20
-33 -4
66 -37
8 -86
-38 -72
-37 -77
12 -47
-45 45
-66 -11
13 -7
58 48
-97 53
13 -8
61 20
-7 136
-29 78
-8 58
16 -58
46 -87
32 -69
15 38
-47 0
-87 46
22 85
-96 152
27 -25
97 -44
79 -93
-90 -4
-56 -103
-162 -37
6 -91
4 22
53 25
-40 -42
28 67
164 40
-8 68
14 11
-12 -39
23 15
23 -22
5 -34
-52 -133
-36 -13
31 -2
-3 36
0 38
-7 93
74 118
-55 101
-68 -22
-90 -57
101 23
17 -66
-9 -84
-128 -5
33 55
8 -50
-70 -49
46 15
45 47
-50 -25
-64 0
-37 7
-27 7
-33 19
55 -43
76 -27
-27 -35
-100 -2
-22 -3
-3 -15
-23 4
-69 11
-27 1
-16 -13
21 3
-30 19
-108 -74
45 44
-22 -50
31 74
-52 -28
-82 -49
-12 -3
-21 -10
-9 -19
46 76
-72 17
-94 12
0 -3
0 -47
-34 -19
85 2
1 25
6 17
-39 8
-62 33
-16 126
-53 104
0 42
-52 -36
1 1
11 -66
8 -104
-8 21
-30 -5
-32 -53
-29 13
-26 12
-3 -16
117 28
-89 29
-88 83
68 60
44 77
-91 -33
35 -55
-38 53
13 -63
15 -35
-43 -46
0 -3
-55 134
-80 -101
-35 -42
3 7
1 -10
28 -49
-55 13
67 -39
-50 15
-91 5
-13 -27
-5 -36
-37 19
9 -21
2 -60
5 3
-21 5
-42 -19
-10 18
27 -74
-18 55
60 -40
-59 29
-20 -9
159 -2
-19 51
-92 14
-1 -20
83 19
30 -67
32 -3
-32 25
25 38
-37 58
18 -1
-55 11
-52 -4
45 1
-20 -20
1 -57
29 -4
9 26
-27 45
-30 -33
36 0
72 74
17 20
-44 -51
15 -11
33 1
-11 -11
7 -1
13 29
35 7
32 -32
94 -50
31 29
19 -44
-52 -64
-9 -27
-33 3
-23 95
77 56
-7 1
7 -18
105 -24
-27 -55
60 19
-21 52
29 22
14 -14
-37 -26
-12 -29
74 50
-172 -77
-13 43
51 23
0 2
38 77
-68 30
22 -10
1 -6
46 19
-99 19
-52 -11
-55 -53
-65 15
59 90
26 50
-37 -54
26 -48
-5 -2
-2 47
26 -45
0 -77
-58 51
33 31
8 15
-23 19
26 -32
-19 83
31 -90
42 -39
3 81
-35 131
-6 -7
32 -202
-15 66
93 51
-57 40
29 30
42 89
-78 -139
-84 -60
62 7
22 79
27 7
-1 16
23 -26
7 -80
-18 18
31 70
61 26
44 -47
-44 116
8 -3
133 -163
-83 -204
-83 60
3 84
-23 -69
-17 -107
41 -205
-13 -78
-52 136
-3 63
74 170
-14 111
-52 8
13 18
-12 63
3 -51
-35 -114
-55 -68
-73 12
62 15
-19 34
62 30
114 174
-32 69
-129 -76
44 80
2 -17
