-36 86
36 230
104 120
-24 -188
-71 32
-16 93
-139 121
62 35
-6 -10
80 -205
-52 -45
2 172
37 204
-44 -47
-29 -87
-132 -232
38 -76
3 97
-26 33
-51 158
-23 197
-52 57
-36 -86
-32 -97
-16 -51
20 -37
20 -109
-87 123
-39 76
-128 -75
-5 109
-85 -95
-36 147
-58 48
37 107
-25 -113
76 -50
-35 61
0 91
61 -69
19 -9
15 38
-113 47
-64 47
-34 -152
25 -23
65 276
24 227
2 28
-108 -149
-94 -92
51 55
-5 122
-18 71
-68 -11
-52 12
-33 -105
-17 -258
-31 -10
-10 47
165 63
36 118
-86 168
-47 -177
45 22
57 28
-92 -3
-54 23
11 49
-80 -152
64 11
113 101
-3 169
-72 101
-87 -93
-67 -13
65 -4
119 52
-19 33
-33 51
-44 -57
78 -130
-34 -111
-62 -41
44 40
14 124
-55 147
-185 104
3 -9
75 -96
-17 47
-87 93
11 0
-57 -148
-51 -45
79 -13
-106 180
50 180
-15 -29
55 -126
-74 -134
-73 63
6 148
7 51
52 -33
58 19
-16 -106
-98 -20
-91 -96
-70 86
-23 79
108 -62
108 102
-20 143
-27 28
-83 -25
-68 87
-45 27
5 40
17 45
12 2
105 -110
-34 -59
-62 152
0 -2
-100 -127
-59 71
15 6
45 71
106 -66
7 23
-126 40
14 -121
33 -54
-104 160
-51 73
19 -44
60 136
78 -44
6 -49
-138 -33
-74 77
-46 52
-12 -9
-72 -47
-20 -123
73 32
-21 128
51 129
51 48
61 -76
-75 1
-55 140
-17 39
-11 22
55 -74
17 7
100 213
-233 -28
-32 -76
-1 40
32 93
58 143
31 -98
-18 -164
-46 68
99 0
-44 45
-26 26
-91 -13
-39 5
20 15
2 5
67 -53
53 -8
-2 249
-81 105
-150 67
30 -124
56 -59
27 -63
-54 -93
46 -6
28 118
-82 60
-67 -85
56 -144
11 -193
-135 -48
49 308
111 313
91 -93
-98 -4
-95 -107
-94 -193
-82 -31
1 228
179 194
121 23
-12 -105
8 -63
-25 -73
-55 71
27 92
-19 50
39 138
74 -48
-93 -58
21 49
-14 -8
-26 86
84 115
86 -45
-23 6
-38 66
-61 -189
131 -203
-79 -45
-49 195
7 280
-29 91
-67 -111
-33 -4
-71 82
84 -125
76 70
-74 183
-98 84
-44 12
22 289
18 114
-71 -148
20 26
17 133
-21 96
-9 97
-47 -77
-71 -56
97 -136
28 -72
-26 65
-3 156
-12 -113
-97 -116
9 85
12 -33
-30 47
-55 197
18 83
65 -9
-152 -101
-115 -159
52 -99
54 84
59 -63
-125 -186
-69 -215
-5 94
-74 388
82 254
164 -84
-94 -157
-194 16
-23 301
134 242
13 -110
80 -202
11 -261
-81 -5
-57 -94
-108 27
-137 179
18 160
34 -22
6 -61
47 172
19 152
-23 62
-27 8
0 53
56 -32
87 31
-10 -26
0 -182
79 -139
28 104
-81 150
-33 -15
-12 -64
-69 70
65 45
142 188
-32 58
-1 -184
-104 -142
7 -147
198 58
-36 66
-61 69
66 -14
93 25
-30 135
-94 7
-75 -3
-7 148
142 159
49 -6
9 -63
-14 -131
-39 -44
-9 -44
-9 -78
68 224
60 18
4 -30
-32 54
0 36
83 24
6 -86
6 -11
-18 -37
7 60
0 104
-50 -149
150 -288
-53 -119
25 382
-51 274
-83 -184
-74 -35
59 55
-12 21
-62 84
-87 70
5 -121
162 -1
92 17
-113 8
-33 20
-48 -54
110 -42
112 -75
-4 7
-47 -115
-22 78
-28 17
12 134
-39 83
59 92
52 -34
77 21
7 20
-10 -38
44 -314
-64 -86
-12 298
70 274
95 -151
-64 -131
59 42
-54 6
86 64
-8 19
31 43
35 -97
52 -58
112 -51
-13 -190
56 -128
-70 119
7 44
-43 65
-13 68
57 -84
66 -14
6 -26
-39 -54
12 -26
-34 125
38 107
79 -18
6 27
28 -72
24 -73
-5 -32
25 62
-101 -40
-39 -31
-28 -22
-38 116
-84 -159
55 -35
5 301
-34 81
-35 -157
-73 -1
82 67
154 -34
-9 -32
-79 -9
-52 -37
14 191
-29 -39
43 -54
-40 38
-15 11
16 4
39 125
0 24
-16 29
-8 -132
21 -224
-47 22
-89 156
66 52
-15 -30
-34 -141
43 161
0 48
5 -127
17 -103
42 270
-39 73
-82 -83
29 -140
41 7
-7 8
-62 -79
23 82
56 101
-82 19
-63 40
23 192
73 123
-56 -31
1 -1
79 -157
-72 31
-111 75
25 98
-57 -30
136 -132
68 -18
-69 258
-3 49
-71 -232
6 4
-69 46
-17 72
97 75
56 -47
159 -58
7 -29
-26 -38
26 7
103 -1
-17 -146
-31 14
-39 38
-6 -15
-51 -15
26 148
73 -65
-38 44
-46 68
-41 -49
102 -113
22 -80
24 2
-17 -17
102 -51
118 42
-95 127
0 52
43 -76
20 -65
14 163
111 249
8 -46
-132 -103
-96 -80
-44 89
43 34
54 -64
57 -11
-45 -78
11 48
93 122
21 -65
-32 -169
-44 -14
131 -42
0 18
12 68
-40 -46
-28 -10
-9 -83
-51 15
-33 16
-13 57
49 95
126 30
107 -168
-68 228
6 255
3 -69
-79 -136
63 -146
-7 -13
32 33
-30 -116
-70 83
39 -75
149 -20
-62 53
-60 73
19 28
21 22
50 -30
-24 39
-48 43
-61 -16
85 -37
85 20
-51 -9
-54 20
65 -217
32 -50
-47 84
-34 32
17 -41
-95 42
-35 -55
27 -49
120 -7
-94 104
-37 119
15 -22
-20 -81
-28 -97
-83 -113
-100 -65
14 35
104 -8
34 -27
113 -49
56 154
-116 218
53 66
83 -177
66 -91
39 90
36 100
-46 -69
64 -45
13 -15
-25 9
107 -1
-44 -104
92 -129
-27 34
8 232
3 -72
-11 -107
-97 -37
-52 -81
-154 25
93 191
93 -87
47 -233
-20 -99
33 43
-60 78
72 43
37 -60
6 9
-79 28
-31 -63
-4 84
2 264
-113 142
-45 -47
-43 -223
34 -14
33 29
63 -22
-10 -53
50 -33
-52 -109
13 5
-168 250
12 20
1 -149
2 -79
91 -3
-51 33
-78 43
-64 54
-58 50
-15 -91
75 -126
-34 -195
-23 118
38 -156
-38 45
29 116
35 -33
9 -33
49 -112
-16 21
-35 171
-95 132
-29 54
-56 -186
-105 -273
-103 -80
41 4
78 -88
27 -113
-59 -57
14 105
-3 57
16 276
-52 4
3 -51
-3 14
30 67
100 -114
-130 -70
-174 -5
72 -85
-15 -35
-26 202
-101 -24
-9 -33
-60 110
-8 -93
63 -21
-17 52
-61 27
-72 -235
-1 -90
37 -37
15 42
23 41
-31 -8
-55 -15
-87 48
1 136
14 -94
71 -65
9 29
-33 148
8 -103
23 -282
-72 -22
36 84
-21 61
-55 -43
28 -39
-6 -67
-15 -77
0 -22
-38 39
-36 -20
-26 43
-7 81
68 -83
-40 -75
-41 -41
-15 -31
-41 147
25 211
0 51
6 87
-4 106
-73 -96
-41 -187
-4 -137
7 -103
54 -78
37 42
-130 -24
-28 -37
59 -124
123 -38
67 -27
-83 218
73 256
-15 -7
-74 -80
-28 -90
-15 -107
-95 137
0 93
138 -177
-41 -113
-12 0
-23 -27
-67 136
-63 -56
13 -59
30 -172
108 -90
0 72
92 230
84 26
-77 -81
-11 -113
-66 5
38 83
-21 108
-59 -43
50 -118
-46 -89
106 -68
-24 -72
-32 52
116 168
53 142
18 -88
-4 -123
40 -63
-15 80
-20 9
-39 -50
80 -185
-10 -73
36 -70
-59 111
16 357
-8 16
-75 25
-54 -4
35 45
-103 -59
-39 -131
59 -84
-60 -48
1 -24
43 22
-33 60
-96 81
28 92
-49 167
-53 44
81 -105
17 -90
-63 -108
-28 0
-6 -33
47 -46
7 -126
45 36
-13 18
-53 99
15 135
0 -57
-52 -122
23 -68
39 230
35 107
8 -191
117 -240
-36 -47
-25 67
-220 -8
-43 -56
24 -74
67 -6
-31 135
4 19
96 61
30 93
-81 -9
-4 -95
55 -189
68 -114
45 44
24 237
-40 -62
49 -66
-31 54
49 83
-73 69
-36 41
-6 -124
16 -79
78 -71
13 -93
-1 -63
-162 -27
35 -56
97 19
-50 65
-1 -27
28 39
4 -1
13 -69
-13 44
-94 59
-9 -33
12 -46
12 0
16 -20
14 -63
14 0
-124 -44
-136 -98
-32 -54
23 36
14 56
41 -22
36 104
59 -40
-133 35
-87 -97
6 -101
51 -36
86 40
41 -36
-48 -100
15 -75
3 203
-81 182
-33 113
39 0
-18 -62
-21 -61
-68 118
12 214
111 15
-68 -238
-36 -130
-7 271
105 96
-50 -205
104 -108
15 7
2 167
-126 2
-25 -31
77 -52
14 -179
64 -116
6 -71
-66 124
61 129
41 46
-68 -110
-12 -100
11 84
46 -3
78 17
-19 98
-22 27
30 15
7 -179
23 -95
63 -42
-57 -62
29 30
-21 146
-56 127
118 99
8 -31
-60 -8
22 0
13 94
47 104
-11 -4
-39 62
49 -88
-17 -103
20 -255
-79 -57
27 -154
11 -197
14 11
-16 100
-14 72
-11 49
9 -84
-38 2
-44 284
-26 80
101 45
30 -66
-36 -93
38 17
-79 46
-48 -75
8 3
9 39
7 32
-40 -46
7 -4
116 -81
108 -122
14 -149
21 274
3 97
38 -99
60 -50
91 13
-154 69
-82 152
-14 5
44 -210
-4 -35
6 116
88 93
8 -24
43 -118
85 -35
130 -1
-52 -33
-43 24
-12 42
93 -45
104 -27
71 93
-17 -63
3 146
92 44
-89 51
-1 29
31 -51
44 -45
-136 -77
-52 4
62 20
64 9
-2 122
-129 47
-25 -84
56 -226
40 -60
-74 109
-20 152
86 50
-62 -65
-42 -123
-1 -51
30 -9
18 51
77 27
55 36
40 -29
125 0
-94 23
-103 55
54 -17
7 62
-40 -91
-67 7
77 310
114 -82
-68 -59
-32 -5
20 -7
20 -55
-5 -3
-12 -35
53 99
61 0
137 -28
-1 -32
71 20
-1 -62
-23 -47
80 -61
-63 -150
90 -10
22 230
-41 16
-82 -11
-2 -71
46 -27
93 89
4 109
43 -41
15 -47
-42 31
11 9
60 -34
-44 -60
32 15
-40 75
53 77
14 26
-116 -36
-32 -105
116 -58
-30 -140
3 -37
56 52
2 31
-36 28
-15 69
24 30
64 71
16 51
-73 -111
-1 -155
-1 -106
64 52
75 144
-36 6
75 -70
-7 -14
-26 149
-119 28
-24 186
27 63
0 111
63 -55
44 -138
79 -91
-3 -44
-59 18
-26 53
49 113
119 79
-17 52
-47 -6
65 54
72 68
29 -114
-85 -69
-4 -21
42 -27
3 -79
-40 -44
20 43
-32 177
2 128
-7 62
58 -41
20 -61
17 73
4 38
98 39
-10 153
31 0
-32 -137
-90 -84
-52 83
49 235
21 -22
-63 -142
21 -4
23 1
-93 -18
23 -65
-12 41
22 169
160 93
-111 109
-23 -74
37 -24
19 8
18 -110
-19 -115
2 9
-21 2
-25 59
37 -21
88 -28
-10 0
6 5
-77 23
-6 141
68 128
0 11
55 -72
-23 20
2 83
25 114
3 54
19 -32
-38 -144
25 15
22 5
66 51
90 -6
-41 102
-105 -57
-40 -71
16 -3
51 152
5 207
40 16
-73 -78
-33 -17
-76 -4
-70 -5
8 40
127 -44
-5 -14
11 25
29 16
-14 43
-2 34
3 -47
-1 18
-41 -8
17 49
61 107
40 44
36 -51
-20 51
-57 35
29 0
78 46
-33 38
28 15
-50 60
12 -25
0 -2
-67 11
9 -58
4 56
-51 42
-40 -8
4 -99
-9 -64
-27 254
37 244
41 -111
-24 -76
8 20
-18 72
-8 -2
36 7
48 -57
38 -54
-72 94
-120 52
42 93
45 26
-4 37
57 89
2 13
-1 9
80 -1
-96 -55
-47 -107
2 -32
23 39
36 81
12 145
22 103
-48 1
-54 49
-31 -24
8 -24
-67 85
25 -9
42 -71
159 61
-13 100
-1 -15
58 -80
-45 25
31 59
-7 145
66 16
-16 -21
8 -97
12 -12
-32 -63
-65 -23
115 54
-22 184
40 58
111 -20
45 -79
-75 12
-99 22
-21 6
-15 -43
38 -11
34 -3
-71 52
12 61
-61 66
-7 59
14 -6
-2 21
-37 -7
-14 -83
8 0
93 64
-6 45
42 14
96 4
0 76
-44 -29
19 3
19 -8
-31 39
67 -42
32 -31
1 -13
-37 -64
-77 -43
-66 31
-18 140
62 201
102 70
29 -62
-16 -60
8 -48
17 -55
7 -8
-58 20
-73 74
92 28
161 47
-82 59
-34 -19
27 -48
-57 -90
19 29
19 76
7 96
55 -64
80 -102
-24 -65
43 24
37 127
54 111
-42 36
19 90
-55 -42
33 72
24 -25
-10 87
47 3
-42 -126
-46 37
-58 3
3 -55
9 83
13 87
-54 -12
0 -124
-18 26
-101 34
-12 92
23 56
-2 -40
46 -76
62 36
4 168
-45 -19
-97 -57
-44 -24
57 164
-104 105
0 -104
-17 -126
-6 32
-35 -3
-71 64
-71 43
-63 -9
89 -59
26 50
-30 102
34 11
0 -139
43 32
72 184
-108 134
29 -55
-21 12
-35 -29
66 -37
-52 -88
-27 5
-38 105
-11 65
20 -26
22 17
-2 39
-37 -42
-20 80
22 102
-19 -35
-51 -21
-91 20
80 -33
46 -18
68 35
-92 249
-13 13
-46 -208
-4 27
30 140
93 76
14 -94
-113 51
-9 -46
27 -52
50 -25
-25 17
60 -22
32 53
-33 63
28 -7
35 3
-67 -16
-23 86
-3 40
-61 -31
-29 6
-27 9
-5 29
22 -80
38 118
21 -59
-6 17
-55 81
-55 -2
-6 35
18 22
-18 -2
-151 1
56 -71
67 -85
13 -34
-87 63
-42 2
35 -52
24 87
30 314
-11 -155
118 -21
-13 54
-83 68
-62 -12
-4 -15
-10 -218
52 -199
-2 446
25 246
-2 -227
-21 -234
17 24
-41 169
-70 96
-4 4
9 -91
-18 -116
23 -143
-28 118
-74 88
38 61
-22 86
-32 113
-1 38
-47 -138
-51 -47
103 -29
-65 5
-12 43
-25 8
32 82
-22 -3
-110 19
-55 -67
29 -26
93 179
-9 14
-158 20
-74 103
-4 -9
52 -174
-22 49
-89 167
-8 59
-48 -66
-52 -54
1 -137
-13 -84
22 233
64 109
-20 -206
-7 -49
26 191
-54 80
-95 76
0 77
35 -88
7 -159
39 -18
30 170
-4 75
-104 27
-55 48
39 -71
-23 85
-64 104
22 -73
-69 -46
-83 41
-3 89
0 99
-63 11
-5 -130
4 -11
-88 106
-41 30
-45 100
16 -73
-133 11
12 11
21 -26
68 -66
118 95
-1 58
-84 35
-78 40
24 52
23 12
-25 -303
-41 59
58 393
-54 45
-46 -279
-37 -67
36 137
-36 -10
-39 -40
-12 70
-31 95
29 -77
74 59
6 -30
23 -120
-73 74
-10 177
-60 252
-87 -120
79 238
-101 -38
-3 -130
3 155
-21 122
-55 -1
-24 -103
121 -3
-12 147
-26 -93
-8 47
22 113
25 97
-54 -26
-69 -13
-19 -63
-47 -8
33 -106
144 -37
-83 135
-90 -11
0 -127
-90 54
7 76
35 126
43 38
20 2
69 -9
77 -13
-130 -42
0 33
-19 15
-32 19
-22 127
-68 109
96 -1
20 -109
-132 -139
-49 -75
-19 83
-1 306
-29 180
6 55
-49 23
-77 -87
18 -14
-82 -149
19 -105
-48 102
-12 27
14 6
17 -107
-44 17
21 -27
13 175
-192 230
-10 43
-46 -223
-3 -83
45 11
-19 117
-21 -289
40 -215
-76 71
-75 332
-207 227
-103 -103
33 -134
201 -70
-1 -11
-29 88
-27 -41
-55 -29
5 56
-80 4
-116 22
89 -58
-25 7
33 94
29 -47
79 -217
24 193
12 298
26 15
-8 -3
6 -9
-34 -99
20 -25
211 44
-136 -11
-124 -88
-29 3
85 48
80 42
42 -137
-25 -89
-2 124
39 343
20 0
-103 -182
-42 -154
62 -34
72 -18
-2 156
-3 -74
78 -139
-45 82
-44 131
-74 52
73 -74
165 -107
-1 -183
19 71
-1 280
-96 -46
-14 -96
0 -13
-30 114
-13 6
22 84
39 -85
72 -89
-23 64
-49 139
43 -32
59 -221
15 -18
-47 -118
8 25
3 68
30 137
5 196
-59 -35
-24 -214
-5 -133
92 17
-38 36
-36 -38
-25 157
-36 244
-112 -7
14 -179
86 -91
-3 -10
30 84
115 -29
-13 -215
106 -29
-137 194
-71 79
22 -63
78 0
-7 -30
14 -38
-7 -59
-142 119
26 210
-105 -40
23 -129
24 -133
-23 -10
-22 195
37 47
32 -46
-41 70
-53 -52
37 -227
41 53
31 178
43 -69
-70 41
-6 163
60 85
112 -11
-101 -134
1 -80
132 -83
103 -2
79 38
8 -15
53 -145
-50 13
-120 158
-24 125
89 -70
16 -121
-34 -106
-63 -88
53 65
93 56
-40 44
-60 113
51 -57
44 -56
-37 -89
-11 -80
33 32
39 285
-69 151
78 -137
69 -154
-55 -15
-46 76
-16 65
85 -11
196 -133
-36 -16
-165 147
-44 108
34 -43
87 -15
26 57
37 3
13 -202
6 11
-7 388
-26 111
117 -223
128 -223
38 89
25 103
-15 49
46 -47
-118 -58
-34 -5
3 -25
38 -169
20 -119
39 223
59 203
-23 261
-10 60
14 -93
-85 -188
-86 -18
2 -11
63 -28
43 -19
7 -43
-10 -33
-138 -32
-17 -82
-98 166
12 177
6 -150
21 -138
-151 22
123 27
-104 -41
116 98
-20 45
-43 76
-73 109
-66 -91
-85 -132
24 -46
129 54
-118 56
-52 74
6 -86
-4 -94
-21 -53
-42 -26
-25 113
126 66
-18 90
-26 -58
63 -117
1 -133
-25 97
91 -67
61 89
126 71
-48 34
50 -32
-54 -25
-7 -13
-14 -1
26 50
19 -92
63 -84
-9 62
0 88
32 118
33 -69
64 -137
-33 127
-33 150
-120 16
93 -102
98 -117
-75 103
-64 -79
11 -24
31 33
-39 46
-98 161
-43 -38
77 -53
-19 21
-1 26
43 61
-25 30
26 -178
1 -59
30 -31
50 32
-12 33
-33 -138
2 159
-69 245
-33 25
-23 -89
-5 -61
29 -2
-110 37
104 -32
81 -77
-57 -158
-3 34
5 279
-36 54
-39 -5
14 35
61 161
4 -101
34 -13
79 39
-55 -67
38 15
5 -178
61 -117
74 4
32 389
-30 82
2 -161
-30 -58
-43 -55
-15 -55
52 40
89 101
138 87
-39 -80
-70 -80
1 95
-57 62
-2 76
31 -87
28 -49
-95 13
8 247
19 11
25 -165
-65 -167
35 128
34 170
52 25
37 -72
-97 -25
-33 -65
-99 -42
44 23
12 -21
19 -61
58 -64
-89 65
0 129
38 122
-14 -150
-6 -58
-54 -10
-61 -8
69 51
49 -4
122 13
-25 -73
63 -37
-18 56
-50 -2
-58 -82
-32 -55
70 98
-1 205
8 9
-29 -47
39 -25
-89 43
-52 -5
4 50
99 20
8 -19
-30 69
5 -22
59 -125
56 -31
-19 43
32 -12
42 1
62 95
58 156
42 -86
14 15
-23 83
32 -78
-3 -102
-76 49
57 40
-6 -8
-41 29
68 -52
-16 -50
-151 -15
-31 52
29 45
61 12
4 1
13 1
-146 59
31 26
-171 2
3 6
-55 -45
17 -79
-22 117
-49 54
26 -48
64 0
25 -109
-130 131
-74 87
12 -23
57 -69
5 38
-8 56
36 48
74 -58
-9 23
-28 -90
-16 -8
-128 145
20 183
20 122
23 -55
51 -133
-29 -18
9 176
-9 25
-39 -40
-8 -54
21 198
5 120
31 1
-44 -121
-78 -45
-73 111
-39 108
44 26
16 -28
-24 43
-54 3
-10 85
38 94
71 80
-29 0
-47 8
-53 -19
90 -38
86 57
-70 177
-15 69
31 -2
-46 40
-39 -133
-14 -34
51 147
59 297
-103 103
-26 -133
46 -100
-19 -1
-39 100
-25 -22
60 54
29 18
8 44
57 36
56 9
-28 -5
-68 34
-27 68
-3 15
-23 -8
105 1
14 122
24 108
-7 -71
17 -100
-20 -38
-21 38
98 91
26 71
56 61
-28 -26
-12 -35
-77 19
17 134
14 55
-12 -39
-36 -24
47 67
42 121
58 43
32 -52
9 -23
-36 41
5 -25
20 -60
141 -17
-20 137
-103 88
-9 -7
-12 -2
27 -40
42 158
88 123
-18 -62
20 29
7 149
2 89
-37 -8
56 -29
-29 -122
-27 -35
48 161
133 59
18 -86
-15 -69
-2 189
-40 46
-1 -12
-46 4
178 -24
-48 126
11 26
45 -49
-28 0
21 -119
-55 5
-26 54
12 79
32 11
-34 33
-26 93
6 -84
-38 -42
95 249
-115 40
-4 -98
-8 -86
5 62
-41 -84
-27 -43
73 87
-22 154
-44 -63
-7 -113
-44 59
-33 108
-48 -39
-62 22
-4 -73
-6 -28
-46 -35
-36 38
73 120
85 175
-15 -23
26 -35
37 -86
60 63
20 104
2 -60
-26 13
51 -25
119 29
-26 57
0 -32
-9 41
144 -114
8 -36
-75 -82
-109 -147
88 70
19 163
-87 243
120 57
-28 33
56 75
-33 12
-20 2
-47 -44
16 13
-66 -50
-37 -27
57 -46
122 -100
24 120
-57 30
-43 0
-23 -78
-36 122
81 125
-14 -47
-27 5
25 -52
-55 36
18 122
-25 156
-24 50
-2 -43
-2 -41
-29 -108
-22 -112
-157 35
-6 -13
-8 8
-75 226
60 213
-13 -158
-45 -94
81 41
-28 115
-49 30
-21 -13
129 109
91 30
-19 -167
-20 -167
75 -25
-44 98
69 164
-47 51
26 -67
8 -5
-40 -36
57 77
15 162
-99 46
-10 -38
22 -93
6 -42
13 48
68 104
23 -2
36 68
29 -68
-14 -92
30 126
-8 244
-119 -53
-54 -89
82 -4
61 133
-7 79
37 -9
9 -72
-104 -48
30 -19
15 11
36 33
-11 24
-68 54
16 40
-81 112
-46 -40
-128 -52
-54 14
7 93
47 35
-32 26
-61 -24
24 73
-50 62
13 -36
-30 -10
-50 95
34 136
6 59
21 -43
-41 -83
-19 115
-30 16
-26 31
-13 3
22 -7
-1 130
-41 -29
45 -10
14 54
-35 -4
-79 39
-9 34
-78 2
128 41
95 -30
14 54
-94 9
147 68
20 66
-45 -12
-19 -48
32 -4
26 54
-97 64
-37 36
91 3
-60 -29
-96 21
35 0
85 58
-17 -90
22 -97
35 86
-21 70
-49 100
78 67
12 92
-3 25
-5 -108
80 -67
-27 119
