192 -13
-170 -14
-371 -108
181 -55
338 -45
-88 -11
-167 77
293 99
118 66
-75 -3
36 -23
-429 76
-65 8
606 -13
265 -94
-164 -117
-265 -104
-499 -12
-20 67
1234 73
610 28
-728 11
-749 33
-103 17
272 -141
304 -18
117 -20
-261 73
1135 -114
-596 -81
-861 37
-180 156
1554 40
721 95
-313 30
-994 82
-375 168
217 28
27 22
-232 -140
-604 -128
-22 -41
-30 48
-414 132
-323 62
406 71
-4 -114
-705 -99
25 66
1243 31
195 -53
-344 -5
-374 1
124 -47
499 -182
344 -32
-292 0
19 25
-251 41
-428 50
-173 239
726 71
198 -41
-354 -1
223 -99
574 17
114 -91
-357 -50
95 -33
318 -134
-300 9
-329 11
20 93
215 122
-149 95
283 31
-283 112
110 89
139 82
237 -105
-129 -57
-81 -125
-185 63
-209 24
-322 -32
-397 72
-81 30
920 -10
170 -48
-354 -50
-7 -165
362 177
84 139
286 56
100 27
-462 28
-600 -77
-52 -48
262 48
-6 19
48 5
237 27
-1 -82
-295 -170
199 -28
107 107
-92 -48
-150 140
67 46
-583 -15
-67 9
279 57
502 0
-113 0
190 -9
-181 -34
-105 -112
-21 -88
11 29
-316 12
-142 47
300 100
-33 49
-464 41
84 132
-190 92
721 15
72 -98
169 -123
-176 -44
-548 0
486 26
270 68
-614 64
248 -36
-51 210
-85 102
-119 -57
74 38
-107 4
22 -165
619 -111
-258 -8
-398 -48
-52 -67
390 1
122 77
-6 57
-215 -18
-142 78
-302 -34
27 0
268 110
485 83
76 92
-48 37
-58 -76
169 -72
-10 -67
-17 -62
-83 1
40 22
39 67
-138 35
136 -52
-341 71
190 129
162 153
-180 38
-503 19
47 77
-28 41
-35 -30
-169 28
8 -89
-68 -82
95 41
377 71
14 89
-414 45
-86 42
20 -119
132 -96
12 78
-196 -14
-137 -4
-20 32
-4 56
75 -46
40 13
-99 31
-76 -52
99 22
-43 67
5 -25
189 5
-194 -28
-135 137
242 112
-93 -46
191 48
46 39
-32 84
-2 52
-68 -60
146 -16
252 -13
-129 -25
-359 8
179 -24
-163 11
139 44
-53 56
93 157
123 -44
-36 -153
-9 -116
67 -26
56 11
-138 61
-4 36
27 -72
67 57
-67 29
16 9
289 -8
120 60
-247 140
-374 19
-171 -10
204 -111
296 -26
-104 1
-125 1
-53 145
0 70
-111 157
221 19
153 -71
-62 -38
-64 -63
27 -39
-247 59
-82 16
-53 34
240 66
102 66
-109 7
5 16
247 71
-90 63
4 -15
-95 85
-50 89
36 -70
-181 -180
203 -114
17 27
52 47
-135 43
92 150
-122 88
47 30
-34 -125
195 -125
-62 -136
-1 -16
103 174
28 67
-88 87
44 71
-33 17
0 57
-121 34
131 46
-290 105
27 69
279 -10
8 -112
-44 -7
-206 -32
70 111
34 1
55 51
56 -22
-99 4
-66 56
-188 0
261 -6
207 13
-115 -101
-95 -242
56 -157
-74 4
-13 95
35 173
-103 83
179 42
206 21
-30 12
-275 47
105 29
270 42
34 -16
89 97
114 -60
-199 -14
39 58
349 92
-225 48
-115 9
-50 130
332 18
-211 -52
-79 23
-22 19
-90 -17
-75 -178
178 19
157 8
-157 52
-164 59
90 188
129 0
-77 0
-84 46
31 -28
554 -44
19 -17
-138 144
-103 14
43 -92
55 -9
4 -43
-293 0
80 93
378 32
108 27
-209 15
-455 33
57 -41
465 31
-24 103
-20 -132
-208 -36
17 60
-402 87
118 80
314 26
228 -10
-18 -49
-85 -69
-61 -8
139 -64
-14 12
118 55
-177 146
-60 20
-148 -4
-298 -42
514 0
55 -125
37 -17
-78 38
-171 165
164 57
47 -3
-57 9
4 46
27 63
-184 118
1 75
-12 12
124 27
2 -69
-115 -64
183 -35
-42 -19
-103 57
15 80
8 46
144 107
125 123
-30 15
152 -66
-137 32
159 -24
-28 29
-111 88
-178 68
131 204
291 65
-137 26
-9 -71
93 -41
-70 35
33 136
-63 109
-185 -57
-130 -62
422 -22
408 12
-334 108
-152 83
7 47
115 99
-16 100
134 84
-78 -69
-103 27
-346 -21
280 5
-167 27
-183 -10
-123 18
61 115
518 64
-17 114
-90 140
166 7
118 -5
33 16
118 -221
139 -132
39 -15
263 132
30 105
-226 111
-27 -80
57 -139
-9 -12
-219 116
295 248
185 194
44 35
-43 -70
-25 -102
46 -34
32 -27
17 75
110 84
-133 102
94 31
-35 -49
-338 5
210 11
142 75
223 144
-88 130
-101 66
92 -36
78 -14
80 58
-164 -50
-111 -14
253 79
237 53
-386 73
-228 31
389 -59
119 16
-252 60
141 145
-2 87
-135 -57
168 -46
-169 45
-36 31
-20 19
79 96
131 20
109 -79
-263 -49
107 -10
139 86
235 80
84 37
-23 -31
-391 77
45 142
524 73
-129 66
-178 101
-40 52
-160 -143
433 -155
404 -55
-144 -51
-189 34
43 35
-1 133
142 130
40 50
172 55
116 60
109 140
-206 51
-10 27
290 -12
24 -39
-145 -23
-97 -51
91 -80
322 -7
-94 13
-21 121
40 67
-52 158
58 -16
201 15
-73 5
-145 101
-18 20
164 147
52 85
-128 110
-117 3
286 -38
192 -116
-131 -36
-70 85
192 64
6 -93
6 52
178 36
210 55
-46 -21
-136 160
-128 179
211 66
201 -7
-238 -81
-121 -61
-39 -3
172 35
267 -14
22 -9
-49 122
-17 64
-102 19
-102 66
207 77
-63 89
37 87
161 61
51 -17
89 -151
-11 -72
222 2
140 41
-57 126
-18 -21
51 76
80 34
-243 72
-6 -107
93 -31
81 175
-92 58
-19 -91
280 -234
28 -45
-45 45
-10 -53
-237 71
250 62
122 152
67 74
-118 88
21 72
-68 -87
42 -127
61 -31
1 32
227 18
-139 46
26 14
47 -44
-6 84
160 -7
79 17
-40 138
-1 102
-92 -36
-74 -49
97 22
19 33
-56 41
87 -88
144 -35
50 5
-59 30
49 14
-18 -50
22 -20
116 22
143 -32
-114 57
-141 59
85 68
-199 -40
102 -39
383 -122
182 -90
-10 -147
90 80
-122 73
-70 76
-28 76
367 180
49 122
41 113
-275 43
-53 5
-251 65
406 61
96 102
-89 101
78 21
-88 -117
274 -46
204 -58
-17 -7
69 19
-306 90
43 101
133 86
137 27
-570 56
289 -37
124 27
245 -42
-305 -73
179 -42
-17 -45
149 -122
-204 -23
165 31
125 -43
-355 -26
-106 -52
289 174
-109 48
233 2
-5 -26
75 28
-42 124
77 191
74 -32
29 -153
-243 5
511 40
202 -15
-73 -27
-46 -15
377 -62
-309 -13
-249 -3
102 51
-25 110
202 205
185 95
15 40
132 37
7 -22
0 101
-65 -61
-417 -95
135 -16
590 -87
-42 -114
-396 -97
262 -55
227 164
367 254
-132 165
-413 15
21 -114
148 -108
34 -1
-133 -63
-81 -54
67 -130
174 -16
-34 75
-120 6
-98 130
28 131
177 135
-93 53
-171 120
-88 35
246 -54
178 -64
24 -145
-105 4
-47 80
-88 -104
130 -78
217 88
196 77
102 49
-223 -33
87 67
106 8
-25 -21
-252 19
-14 -17
100 -18
16 45
160 -17
51 32
281 65
-69 -13
-309 3
536 66
-170 -24
-251 -49
329 -3
286 54
-365 30
79 72
187 90
-101 16
276 96
-97 57
-201 50
152 -6
-90 -92
105 -134
52 7
-3 64
133 -18
147 -137
-26 37
-15 123
-33 53
8 -28
-22 14
4 -10
200 -5
-26 -54
257 48
-13 21
-329 65
-36 94
511 35
207 64
-172 -8
145 72
-203 64
-178 29
198 26
205 30
73 -5
-119 16
-163 4
-20 71
131 -40
213 -79
11 -129
-119 -88
285 -65
210 57
-53 15
-42 93
145 54
-78 242
-9 261
23 9
68 -136
-46 -70
-205 -51
-99 -131
370 -118
-129 -9
-3 79
147 16
119 59
-202 110
5 108
302 109
-87 63
-113 -19
-152 -79
226 -43
221 77
50 81
-48 70
-274 39
65 -139
182 121
196 82
1 8
-121 9
45 -117
6 -1
220 53
43 4
-323 145
-140 24
63 57
85 7
118 -31
14 -84
120 -57
0 -29
101 120
96 48
-83 108
9 90
81 76
-45 -51
-57 33
294 -55
77 -77
6 68
-3 103
-29 40
283 4
40 -99
-356 -57
161 92
15 111
-40 108
137 6
324 2
82 -50
124 -13
-67 -129
-53 -29
-65 -34
261 95
-46 127
73 189
-49 16
-173 -11
175 13
482 14
16 0
82 19
-76 -57
-281 -69
185 18
130 84
48 -11
191 5
66 81
20 179
-309 -32
163 -21
185 105
326 -54
-41 -138
-98 -26
50 18
20 -102
-137 -55
-26 51
101 117
142 103
-172 0
76 -75
45 4
182 -15
78 48
48 75
20 -5
136 -21
90 -103
158 19
-49 19
-202 104
87 6
374 -83
137 20
138 76
42 -64
30 4
-214 -32
297 -7
168 -1
-35 62
-101 -66
-82 -30
208 104
55 75
419 22
-25 -29
3 -19
375 -21
106 -106
-50 -34
58 68
70 -43
-42 14
-143 31
105 95
-221 43
94 90
573 -55
112 25
64 -2
-54 -26
-65 -133
130 -27
64 31
61 -76
-43 47
11 132
-104 41
-54 -125
52 -40
196 -27
353 -41
64 -39
-169 19
-7 -31
168 52
206 58
-138 -17
-33 48
45 82
212 139
186 2
-248 -35
-61 -45
136 -42
403 -49
117 -39
-148 5
-142 7
0 8
190 8
189 28
-99 -17
19 -10
307 47
-72 -81
-102 -138
-102 -5
146 79
236 101
-44 33
-68 -49
-123 -15
-87 -89
283 39
164 3
-146 -55
-30 -88
73 38
44 -61
16 -115
-105 28
113 18
55 -90
41 4
-106 48
-95 72
212 -12
142 -35
45 -61
11 -61
69 21
-39 143
-104 -54
162 -44
55 -46
-170 -93
101 -76
103 -25
-28 23
42 86
-128 47
-101 54
106 -18
238 81
117 49
34 44
-62 5
-3 19
36 -7
38 -101
193 -158
-157 -96
59 -35
327 77
-204 87
100 51
24 41
158 0
-150 -34
-96 -37
296 22
183 -129
-138 -2
3 88
350 56
59 33
16 6
-4 24
36 -37
-72 -82
-59 -79
132 -58
144 -2
-43 -68
174 57
248 70
-358 -8
234 -16
9 108
155 61
-135 60
52 4
176 45
-11 -81
-122 -51
-4 -8
114 -133
67 -125
153 42
174 113
-114 15
371 -3
60 48
-248 65
-126 -41
209 147
143 26
65 37
37 43
12 -50
46 -8
146 53
34 -129
-186 -82
-24 -77
69 57
51 88
285 49
-102 36
-9 19
98 -3
167 -62
252 -45
-265 111
17 183
-96 95
333 13
-58 18
-144 82
264 -169
41 -132
82 -29
117 18
-122 -85
129 -76
-28 -22
-112 72
-94 -11
195 78
489 160
-16 212
-84 140
14 -52
32 -116
296 -142
85 -16
-412 -97
-276 70
122 37
381 67
262 119
-18 68
6 0
-16 -20
14 -2
-22 -7
-58 -4
257 -84
-81 -142
-56 -75
57 3
-24 -33
-149 -14
48 20
275 -15
273 67
50 60
-288 -28
-95 -49
146 23
206 84
-131 -25
-88 -16
163 -156
-43 -26
212 -10
39 -36
-258 -24
-184 32
94 19
146 7
94 62
-2 49
-280 70
184 15
276 31
-149 -11
-307 -30
70 -56
295 64
116 51
-64 27
-63 -60
30 -74
-8 20
67 -9
175 30
-149 -124
-86 -75
122 7
-135 94
-31 75
-10 150
159 142
102 -97
-81 -137
-45 -121
46 -52
185 -74
-31 -74
-160 -61
-31 13
152 73
37 91
-71 145
57 195
57 67
3 52
86 -41
-52 25
106 -150
49 -61
-262 -78
24 -59
248 -9
-155 -51
22 -44
150 -33
-58 20
-170 -1
151 -28
137 46
72 66
-369 18
-224 23
-34 50
170 12
323 -1
-148 36
-104 57
-43 -96
74 -83
152 -23
30 -72
0 52
177 36
53 -30
-380 -9
200 -19
-77 -2
95 -5
162 -100
-81 -114
-7 -15
198 -16
-119 30
-324 9
170 12
114 33
39 5
-131 161
54 49
255 -37
-87 -66
-184 -119
-316 -30
480 25
136 0
107 36
25 -47
-114 -59
42 84
32 60
40 -12
-247 50
159 58
-24 50
72 56
62 -18
7 -44
-1 -65
67 8
-116 -56
11 11
17 31
92 14
42 -32
-39 -7
1 128
-42 -46
271 -115
-87 -33
11 -46
17 3
-7 -8
144 57
23 -7
139 -21
67 -45
-162 41
-104 65
141 106
77 25
-238 -26
67 -35
45 -5
-142 -117
-41 -18
143 -17
231 2
97 29
-52 -20
45 -35
192 70
59 53
-51 -32
-12 6
-64 -48
-109 44
-31 105
24 37
108 6
-118 -7
-78 -26
224 7
-1 -108
-243 -48
73 -16
92 -25
122 7
-50 33
87 28
135 -11
165 -22
95 -46
-16 22
-57 -36
89 112
-243 -95
-88 -99
-102 33
150 64
-165 -4
-83 -11
85 37
44 26
54 -40
49 -12
72 -81
51 -25
-119 -36
78 2
-6 71
128 73
-44 50
228 30
14 24
-180 -80
98 -99
110 -111
41 -36
-84 -22
-114 13
235 -4
275 18
64 48
-254 -81
-40 -47
249 -1
-126 -17
35 68
46 26
9 83
159 -58
-2 -112
-116 -83
121 40
-14 93
131 89
125 108
-248 16
-117 -98
-174 -196
268 -48
210 -114
-140 20
129 40
-238 20
168 79
39 3
64 -44
-47 60
-131 68
-70 5
-67 92
128 113
-10 -144
-25 -91
13 -65
20 18
165 35
-147 -48
-140 -39
129 -31
172 -7
-26 125
86 62
94 -90
-146 -161
-36 -22
-1 44
-283 82
-45 -5
358 -55
77 14
-115 -39
-80 76
39 12
-25 80
-7 31
196 97
125 -37
-368 -15
59 -172
-32 -110
-55 -84
17 -73
-10 -20
-149 177
185 143
232 -21
-200 2
-83 15
-104 -54
203 -96
-235 -71
-161 30
47 65
112 0
-46 17
-126 18
267 -64
27 -57
41 -21
-4 -3
97 -78
-61 0
-47 -30
-89 -62
101 23
-40 -49
-49 81
26 62
96 126
-154 1
45 -16
82 -58
-91 -60
-77 30
-93 -32
-43 20
-131 8
71 -38
314 16
87 -35
130 6
-232 -107
-249 -40
169 -12
104 44
33 51
142 -28
-67 79
-243 76
-22 41
180 -8
111 -51
-144 -27
-87 -51
-31 -96
-60 -88
137 11
80 102
69 12
23 14
-81 46
52 74
-100 -28
85 63
-134 22
-60 114
40 32
-149 -94
59 -76
-24 -55
-51 -30
94 -47
46 76
-33 61
63 -4
50 41
-7 18
-41 0
9 146
177 42
-96 36
98 5
156 -94
34 -132
46 -31
51 58
-428 31
69 49
-14 -47
74 4
208 100
8 43
27 0
-179 -70
130 -44
112 -15
-38 5
93 -10
-117 -37
-37 86
32 54
-123 -58
-16 18
40 -26
-33 17
135 5
240 56
9 -40
-298 -31
-64 -65
142 -20
-87 94
68 101
-89 82
56 -38
-152 -19
6 -77
0 -20
-128 -18
-160 0
0 30
114 -27
86 -21
-96 14
-110 40
-285 -38
165 5
96 -4
-61 42
-62 2
-12 -48
112 23
11 -7
-9 70
50 52
20 136
-70 -41
2 -75
94 -71
50 -79
-290 25
-230 41
-89 15
502 -30
-88 -74
-104 -44
-110 33
24 65
54 32
19 47
196 -54
42 -35
251 -141
-195 24
-59 -18
11 0
-53 62
164 29
162 -123
88 -116
-117 23
-125 103
-192 147
37 27
-65 -13
239 -164
-31 -73
-106 3
-80 -41
162 74
-210 -41
33 -14
86 62
-100 129
-59 64
-85 27
91 3
-80 -34
-30 -1
38 2
-58 13
-19 -59
178 -45
-52 89
131 36
51 31
-172 -15
-28 5
84 -74
40 -23
264 -10
-78 -22
-149 0
-180 -8
-36 31
59 97
130 0
78 -12
-6 -14
-8 -23
42 -141
92 -131
-40 41
-29 175
-38 63
-132 -47
-87 -69
137 -45
-20 -70
77 -8
199 156
134 23
20 92
-242 -11
-20 -63
80 -54
6 -31
26 71
-12 -9
-35 120
36 43
-20 51
-174 25
458 -54
169 49
-207 108
-199 -66
-46 -47
178 -103
-55 -63
125 89
-33 111
-90 -7
-35 -58
-37 1
196 -34
213 109
1 167
-179 23
-222 -106
85 -95
212 -1
-20 -31
-105 11
-113 -14
50 -32
154 -11
-126 143
52 59
198 -20
47 -22
-51 -40
34 43
106 2
7 -30
87 -10
-95 18
68 18
82 57
73 -49
63 55
-30 1
-81 -13
-206 -33
90 28
186 -42
88 -46
22 -117
1 -13
24 -40
32 42
-79 67
-9 35
154 120
109 86
280 -37
-287 -82
-61 -108
120 -72
-3 -3
192 97
-123 -66
-175 -116
28 -41
52 32
27 57
0 83
180 93
-38 54
84 -52
-16 -55
-111 -70
-52 -35
133 40
178 14
88 -11
-23 58
27 87
-43 8
160 0
75 -64
-18 -15
-178 -36
87 8
73 87
-235 9
-171 -42
38 -37
89 13
196 -37
139 -12
277 -54
-32 -20
-223 31
-42 81
159 39
-25 -43
-92 -106
17 -103
180 -127
-8 108
-26 -8
86 -10
-84 52
11 72
-98 -70
-327 40
141 128
351 22
137 -34
-1 96
63 67
-143 -43
29 -149
74 -94
-95 -72
48 -2
-142 -20
42 -9
243 39
25 33
36 12
-134 -17
-7 36
109 19
217 9
27 88
-176 65
19 39
-70 -20
-2 -37
176 -85
109 -147
-68 23
-175 -28
50 16
57 21
181 -57
-43 -58
-97 41
150 40
14 -39
-43 -17
-11 18
245 108
-114 92
-267 -36
-44 -38
63 -90
195 0
-27 -28
29 -52
93 -20
-184 70
-40 -80
112 -41
124 -13
123 22
86 96
34 60
77 29
-115 -61
-14 25
81 43
-91 27
-13 77
226 -6
157 -78
12 -85
38 -60
-138 -86
33 -48
21 0
-106 58
48 38
-82 -11
115 66
25 115
-1 98
49 -25
1 -60
72 25
-119 -43
81 -94
248 -69
-44 -37
-161 46
26 81
54 42
24 -2
79 67
1 -21
-77 -34
135 -30
-15 -16
-55 27
8 104
-8 42
140 -31
-10 -68
18 -35
120 0
-50 -83
54 -39
75 -25
-20 34
194 0
61 46
-8 83
-83 -2
34 37
70 16
-254 69
-75 -7
393 -90
29 -11
-157 -136
14 -17
98 39
-2 55
-99 63
-11 83
-63 107
-149 13
-94 1
45 -100
6 -57
34 46
299 89
-276 -47
47 44
362 -111
127 -155
13 -7
-14 -25
-89 -8
-109 5
42 -49
-18 28
-106 -8
-219 0
58 30
88 -5
273 73
88 65
26 70
-62 -23
28 -40
60 -27
92 -43
-18 -2
-161 22
-59 -41
95 -33
-52 53
-18 -43
5 -185
3 -46
-50 -52
19 -59
23 -3
246 13
-116 56
-68 4
-192 63
131 83
336 21
214 25
-148 13
-176 -43
39 -4
-160 23
127 -56
90 -6
-141 28
8 75
75 -29
-34 -72
77 -13
-34 22
-91 30
-107 12
128 -49
-19 -12
50 -33
-82 2
249 7
19 -19
-267 0
139 -5
191 -13
114 -14
-113 -64
-132 22
43 -53
-3 -10
36 25
-12 7
-145 -9
157 -45
128 -11
-28 -50
-71 -91
70 -55
6 -43
151 -1
9 14
-141 1
33 15
-75 -106
-6 -1
16 39
-213 -1
40 26
353 3
131 -47
-224 -84
-72 -24
157 -105
145 -30
-97 67
-236 33
-81 -36
25 66
38 70
-7 -56
-113 -48
90 -54
136 -9
164 24
-134 -12
-208 -4
0 28
390 67
12 -50
-293 24
-72 -10
-160 -84
102 7
244 -40
2 -29
-309 -99
230 32
72 -9
-70 -28
-8 89
79 -71
-93 31
-176 65
96 68
77 1
0 -28
-40 -29
-107 54
14 -36
160 -4
-155 -16
-30 53
75 -15
-78 -79
-25 -21
-100 -4
420 -46
-10 2
-88 -48
-52 -52
-38 50
147 -42
107 36
5 -73
-304 -26
-151 -1
126 -6
132 28
55 -23
-5 -23
-18 -28
110 -14
-86 68
-81 -62
85 -22
43 -15
-96 41
-335 -22
152 -83
183 -20
-100 18
-256 -21
29 -20
33 -19
-96 14
242 -22
95 -61
9 0
-57 2
221 -23
-98 -9
-147 31
61 56
35 -28
-71 -34
-132 -3
96 -15
0 -81
-127 -53
120 -11
23 42
-132 49
-59 -15
100 78
136 -19
-17 -10
-174 -31
82 -29
23 -20
-31 -6
-36 -22
32 -22
132 -45
-82 -19
-111 -102
-152 132
92 16
148 -34
-141 40
69 -64
80 -7
30 -19
-97 71
-144 -50
35 13
18 0
91 21
-90 -40
-66 15
67 -11
83 -8
-171 -4
-92 9
121 -5
315 59
-219 3
-215 -102
-30 -12
461 3
118 -76
-113 31
9 71
52 72
-40 27
-10 124
-46 -81
102 -76
-54 81
-167 3
-161 -56
289 -48
192 97
43 -17
39 -9
-118 -75
-34 13
-206 -22
68 -16
-23 -32
9 -3
4 174
-17 -57
189 -23
92 29
-25 -66
94 133
-206 68
95 109
135 37
-109 46
-115 -87
95 -54
17 -141
-148 12
-6 -99
126 -41
68 69
124 147
33 -15
-134 40
165 74
92 105
-47 26
-161 56
-51 70
-61 -85
273 -20
-34 -84
-124 13
-13 -33
19 90
1 72
135 4
53 -39
72 20
-157 71
-162 -12
-45 20
-21 -44
386 73
-111 -71
-70 -59
-34 9
13 -36
-5 25
329 12
84 -60
-121 -59
-67 -60
-11 76
190 47
-184 -23
-37 -3
25 98
-148 83
0 -45
-94 -39
95 -59
143 -5
109 72
195 9
-6 2
-128 -78
-96 -96
33 -8
155 26
16 -5
-149 49
26 17
74 -39
170 25
2 144
-40 114
85 -45
198 -93
38 -74
-218 -42
-219 -118
158 -31
48 -155
50 -27
-131 125
-149 99
-77 83
70 -12
92 174
24 -30
135 -31
-33 6
21 -86
-66 -171
65 -113
-4 -20
64 -153
-4 -75
-185 -160
-22 -81
82 -57
17 -145
-80 -71
-49 -63
45 77
102 95
28 135
-117 105
-127 86
75 86
-23 -56
235 -71
3 64
-121 303
107 -161
-98 -415
131 -440
28 -397
-146 563
103 586
183 -120
-222 -138
-175 -90
82 -497
157 260
0 -22
-84 -152
-115 -330
44 -643
274 -421
-13 -17
58 351
-45 739
-297 649
109 200
31 252
19 497
108 47
66 -120
-93 -44
-218 -301
133 -126
108 -10
-58 -97
28 36
-10 116
-85 127
-21 110
66 196
150 169
91 -108
37 -272
-2 26
-101 -135
-34 -179
122 -48
239 -167
9 -270
-223 -202
-62 -170
118 4
133 38
-130 -25
-78 -6
43 6
22 25
-71 53
16 90
-30 271
19 -22
-62 -176
-30 -9
113 -172
102 -123
7 163
-77 114
-74 31
79 -112
46 -84
54 31
117 131
25 213
-228 127
150 308
48 271
-28 153
89 -383
83 -290
-185 -208
23 265
150 373
63 49
-112 -342
-126 -192
9 -34
81 166
8 -81
84 109
20 -34
-26 -86
-75 67
-22 129
-32 -34
-66 -56
20 -1
-47 120
106 -92
-30 -121
54 -205
47 -99
-6 103
-73 80
-131 -15
22 -164
39 -72
65 211
14 -179
-24 -149
91 -97
-17 -127
-23 209
-99 119
-81 -46
16 116
-76 -54
109 -13
282 45
-196 107
35 109
72 74
180 -183
37 -26
80 287
-24 352
-205 48
-194 -234
-193 -47
76 -132
197 -65
29 120
-179 170
9 237
-11 -154
-110 -99
-100 326
-25 220
-62 -151
-11 -315
-64 -35
164 550
-9 169
93 -222
-2 -334
156 21
-138 278
-75 195
-73 -33
7 -112
-57 3
116 -18
-1 110
-150 30
-82 -178
-67 177
18 427
67 174
-167 -183
-39 -208
-101 -168
-86 -272
14 330
-5 417
55 -100
-68 -149
91 121
155 136
-64 30
-177 -146
-120 -106
-65 32
117 61
43 67
-52 41
-47 -206
-19 -129
44 210
-43 36
-136 16
153 148
99 165
-25 22
-61 -9
51 -187
-70 49
-92 64
-23 -9
0 -36
54 43
-16 123
9 99
-60 -16
-38 -104
25 -24
-116 65
-55 -109
91 408
76 549
-11 19
-79 -275
-61 -133
-25 -19
-6 -38
-38 -79
-90 152
7 423
41 -58
-28 -158
-49 -147
-21 -1
11 183
20 208
-42 5
-67 -65
106 -106
46 -171
31 -221
-13 -25
-147 156
-41 229
-29 178
55 97
111 -30
-14 -120
-154 1
-5 44
73 -54
-12 42
-95 189
-56 -51
-52 -211
190 264
-8 406
43 -1
-77 -10
-36 -110
-126 14
-41 -16
-50 -10
109 180
60 43
-8 63
-67 89
-67 26
-114 -88
88 98
145 155
76 219
-100 25
-16 -92
0 -166
-74 -155
14 144
52 27
17 313
59 179
6 -1
-53 -118
1 -145
-50 43
-37 -4
-58 133
42 156
28 -88
-58 -182
-70 3
-3 160
68 -62
44 -116
-93 204
-6 232
-70 -85
16 -107
101 -35
4 127
-47 54
-112 -167
61 44
-2 249
-57 138
148 -1
135 200
-35 49
-125 157
-86 64
16 118
-109 95
-47 136
54 -154
166 -151
-118 -131
-53 133
-90 73
27 -12
66 -58
40 185
-34 72
-69 184
14 -105
0 9
-51 -8
40 18
13 -156
0 -172
-59 119
-111 316
15 133
22 -190
-43 -80
-59 71
13 113
-59 -83
54 -33
113 -7
-1 -162
24 125
78 184
-40 129
21 6
107 -62
-88 -109
-72 220
24 231
1 -192
-41 -203
11 -15
-1 43
1 -51
-42 -35
