121 -28
164 22
-510 72
-354 26
60 14
275 29
86 -32
59 -21
-186 34
501 -27
-107 -36
-453 -8
-67 -21
-113 9
165 -3
102 -24
-125 0
404 11
230 5
-496 -19
-216 -15
73 56
286 -11
230 -109
-23 -15
49 -2
528 22
-291 1
-326 -6
-45 16
130 -36
283 -30
-124 -27
-12 18
511 21
-72 31
-431 48
-97 -27
225 -19
320 -53
58 1
-294 -24
316 -45
164 39
-436 3
-203 39
141 -8
147 -9
112 -14
-81 9
132 14
297 -41
-351 28
-273 -23
-140 -30
194 29
37 7
-100 -5
90 12
546 23
-42 -23
-473 -23
-229 26
49 -7
268 19
45 17
22 -3
341 -11
140 -9
-614 -11
-220 -29
-7 17
277 -42
-15 -6
39 -22
48 -5
388 46
-229 29
-456 -3
-29 6
61 8
272 -56
-26 -30
12 -6
403 23
106 -6
-540 -44
-387 33
213 72
221 -24
132 -76
-35 -12
267 9
349 38
-522 1
-322 5
88 -10
324 -30
176 19
-58 5
-2 -15
584 16
-373 8
-451 -4
-85 2
132 9
288 4
154 -15
-102 9
327 -49
221 37
-476 -17
-273 -8
210 -16
124 -24
111 18
-48 -13
151 -16
403 12
-474 18
-281 0
-38 -18
245 -4
79 -10
-2 -20
6 -2
519 22
-143 25
-620 13
-72 4
213 -16
74 -17
148 -14
7 -16
308 22
132 -7
-377 14
-269 31
143 -8
229 -29
123 2
11 -13
176 -33
541 -11
-309 -11
-447 14
3 15
146 -4
297 -7
-16 -23
-54 -11
405 9
-40 13
-655 20
-76 0
203 -3
202 0
74 -22
84 2
216 -14
380 62
-597 -27
-337 -14
68 2
235 73
160 -36
21 -15
-58 17
433 -39
-358 51
-382 19
20 -35
269 31
160 -4
64 -4
-17 -34
515 19
139 0
-579 2
-221 -25
299 32
102 4
64 28
-144 -49
39 -10
417 18
-425 30
-311 -13
187 20
234 6
241 -13
-31 -24
2 15
290 -29
-123 15
-373 49
-88 16
80 -18
191 -3
32 -34
161 -36
213 -26
272 0
-618 17
-216 45
43 3
250 19
187 7
76 -12
140 -43
573 -15
-363 6
-383 41
36 -15
158 0
88 24
8 -1
38 -42
352 22
-106 -10
-463 -4
-68 4
95 25
237 -9
115 -6
-39 0
285 -14
201 -16
-608 51
-255 -13
250 7
259 11
-20 5
5 0
34 -15
566 -32
-436 -9
-329 -2
57 3
136 11
39 74
146 -16
3 42
482 19
-24 5
-460 -22
-83 -15
204 6
238 -19
124 19
59 4
211 -14
364 9
-435 6
-226 -25
-69 8
145 -18
129 23
85 -6
207 11
538 -2
-242 -27
-570 -17
-65 -6
332 18
184 -27
-57 11
35 16
356 32
195 -35
-557 0
-242 13
141 7
147 28
149 -5
-66 70
174 -24
340 -2
-385 -7
-251 -15
24 -3
192 11
138 -38
64 -1
16 18
434 1
-64 6
-453 31
-83 0
239 -30
149 16
8 7
12 -4
129 5
175 -2
-493 -18
-231 20
93 19
165 3
149 0
76 -16
-39 -13
335 12
-513 -24
-347 11
91 -7
192 34
65 -48
34 -20
21 -18
511 -51
-300 35
-494 16
-125 -19
93 5
155 -22
13 -21
-49 5
286 -18
178 6
-474 -15
-292 -7
120 9
303 6
-27 27
-81 -22
51 36
377 -9
-301 12
-413 -4
-30 0
185 -8
151 -15
50 -25
55 -8
498 -9
-47 21
-534 -27
-226 9
134 28
223 -9
78 -16
-68 -15
240 0
360 11
-525 -41
-168 2
130 50
239 -24
215 -46
3 -2
-25 -6
690 -8
-411 15
-559 42
-74 -22
137 -39
128 3
96 34
-51 -49
530 -19
84 25
-508 34
-201 -22
66 4
265 0
68 19
-110 -31
144 -33
481 -12
-523 15
-390 33
-19 -12
243 -12
236 -23
-57 2
-122 -1
347 -15
-233 -8
-460 -4
-202 20
227 0
261 32
206 -50
-46 -10
450 -9
113 15
447 -15
-551 -35
-326 1
41 14
235 -10
196 -8
-52 -25
0 2
249 -11
-27 15
-402 9
-81 16
69 26
149 -12
-7 -18
66 -16
319 13
330 2
-691 -2
-202 -12
43 -38
292 13
-76 -26
-103 3
224 9
585 -2
-352 -69
-266 36
38 -2
169 54
105 -36
0 -39
38 -9
434 17
-120 -3
-606 -2
-180 13
206 -8
38 1
-12 -36
-105 -3
243 21
371 8
-482 16
-395 0
65 17
260 -21
182 0
-10 -35
28 6
333 14
-275 7
-272 -5
4 -12
237 7
190 -13
78 -28
-100 -8
244 31
151 -16
-450 3
-100 21
78 -1
158 -33
180 17
-3 32
224 -16
367 3
-360 0
-283 -4
-110 -1
179 16
177 -15
-3 11
101 -12
449 -45
-238 35
-580 -6
-126 15
176 18
113 27
21 -27
-48 -17
286 -5
348 14
-614 0
-347 11
34 -5
140 4
79 3
-37 -15
159 -8
450 12
-413 -25
-321 -39
76 5
217 9
122 -2
0 1
67 7
288 28
-97 -19
-451 -45
14 -4
237 41
136 -33
54 11
18 26
217 9
189 -11
-389 -9
-206 -62
62 6
155 3
146 16
-6 -9
82 -11
459 37
-280 -19
-389 -26
-90 8
205 17
192 -35
103 -4
-196 48
539 -5
-117 -30
-469 -51
-180 69
69 -16
237 16
12 18
-106 -37
205 0
222 -4
-441 -36
-291 17
0 -37
200 14
102 -18
-72 66
32 -34
429 -14
-215 28
-411 -42
-85 -2
101 -1
302 -5
47 0
-47 17
387 5
170 -14
-516 4
-112 -19
176 -17
101 14
57 3
6 -23
55 15
573 23
-298 -19
-397 4
-13 -39
153 15
209 27
23 -6
-3 3
513 13
-166 34
-548 -24
-112 -22
269 -25
191 18
-206 9
36 17
352 -14
116 -28
-419 11
-154 -14
123 -14
279 1
120 -9
-115 7
168 -2
542 17
-367 -10
-392 -4
-235 0
184 -35
218 -4
-18 18
42 8
407 -17
-223 12
-540 -31
-27 6
218 -25
84 33
16 -6
-111 11
51 -24
370 6
-277 -27
-147 1
60 -1
206 5
148 31
56 -34
76 5
249 16
-345 4
-334 -13
-123 -2
181 -17
211 22
-132 29
-32 -31
342 4
141 -13
-521 -12
-107 -12
187 -8
68 -6
118 -2
-155 4
172 3
474 0
-578 0
-402 -14
-75 -28
206 -4
-15 8
-60 28
-1 8
399 -1
-103 38
-462 -6
4 -29
175 -7
230 19
50 -15
-172 -39
426 16
113 -31
-469 5
-305 -5
-75 -8
264 -14
106 41
70 -18
161 1
329 29
-338 -34
-232 23
170 0
45 -36
108 -22
-184 30
45 18
465 -10
-344 24
-385 -21
-111 -5
156 -36
213 16
123 23
-16 -37
306 42
215 18
-452 -6
-314 -10
31 -33
231 -15
91 -1
-108 13
-169 43
421 -17
-293 -2
-321 0
-285 21
193 -19
350 -8
-67 -8
-147 -3
279 19
48 36
-595 81
-171 -33
189 -16
128 -14
71 -20
-14 24
264 -50
161 3
-486 6
-238 -5
9 26
103 -16
134 -36
-71 8
158 13
515 -2
-603 0
-469 -9
45 -32
247 -15
229 -6
-33 22
-37 -37
297 30
48 23
-410 34
-189 18
132 -102
31 -10
98 25
19 -16
289 -11
195 13
-436 0
-238 -17
85 -68
137 73
155 -9
-42 14
-30 3
429 0
-123 6
-307 62
-95 40
358 13
95 -12
38 -8
-46 -26
372 20
107 14
-520 -30
-180 1
166 -4
167 -12
167 -7
-4 -21
243 11
276 -17
-358 14
-312 20
15 26
245 -59
137 7
11 -13
-42 -6
330 26
-108 -23
-361 -1
-70 24
58 -14
110 -9
135 0
-92 11
104 0
288 22
-539 39
-318 -38
-21 13
128 -6
155 -14
-118 -17
51 0
511 -18
-398 30
-335 -4
-121 36
160 -29
250 -31
58 5
-100 56
498 25
-212 -2
-353 -21
-123 -31
119 29
211 -8
14 8
23 13
389 25
399 15
-573 0
-216 -13
102 50
151 -25
239 -31
-42 -3
136 -4
445 0
-527 23
-403 1
-85 30
296 -16
301 -31
47 -40
-195 2
337 13
57 46
-456 -5
-106 -7
127 0
213 7
209 -38
4 -10
136 21
619 30
-417 2
-365 -16
88 -22
127 25
157 -50
65 -12
-6 12
476 -1
-159 11
-544 4
-183 25
285 -10
167 -13
199 -10
-119 -22
351 16
111 14
-500 15
-167 -12
103 27
207 -17
316 -34
-23 -30
142 1
393 8
-529 -8
-497 0
72 21
242 -42
379 -72
60 7
-50 22
433 37
-250 -31
-524 -4
-161 -4
117 22
178 -2
-41 -11
-14 -35
336 -2
-32 13
-531 -9
-165 14
94 18
224 18
35 -9
-81 -30
-21 -20
597 -20
-487 39
-115 4
-442 0
-116 -20
130 -17
131 -9
49 21
77 14
199 9
344 -6
-480 41
-324 -17
44 -43
32 -8
120 7
-113 5
69 20
534 -20
-325 25
-400 15
-97 -23
327 -14
105 -41
-66 -12
25 12
402 7
23 -5
-491 7
-162 -15
128 7
187 -37
89 -4
-28 -27
201 31
318 -23
-391 11
-368 -40
18 21
278 -37
135 13
35 12
-6 4
513 17
-237 -18
-449 -11
2 -18
175 19
111 2
13 17
-30 13
322 0
229 0
-497 6
-158 5
102 -2
1 -6
179 -47
24 -21
-12 -6
454 12
-468 -11
-393 -35
0 20
273 -28
163 -40
42 -1
-25 15
410 -1
-107 4
-581 1
-93 20
187 -30
293 -30
-5 -30
-152 -33
241 -3
311 -35
-436 9
-339 -19
54 18
157 36
85 -67
56 -4
16 42
435 3
-327 23
-393 -16
0 0
159 8
159 -1
86 -16
-26 2
353 -18
124 46
-569 -13
-223 9
165 -38
49 -38
91 -6
-114 -14
122 -10
377 -2
-486 -15
-286 9
-5 -38
189 32
37 41
-31 -19
-56 -18
477 25
-379 26
-731 -3
-147 9
134 -3
341 -46
64 5
155 -20
547 4
-115 -8
-456 9
-226 13
205 -11
332 -6
253 -10
-240 -4
241 7
412 6
-496 -22
-323 -17
93 19
95 18
231 13
21 -28
101 12
362 18
-294 -12
-487 15
-145 16
278 1
223 -2
0 0
37 -19
191 -2
162 12
-546 -18
-215 -19
60 22
220 -7
69 -21
-46 -22
277 3
513 -16
-298 3
-458 -17
-148 12
94 22
180 -5
34 -33
-57 -13
379 36
-234 -11
-389 -4
-256 -25
66 -2
291 16
-6 -31
-59 -25
67 16
284 8
-559 -7
-231 -4
26 4
294 12
145 -4
-45 -19
109 3
492 12
-388 -30
-377 24
34 40
89 -37
66 22
-4 -27
-166 -15
444 -14
34 18
-519 -29
-169 44
154 -9
192 41
-39 -37
14 0
204 0
407 3
-556 16
-297 35
75 -35
102 -5
221 -8
19 -9
69 -16
389 -13
-242 4
-368 41
-170 -3
68 22
45 5
67 -27
-96 -4
353 -14
74 0
-668 -11
-300 41
77 11
164 -32
-17 23
-32 -22
157 -1
470 -10
-571 -2
-298 -14
15 4
181 7
227 20
78 13
59 -27
293 13
-138 5
-474 62
-53 -21
194 28
141 -29
96 0
-41 8
199 -38
239 -5
-518 34
-154 11
287 17
71 1
139 14
-123 3
41 42
472 -40
-413 -16
-422 1
-155 -19
170 -3
136 -13
-2 -3
-13 1
540 1
-36 -13
-588 -33
-284 -11
105 50
110 -25
87 -5
-94 6
167 -31
324 -11
-455 3
-236 3
54 33
116 11
272 -9
-83 2
16 0
293 6
-341 -14
-408 -17
-42 6
142 -50
204 28
-66 1
-18 3
296 -9
43 -34
-575 -18
-143 -5
87 45
123 31
111 -43
-51 -10
166 7
494 -9
-472 -47
-402 -28
27 0
339 15
29 16
30 -11
32 5
609 -17
-159 2
-494 -22
-68 16
107 11
324 12
108 -16
-1 -4
268 0
19 3
-537 13
-253 -22
57 -4
249 -32
176 3
-74 22
110 42
384 7
-538 -18
-244 -15
303 -6
255 -13
115 -5
-50 32
36 12
363 4
-260 -20
-524 5
-45 -3
91 20
126 -4
121 4
-4 18
298 -30
240 -26
-481 -12
-264 -8
46 -10
174 3
68 26
-26 -14
155 -1
280 -14
-363 -31
-263 1
-27 -2
1 18
265 24
-31 23
-10 -17
411 53
-18 -5
-593 -60
-126 -67
92 32
-8 40
-52 -13
-32 9
414 18
307 -20
-587 -28
-280 -4
-18 -6
160 17
75 6
-116 0
31 -30
510 -15
-261 -61
-444 13
-128 18
-16 14
262 13
159 1
37 11
437 30
114 -32
-563 -11
-359 -14
16 75
164 -23
109 -20
-30 21
282 16
495 19
-475 -16
-361 -24
-81 16
205 8
284 15
-121 0
45 0
346 -3
-269 -17
-522 -40
-11 0
196 -8
176 1
47 0
5 28
315 2
109 -22
-475 6
-227 -26
98 -14
169 13
237 5
-85 19
147 -12
372 -9
-133 33
-392 43
-2 -33
96 -52
175 64
17 -38
77 11
431 25
-47 -33
-606 7
-126 8
12 25
96 -37
56 -33
-45 -15
300 42
235 -14
-579 23
-321 56
97 -19
147 24
84 -64
28 5
20 23
556 60
-418 -34
-397 -34
-61 -33
168 34
174 -33
5 0
-164 24
420 12
-97 26
-497 -26
-139 20
110 76
233 -55
164 -63
-142 -17
130 2
171 29
-354 -2
-356 -15
103 24
145 0
107 -34
219 -13
-39 -8
0 37
281 -9
87 -11
-499 -21
-247 22
166 9
2 -29
179 -31
44 -1
98 18
475 -11
-497 20
-315 18
-79 -8
105 -16
47 -23
-60 -7
-17 18
491 0
-149 9
-499 -3
-93 0
273 17
206 -19
39 -8
-79 11
193 -7
90 11
-571 -22
-224 -7
110 5
214 -12
39 -24
-26 29
131 32
525 -8
-433 38
-418 -30
-23 0
129 15
201 -18
-85 -41
-45 -9
488 22
-182 23
-518 9
-107 0
160 2
137 -6
46 -15
-82 -8
236 8
325 8
287 3
-484 13
-335 4
-147 -10
148 -17
123 -1
3 -8
-92 7
475 5
-250 -4
-627 9
-154 73
93 -15
158 -36
-32 6
-36 -1
313 0
318 0
-468 39
-258 -25
124 -25
74 -9
201 0
-60 -28
-72 23
82 -26
-211 -11
-344 3
-100 16
186 -29
138 0
-32 -23
8 45
197 15
102 4
-256 1
-168 -7
-51 -4
76 -6
119 -9
-80 -6
260 14
363 17
-574 7
-467 -10
60 21
172 -10
156 -11
19 37
-89 0
261 -4
-108 -18
-424 -69
-75 26
167 43
169 -35
-118 -6
-148 24
258 85
44 -37
-438 52
-265 -43
127 -18
-54 11
161 -8
-127 11
122 -24
340 -3
-415 27
-299 -34
-67 -7
289 -8
55 12
89 -32
47 20
224 20
-399 0
-530 -22
108 -25
120 -22
95 -16
-24 31
-67 -4
40 -52
156 2
-485 38
-166 12
212 -54
-5 -44
67 6
-78 14
96 2
604 -13
-335 0
-530 -10
-93 1
125 -16
110 -5
-97 17
-28 15
372 -10
150 2
-559 25
-206 -8
126 -24
64 -38
-8 1
-113 -2
117 2
371 4
-542 21
-258 26
-216 36
278 -54
359 9
-122 -13
167 -30
544 36
-442 25
-510 -1
-45 21
147 -7
157 -11
-23 18
0 -3
387 -4
-77 36
-586 5
-179 3
137 -53
237 12
182 -2
-8 -21
203 27
479 -18
-554 -26
-339 12
116 -22
216 5
161 -33
16 -42
85 -70
431 18
-221 14
-546 -16
-90 37
90 -8
130 -17
-25 -16
22 -2
164 4
2 4
-403 -17
-142 -5
165 -11
263 -23
112 -25
41 7
139 -10
423 11
-396 -1
-363 -1
0 50
155 35
115 -22
-44 -28
19 23
353 -23
-112 18
-509 -23
-105 33
343 -7
191 -36
152 -18
-14 9
105 23
273 -12
-542 21
-296 46
-46 12
196 5
101 -14
-31 -7
20 13
565 23
-344 -21
-419 -7
-19 23
131 -16
57 0
5 -29
-17 -38
319 -18
47 29
-480 6
-170 7
160 -12
268 0
184 -27
-72 -31
86 -3
359 4
-616 4
-381 14
139 -6
237 -4
97 -14
-31 -16
84 0
433 25
-395 -8
-504 16
-139 -11
133 -16
160 12
-112 11
-64 -17
279 -25
85 -11
-556 13
-14 7
136 7
159 -7
70 24
-54 -29
23 -25
414 -4
-419 -10
-422 5
54 13
146 22
72 -27
157 -21
-115 -35
405 3
-250 15
-471 23
2 -1
150 32
222 -19
152 -41
-331 -5
139 -21
212 37
-478 -6
-63 -21
121 7
104 30
164 6
-8 0
36 2
324 -19
-358 18
-345 -21
-37 33
106 12
107 -39
52 7
6 -19
279 -14
-6 -48
-493 -3
-302 -2
44 5
48 -1
29 7
-58 -15
219 -26
192 23
-777 -21
-369 -4
-15 21
192 17
152 -42
-35 -11
-28 4
509 -38
-403 25
-594 15
84 0
-236 -5
16 42
71 -27
108 -17
-255 -24
233 7
292 92
-632 -29
-359 -1
-25 43
300 -19
6 -34
-53 -30
49 -24
148 -2
-84 33
-393 12
-27 41
83 -14
280 -19
39 -14
37 -30
223 14
241 1
-627 29
-239 3
-7 -8
246 1
1 -46
-46 -27
134 9
349 -57
-567 7
-266 -1
144 -6
297 -50
124 8
-14 0
-14 19
385 38
-225 -22
-483 27
-39 1
24 32
182 -34
140 -33
-44 2
276 0
-68 6
-491 9
-129 -20
178 9
130 5
121 -27
-35 -23
-35 15
290 11
-299 -47
-329 26
46 12
127 -41
69 -21
14 -3
-82 -15
475 29
-112 -37
-524 0
-191 7
72 -44
221 -18
-82 -9
-73 -13
201 4
276 -18
-479 33
-232 -7
25 36
122 -25
143 0
5 -25
87 0
415 33
-410 -14
-514 2
-124 -15
154 8
219 -8
22 -13
-77 -1
264 28
97 36
-521 -12
-230 -10
132 -3
234 50
98 -53
-97 -23
246 -5
258 24
-600 1
-350 6
24 5
203 11
168 -4
-32 -24
19 1
410 38
-337 4
-332 -4
-36 1
162 -1
223 -24
-97 6
-183 -23
184 7
45 0
-431 8
-347 -11
-38 14
73 -14
139 -11
-109 14
162 57
557 7
-598 16
-420 2
-80 14
87 -11
164 -19
13 -10
-22 23
367 -4
-315 12
-453 -3
-134 12
81 29
85 -25
-61 -19
-181 0
337 -8
113 0
-376 -3
-278 -4
128 11
194 -20
89 7
-29 -26
-91 15
228 -12
-467 -24
-424 23
-91 30
71 -10
282 -9
-126 -13
25 -8
222 17
-179 31
-398 -10
-13 17
48 15
273 -1
91 -28
-19 -26
162 0
495 -9
-528 18
-205 7
126 -12
223 0
193 -14
-70 -20
114 -16
485 -22
-501 5
-542 -11
-86 -2
116 6
33 -16
80 18
-168 -13
371 -17
-207 24
-551 6
-170 -10
227 16
45 25
43 7
-125 -13
-114 -20
294 -12
-638 7
-291 0
71 6
132 -4
37 7
-77 -9
56 6
335 -18
-376 -5
-385 -5
-128 11
176 -16
-5 5
29 5
-156 -3
387 -16
122 0
-592 -10
-278 4
130 16
103 -4
75 13
-60 -5
70 4
533 0
-436 -8
-412 -26
-20 -1
182 41
72 -7
-34 -1
-9 25
382 5
-235 -17
-491 -13
-44 -12
103 -3
159 8
60 0
-126 -3
71 0
248 13
-476 -9
-247 9
93 -34
77 -47
76 20
-81 -11
88 14
404 20
-497 -1
-373 -15
72 -16
161 -17
-216 -5
5 2
-78 -6
369 6
-182 0
-511 28
-198 -2
75 6
131 9
68 -1
-53 15
74 -1
186 8
-378 0
-257 -20
-312 -26
-32 0
89 21
120 9
69 -4
-157 9
220 11
34 -25
-304 7
-95 -12
22 -2
184 -28
51 1
-49 16
46 18
235 0
-313 -28
-235 -26
124 -9
131 25
-152 -7
-10 1
80 11
627 17
-237 -29
-460 -16
-118 9
4 -4
136 27
-22 9
-65 7
311 32
129 -14
-592 -19
-332 -26
74 -13
197 8
29 19
3 0
151 12
430 -6
489 2
-318 -14
-372 22
-137 12
160 0
87 -14
-42 -15
-206 7
310 7
128 -28
-436 38
-210 37
26 5
164 15
193 39
-43 -7
-19 -21
310 -20
-362 -32
-308 32
-93 29
196 11
184 8
11 8
-15 -33
283 6
-78 17
-398 -3
-269 8
115 -6
126 16
161 7
-125 -46
106 7
321 4
-436 -15
-249 12
37 7
165 -21
153 22
-5 -8
25 -1
443 -16
-360 -32
-366 -25
-108 -16
56 8
94 -2
-77 -12
-13 -6
385 -23
-78 -17
-501 2
-167 -18
176 11
216 14
43 -13
-78 -4
275 -4
537 21
-389 -1
-316 30
-45 -17
-58 -29
145 36
7 -4
-96 16
412 -13
-306 -30
-336 8
-182 33
76 24
175 3
70 -30
-143 11
235 -36
84 -1
-513 24
-185 23
61 19
208 3
62 43
-104 -20
193 -35
411 -21
-524 -18
-351 -8
-38 -6
114 0
45 11
57 9
-14 49
432 -1
-391 -21
-482 13
-146 -24
96 24
197 -6
-12 26
-42 -19
176 2
229 -27
-431 15
-311 12
11 0
105 -21
4 6
-61 2
-7 -15
419 -35
-433 -6
-385 -14
-88 15
105 28
269 -6
-25 37
-128 -21
356 -41
-159 -5
-429 -5
-83 3
85 20
129 -10
14 -37
-79 32
106 -5
60 -37
-410 -8
-321 -13
98 -3
185 19
124 5
53 -7
15 2
476 -9
-385 -14
-377 20
-132 9
121 16
150 15
-115 27
-253 -22
419 5
-36 -7
-447 -13
-186 7
7 11
113 -6
57 13
-139 -19
208 -13
339 -10
-368 -31
-324 12
-22 32
248 0
-11 4
-61 13
50 -18
391 -6
-205 0
-490 -11
-50 16
-63 30
236 -6
169 30
-71 7
277 8
189 -20
-473 -25
-267 -4
138 3
96 6
-39 45
33 -8
122 -10
396 0
-236 28
-402 -34
-99 -9
210 -3
101 4
-161 0
9 16
368 5
-236 -7
-418 -8
-94 9
38 -2
160 4
33 -4
0 21
273 13
1 6
-301 -29
-180 -1
-23 6
253 5
86 -7
-41 40
44 -4
432 -13
-304 -10
-390 -1
3 -31
205 6
257 28
17 -25
2 -14
292 -47
-118 15
-337 5
-140 4
74 -27
148 -34
-23 -5
30 18
100 -19
148 8
-362 -17
-367 -21
19 0
39 -12
224 -15
-284 14
61 7
346 11
-196 -29
-446 23
-35 -15
5 20
87 -8
-42 6
1 13
416 11
-143 16
-484 -26
-202 19
-34 -35
27 -65
42 34
-172 20
77 0
308 -7
-336 11
-390 0
-37 -8
195 -28
127 -18
-55 3
-61 38
477 32
-258 -16
-461 -25
-253 -21
147 2
77 -5
19 0
-118 20
268 -31
-29 9
-420 -14
-238 -2
-57 2
226 -10
112 -29
-116 -31
78 -12
227 8
-328 16
-240 -3
59 13
143 3
91 -20
-88 -15
52 25
453 -10
-180 36
-414 2
-100 -17
86 0
172 -14
113 -16
-83 -3
123 13
159 8
-362 12
-137 -10
40 -73
84 35
50 77
-11 -49
157 -22
257 -1
-177 20
-439 12
-111 23
185 -10
53 -29
-34 -36
-60 -3
422 29
-69 -5
-589 -4
-80 11
214 4
-52 6
-80 -24
-157 -32
15 29
87 -4
436 16
-282 52
-419 37
-44 -26
75 -31
176 7
129 -12
-30 44
346 -21
139 0
-427 4
-259 21
6 -10
154 -38
125 -4
-103 -14
137 0
210 -7
-433 9
-399 -7
-52 1
193 38
52 23
22 -34
99 -25
456 -15
-164 -48
-466 40
-90 -2
-61 5
96 6
80 0
-133 -13
143 1
96 38
-453 -25
-222 -1
62 -10
161 -18
22 3
-44 27
92 -13
186 -16
-402 24
-386 1
-55 -6
189 -14
100 -8
-22 0
-103 -16
128 -10
127 -15
-417 13
-116 21
-22 32
103 -6
23 0
-253 -2
311 -22
84 -18
-411 -20
-237 -20
34 2
192 37
71 -10
-70 -19
81 5
295 -11
-381 -15
-313 15
40 12
-50 0
-11 19
63 -17
-82 5
405 5
-99 -32
-402 -11
-250 4
237 -24
35 43
72 -3
-218 7
150 0
146 -9
-510 -17
-219 -56
23 36
107 19
60 16
-18 0
-40 -6
309 3
-93 -1
-258 -36
-152 16
137 7
90 5
29 0
-32 -1
260 -2
147 -7
-459 -28
-216 16
41 -13
29 -16
86 -2
-24 21
46 -23
99 28
-362 24
-255 2
-43 -20
-99 -17
209 -9
77 1
-67 11
257 3
-9 13
-460 -30
-150 -26
98 -8
96 29
-30 -7
11 1
318 -9
16 -37
-448 -15
-240 -4
85 -16
64 40
105 9
0 31
58 -36
207 -5
-311 -10
-484 -13
50 -31
-96 27
38 20
55 0
-320 -7
504 -3
35 63
-586 6
-206 -5
200 -39
142 -12
62 -10
4 -13
175 26
63 -26
-382 8
-203 1
12 -9
18 16
238 -11
-8 32
65 8
239 21
-223 -7
-368 -6
-145 -4
16 -4
222 -23
79 9
-77 30
422 -4
72 -3
-545 -4
-226 6
-24 -4
98 -19
149 4
-110 13
133 -2
243 0
-310 8
-322 15
-19 7
175 -28
119 11
11 9
-12 -10
283 -6
-110 27
-427 2
-43 -19
87 -18
63 -24
104 26
-12 -5
362 13
-17 -13
-493 8
-208 5
127 -36
-19 -23
122 5
-41 0
-49 0
192 32
-469 3
-234 47
11 -70
217 -20
105 26
-67 -6
99 17
272 -3
-83 9
-440 39
-188 -24
112 -49
144 -25
62 -21
-109 8
310 -17
110 -32
-345 0
-240 28
-48 -9
126 -15
33 -47
-43 12
117 5
23 5
-341 19
-220 -11
-76 2
134 -15
144 -29
68 -18
-66 -11
339 14
57 38
-409 -9
-181 76
81 -2
93 -5
35 -5
-24 14
202 20
298 -26
-350 60
-274 20
-25 -22
165 11
80 -15
-113 -16
83 1
226 6
-213 15
-451 -17
-52 5
171 -17
