-160 -29
-59 45
484 25
131 -5
-393 0
-17 19
34 22
109 -12
40 -24
-298 -6
5 -3
-316 11
-38 -27
550 16
-134 -18
-360 2
-57 -1
-158 -2
516 -20
-173 34
-750 -21
616 2
805 -19
-279 2
-554 -17
-563 -23
204 -17
620 3
-258 0
78 30
-91 -12
-70 -30
130 -31
38 21
-184 -16
-468 -9
164 -24
-295 -46
475 16
367 -22
-419 -10
-616 -23
419 -51
290 -21
-345 -9
-42 46
108 31
494 -6
-351 -1
-190 0
-95 -32
-225 11
-102 -11
340 -21
481 -16
-71 18
-213 22
-215 32
-312 -12
310 0
343 -3
-605 5
105 -3
481 -25
188 5
170 -23
-550 82
-180 -21
44 -6
580 -1
154 -11
-428 -5
-551 -17
-82 -15
-497 2
912 -10
-301 -22
-309 2
876 -23
112 2
-395 12
-329 -9
59 -41
264 35
-36 -17
-561 11
-80 2
124 23
-90 16
220 -7
199 -28
-475 -23
-205 -9
-24 0
444 8
-61 5
-49 2
183 -10
135 -5
-172 27
-277 5
-51 21
444 -12
-165 -13
-566 13
206 22
606 -15
-194 -31
-412 -25
-469 18
736 8
1337 1
-717 25
-194 13
122 -8
428 -26
-115 22
-311 33
427 11
16 0
-245 -19
-348 5
100 -28
984 -8
-427 1
-357 1
-227 28
177 -5
105 -17
2 16
-410 7
318 -16
175 -33
-319 -15
34 14
218 4
19 -15
92 0
-182 -9
197 2
-41 -22
-135 -37
146 3
-131 7
-144 17
110 11
202 -2
-156 7
170 7
-283 -6
-239 -9
429 -5
95 -27
-120 16
12 0
166 15
566 20
-83 7
-498 -9
-9 -18
420 -5
65 -11
-202 0
-213 9
133 11
296 -15
-333 -11
-795 -26
1155 -2
-167 1
191 -43
-443 27
211 12
25 11
-122 -20
56 -10
129 -13
-330 -3
-91 0
223 -20
117 20
-37 33
238 2
145 -34
-194 -36
-72 0
232 24
206 -14
-121 -17
-237 6
627 -14
-288 -30
-122 -11
275 -15
153 7
-106 9
-212 15
53 31
61 29
185 12
-100 -1
-199 -31
208 2
-504 31
153 -6
-5 -28
331 29
-28 -47
200 -41
-126 -27
-567 -37
-50 45
806 24
-83 11
-425 0
-316 32
387 7
363 24
-217 7
-295 -12
36 -1
22 -19
180 24
-230 60
154 6
-59 -5
-237 4
-54 -27
-205 -26
250 -2
274 0
-61 7
-26 25
-284 2
-372 -43
67 -14
-168 0
184 1
832 30
28 9
-130 -5
-429 11
-163 -26
632 2
-9 -14
-58 18
-309 -15
-234 -29
328 18
4 3
-654 40
-202 22
1641 -64
-308 -16
-464 -22
-434 -21
827 8
290 -25
-142 13
-376 -9
-123 32
-31 27
-236 -7
83 -42
-333 2
1 12
1062 0
-262 -9
-285 4
-84 -25
65 -30
73 -18
119 0
-175 5
-86 14
103 5
-494 -9
247 -2
-160 6
166 -7
256 4
670 -14
-226 -6
-341 -10
-201 19
150 22
47 -7
-106 6
236 -39
-20 -19
-94 0
-75 0
-286 5
-98 -5
265 -15
-160 0
310 -8
296 -15
178 8
-102 11
-360 18
-69 -26
9 14
206 9
-17 0
-111 1
-106 -20
313 -4
-571 5
327 7
30 18
-65 22
274 -15
-240 -25
-209 -13
613 -4
84 1
-715 -9
-80 -11
758 7
-74 -12
-167 -22
-104 -6
33 21
115 46
-194 18
315 -1
-36 -6
-181 0
298 -15
-149 0
176 -1
299 7
-340 -18
60 -13
210 -2
-107 5
-176 6
-210 0
474 -4
561 -27
-32 0
-523 15
12 1
149 20
-17 0
-172 -17
21 -13
-40 2
203 -23
36 -19
-159 33
-170 1
96 -3
168 -23
205 -6
-165 0
299 36
-99 -7
-463 22
297 -26
-187 33
-374 -14
596 -5
292 -29
-94 13
217 8
-421 -13
-104 1
-164 14
17 -28
203 -27
238 -35
-55 -7
78 -27
-172 17
-285 6
132 34
152 -5
102 -61
-237 -42
177 12
154 32
47 9
-22 -18
-10 -2
-138 11
53 -57
641 18
-116 5
-92 18
-205 -33
-235 22
96 -15
614 0
-56 -8
-106 -25
-73 1
-4 -4
184 30
73 25
-551 28
318 -2
23 -9
-47 -7
221 -37
-23 -6
246 -5
36 -5
-21 -10
-406 2
173 -22
-106 5
174 2
-47 -12
98 -22
287 2
-217 18
-121 18
-112 -2
23 3
-49 -8
24 16
-29 -22
375 -22
-175 -27
-180 -7
62 -8
-145 13
17 5
456 3
55 5
-208 -30
138 12
-195 -15
-42 3
-218 -7
618 44
76 -5
-157 0
-66 -24
118 -38
-27 2
-37 0
-135 -12
-171 -7
-113 -2
615 26
-2 5
12 9
23 6
-71 -30
-122 -15
-56 19
131 -19
131 14
-199 12
-3 -41
96 17
-150 -28
-78 -16
29 -4
66 15
38 6
339 -5
-84 2
134 21
179 6
-292 -17
88 -1
-131 -2
-145 -10
329 1
270 15
44 9
-331 -17
-106 -22
234 -29
-141 -12
-44 27
60 2
68 24
175 40
139 0
-146 -9
-354 -13
-82 -34
171 29
-28 -1
-36 8
-235 -20
659 -29
-26 20
-255 0
-137 -10
33 -21
170 22
40 -2
-53 2
68 0
-50 6
-447 -20
161 -33
131 -14
227 1
-89 17
-115 -10
311 13
64 12
-185 -11
-60 1
-79 -20
233 3
91 5
-78 3
-19 -15
148 1
64 17
-481 -21
232 -17
117 -25
-30 -40
-25 20
104 -29
95 7
167 36
-221 -10
-183 -2
76 -50
99 -6
127 -23
172 24
-223 16
242 0
-93 -3
-356 -29
202 -25
37 6
-67 3
-151 25
302 6
130 -12
-93 -8
-117 -8
-171 -10
22 3
-89 -1
294 21
-77 15
70 2
311 -45
-420 16
352 27
-134 9
140 -58
32 -13
6 -11
-96 -9
92 1
-77 2
-216 -12
-439 19
241 13
480 -59
-157 24
-47 -39
175 25
18 44
-252 36
-84 -54
-157 41
27 -35
324 19
-4 -11
9 47
-113 -62
-95 35
66 -87
-103 18
-256 64
420 -17
41 -64
-87 -43
167 -3
-272 60
-175 -18
245 7
41 16
-214 65
168 -80
187 -48
2 -31
13 -3
247 29
-130 -12
-209 0
-17 38
-40 4
109 -35
-37 8
75 -13
192 67
-50 -22
-147 32
-58 30
30 20
53 -59
-22 -15
0 -15
155 -12
-6 36
-328 -40
-20 18
98 0
-89 14
119 -30
235 -29
-215 3
599 17
-270 4
-202 4
-106 -25
63 -5
302 94
-134 -109
-135 66
4 -55
363 -53
-241 21
-111 5
-306 2
280 -31
302 -29
-177 -22
84 14
220 4
-135 -22
-190 50
45 48
-178 20
-25 49
434 -135
128 -30
-59 31
-113 13
-128 12
23 59
-24 39
290 0
-276 -40
-38 -2
178 -80
-243 28
-57 -72
96 -72
-93 -5
160 -11
98 -72
-165 -2
6 93
53 98
-274 101
427 -17
-26 0
52 -38
164 16
-9 -14
-17 -52
132 -26
47 -2
-59 -22
-294 -2
-172 65
20 -2
-6 -14
103 16
227 33
92 -23
-203 -29
-110 62
19 60
-88 81
78 0
-146 -67
49 -27
303 -21
-377 -33
-122 -32
151 -28
144 24
25 -8
-34 48
122 9
-96 -61
192 67
66 38
-276 -8
30 -95
-302 -25
284 -47
396 32
-275 -11
-8 6
-663 46
499 34
-81 9
0 -35
152 0
-26 3
4 4
194 -158
-180 13
-52 0
-248 3
342 23
44 58
-337 40
-40 40
261 -11
44 -79
-500 -14
340 -63
267 9
-103 -7
12 -72
42 38
-151 71
375 -32
-226 78
-100 99
-107 11
-23 -23
195 -42
-209 17
195 -68
184 -58
122 -24
40 12
-374 12
154 -54
111 52
-141 59
359 15
-80 -50
-281 39
100 -12
204 -5
-402 13
111 11
36 0
-23 -43
425 -17
263 -39
-492 -2
-436 66
241 -14
372 2
197 48
-16 -65
-539 40
437 23
80 67
-789 -49
750 8
276 8
-218 3
-311 -4
174 -23
23 -38
239 -15
-71 53
-243 -38
-132 31
-99 71
146 4
188 15
11 -34
189 -47
2 -28
-449 -69
-105 69
37 11
240 -22
-88 -26
178 29
204 -33
282 84
-303 25
-415 11
154 -9
403 -49
-165 -62
-115 -51
284 -47
102 -3
-308 26
-51 8
165 -47
-400 -25
113 57
236 49
67 1
-15 -68
43 -3
90 -5
-312 -18
-158 6
330 24
173 -66
-288 68
254 8
66 57
-94 -42
-381 -22
162 9
20 54
-71 -11
-219 -48
558 -20
-9 16
137 72
-389 -2
-327 28
200 18
231 26
177 -8
-224 -29
-461 -52
1038 13
138 -31
-671 -11
-177 21
-45 -12
201 36
72 12
-51 -25
-103 -14
204 22
-19 -13
-66 7
101 38
-353 -51
401 -34
-83 -19
-178 -92
403 17
-7 16
-580 52
-41 14
149 -13
136 26
-88 2
-422 15
563 2
41 37
-217 -22
-228 -38
152 -13
112 -19
68 0
-381 -44
130 -11
104 27
-233 0
28 -6
-135 -1
-9 16
194 20
52 -38
59 -56
67 -15
-58 0
-295 43
53 -32
-107 8
327 67
-145 30
-314 -18
770 -13
146 -12
-435 -51
-231 -20
16 -11
221 -9
-170 16
-117 -17
35 48
583 22
-326 -66
-288 -34
-142 15
-107 13
11 -40
-24 2
-185 25
639 -30
-47 8
-595 -28
-171 -10
15 45
148 -24
212 -17
149 -35
-202 -26
203 -26
-217 -9
-109 35
-57 52
353 76
0 34
-90 -13
-80 -73
308 -71
-73 -39
-139 -38
-218 -35
135 2
301 40
187 40
-358 -4
118 22
577 28
-292 -51
-592 44
-131 -11
547 -11
501 -47
-230 -37
-126 7
72 -6
-220 12
84 26
321 21
-74 -16
6 -2
-139 -11
123 -54
-107 -40
156 29
117 6
-364 -4
141 28
-262 5
104 46
-111 54
-67 17
754 -10
-679 80
469 24
-542 -2
-288 1
-115 -54
391 -55
633 -7
831 -37
-793 -7
-653 25
75 -34
278 23
171 87
-4 36
49 12
58 -31
-283 -73
-322 18
263 -27
4 -51
-256 29
448 -22
-123 18
-75 9
62 16
-93 25
139 25
-99 4
87 33
-24 -21
-334 43
94 -95
693 -22
119 59
-341 74
-5 41
93 22
158 3
-173 -61
-275 -16
364 -25
817 -1
-415 58
-827 -17
252 -25
145 -3
-5 27
-571 -16
812 55
1091 -24
-635 -1
-531 0
-418 0
540 61
79 19
94 -4
231 -34
213 -25
-121 -1
-611 26
-262 47
450 24
167 -7
-8 -61
159 -31
112 -25
-271 0
381 0
123 -45
-89 -22
-376 -4
0 3
164 9
123 35
-55 23
324 27
-120 75
-287 -38
-82 9
105 -71
-39 -43
-252 -54
303 -19
152 -1
375 32
-395 22
-148 29
-136 42
253 44
-51 15
43 -24
-156 18
524 -51
122 -21
-551 -21
-163 -49
136 6
336 34
66 4
-75 24
156 33
270 -5
-341 30
-349 -7
71 -8
-101 51
383 -33
-335 -106
162 -48
681 18
-374 -2
-827 -32
603 25
242 -45
49 -28
145 -14
-274 -16
188 51
98 56
-58 0
-254 12
82 -27
-30 46
-258 -57
203 -27
745 -24
-59 -32
-593 -1
-409 14
198 61
349 71
-138 -50
23 -46
168 27
185 -22
-152 -13
-556 0
6 -41
-249 -37
325 -8
340 30
-128 15
42 -5
-553 112
-161 107
620 27
-54 -3
-105 -74
-144 -109
-165 -47
-212 -39
546 -21
282 -34
-344 -82
-355 7
-169 2
274 -8
460 39
-147 -2
-205 63
364 56
-456 29
-311 13
77 -42
264 3
60 -6
-191 -36
634 -35
166 4
-751 8
-425 20
129 -17
375 -27
-383 12
681 19
318 3
-397 5
-200 -5
-302 -10
-63 28
764 -3
-116 -29
-134 -89
57 18
220 53
-232 31
-222 29
-147 52
28 -15
132 -65
-13 -49
84 -26
260 -12
0 3
-524 4
403 -15
37 37
-31 50
35 20
-45 40
-12 19
541 -39
-343 21
-1063 -56
629 -55
617 -53
110 -64
-277 -16
-375 7
391 56
262 26
-529 15
-40 39
-214 3
74 25
192 -47
246 14
-153 2
351 27
-472 -5
-441 -8
663 43
-91 29
221 51
18 -49
-278 -17
393 -20
-31 68
-383 8
-24 34
23 9
-481 9
143 -21
429 38
3 30
-60 -4
-95 42
-147 -3
22 19
599 9
-132 14
-122 -18
699 34
320 77
-634 27
174 -5
30 12
-321 19
-195 7
211 0
-11 0
184 -14
-172 7
189 32
258 6
-423 4
9 0
147 -14
72 11
-153 -18
452 50
-299 24
349 -38
-279 64
-377 86
497 5
-82 -10
95 -22
15 3
-112 4
106 -8
42 31
-356 31
264 -70
-111 -2
8 12
350 25
-330 51
54 52
633 34
-490 14
-232 48
-131 -43
-289 -29
588 42
122 58
39 -27
142 -43
-472 -36
-156 50
634 -28
-3 -95
-274 0
235 19
-16 6
280 23
145 28
-394 80
-414 72
-36 2
859 -64
-342 -19
-119 22
-45 21
306 -4
-104 -6
-438 30
108 56
166 9
43 7
-169 9
-528 14
121 57
1022 16
-515 14
-438 -38
-23 38
155 -25
107 5
-181 51
273 30
127 63
-607 -15
-179 74
247 7
472 2
93 19
-12 66
-201 -1
-231 0
682 0
-31 6
-56 51
-247 -31
-30 -3
-3 -20
107 40
358 41
37 -9
-60 24
-272 33
-217 -20
361 21
0 22
-18 23
233 26
153 12
-300 26
-338 9
424 28
-254 3
290 -49
229 -3
500 27
53 -7
-25 -12
-408 22
74 15
111 -4
-50 29
-310 27
-178 4
-221 36
659 -17
-220 40
-4 24
100 35
-51 2
-44 -21
-378 -13
1093 54
275 26
-688 -3
-415 44
-54 15
197 5
-151 4
478 -14
537 11
-174 41
-443 -14
-469 1
176 28
324 -29
37 8
255 19
-214 22
50 31
236 34
-366 35
-64 6
104 44
122 21
78 0
-129 -7
339 5
396 71
142 -12
-466 -13
-207 -33
370 -38
206 -41
-210 7
-441 73
348 27
-167 25
-19 71
25 48
-22 30
-50 22
320 9
650 6
-26 -2
-36 -2
-217 34
-199 -45
4 20
104 -41
63 8
243 20
-83 45
491 25
-180 41
-199 -39
-158 53
229 7
442 -17
-77 -32
-194 70
174 4
20 -41
-415 12
47 30
-138 21
-99 12
855 46
16 49
77 -39
-224 -25
8 -15
3 6
-21 -3
3 27
33 -9
8 32
-57 64
348 0
154 31
-340 -27
61 24
98 -22
269 -60
-184 15
317 -15
43 2
168 31
-403 82
-243 22
-95 20
-69 -2
847 40
155 43
-130 1
381 24
-457 -3
0 33
-46 -5
-178 9
542 -21
-62 -10
-286 35
19 23
230 -5
-343 81
-456 -2
842 14
5 35
259 17
-286 -41
271 -37
338 -47
-218 -29
53 66
-53 46
-98 6
343 11
-121 37
-581 30
1103 38
-82 21
-486 20
-236 13
179 -31
158 -41
-140 -8
896 23
207 30
-222 21
-331 44
-331 -8
76 26
-20 15
8 -9
271 24
-31 1
143 18
-444 6
-554 -3
431 37
391 11
-201 28
-120 -8
-169 -9
633 20
-38 91
-577 8
-44 -4
493 28
-340 34
243 17
151 24
105 79
85 21
-162 30
-203 -15
-239 -16
423 0
347 3
48 -38
39 -5
105 -10
-751 2
-84 -10
490 9
46 27
7 8
-1 50
-134 0
153 -37
235 -8
-554 23
31 25
-85 19
450 39
-107 19
111 70
207 -49
306 -34
-417 6
-265 -2
23 -38
60 -1
154 14
-103 63
-101 50
426 48
135 38
-211 56
-179 96
86 33
318 -39
69 32
-151 28
190 -1
393 -44
-984 -49
226 23
303 14
189 41
98 15
-415 107
109 -6
860 -47
-152 14
-684 16
57 19
47 -17
-66 24
27 18
429 -15
303 6
-498 -15
-430 8
229 80
-261 26
773 -11
102 -1
-269 15
-287 -21
932 18
-277 46
-308 -8
57 16
144 26
-76 33
17 46
-187 103
694 2
-345 -5
-456 -25
77 11
194 32
396 14
-18 -2
32 -50
223 -1
45 -29
-468 77
-91 58
131 22
214 105
208 62
-7 64
98 -30
-106 0
-48 -47
-43 -26
216 -36
134 -22
-147 -71
-52 -16
269 -37
237 40
-288 63
-126 98
-34 84
93 72
296 -24
123 -10
-277 9
98 -22
365 -34
-482 21
-10 -1
-17 26
121 32
56 119
-164 26
86 36
5 25
306 -11
-426 24
-100 -2
270 -19
102 -55
-7 -7
90 19
365 -4
-311 -57
-453 -6
237 5
367 1
-210 62
-1 79
-139 7
366 4
95 22
-110 66
-442 33
46 -32
413 21
31 13
166 19
-124 2
204 13
154 -8
145 38
-510 26
-253 58
91 48
190 65
99 17
-325 7
359 -42
247 3
-330 -15
-110 35
274 25
77 38
83 9
-65 -8
-263 -34
628 -5
-103 -13
-476 -8
-50 44
188 33
-195 -16
-301 7
959 2
455 -28
-251 -9
-525 45
-90 46
245 14
179 -60
-33 -1
261 3
25 1
144 11
-373 -41
-257 9
154 23
328 -38
-78 -6
-76 66
307 -33
154 15
-421 -23
-72 -1
-95 30
184 30
250 -20
167 9
178 5
-112 21
144 -69
427 -35
-221 1
-146 -14
57 3
99 -10
95 -24
53 26
-424 -16
142 -8
1132 4
-581 -2
-347 -10
165 -8
106 -21
-7 58
64 -54
140 -34
99 -7
-476 -3
-373 15
-141 -16
722 1
204 30
-2 2
201 4
378 -18
-280 -30
-350 6
-128 -21
275 -2
-406 63
421 -11
402 -31
799 -52
-460 -30
-693 25
-84 13
408 -7
303 15
-156 -21
-79 -20
232 -12
194 24
-374 21
-74 -6
215 26
223 11
-70 49
-55 -13
168 6
598 -9
-498 21
-534 8
329 25
430 -21
298 12
-107 54
-14 -16
99 18
27 -35
-212 -19
-236 -38
-230 -16
638 22
69 27
-202 21
155 22
343 -4
-371 -65
-406 -3
72 -41
92 12
366 0
56 -7
-18 29
382 45
-66 6
-244 34
-89 17
40 21
26 16
163 -2
164 -3
391 -76
-62 -68
-498 -22
-95 20
159 16
-367 16
663 17
575 3
-124 -18
157 -7
-504 -10
-264 -26
392 2
262 12
95 -3
-168 -11
46 2
197 -7
-273 -30
-289 32
-138 41
190 4
175 9
65 18
-32 7
227 -41
78 -34
-485 -3
-138 -26
563 25
117 48
-93 56
-51 11
121 30
319 20
-468 4
-49 -23
-71 -28
-7 -16
325 9
133 -15
-310 -44
399 1
-207 -10
-111 -28
-281 55
51 56
380 24
54 31
29 20
180 -41
216 -50
-442 -31
-239 -50
-2 -22
165 24
143 26
15 27
-69 28
436 7
181 -19
-475 -4
-75 -1
155 0
173 26
31 2
-84 -24
271 -12
177 -9
-513 -3
-301 2
-176 39
585 0
52 38
-149 21
-131 17
463 -8
-330 -6
-294 -72
-33 -10
213 -32
233 -17
-90 30
-63 39
201 5
-39 -16
-46 -46
-119 -21
92 3
-58 29
90 -11
-20 -5
184 4
185 0
-650 -10
-107 -25
221 41
374 16
124 -12
-125 43
18 -41
363 -20
-296 -39
-330 -41
-60 1
169 12
60 34
-142 16
246 -1
520 1
-135 -13
-345 25
-100 21
32 7
287 11
32 -26
159 -18
297 -19
112 -10
-331 -24
-364 5
170 39
437 49
-54 7
-184 1
168 5
295 -2
-399 -19
-189 -9
227 -51
120 -26
106 -11
-29 -8
-123 12
171 -17
417 8
-467 1
-212 -5
-142 57
515 -11
-41 -28
-78 -22
147 -16
374 65
-396 -37
-404 -28
331 4
34 -38
58 33
24 36
4 29
280 14
-46 -18
-399 -24
-153 8
-53 24
534 -1
53 -6
-20 -10
242 -29
37 -20
-233 -15
-96 2
112 6
24 14
-20 -9
-165 -2
267 46
384 -20
-568 -58
62 -54
-17 -1
-4 24
64 34
68 -15
51 -48
438 -2
5 16
-592 0
-63 -31
387 23
221 12
32 -1
-42 -40
207 -27
497 -31
-453 14
-522 17
366 1
216 9
-36 -16
176 -9
373 23
208 2
-357 25
-184 -4
-34 1
101 -21
310 -6
34 -8
47 26
246 -36
-81 35
-226 33
-150 -41
146 6
155 -34
138 -2
-100 -39
219 -30
289 -8
-471 21
-358 -1
379 38
267 -26
-4 33
-133 6
270 -41
400 -30
-323 -52
-309 42
-40 29
-46 -2
-36 -21
166 -49
184 31
348 -10
-23 -39
-612 7
-104 9
256 -9
161 -3
-103 13
-187 75
214 -30
295 -41
-438 11
-176 -30
238 -13
58 33
-41 14
285 26
29 27
530 -39
-308 -3
-425 8
21 17
125 101
163 19
173 -25
258 -60
236 -68
-71 -80
-249 32
149 14
95 35
189 13
73 2
-112 -17
111 -13
524 38
-420 7
-454 38
-126 -24
471 -31
265 -7
-138 -4
208 -29
352 -39
-180 -6
-633 13
115 36
233 24
7 -23
127 -10
99 28
233 -8
219 -31
-418 -40
-188 -2
273 20
58 5
174 51
-47 -41
172 0
352 -26
-179 23
-511 57
-97 25
272 30
209 -21
123 -41
16 -39
489 0
-105 -35
-566 42
-151 25
352 -2
115 -14
-108 24
36 -3
305 51
309 64
-595 -38
-173 -48
74 -2
206 -72
23 -10
-30 -15
-6 7
459 11
-379 17
-357 0
204 14
246 32
102 1
139 7
-6 3
410 -45
59 -44
-411 16
-93 -29
406 13
-66 2
77 14
121 -14
44 -23
267 49
-254 -23
-68 -12
0 47
-6 -4
192 2
-83 22
265 -18
409 -1
-213 20
-452 -12
-127 -5
178 30
350 -35
117 -2
-50 11
127 -50
104 -30
-285 14
2 45
173 53
222 15
-26 5
102 -2
108 -4
460 0
-437 -20
-181 -15
48 -5
198 -18
201 13
-44 6
-297 19
553 -25
15 -31
-682 -4
-63 43
157 -14
-27 -39
196 -30
353 22
49 -11
9 -29
-388 -14
21 -36
-123 -17
231 -17
189 29
-87 22
258 34
456 -1
-228 -57
-455 -1
189 -2
175 27
225 7
-13 25
-84 3
501 -32
-56 -27
-459 -47
-296 -37
279 -12
244 11
91 7
104 -4
238 -11
372 -21
-385 -35
-94 -8
-19 4
13 34
225 24
456 -26
30 42
304 -8
-286 -8
-542 -25
167 0
221 16
177 43
-147 -50
34 4
369 2
195 -18
-345 -43
-174 13
192 30
371 16
147 26
72 -3
34 17
576 -2
-597 0
-365 -16
-68 7
380 4
166 -53
-67 -33
-101 -7
400 45
-217 -28
-115 3
-165 -13
-22 -4
38 -7
186 20
71 -30
86 38
169 64
293 -6
-195 -23
-582 -33
-42 -32
323 -27
219 18
-14 -11
-22 -15
519 -51
203 -40
-659 13
-112 69
247 23
100 22
-24 16
178 3
-123 37
96 14
553 -46
-233 -79
-333 -37
33 41
186 -25
349 40
283 -1
-18 -7
187 -11
61 11
110 -25
-138 -20
-170 -29
39 -26
38 28
112 -17
95 -19
8 9
543 29
-307 -18
-435 24
0 7
180 9
232 -6
161 25
-265 62
642 -8
150 -43
-668 -25
44 -9
123 24
108 16
153 14
12 -24
157 -12
424 19
-514 -10
-164 -20
201 -29
148 -15
35 -3
-46 24
124 59
626 -6
-78 -5
-479 -39
-133 -25
273 5
138 25
-4 -24
11 16
49 -41
305 -5
-53 -43
-352 -22
-469 0
-80 81
315 25
148 12
104 0
146 2
550 -52
46 -41
-535 -14
-113 -22
207 -13
3 -4
387 -2
-60 30
63 -24
422 -7
-515 39
1 26
-15 -17
123 15
281 -8
-83 -17
51 -29
502 -30
-331 -21
-355 55
1 31
100 50
222 6
22 0
-45 -10
315 4
129 -38
-336 2
-159 -44
5 5
203 12
68 6
277 8
223 -71
190 1
-626 13
-201 9
42 6
216 -16
152 -33
-66 31
231 -22
476 5
-332 -33
-172 -17
-131 20
165 30
282 30
180 -24
-59 -14
236 -19
323 58
-259 -48
-264 -53
129 11
171 44
175 25
137 17
182 14
487 -36
-230 -3
-418 -21
256 1
132 46
19 -27
391 -27
37 -4
319 -32
-91 -7
-470 52
-172 -18
118 -20
252 -23
132 5
-12 28
329 13
167 -1
-407 -14
-161 -7
-262 -7
279 19
514 -26
-82 -35
189 -8
534 20
-107 20
-302 -17
-136 -24
334 18
336 6
84 0
59 -8
592 -18
103 -22
-483 -36
-74 -2
240 -16
49 19
84 -17
517 -58
199 18
89 4
-303 1
-270 -14
-2 -35
365 -4
0 29
-110 25
73 21
358 1
-44 -6
-316 -47
8 -66
19 27
128 0
65 -1
90 -2
203 0
111 0
-533 28
-200 29
-135 -20
387 16
138 19
-104 27
97 5
294 16
-217 38
-322 -39
5 -40
158 -18
405 -15
242 17
-9 4
455 -16
-57 18
-614 15
150 -26
156 -11
91 -10
151 -3
85 22
348 -22
462 -12
-496 -22
-311 -1
174 -22
183 15
113 -14
158 -31
-182 -12
862 19
-400 -4
-681 12
-8 26
232 -18
195 -23
135 -35
40 -1
364 49
-66 30
-552 1
-15 -28
143 0
265 24
201 -12
-117 -25
356 4
422 -3
-428 6
-297 -9
33 7
213 1
127 -40
147 -24
-31 -8
159 -20
306 -35
102 7
-668 -1
208 -6
42 13
-22 37
130 -11
15 -26
207 -19
428 40
-415 6
-378 -11
-57 -14
244 3
200 -15
144 42
19 -32
637 -42
-227 -11
-472 -13
-127 19
231 34
177 18
28 -10
-21 -6
567 -55
364 15
-639 42
-241 13
177 0
107 -33
86 5
70 -29
243 0
468 16
-466 -1
-240 -7
128 -6
249 13
256 48
19 -21
31 -42
537 -4
-7 32
-509 37
-121 -24
303 -3
194 -61
-43 7
56 -34
296 -35
496 -13
-335 25
-321 -9
62 -1
374 21
36 11
30 7
78 -32
397 1
-44 -11
-358 19
-100 -20
284 -2
85 13
28 -36
99 5
425 -21
-11 -3
-375 7
-187 16
216 6
216 45
159 54
183 -57
153 -41
578 -2
-375 47
-389 11
45 -41
183 57
284 -55
154 6
-47 -27
492 -21
-119 35
-454 -29
59 2
178 0
168 -1
135 38
25 -11
338 -18
192 18
-452 15
-309 67
229 -32
-1 -24
205 36
159 12
117 -50
455 -24
-341 -4
-398 -4
-110 5
300 24
134 -13
39 -7
-42 -18
531 -49
-76 14
-478 3
-106 -7
310 -6
82 6
124 19
63 9
95 -15
211 -18
-397 -34
-241 -8
53 12
511 -15
-31 1
48 47
-89 -15
329 -41
-243 -6
-321 15
-49 27
276 -3
167 16
135 24
51 -11
491 -10
126 -31
-351 6
-105 23
206 7
-79 -11
220 -3
-114 -14
232 -35
301 13
-396 -14
-265 16
102 -17
244 -16
175 27
87 7
115 0
360 -13
-161 -8
-616 14
42 14
172 -10
189 0
26 42
-74 -23
507 -25
216 -32
-517 -11
-91 3
56 22
188 0
208 -19
91 -2
21 -25
242 -10
-346 -13
-323 22
28 16
149 -8
113 3
-29 -25
88 11
361 -26
-147 -12
-426 34
-11 1
191 16
22 12
112 -7
26 -4
276 7
337 -35
-433 -25
-224 0
147 9
291 2
240 -15
50 15
173 -3
442 -38
-335 2
-405 68
60 -12
248 1
187 -8
34 -14
101 -15
138 -11
49 5
-492 -52
-219 36
98 31
243 -13
175 25
113 4
274 -19
445 -57
-435 50
-202 -26
17 -16
234 -9
162 43
16 7
94 -16
642 2
-320 11
-380 -10
146 -1
264 8
217 34
193 -2
51 48
392 -49
1 -21
-573 8
0 46
343 11
441 15
155 27
-125 -2
110 8
534 -14
-318 -31
-322 -7
118 40
195 -1
180 -2
-39 37
117 -6
581 -17
-122 -22
-389 -18
2 -14
88 51
242 -16
50 0
-9 32
338 21
80 32
-463 -75
-47 -6
228 -17
369 39
118 -16
-36 -6
229 46
366 -7
-256 9
-324 -35
21 -15
199 28
205 19
175 -1
227 1
461 32
-96 -1
-469 -14
-43 27
121 4
264 28
118 -3
148 31
231 -19
199 -30
-483 -10
-25 -4
235 -4
303 -15
-108 18
4 11
395 4
267 -6
-447 -40
-191 32
318 16
253 -4
-81 14
-233 11
-226 3
554 7
1 -13
-230 -48
-77 -13
307 6
472 0
111 4
15 7
228 21
586 15
-511 -29
-354 -12
-65 -1
99 43
110 -14
220 -37
171 33
773 18
-152 -18
-882 9
99 0
423 69
210 -48
121 -12
18 3
396 8
54 -17
-506 22
-192 6
353 -20
403 -12
116 49
-239 -5
136 14
358 6
-318 -27
-134 0
71 -26
311 6
204 9
62 4
-267 -7
501 8
-84 -2
-445 20
12 -29
132 6
98 -27
-33 0
-22 7
369 -28
434 -14
-465 3
-358 26
-22 -7
202 7
133 22
140 16
-110 -24
634 -4
-231 28
-305 -29
-71 25
527 -9
219 19
-253 0
158 21
561 54
-121 -4
-325 -28
-78 -23
53 -64
369 19
-52 -7
55 -38
721 -19
356 18
-692 39
-411 11
132 69
