38 -10
-349 16
-28 59
136 87
101 31
111 17
-41 -14
256 5
346 25
-184 -30
-242 -41
-130 41
44 30
139 0
-84 33
251 -52
558 -9
-337 -15
-382 0
-159 31
82 39
194 1
101 50
-149 44
204 -29
47 -22
-393 -7
-303 0
178 -1
127 19
132 14
-109 8
107 -38
462 -45
-386 -72
-420 -23
-121 8
97 37
168 32
8 43
39 28
413 -28
-204 0
-351 53
-72 8
220 17
144 2
5 -3
-33 -16
203 -47
200 -89
-237 -43
-182 1
74 14
214 25
171 17
-73 17
190 -34
412 -38
-333 -16
-332 -7
76 12
111 15
14 -9
-22 3
158 8
325 4
-31 -20
-389 -22
-200 14
445 47
70 34
-27 29
49 13
258 27
267 -5
-496 -11
-254 -29
1 3
-5 -16
118 -20
22 -5
34 17
285 -7
-322 35
-231 34
-142 38
261 43
212 -19
129 42
-45 52
246 6
-7 -35
-309 -61
-171 -41
66 3
282 0
114 88
-220 15
70 38
-12 -14
-145 -19
-172 -13
96 16
154 -17
17 49
28 23
84 14
695 -68
-158 -73
-457 49
-159 9
34 39
108 74
47 -55
-53 37
230 48
143 -26
-241 -4
-230 -31
37 -37
109 38
161 11
-6 -9
60 27
297 64
-268 -13
-260 -21
5 -20
190 -6
92 20
21 23
43 57
331 40
60 -13
-270 -42
-115 -14
40 29
339 -1
112 -5
-85 18
298 57
67 -58
-249 -78
-317 -31
64 -26
153 81
4 46
-105 46
53 -36
251 -25
-198 -25
-274 -13
-71 -9
134 -22
29 -1
106 19
58 -25
549 -4
-65 -56
-311 -39
-150 -26
30 28
199 45
186 56
-71 -14
2 -8
84 5
-443 -60
-201 -28
94 8
128 53
-48 16
6 1
179 36
325 78
-24 -15
-326 -37
-193 -24
52 73
204 -17
51 22
6 -32
401 33
137 34
-471 -44
-183 7
157 20
97 6
169 38
-48 -32
215 -35
292 -1
-253 -5
-426 0
80 -43
338 -12
48 60
-116 8
-9 42
361 -4
-117 -22
-415 9
3 -9
167 48
135 -7
41 6
-40 -14
317 0
267 9
-421 -12
-254 -34
112 -24
118 -30
82 29
125 12
43 33
158 -8
-174 -27
-336 -31
162 4
166 32
-122 1
94 27
49 9
185 -17
118 22
-466 40
8 -19
108 -28
363 23
74 -2
-25 -3
68 5
-47 6
-337 0
-166 -11
113 -34
102 -34
218 5
-84 -13
61 47
286 37
-208 83
-240 -21
-184 -56
210 5
185 55
-182 26
130 20
316 -5
-28 -25
-397 30
11 -48
133 -50
-39 -25
-70 -59
66 112
267 2
228 -24
-308 1
-469 75
-113 -46
216 -19
157 32
-77 8
-22 55
218 -49
-173 -8
-340 13
-125 11
80 -28
182 6
98 -54
-21 43
255 100
39 76
-301 -34
-69 24
229 -17
100 -76
93 -12
-120 19
295 29
456 2
-429 -32
-341 -7
1 30
80 23
273 -19
11 -17
-91 -30
214 4
79 28
-414 -8
-79 2
45 12
223 2
128 -37
-50 15
144 0
-17 3
-263 -23
-234 33
64 1
218 -4
-86 8
168 14
-12 -6
225 -16
-187 -11
-268 37
-57 -24
56 25
235 34
-35 3
-119 -31
313 0
38 8
-467 1
-107 38
103 11
86 -9
9 19
-91 -25
263 -55
171 -25
-234 23
-374 39
-92 9
129 34
218 6
-91 17
66 -65
374 -1
43 -6
-503 4
-143 23
125 26
383 -39
5 -10
-96 -26
358 -8
103 -34
-422 -37
-240 43
114 8
95 26
39 -18
-126 -5
54 22
66 -33
39 -31
-96 -46
-430 25
202 26
64 4
93 33
217 0
-54 17
167 3
194 -25
-411 -28
-212 -4
-114 40
221 1
126 -4
-114 7
199 -14
150 24
-315 -26
-335 -24
105 -23
70 -16
92 42
49 31
-115 -16
232 -31
-98 -12
-292 21
-147 25
95 37
221 21
157 2
-17 -32
32 -34
214 -2
-272 -24
-342 -46
60 -37
32 -1
178 8
136 48
173 70
209 -24
-145 -3
-395 -18
30 12
140 -54
81 15
239 39
51 -2
277 -38
169 -17
-449 -23
-247 46
-117 60
294 31
192 24
-80 -12
108 -26
221 -3
-266 1
-339 4
-1 -19
222 -60
5 -30
70 62
108 2
239 -25
-66 -36
-377 -66
-73 57
46 42
262 6
15 22
-20 15
112 -22
165 -36
-363 -21
-217 21
-33 -1
80 14
157 9
-88 29
97 -43
267 12
-275 -15
-354 -1
13 -8
129 29
103 -4
-31 13
0 -16
205 -10
-234 -35
-346 -9
-71 3
127 2
183 1
35 21
-44 27
258 12
150 12
-312 -12
-250 -25
142 -32
157 -5
5 21
-178 6
143 -12
404 0
-355 0
-358 -21
-100 23
39 0
132 -8
7 5
50 26
129 3
22 22
-400 14
-171 -5
-75 -43
8 3
4 40
181 -26
122 5
188 23
-519 24
-180 0
40 -8
149 -15
100 25
-84 -61
108 41
219 18
-235 -7
-432 0
9 -3
76 -15
80 47
107 -13
-70 18
158 -4
73 14
-356 -28
-269 -16
88 -36
170 -12
-1 1
28 6
131 9
237 18
-370 7
-350 9
-14 -13
188 -20
28 -27
-12 -19
-4 62
144 2
-71 -1
-398 -32
-174 -36
191 -36
151 -3
161 33
104 23
52 -12
90 12
-404 -8
-227 -35
218 3
92 5
17 18
-131 44
107 20
515 -44
-63 -9
-428 -33
19 0
60 -13
244 29
-43 48
39 11
413 3
-108 22
-462 -29
-140 -61
107 -18
242 27
58 34
0 45
103 -28
302 -28
-542 8
-402 -6
59 -23
191 26
108 4
56 61
77 3
276 -18
-62 3
-340 -5
-230 24
119 -12
200 8
49 46
-68 -37
171 19
122 -11
-402 -1
-181 7
205 -34
172 -19
143 62
14 -17
-19 -7
453 -7
-235 -7
-367 -31
34 -11
-26 -12
38 35
25 27
165 58
398 26
-276 0
-475 -34
-677 8
358 -16
85 -17
-100 0
12 50
187 -34
257 -23
-677 -5
-240 25
89 -8
142 17
63 -15
-23 25
147 9
180 0
-386 49
-323 -18
-14 -32
230 11
173 9
6 -19
31 -20
310 -7
-29 -8
-383 -7
-54 -12
122 14
230 -47
0 27
70 2
394 38
96 3
-314 -42
-257 -22
205 -35
193 35
108 21
66 3
16 21
387 20
-231 71
-387 -22
-39 -71
203 -1
-42 0
96 16
95 -68
111 40
27 96
-409 3
-60 -50
87 -14
25 46
51 25
-7 -3
93 -47
357 9
-326 -9
-315 -7
157 -26
232 -44
21 30
-45 25
235 23
134 -30
-199 26
-336 -13
-81 -12
182 -12
231 29
-81 -11
-12 52
224 3
28 -34
-301 36
-226 -22
58 -8
197 -6
64 23
-38 2
201 19
347 -6
-355 19
-193 -28
74 2
193 -28
-4 0
1 28
156 51
247 -40
-82 40
-426 -6
-144 46
26 -48
31 34
54 -33
-93 5
125 21
133 49
-420 15
-252 6
51 -34
90 -35
17 0
-14 7
6 12
229 8
-100 16
-5 -29
18 25
118 -34
214 3
19 -16
-15 21
326 3
-68 0
-230 -13
-115 -4
50 -4
188 63
39 0
-35 45
174 38
435 44
-484 21
-495 -36
18 -46
278 -32
17 8
-17 22
123 7
459 4
-219 -4
-420 -3
-109 -73
132 4
48 29
84 12
95 35
458 19
106 48
342 7
-391 74
-223 -42
-21 -35
136 -14
-163 31
27 4
93 21
395 13
-69 -25
-257 -28
-16 -26
155 -6
214 0
-44 20
-124 22
147 -1
144 7
-407 0
-132 -21
211 -15
289 -23
43 24
-22 -17
4 18
305 18
-378 -4
-385 3
-36 -10
114 -5
191 4
-4 3
1 9
468 14
-61 2
-485 11
-91 -10
58 -23
68 -14
233 1
41 -3
-122 14
171 35
-311 22
-242 -3
73 11
230 17
219 -8
24 -7
195 -43
473 17
-446 -3
-402 -9
-7 18
80 1
93 -20
-7 -28
-93 2
251 -9
26 -9
-473 -14
-74 -8
135 -5
170 -24
117 13
113 24
171 -13
466 -1
-629 98
-189 20
32 33
28 -23
172 -64
137 -26
27 -37
400 40
-289 -11
-69 -3
-60 -33
46 -18
158 -12
92 34
-6 -41
277 31
-82 -57
-371 -29
-303 59
35 -2
111 4
356 36
-27 31
124 -30
442 -28
-256 -12
-302 -4
-1 6
137 6
30 7
50 29
70 15
375 -19
-262 -15
-429 8
-87 23
34 -11
114 -8
13 67
-28 -30
201 14
214 -40
-457 18
-292 9
-8 37
250 19
163 34
-82 -8
0 -29
391 -15
-277 -14
-185 35
-116 -15
241 -4
60 29
23 29
27 -19
186 18
-117 -11
-491 -93
-62 47
112 37
28 14
20 9
101 -65
271 5
294 18
-559 -20
-189 78
52 -16
217 59
197 -13
25 4
-34 -23
339 -29
-348 -28
-348 30
144 22
102 -23
175 -19
39 14
74 11
399 -15
-29 6
-576 28
-23 -90
155 -26
137 1
70 17
-60 13
161 -41
414 4
-441 -47
-210 -45
14 64
226 17
146 32
-12 -12
62 1
312 -3
-235 39
-460 0
-47 38
71 -17
217 -35
70 20
-75 24
476 -48
39 59
-420 -81
-112 -36
28 -15
116 18
77 28
-16 26
111 1
401 8
-389 -19
-205 -52
2 -6
281 29
155 -10
-75 -19
141 26
503 9
-184 3
-347 -7
-71 -46
185 -13
133 -10
127 29
35 59
140 -7
105 16
-216 1
-138 -3
169 -25
151 -28
-50 -5
-278 58
-9 7
392 29
-150 -46
-158 -32
-116 3
95 0
224 23
-13 27
15 4
548 -28
-230 14
-459 26
-224 1
48 -22
172 -29
-63 11
-125 20
306 -15
137 -26
-419 38
-349 -9
38 14
146 -38
162 -30
-15 27
116 12
413 58
-558 1
-380 -23
-78 0
199 -1
109 -10
59 -15
167 22
451 43
57 -5
-456 -2
-186 52
84 43
168 14
109 -20
-157 -25
112 23
501 0
-338 14
-268 -6
71 7
93 -8
232 -9
62 -5
-49 -5
318 -22
-273 5
-530 17
53 15
151 -18
24 -42
-53 -38
-39 26
254 4
41 32
-315 -15
-95 20
48 15
122 -5
44 -33
90 -17
49 -25
308 39
-402 14
-382 -19
2 27
151 -10
41 43
-27 -45
4 41
465 17
-143 -70
-520 16
78 0
204 -3
171 -5
-67 0
92 -18
257 -51
41 -23
-319 42
-140 52
158 -14
176 21
69 -21
72 -4
113 -40
442 9
-587 8
-333 0
71 -8
260 -2
37 36
-72 -58
12 -6
238 -33
35 19
-357 -12
-42 27
24 4
221 24
12 9
-42 -29
120 -48
376 6
-427 -10
-257 39
92 -5
101 2
129 -5
-23 -3
22 -34
406 -2
-362 15
-370 12
-2 5
113 32
288 -29
-67 -17
74 -4
594 -66
-92 49
-478 3
-217 -9
61 -1
148 24
3 -11
-60 -45
202 -27
287 -5
-233 15
-267 -16
0 15
214 -4
118 25
47 -12
-58 -11
292 -36
-212 20
-212 14
-58 3
121 42
135 -20
100 -26
42 -55
280 16
48 31
-369 33
-120 4
-54 -17
198 7
110 -58
51 -25
258 -11
365 20
-446 8
-345 66
63 -22
89 -37
147 44
18 -6
-65 13
471 -48
-111 6
-405 32
-120 12
227 29
210 0
-132 9
-50 -67
529 -8
172 -23
-453 9
-221 20
75 -18
116 32
122 12
228 5
69 -12
-39 39
360 11
-12 -18
-463 2
-129 0
25 3
-79 24
179 -49
-126 12
222 -3
170 -3
-352 26
-187 33
-109 -9
223 -2
255 0
1 -11
48 -25
408 2
-373 4
-456 -7
-117 -6
199 18
92 18
166 -7
-1 25
417 -23
-35 -1
-448 37
-156 16
112 -10
69 14
163 36
11 -24
262 -3
333 -27
-349 1
-260 -19
115 -25
170 41
64 29
46 16
22 -5
439 15
-289 2
-439 39
-43 -33
147 -6
270 6
87 6
-102 -41
319 -27
31 19
-492 35
-119 8
37 -2
183 8
223 32
56 -41
24 -32
374 1
-264 -26
-273 24
16 31
245 18
116 12
-41 -8
-35 -15
486 -15
-142 20
-664 28
-111 -5
270 25
65 1
-17 -38
19 16
285 -4
236 -34
-487 -54
-166 36
99 81
210 2
180 14
-94 41
68 -17
431 -7
-351 -44
-347 -5
0 30
115 -10
245 32
62 -2
-25 34
343 -24
-143 -14
-438 -11
-208 27
-29 20
338 28
-66 39
31 -5
340 18
165 7
-272 -46
-166 -22
19 -1
133 6
108 20
28 11
113 7
412 -7
-338 -12
-316 0
-131 4
177 -29
210 0
-37 5
-128 -33
335 -5
66 -29
-397 6
-141 -51
120 -11
56 68
-23 19
-49 23
255 -3
628 -49
-561 -37
-460 -37
143 -24
290 19
101 42
17 -7
53 57
185 -46
-165 -58
-445 -17
-94 6
148 36
187 -42
101 -20
0 54
343 -9
155 -39
-439 -14
-226 -8
124 42
120 11
38 18
1 23
54 -3
450 -8
-435 -18
-354 42
-73 19
208 18
217 0
141 8
21 3
302 1
-25 -14
-364 -15
-217 -14
120 3
163 33
105 -21
-138 12
170 9
155 -6
-419 -15
-155 -35
246 -19
170 0
83 39
12 5
145 3
365 28
-307 6
-323 -29
23 -45
70 8
165 41
104 48
-30 24
452 39
-118 -8
-523 15
-222 -28
9 -46
152 -1
101 67
-2 18
200 0
216 0
-456 41
-294 -6
-77 3
199 -16
169 -34
-8 40
-46 64
363 1
-57 0
-239 5
-48 50
11 -38
202 -26
24 -19
-36 20
191 18
349 -4
-473 16
-197 -32
-33 14
281 19
100 -16
-24 -18
251 0
375 35
-402 0
-390 3
-181 20
75 -2
208 -13
7 -3
-56 -12
489 -28
-116 35
-524 31
-29 29
96 -3
125 -4
26 -8
-95 0
320 17
-184 -19
-342 -13
-123 13
90 18
142 -4
86 -40
-27 32
141 0
370 8
-339 -18
-365 17
45 -25
163 47
95 -18
-278 -13
28 34
350 30
-58 -17
-490 48
-117 36
-100 54
205 -36
123 -21
30 18
209 28
283 0
-471 9
-292 12
135 3
128 -20
256 -75
-161 7
-49 13
258 14
-340 6
-587 7
53 31
247 17
71 -21
37 -31
-125 20
384 -9
116 26
-406 32
-172 34
140 -10
197 -25
-18 -21
4 -9
187 -4
378 -8
-393 30
-323 55
51 -9
292 -25
192 -35
20 -18
16 42
456 -58
-207 46
-486 7
51 -3
148 58
79 -48
142 -17
-1 -14
258 4
35 22
-491 40
-212 -7
104 14
89 29
156 -11
-43 -11
131 41
364 15
-319 6
-366 16
-92 21
173 15
128 -30
49 -21
45 -13
563 40
-88 29
-348 1
-6 -20
136 20
108 -73
94 -13
8 -35
191 33
209 9
-422 22
-235 82
152 -6
137 30
125 -39
-11 -32
159 20
372 55
-218 28
-390 9
-88 -16
176 32
167 -18
139 -26
-20 0
402 -9
-105 15
-439 -7
-271 54
122 7
176 -28
59 -33
0 -26
170 33
371 86
-457 -10
-414 -6
22 -2
194 14
312 -21
2 4
-51 25
406 -22
-374 -6
-422 -3
-81 45
192 3
210 15
144 -61
-19 8
247 21
51 -17
-452 -6
-139 4
48 -2
150 -13
138 -4
-94 26
104 -72
492 -8
-548 17
-429 12
5 19
189 25
195 -1
32 -70
-22 11
365 14
-186 -15
-485 11
-107 -13
190 8
203 45
-72 -27
-252 33
94 12
179 -23
-310 16
-244 -26
120 18
179 25
115 9
-152 -15
182 -59
420 3
-470 11
-233 36
184 3
276 50
170 -42
-120 -32
121 -3
229 27
-157 24
-447 60
-130 -2
-22 -14
351 -21
132 6
-218 5
55 2
444 -12
-415 -1
-343 31
189 24
116 -1
59 12
32 29
90 9
263 -50
-210 -41
-456 12
-72 28
103 2
114 22
117 -10
-116 -30
278 -11
70 -2
-485 52
-196 33
38 -7
277 0
-91 20
-9 -24
181 -10
141 14
-444 -4
-296 -12
-88 30
298 31
273 100
-1 -7
91 -65
460 2
-276 3
-435 18
-102 41
144 0
166 -45
-43 45
-181 3
234 7
155 -6
-497 -10
-241 18
45 -9
82 18
204 -17
-13 21
81 -21
316 -21
-290 -5
-284 53
36 15
164 2
38 8
63 -31
-12 -10
457 -36
-214 -3
-380 0
-227 55
177 -3
248 5
-68 -24
-97 -19
296 7
128 7
-434 -22
-201 1
112 29
210 -28
72 6
-54 0
7 -9
353 0
-282 -15
-317 -66
-36 45
143 65
20 1
54 -39
-37 16
393 -9
-67 -4
-437 -2
-170 16
210 -6
131 -5
-25 22
-74 17
335 -6
230 -35
-284 -2
-245 13
66 1
43 21
159 29
-20 -25
125 32
421 8
-247 -39
-451 -42
-135 -27
186 0
169 29
-32 -18
-120 -6
346 12
70 -43
-475 -24
-170 -7
59 79
173 -3
104 -6
-94 45
236 0
293 -33
-444 -27
-371 -1
35 11
171 -11
130 15
32 7
4 1
448 17
-243 -11
-487 -7
-83 -21
136 18
222 -18
-17 4
-13 -15
244 -16
122 11
-487 5
-103 -12
136 -39
123 -4
183 24
-77 6
-41 14
397 35
-443 35
-277 4
26 36
187 -69
164 -79
17 30
39 47
418 -9
-169 52
-525 38
-60 -65
65 -34
196 -16
84 42
23 -11
306 1
122 -1
410 25
-396 7
-364 -2
83 -12
218 21
69 23
-65 49
-27 3
353 -5
-64 -15
-395 -17
-60 -12
139 17
82 18
8 -19
-17 3
231 16
314 49
-386 -13
-354 3
31 -43
127 -6
136 39
-49 -10
128 1
468 18
-198 24
-410 2
-152 -32
96 6
510 34
-93 4
-46 -14
231 12
-16 46
-387 -12
-197 21
121 2
126 2
173 55
-228 -20
188 -2
358 6
-417 7
-256 2
3 18
96 -69
-123 27
7 -94
124 42
653 21
-82 -8
-596 68
-83 -23
-38 -34
136 29
-98 30
-90 -56
27 37
309 33
-420 13
-134 -10
16 30
195 -55
174 -16
-116 22
63 15
343 -22
-440 0
-372 -28
-41 -18
334 -16
224 -53
-84 18
-8 36
347 -11
-184 -2
-413 48
-92 -10
139 -10
-22 -15
95 7
4 4
79 -19
245 -7
-471 15
-180 -24
0 5
192 -10
53 -3
185 -4
143 7
-2 19
267 6
-23 5
-275 38
-179 9
20 -38
188 -27
29 28
37 29
180 -2
121 12
-298 32
-154 -69
75 -38
189 -2
115 29
7 33
-47 35
179 29
-208 23
-357 -48
63 -34
107 31
88 8
41 31
0 24
145 6
132 -58
-293 -15
-208 -23
130 -2
76 17
20 -2
-122 5
97 15
408 25
-266 -4
-306 -25
23 -21
96 5
58 8
-17 12
-21 -16
228 21
-121 14
-364 -2
-64 -20
-38 -39
109 42
61 17
-61 -6
268 36
129 24
-381 6
-202 -46
-31 -42
21 -9
48 -7
70 -17
301 25
-3 7
269 -1
-93 -34
-358 -36
-189 20
-25 22
195 19
62 13
-162 7
197 9
42 0
-283 -51
-122 -12
106 31
-27 30
90 18
158 2
-163 0
252 -9
-92 4
-275 -51
-80 -7
50 1
160 -5
30 -2
-52 1
181 0
8 26
-293 -31
-103 -25
-14 1
65 46
202 26
-1 35
73 7
494 3
-429 13
-190 -41
130 -36
119 -2
175 2
-214 16
98 15
437 19
-226 -5
-463 -42
29 -31
156 17
140 53
104 0
-269 -18
515 26
257 -11
-519 47
0 7
205 -50
93 -29
43 23
-214 30
192 1
456 47
-104 -48
-259 -32
-399 -12
284 6
382 60
83 28
290 0
139 2
-290 -1
-528 50
0 -46
234 -50
182 17
-24 -7
-126 7
206 2
-11 23
541 -4
-322 -33
-315 -6
197 14
164 -1
-54 4
162 -5
-19 35
148 9
359 13
4 -61
-170 -52
78 12
63 58
-92 -15
-781 15
228 -23
717 6
-570 0
-379 17
-305 4
376 -37
101 56
-86 34
691 65
775 -36
-434 -29
-393 -5
-763 -44
496 35
102 19
290 8
601 0
-430 -45
555 -2
-316 -49
-7 14
