-111 8
-259 -14
-276 11
-473 -6
524 -7
1247 0
-708 -33
-1591 -26
148 19
149 17
-348 4
-1191 4
821 -24
1649 35
-854 -57
-928 -28
482 -16
781 32
687 -64
623 23
-739 -18
-455 30
-265 -26
-517 -31
4 -46
157 75
-586 29
-697 25
701 15
1649 -2
659 14
-1613 -10
-848 -35
354 29
114 -35
-22 22
-135 9
-160 33
826 -14
-846 -41
-1193 8
942 1
989 39
-171 -24
-11 7
-912 21
1196 6
870 -27
-599 -56
-478 -13
-802 20
594 32
535 0
423 -14
84 -14
242 -7
-769 -26
-1022 -55
1058 26
99 -15
156 11
-200 1
-636 18
965 9
-190 -8
-204 -10
275 -21
-176 -38
-501 4
-154 -5
362 11
23 31
199 1
-287 22
-521 4
401 0
411 -8
94 3
-238 -19
1124 18
47 -5
-1006 29
-224 3
62 17
68 23
46 -33
-8 -27
-157 -23
-60 24
408 -24
-1613 53
1649 6
242 68
-492 0
-1208 -27
1039 -43
253 8
-38 30
-270 8
-1612 12
607 -6
312 25
467 7
440 -18
-260 -29
114 23
-549 48
-1610 17
1649 -4
228 29
-384 36
-325 -36
-990 -1
1200 -21
1114 1
-276 2
-671 18
-1094 17
793 11
-5 -22
127 -13
-562 -55
961 -9
-394 11
-169 41
392 8
-722 -5
-23 -1
-581 0
1485 -27
366 -17
-311 17
-754 36
-349 -28
219 -11
787 -11
-354 11
-188 -22
487 -30
-950 -18
886 27
-849 24
-30 16
1649 1
-649 22
-391 -10
638 -3
224 11
-703 7
-699 -4
447 12
-239 -9
-85 32
-158 42
110 31
-410 0
371 48
-1127 -24
967 -59
1173 1
-447 -19
-682 22
293 7
310 3
-248 9
12 2
-143 -12
141 -35
-398 -9
-203 26
-211 92
574 -30
541 -34
-584 -10
-740 -3
696 -35
461 -33
-385 15
-303 45
106 14
1192 29
610 -32
-860 -11
-820 -31
-586 3
455 32
672 39
-323 47
446 0
93 -4
-267 11
-148 -57
-354 1
849 11
9 17
-188 -2
-475 -6
675 7
-262 5
-419 -14
-44 -38
122 9
229 0
412 61
-333 -3
117 -6
343 39
-725 -22
-512 -4
178 -24
342 -29
-31 -22
-475 7
345 12
441 7
-494 5
-425 -47
625 -28
120 16
18 -21
80 38
32 50
208 38
-375 9
548 24
-627 -30
-112 -15
-224 -39
1055 24
-317 20
206 -13
115 98
-576 6
-337 -43
34 3
-107 -77
-228 12
143 -37
503 5
-4 24
-515 -9
-169 12
1129 28
-492 61
-969 -60
853 -36
451 53
-333 58
915 -3
-842 -13
-983 8
632 18
-143 -17
518 -12
-162 -3
-412 8
455 71
-135 -1
-383 21
291 -27
218 16
-66 -29
-312 -29
278 11
1062 24
-1037 -7
-862 14
214 53
601 -21
57 -25
47 -3
-98 9
413 35
144 36
-894 -9
1406 12
-302 -42
-501 35
-668 -22
-24 -14
888 -11
1142 1
-996 38
-897 8
175 41
-585 -4
525 -28
481 -19
549 -4
37 -10
-276 21
-424 0
-703 13
320 -17
799 -20
-243 -18
-898 0
20 30
975 27
587 31
-803 18
-407 5
966 -10
-170 -18
-211 -14
109 0
227 32
-413 48
-483 23
-268 7
439 -18
94 -21
-413 -10
257 -7
295 4
337 6
-303 6
-78 -1
-33 11
-96 -14
45 -6
-229 -23
-622 23
1649 12
-574 2
-239 29
57 -3
86 29
82 -10
116 -15
-638 -29
953 0
448 -12
-1077 22
-733 -4
261 16
267 -13
683 -20
729 -21
-130 1
-163 38
-715 14
-365 3
-9 11
230 4
754 32
-124 -37
-155 -8
437 2
-520 17
-20 6
42 22
258 -23
112 2
-293 -12
79 -21
256 -3
-131 22
-358 16
-105 -9
363 6
277 12
-277 12
-31 -47
212 -17
-247 -6
44 27
356 17
-261 14
189 -24
234 -8
-427 -25
645 -17
202 7
-398 22
-531 0
89 14
323 26
-478 -24
213 8
-90 -26
320 -1
-249 8
-552 32
-200 -3
142 -4
31 5
-87 -4
-319 -42
566 18
606 16
-528 31
-316 20
-152 8
137 -2
391 13
229 -14
-607 16
626 -14
-433 -2
-434 -18
-735 30
264 40
1233 45
-230 -28
-477 8
288 7
-20 84
-633 -6
-178 -23
695 -5
423 -39
-315 33
-264 24
82 -2
642 3
-236 -15
-392 -1
-266 -7
531 55
292 0
-286 -24
-577 29
835 39
-265 -18
-656 -76
-159 18
798 -5
-234 -3
-30 48
-208 6
49 2
181 -55
-269 -6
0 32
186 20
-130 35
85 -6
152 23
-101 -57
451 25
-321 -89
-421 45
-123 4
-494 -12
1052 43
-85 8
-420 27
452 -19
-8 -50
-591 -11
-83 11
278 9
-15 49
141 -12
-121 -30
319 -3
126 34
-370 11
-119 -64
130 -3
120 42
539 -22
-292 35
-609 41
1080 -4
-359 -138
-489 18
-164 5
-71 58
339 33
510 -35
-410 68
-139 12
397 -19
-493 -55
-410 -69
409 16
-48 -42
-226 67
-89 12
103 -40
421 -5
-281 6
-83 -40
-69 11
61 -2
-278 52
157 -11
318 -6
182 -111
-585 89
-199 37
164 40
239 -74
-119 14
244 -2
-652 56
744 0
447 23
-729 -88
-654 -16
795 54
385 46
-192 37
-46 -45
283 54
247 -51
-494 -101
-392 27
-144 73
258 36
262 29
187 -73
-123 12
470 61
-229 -78
-460 -45
-405 36
619 62
-15 18
235 -60
135 43
80 -11
-343 -67
-443 4
19 9
177 11
-82 1
267 49
-111 68
-127 -7
652 -50
-439 -19
-631 -29
-63 -89
557 14
-86 -37
101 19
-156 24
428 -47
-158 20
-471 26
-456 12
284 5
350 -10
-59 -14
193 17
251 -22
-129 -73
-122 -65
-80 -39
-42 5
99 18
-53 -68
77 -22
182 15
235 72
-1002 -55
62 -45
725 -57
19 23
-335 -38
161 18
-669 -8
917 33
749 -59
-765 -39
-352 -108
-149 21
465 48
45 7
-135 1
251 12
274 -27
-990 7
-25 -15
542 18
178 -74
-56 -72
-5 -20
411 5
47 44
-528 -3
374 -17
-437 -3
-13 -17
-38 -53
126 47
4 -54
139 44
513 -24
-903 -21
-804 -17
1102 -42
143 56
-109 5
89 -15
102 -48
585 50
-537 -78
-447 -93
112 -70
237 9
89 21
-64 53
187 -8
128 98
-54 -41
-93 7
-93 -25
550 -20
-143 -25
63 15
-23 18
657 29
235 -80
-499 -43
21 -3
-224 -98
-436 43
-104 35
426 -7
537 0
31 -48
-415 -171
-240 36
14 57
-181 21
371 -33
314 61
63 -82
23 -49
-723 21
538 -58
-39 -40
-69 -26
-80 -7
230 0
-133 -41
339 1
352 -63
-549 -10
-526 -50
98 -72
-3 -45
367 -21
-974 37
588 67
1075 34
185 -38
-848 -37
-1142 53
1253 13
550 -58
-459 -65
138 -40
-63 -54
743 -47
-414 -73
-573 29
-727 -26
-527 100
1649 58
903 52
-990 34
164 87
-677 6
510 -93
-1613 -119
485 -119
1649 -33
-640 -17
-1147 -27
949 24
23 -15
-525 21
-352 -51
371 37
415 45
122 35
-269 -33
-77 -17
-108 -56
110 -97
-596 -34
502 -7
780 0
172 -13
-261 49
-99 51
498 0
-686 -33
484 -43
234 -85
-88 -43
-56 4
-348 49
-135 -26
672 66
-279 -27
-584 51
220 -44
-100 0
115 -33
165 3
-17 -44
471 7
307 -75
-767 0
-450 -5
428 20
-60 79
102 47
352 11
-682 8
836 27
-319 -68
241 -129
-243 -103
-261 -44
-164 44
-190 -83
499 22
-372 38
-702 35
1165 -6
-517 -50
-324 -59
101 -4
-313 -29
909 -22
323 -58
318 42
-916 53
-631 -77
-35 30
-109 -94
1028 57
-4 65
-196 -71
310 -37
457 -36
-882 -158
309 -49
568 47
-176 -64
696 28
56 -15
282 98
-195 32
-572 -64
-214 -52
-35 -18
479 26
127 20
-98 16
-82 -73
220 13
-589 -30
-178 -46
468 -41
-483 17
379 -34
-132 -15
-81 -25
227 37
480 -44
-692 -49
20 -33
21 -14
-236 -16
567 -27
-334 -20
-48 -5
650 -3
-519 36
-72 -63
17 -33
-12 -26
255 -47
146 6
-96 -4
451 -2
-203 -36
-392 -89
-91 -43
61 -22
297 17
206 11
-510 -6
528 6
797 26
-701 32
-497 -6
299 -10
-48 -29
20 -44
-258 -30
425 -31
414 -38
-733 20
-597 36
131 -24
289 -1
358 27
47 1
343 11
0 -28
-486 -41
45 6
-211 -40
401 -40
244 -25
-316 -48
209 -36
385 -26
-51 -24
-313 24
24 -7
-105 -13
68 9
208 15
26 -8
171 6
29 -24
-250 -8
-519 12
432 -68
-27 -12
-282 -67
238 -32
-283 48
1018 0
-191 24
-1084 68
504 -3
345 45
-285 -110
-400 -132
228 23
380 -23
205 5
-517 -45
-81 16
45 29
35 33
208 -28
-187 35
-74 -30
801 -1
-663 1
-413 21
-46 2
-655 -24
158 -46
1496 -43
-303 -48
-29 -76
223 13
-288 -3
-87 27
-124 -44
276 18
-263 -2
45 -49
25 -22
-163 36
-387 15
438 -6
-99 63
4 -40
113 -19
325 -37
-68 -45
-632 -8
1115 34
-222 1
-479 -3
253 16
-146 -2
53 -58
-129 -11
-80 -34
344 12
158 0
-597 -2
-332 -72
-22 -20
118 -8
29 4
42 24
132 -18
711 22
-353 -9
-417 -6
127 25
85 -57
-422 40
325 -3
54 -13
258 -6
-578 -7
-548 -31
668 31
-307 -21
350 -45
492 -51
294 -59
316 -62
-64 -6
450 62
-482 39
-116 28
268 3
-240 -29
129 -34
405 -66
-131 -49
228 -36
-91 59
-213 27
-300 -6
-110 -3
308 0
655 -6
-163 -34
-317 -25
810 -40
-407 -45
-1318 -12
1377 21
285 7
-441 9
-232 -2
388 -20
544 66
-366 -64
-622 -53
-237 -39
606 -27
253 33
-53 -17
82 -17
37 -14
381 62
-401 -70
-108 -43
37 -1
111 18
-472 77
-287 40
851 -32
384 -13
-489 -20
-558 -6
-148 -17
182 -3
189 -1
-120 -26
164 -41
238 -30
-27 -34
-721 -12
-32 -54
235 25
176 -22
124 19
-115 -19
153 6
305 -54
-248 30
-364 -52
-140 -23
251 -38
228 30
480 25
-220 -5
454 38
-376 -77
-850 -40
145 -6
373 21
-281 -5
160 33
34 -21
165 -46
13 9
-326 -33
-403 -10
244 34
145 66
-41 -12
-29 -42
-52 -27
280 -27
105 23
-555 -21
311 -36
149 -56
39 0
252 -33
166 7
371 30
-581 7
-481 -23
397 -61
-166 -22
196 -6
98 3
15 0
240 -11
-49 -14
-524 -47
-325 -20
169 -28
171 5
169 -12
-411 -10
174 20
628 -15
-422 2
-547 -53
96 -44
40 -6
-28 3
-30 -36
235 8
262 31
-162 -40
-423 -6
-190 -19
426 11
-114 47
-43 -18
56 -5
577 0
91 3
-640 -30
-53 -43
-310 -29
305 4
194 -89
264 34
63 18
220 19
-368 -72
-269 -20
-184 -57
16 -18
373 19
-61 39
-20 -26
361 -4
-266 33
-644 -47
447 -14
28 -12
81 35
176 -11
-337 28
-49 -12
292 -6
-376 -30
-194 -56
90 -9
280 4
246 -28
-249 43
-155 14
597 -55
239 13
-649 -55
-203 -9
88 -3
103 -36
365 8
32 -11
273 -50
-60 -2
-637 -60
-228 -5
171 -48
163 -2
53 31
43 74
-23 16
496 5
-117 -18
-356 -2
-45 -62
158 -80
169 5
-37 13
-82 12
306 7
-153 -16
-421 -20
-199 -41
14 13
396 -38
130 -6
-174 30
360 23
56 -20
-431 -40
-265 5
64 -1
201 -76
-115 -65
0 -47
542 -25
146 9
-497 19
-449 45
82 -1
209 -46
59 13
98 16
-64 -22
302 4
-223 -1
-234 -22
-72 -34
147 12
169 -78
-14 -4
538 14
90 -22
135 1
-447 22
-174 0
-30 -3
57 -27
188 -16
-109 -71
-16 22
245 4
-259 -4
-196 24
-52 26
11 -53
588 -53
-260 -5
43 -12
411 32
-456 24
-406 -99
13 -46
-33 -8
227 -19
85 -38
-284 -5
506 3
665 -8
-337 1
-309 11
129 -35
63 -74
71 -17
75 5
-210 -50
535 -17
-153 -1
-593 1
-6 -10
37 -52
-313 -29
666 11
299 -34
-59 -33
-269 1
3 24
-315 -25
-18 26
322 -23
102 -70
-270 -33
312 8
309 -12
-1211 9
505 -1
234 -47
-298 -45
410 -5
52 -67
36 -36
261 0
-715 24
-33 -7
351 -38
-452 -13
-70 26
572 -85
-58 11
427 -33
-116 -32
-746 -25
-102 -25
68 23
150 79
191 -48
-163 -66
341 -48
278 66
-384 -49
20 27
-167 -8
174 -23
-146 -67
31 -30
202 -3
392 -25
-497 -29
-411 16
236 -21
260 14
-239 9
162 -35
-122 -46
365 -48
315 1
-778 9
-123 -29
24 41
183 -60
147 -10
-565 -96
367 -6
613 66
-544 24
-396 -49
55 -37
-121 0
186 35
344 -65
-306 -55
50 -29
338 4
-370 6
-54 46
-114 3
-45 -26
294 -31
26 -49
163 -9
209 17
-634 32
-312 0
184 -45
17 -46
192 -11
67 -18
-175 -25
325 28
41 -9
-454 -36
-224 -15
-12 43
379 -54
8 66
-249 -33
784 0
42 28
-793 15
-429 26
-1 5
483 19
275 -20
-136 -9
-51 -20
162 -33
-532 27
44 -22
157 3
206 63
-146 -95
-170 23
291 11
344 27
-380 62
-136 -5
-202 22
-58 14
65 -51
19 13
-301 -5
-202 -11
1340 77
-293 -16
-398 -2
-165 33
150 1
242 -60
53 -8
-124 -22
249 42
191 -3
-708 38
-152 51
-89 -50
311 -29
402 37
-89 -34
-141 -1
71 7
-80 44
-464 14
-211 -1
43 -18
247 5
198 7
242 4
36 26
-487 40
-202 51
-8 -3
229 -11
64 -37
78 -18
-28 -18
472 -6
-152 6
-506 22
-76 2
190 62
170 0
-77 -8
152 -58
481 44
42 15
-444 -43
-139 23
87 -5
166 12
47 -31
0 -14
587 -22
299 36
-546 13
-343 -21
23 37
116 13
412 -65
-137 -10
276 -22
334 -40
-207 83
-1011 2
199 -54
177 3
127 -29
-241 14
-337 14
454 39
304 9
-643 36
-164 -17
363 51
197 24
5 -40
298 -30
83 -40
69 -15
-638 33
-257 -1
63 71
-8 26
34 -25
-565 -8
282 -12
-36 5
721 -20
-277 19
-399 11
-637 -27
701 -42
455 23
-421 -14
281 27
18 38
-749 -7
-105 6
-114 0
-89 16
678 -65
8 -6
-488 -59
494 37
-1300 -3
445 15
446 28
-216 0
-2 -23
-53 -40
240 -37
575 -22
-42 33
-648 23
3 8
-77 36
414 -18
-119 -2
-81 -60
-27 -11
400 0
-210 36
-276 19
-731 4
-423 7
1649 -17
191 11
-319 -6
-1 -26
-252 14
-141 25
-119 28
-42 -11
147 19
-65 25
-134 -4
268 -4
80 -25
-9 -28
-326 34
239 35
310 -17
471 -12
-554 11
-340 -26
584 -35
-694 -28
176 -9
61 15
-282 56
-347 77
976 -12
99 -83
-128 -15
-574 14
734 40
-541 57
-105 9
658 2
-82 5
-363 -44
328 -14
-33 -19
-458 6
-261 39
118 13
296 -26
200 0
-207 -31
-491 33
603 -13
267 -22
-255 12
-533 15
385 24
-152 16
-248 15
543 47
624 0
20 8
-279 15
-478 1
11 11
198 -12
-9 -11
224 6
189 -30
259 -12
-471 22
-508 3
57 29
148 4
131 38
13 -24
139 -43
330 -5
-289 -20
-669 15
125 5
158 1
54 7
40 26
-108 -9
237 -57
-31 4
-413 -4
-559 -6
639 29
137 -16
-106 13
117 -43
251 -34
242 -25
-387 29
-106 17
-294 71
110 -16
18 -29
-106 14
-42 3
487 -18
-282 -28
-484 47
177 -11
-110 14
11 -10
332 11
-384 -57
440 0
155 2
-273 -3
-446 36
412 -37
350 82
-218 -9
-5 13
146 -37
428 -31
-550 23
-371 18
283 19
126 7
-54 17
82 28
14 0
316 15
-39 -6
-440 -22
-70 -10
-95 -5
7 5
285 -6
81 90
508 18
-73 -34
-483 -25
-199 5
-102 33
299 -1
-266 7
591 0
327 -6
-243 1
-319 -1
-234 37
252 26
376 64
59 8
-73 24
-58 34
389 -55
15 61
-345 -54
-154 -18
154 28
158 56
-6 -53
-139 21
404 -15
-15 -16
-483 -38
45 31
-21 27
433 22
127 12
-139 37
-551 -32
1016 17
-182 -27
-387 9
70 45
31 -16
-171 24
74 0
396 20
117 -4
-263 0
-444 -47
-179 40
214 7
31 34
-70 0
2 27
-31 -25
342 0
-590 -34
-339 -8
387 24
158 2
8 -29
1 23
76 -32
193 -7
-518 -6
127 -23
-107 1
-18 -2
-205 19
-10 23
-145 -1
508 -56
86 -2
-639 0
-52 -9
-3 -3
214 18
-19 -15
-115 7
18 43
261 -53
-428 -15
-92 20
-76 48
306 -12
57 -10
-219 8
63 -71
349 -1
-45 3
-412 -25
-249 -81
72 23
-118 58
413 37
118 15
-118 -1
316 72
-313 -23
-335 -5
52 13
73 9
16 11
-107 17
-20 -9
355 -54
-177 6
-425 6
-24 4
45 40
59 15
290 60
33 68
402 -27
-320 -42
-493 -26
-67 26
-149 5
331 -52
76 -11
-87 1
94 -21
344 -5
-318 -35
-329 -21
52 28
-195 38
351 -57
213 22
-56 -8
325 -24
-279 -13
-387 4
-52 13
217 -12
165 38
158 -19
-417 -1
470 -1
240 -66
-580 -25
-179 20
536 27
302 34
-156 -6
-156 -42
16 -4
169 4
-450 -18
-286 -11
77 -35
310 70
167 -22
-112 -39
247 -3
267 1
-183 -41
-424 -16
-196 -7
22 34
56 9
-61 27
5 38
271 -14
235 -38
-549 -4
-191 1
-14 12
250 -15
218 7
27 0
151 -38
81 40
-230 -21
-142 26
-120 20
72 -43
-336 26
-141 -16
483 -14
189 0
-175 -64
-622 -67
-148 1
87 36
98 39
89 61
-51 37
90 -32
-79 -99
-387 -12
-107 40
79 1
302 34
246 -27
-90 -27
20 -33
-22 22
-45 -43
-251 -13
13 -18
88 -3
194 46
102 -1
-120 -2
104 0
240 -37
-347 -33
-71 60
186 -20
439 -52
-36 1
-491 44
42 -92
911 -6
-422 11
-337 58
-134 15
78 -17
-82 15
177 30
133 -15
80 3
389 -19
94 -64
-714 34
-96 1
-282 91
72 -12
426 -11
-172 50
-120 -32
390 -26
-349 28
-397 -13
0 55
240 -32
241 -17
-30 -7
-358 -20
565 -12
57 -2
-671 -1
-105 27
247 -12
251 7
183 -25
-208 -13
213 19
1 -44
-530 -15
-125 56
5 16
264 -31
54 -28
-98 27
118 -14
365 -27
-242 37
-322 -2
-19 13
-116 7
212 47
-40 -26
49 -7
380 -34
27 27
-435 -20
-432 15
159 -19
264 -6
240 -6
183 -21
156 -45
64 3
-511 7
-77 -7
-40 0
315 -16
134 -4
-193 15
-80 -14
-15 -49
161 5
-303 -15
-195 -26
167 -20
28 0
-87 -62
-132 48
392 63
-50 -44
-413 81
-352 -68
109 -14
113 -6
0 3
206 -7
89 24
132 -7
-391 15
-389 -6
177 0
122 -21
-55 36
-31 8
-107 23
72 -6
493 24
-233 -1
-417 -63
85 -64
-5 -30
195 -2
58 28
368 29
-47 33
-456 -3
-202 -35
-136 -24
264 -38
155 51
97 -10
110 -12
347 12
-301 8
-315 -2
-37 -23
197 -16
168 -14
126 26
1 -18
329 -17
41 13
-544 2
-227 20
386 -17
152 -12
-42 -31
-90 26
123 43
271 34
-466 65
-323 7
142 -38
63 3
98 44
-82 -27
6 21
449 0
-225 46
-610 -35
12 -6
364 -30
149 23
-191 55
90 -26
189 29
-17 -34
-397 17
-163 52
-33 -63
285 -16
136 1
131 -4
130 11
236 -2
-668 8
-106 -18
122 -3
159 17
278 -22
-274 68
175 -10
370 -35
-426 -10
-228 39
173 -40
123 -12
-18 -47
1 21
-10 20
330 69
305 0
-340 53
-86 6
23 0
207 -36
-64 26
263 9
328 -5
407 93
-573 97
-286 -71
20 -19
195 -22
114 -2
13 29
39 19
403 -26
-348 41
-486 5
9 -57
72 -34
17 -32
119 41
-99 74
99 -13
103 45
-418 23
-338 -41
302 -65
249 -17
240 31
-146 13
156 63
290 -6
-413 -13
-424 -19
-7 -41
550 -29
-151 2
2 56
84 19
354 -44
-421 -14
-557 -20
170 23
353 -33
-60 6
-148 35
-97 58
340 -11
119 -8
-346 22
-357 62
-23 -2
144 -20
28 -29
134 79
119 24
597 13
-413 12
-183 89
104 -46
55 -73
75 -5
93 -11
41 16
313 -4
-39 -2
-579 -11
-87 -1
14 -22
203 -11
109 17
-17 44
258 -9
324 43
-550 -21
-255 -4
-1 -16
96 4
123 9
-136 -13
-76 21
334 1
-407 12
-410 -13
-75 15
-6 -12
142 -4
11 19
27 1
197 25
234 17
322 -1
-586 30
-284 -45
56 -33
-6 -10
141 -16
258 -3
-160 6
674 21
-298 -7
-588 22
-201 -41
204 -20
203 46
16 55
-115 3
259 39
85 -43
-440 -11
-180 -19
238 20
137 37
-92 -22
-123 36
372 5
205 -19
-527 91
-217 -40
54 -14
139 -13
237 66
76 23
-161 -3
549 -53
-283 30
-445 -43
18 -16
255 20
177 -45
14 68
-72 5
554 24
111 81
-619 -50
214 -55
66 -20
147 16
111 25
-204 5
-263 -1
1182 16
-302 12
-445 2
-19 -16
-63 20
233 -5
183 24
-27 8
310 -17
-100 35
-322 -19
-94 -5
142 -26
197 15
-134 19
-11 -29
179 72
294 -5
-387 -8
-317 -52
-21 -37
281 -11
135 32
55 62
148 23
416 7
-140 4
-266 5
-153 -25
87 7
165 -12
3 0
75 21
278 4
80 -3
-575 6
-247 8
163 -11
-13 -16
201 -5
350 24
-12 -7
239 14
-333 -10
-357 -18
-146 20
153 -65
61 31
-36 9
232 37
321 5
-142 -30
-404 -10
16 20
321 -20
146 9
-62 23
-92 -5
108 41
141 -40
-271 55
-169 -69
5 -27
138 -10
91 12
257 0
26 -19
155 28
-149 23
-407 -18
190 60
106 -17
133 4
-258 59
143 43
319 -27
61 -54
-484 6
-98 52
187 -21
119 -18
76 0
-56 -34
182 32
377 16
-581 16
-257 -4
68 34
205 -34
71 23
62 -24
161 14
231 -48
-39 67
-380 -20
-138 42
104 -60
264 -10
-35 -29
-188 -23
262 5
47 44
-506 -11
-140 -10
133 22
185 -19
51 -14
-76 15
196 19
202 2
-447 17
-188 14
45 -18
162 -27
78 -3
-92 12
-107 8
340 -8
-176 27
-671 -17
637 7
214 -19
87 13
-31 11
1 -15
335 0
110 18
-550 22
-197 -12
67 -25
-20 -77
12 0
-6 15
179 60
464 -30
-364 4
-287 29
85 13
168 -47
129 -43
57 71
7 -44
363 1
-102 -56
-398 0
-350 11
213 -1
279 -13
147 6
-300 27
347 37
319 -27
-452 23
-412 26
176 14
197 -47
79 -5
-84 -12
106 47
440 -28
-255 26
-263 36
-33 8
256 -12
179 -22
97 -33
-40 13
391 -20
-55 83
-419 -54
-82 9
69 -60
202 15
107 -18
-143 33
161 27
260 11
-242 6
-306 28
351 4
94 20
-53 -14
-136 20
494 33
318 13
-354 -74
-327 24
-68 42
98 -36
418 -47
43 35
-113 12
370 -6
21 35
-426 -18
-155 -17
97 -36
236 2
19 -36
-64 4
252 -52
401 37
-518 20
-338 14
66 2
229 -30
129 6
102 -24
73 48
234 28
-172 6
-441 19
118 0
302 -13
5 -37
-241 -26
-209 6
356 21
349 -18
-414 32
-348 46
105 -10
253 -14
237 -50
-11 -51
74 34
462 16
-283 -6
-521 33
37 0
277 -84
-71 -27
288 27
-108 45
494 -19
-253 31
-398 31
-16 5
268 2
42 -21
88 -21
-177 -8
335 8
213 -22
-427 -6
-171 33
53 8
116 -31
-26 -3
104 -14
136 88
529 20
-344 -43
-264 69
93 23
135 -37
322 -57
-30 0
-52 20
698 4
-63 37
-550 8
-116 4
190 -13
132 -44
-39 0
-70 25
269 -2
104 6
-436 -26
-269 3
88 20
440 9
-58 19
-50 -14
-28 -30
562 -18
-275 35
-333 30
-36 -15
-19 -10
197 -16
22 -15
-113 5
117 -48
-54 -28
-9 13
-289 19
-70 37
74 7
12 -17
90 -26
229 3
248 -14
-131 9
-397 4
178 42
-80 -1
329 22
5 -67
50 0
365 0
-126 12
-287 13
-179 -27
168 -5
155 39
297 -19
21 -6
151 -61
194 -25
-313 39
-164 100
83 -73
81 -10
107 -1
7 2
90 -3
415 -47
-410 -10
-351 0
-128 44
219 -41
107 -11
161 8
50 -5
251 -15
-137 -20
-130 8
-149 -40
15 16
183 -11
79 48
-57 -23
334 -36
206 0
-444 8
-113 7
4 0
272 -27
121 26
-10 24
-128 -63
467 -7
-367 4
-269 29
77 -13
112 9
267 -1
-18 39
26 -27
183 -22
-100 0
-410 -50
-191 -22
75 28
61 -17
268 -1
-142 35
227 17
463 5
-292 -9
-283 12
-114 -15
112 8
197 52
15 -17
155 -5
297 -19
-174 2
-385 -10
0 -41
289 22
115 8
49 11
64 3
270 23
256 -4
-441 16
-166 -10
141 -26
53 -49
108 0
-45 2
82 6
468 14
-432 -6
-232 -4
90 -4
234 -59
190 -22
58 15
23 -1
455 61
-226 41
-396 11
-80 26
208 -15
114 -5
73 -32
157 -18
241 17
-88 24
-650 27
-69 21
288 -7
103 -35
171 -6
33 -4
55 22
339 5
-179 -44
-213 39
36 -34
97 15
140 -26
32 -19
113 37
335 27
75 -11
-501 -14
-103 4
127 3
22 -12
-21 -19
31 22
209 12
286 58
-293 -15
-150 0
-7 41
97 14
187 18
33 -6
188 -22
274 -8
-262 36
-279 -2
38 20
2 2
295 -37
5 -30
-46 20
406 -1
61 11
-541 -41
-152 22
164 8
116 -1
15 -38
53 -10
80 4
392 37
-173 11
-272 -27
-17 24
174 -18
235 -29
11 -83
87 -3
274 2
-296 -30
-260 24
61 -4
78 11
108 18
49 -32
18 -47
376 15
107 70
-569 9
-39 -34
204 40
204 -26
7 -7
194 -22
48 -6
221 57
-262 8
-270 2
48 9
259 -6
248 -31
29 -14
117 -32
442 -11
-237 36
-344 56
-176 -31
106 -22
93 -7
52 -7
0 1
269 -12
337 34
-518 46
-61 1
168 -43
279 21
47 12
-137 -17
52 -17
512 2
-202 7
-300 2
80 5
-21 -2
-66 19
0 5
25 -12
541 -18
-260 -10
-504 43
-4 35
259 6
214 41
-17 -32
20 -55
198 -42
41 28
-393 -7
-152 43
103 -36
104 6
251 34
-15 -37
12 -24
616 -10
-142 30
-301 47
172 13
30 1
72 26
-240 -38
137 5
668 -49
45 15
-631 104
-210 -12
-54 -30
349 -1
283 52
-310 52
-378 -24
306 -29
570 -46
-120 25
-466 102
-192 -6
-184 -25
313 5
187 -8
-151 -39
-37 -17
79 17
335 -7
