-238 -12
201 -28
704 35
-68 -24
-342 32
-71 -3
-128 -47
-348 49
321 -11
583 -81
-55 -11
-465 34
-439 -36
47 46
340 -20
132 -13
216 91
-148 -6
146 -13
-174 -23
-592 38
26 -45
-109 -26
333 14
50 3
-107 -24
454 -22
-222 -15
-413 11
113 13
335 22
209 -1
125 15
-404 -13
249 -26
213 -2
-441 -9
-354 -6
-90 17
293 4
-193 8
-336 30
383 -41
587 -49
-210 -2
-448 4
-391 -22
224 -2
-250 -13
1114 -1
-178 37
-182 -92
-397 -23
-373 -7
-362 14
261 -38
222 -19
-230 -10
313 -6
200 -19
-169 -42
133 64
37 -5
-314 2
-49 -27
163 47
75 -19
146 -10
238 -35
-159 -9
-547 26
-68 4
545 -43
94 7
268 -21
164 13
-58 11
-445 8
191 16
149 -18
-421 2
272 16
-666 12
123 1
695 -7
262 -11
-999 -42
-715 36
545 15
1649 0
-399 -32
-567 4
287 17
76 -19
-416 12
41 -37
-727 -3
485 8
683 -28
-363 27
107 -32
-110 6
271 -15
-358 24
-1222 -15
889 15
1183 -24
-405 31
-676 -53
-122 -13
492 -25
240 26
-262 -3
-242 7
98 19
-327 11
-97 49
211 -43
129 -41
69 2
-415 97
-300 -11
528 -19
-127 -21
430 -14
-263 1
-269 56
146 3
-201 11
-15 3
450 34
-40 19
-863 27
208 -5
-402 -22
1156 -27
887 2
-640 -16
-412 -30
-51 20
286 28
230 -39
-24 -2
-486 11
-68 -22
583 -2
691 31
-601 11
17 18
-961 42
867 -29
929 -32
-606 -22
-483 0
-263 34
-678 21
206 -11
870 -22
337 22
276 -6
-582 -44
-620 8
831 89
-343 -55
-146 -26
701 43
816 -28
-498 18
203 -17
107 -12
-1097 -21
128 14
226 5
683 22
-233 2
-267 0
68 -18
131 -29
-70 -25
-18 30
-111 26
-482 5
635 6
-83 47
-85 -43
1026 -21
-77 15
-690 -5
652 -27
-270 15
-25 13
-283 -63
-219 6
310 -30
331 -13
-155 -60
-224 37
-54 65
-261 -12
505 -65
605 4
-488 -22
429 -15
-366 -53
-89 0
-41 24
-124 35
-162 -23
858 0
-95 44
216 -15
253 82
-517 -3
-274 -13
-294 7
744 -68
-29 40
28 -14
-116 -42
-304 -63
-22 -41
42 48
108 22
184 -34
342 -5
-212 25
-109 -39
-141 -48
293 -5
36 19
-285 0
-563 5
-168 14
288 -16
1261 0
394 -1
-822 4
-429 -23
-88 76
1166 21
-188 32
-495 -9
-995 -14
1624 16
640 -19
-785 -55
-199 62
-565 -14
-637 1
1649 -36
245 -45
-463 26
-1613 -25
1284 -34
1283 -3
-478 -27
-459 88
1531 -22
-88 -7
479 -15
231 -35
-839 -33
-269 5
-242 -2
-65 14
-80 -1
-471 -22
-28 -24
1243 -2
217 -13
-97 -38
735 2
-879 -59
-49 74
-503 23
428 -9
-158 -27
41 -25
-313 -48
-177 45
-109 45
-250 74
414 5
402 -15
27 27
-240 1
413 -55
-64 -36
-573 18
-249 -38
167 -32
611 35
440 -17
-161 -5
408 -41
-46 -39
-654 -57
-46 5
121 -19
554 43
-481 2
-513 35
42 -25
198 -37
180 41
-763 57
154 58
1111 -16
311 -24
-281 17
-218 -44
-1006 -46
727 -18
630 -8
-912 -54
-1 23
-25 3
-1031 29
1618 -17
1315 -29
-1072 -56
-532 -29
148 -14
-96 14
-192 18
703 -35
100 11
-238 77
298 1
-395 -19
-323 -21
-211 -6
354 88
-171 -46
-118 0
844 -57
-145 -45
-564 -51
-396 37
251 79
121 9
-237 -12
428 -61
278 77
43 -41
-498 78
-631 -21
775 -31
262 -2
120 26
206 31
-271 35
353 64
-166 26
-184 -51
-164 -18
-33 12
-12 -22
157 -31
273 23
-208 20
47 -24
381 -72
175 -32
-13 12
112 36
64 27
154 30
-235 103
336 -91
-557 36
-250 -13
-378 47
440 -25
-777 4
1557 -2
73 67
-424 -67
265 23
-107 -46
-303 47
321 -3
-71 130
-294 -27
-582 95
463 16
945 -93
-241 -56
-338 -76
-100 97
24 0
142 -48
-78 -9
-110 64
-162 -8
-387 17
-148 27
23 25
577 2
314 62
-776 -3
898 41
-103 -37
-471 -61
898 -76
-621 -32
-97 -16
303 -41
246 2
49 65
-250 87
-101 -35
-257 -50
267 -57
-143 9
173 19
-206 75
-124 19
492 -47
380 26
311 17
-261 -56
-434 -8
364 14
69 0
218 -51
-293 -66
184 -45
-66 -15
-553 -24
506 34
27 94
-155 -7
163 -71
-247 77
184 -26
601 -29
30 -11
-387 -2
-211 -41
-32 33
112 0
-28 -71
294 -7
-98 40
246 26
-49 4
-384 59
218 -1
269 26
482 -33
33 -2
-159 -4
-225 16
101 51
-177 57
395 -39
-342 -4
63 -30
-571 22
961 -58
137 -25
-67 8
-319 99
296 103
-17 6
-120 60
-538 6
696 -29
-121 -13
-440 -21
884 -38
-364 -64
-443 -68
129 -26
23 15
718 76
11 18
238 -20
-122 22
-373 2
243 -9
-165 -9
125 52
-295 -3
-114 54
912 -35
126 -72
-561 -23
-202 65
-292 47
493 71
707 -39
261 -93
-218 -86
-219 5
-730 -41
472 35
4 -6
-266 -75
350 -39
-278 -50
-52 -13
195 26
196 40
-269 53
170 8
25 23
64 -25
137 66
-171 18
-579 2
1468 -25
-67 -37
-1161 -7
-120 -25
1587 0
254 -27
-884 -91
416 -61
622 -37
-317 -40
-313 5
-195 115
12 3
-15 -54
151 31
-229 -90
317 38
740 23
-474 -25
52 -30
204 -42
202 -79
53 24
-105 88
451 -30
73 -11
146 -2
-349 -10
-87 11
141 67
280 7
26 15
3 9
267 70
-187 28
-610 77
1085 85
-173 -69
332 5
-60 -70
-23 18
441 -14
76 -10
-688 -56
0 9
124 -2
13 -45
52 -26
175 7
64 46
415 -24
-134 8
-592 13
-162 -44
-66 -29
196 -6
278 -18
18 -56
-58 55
332 -26
-49 -27
-343 -6
-171 -25
318 38
360 28
-19 -15
169 49
100 86
40 -2
-157 49
138 30
157 13
39 -42
29 2
25 37
-40 -17
87 -30
141 -25
-113 27
-25 -31
-212 -27
526 -21
42 27
-91 1
482 -33
79 -22
-402 -1
-202 -50
-142 -60
352 28
444 65
-265 -7
761 13
-648 -11
-211 -26
293 16
-177 8
-145 -42
742 31
-182 32
-187 80
-15 17
-397 2
369 1
58 -46
-80 17
-134 -17
159 32
237 0
-20 40
-240 -30
-739 -16
352 -59
806 -2
64 -2
-286 24
4 -13
-327 12
1013 -61
255 39
-798 75
-105 82
183 0
-22 -6
1 6
-11 -9
-279 -8
612 -25
-216 94
38 -40
122 -64
363 -37
-97 -4
-112 30
-91 30
277 -20
227 -17
-210 2
-133 13
69 3
-727 2
942 14
1130 11
-508 -5
-295 -44
-106 19
15 22
22 -58
448 -9
90 -25
-212 -35
9 0
111 5
-35 106
-91 -71
70 -1
-45 -25
335 0
68 54
-126 14
180 -39
107 -21
-65 -59
-33 -6
347 12
29 75
31 62
377 94
155 -55
38 -31
65 -1
-161 71
-99 -68
-60 -72
288 -12
299 -6
182 -11
-517 -5
569 -6
113 48
-831 15
551 -26
374 6
-302 -38
-64 53
89 0
153 54
109 17
255 -91
-212 -1
-316 -6
-358 58
443 77
116 -17
-183 -26
61 -1
213 -30
-78 8
-285 33
89 0
47 36
-78 -25
199 15
-22 7
-4 37
233 -48
-192 -38
-205 13
-189 11
601 -1
238 -28
244 43
-479 28
370 25
-149 -4
-586 -40
851 0
91 23
126 16
111 24
-652 -16
149 23
103 -15
-196 -41
128 -14
91 33
-63 6
-56 58
95 12
155 -36
245 -15
-147 57
103 8
-82 -13
56 1
102 44
314 14
112 -10
-49 -19
15 -26
-296 8
14 -47
19 -25
-327 38
327 53
0 -15
-18 -22
-20 -23
-18 26
-17 32
-104 49
255 -45
-72 -13
-292 15
143 -53
210 -16
22 30
-274 -27
-210 -59
193 20
-346 32
682 57
-132 32
38 19
168 19
-508 -1
-173 -12
137 -69
276 -80
-113 -20
187 46
-271 55
-20 51
28 -7
50 -10
-95 -48
-58 0
455 1
-151 16
40 -29
0 -78
-34 31
-371 29
279 -53
409 5
-51 -11
-67 1
-29 20
243 71
-85 -6
-328 -54
27 -159
159 -39
272 0
-485 3
-74 98
735 92
-5 52
-131 74
-122 -100
-23 12
-135 -64
237 20
89 -110
175 95
142 17
23 2
-483 -53
-61 -10
-83 -53
103 -27
126 82
91 -43
334 15
38 -48
-266 2
-225 0
253 44
-27 3
-16 20
247 26
127 77
235 -25
-412 -32
-270 -7
670 -21
-17 14
13 -68
-159 9
43 132
477 76
-375 56
-55 -17
-75 -41
131 -6
138 -59
128 -15
38 -18
66 -20
-113 -43
82 -32
175 29
-314 52
177 1
160 -25
-35 -25
153 -40
120 -15
-171 -18
-303 -24
-11 -7
205 -66
239 -21
49 -4
-84 -2
-12 -26
312 11
-409 69
82 47
174 -3
67 18
253 -48
125 -5
-102 -6
370 11
71 15
184 21
-217 33
-242 51
100 49
39 -60
464 -37
59 -11
-291 42
-277 58
294 -4
-4 29
-25 -68
120 -22
29 -35
81 76
-146 37
-316 18
29 43
62 -17
186 -4
288 11
-211 -77
157 -47
9 19
-168 89
-545 -19
531 42
498 22
-84 -47
-26 -16
-343 -17
653 9
-153 38
-194 -1
103 31
128 11
-144 44
-253 -13
487 -81
319 -70
-192 -18
-167 15
-214 33
-228 14
-96 -10
27 -13
464 7
-251 5
-27 -30
-165 74
-181 4
182 3
5 -18
-63 -10
18 -19
-40 -41
19 -5
121 -11
-233 0
-109 18
411 12
-95 34
-64 23
133 -9
87 -15
-87 -29
-425 -2
-289 17
131 -3
103 24
78 25
-23 -41
-73 -21
443 -28
-134 28
-179 62
85 19
-292 18
913 -6
357 -34
-224 -19
-405 -23
124 -8
-156 -7
116 42
443 0
-323 -27
272 -15
2 15
-150 -14
362 -3
-298 -36
-183 20
-254 -56
142 25
-82 -9
-185 -17
-17 8
815 -41
-331 1
-353 0
-125 15
155 -3
-55 19
137 -81
520 4
370 -27
-392 -28
-421 -29
136 25
359 -5
-570 47
-8 33
652 -60
-532 31
77 29
124 -7
-628 -38
852 0
415 -71
414 -6
26 1
-285 11
-448 13
795 -17
-2 -3
-358 24
-218 -14
159 17
-229 -15
-243 -10
1047 -27
-29 -5
-274 -34
-446 -12
11 -57
769 54
47 38
-109 -35
350 51
-205 -24
79 -23
29 22
-155 -16
5 22
83 94
263 -35
363 -62
411 -28
-264 65
-329 0
30 15
70 40
-34 38
68 -17
103 -8
261 44
-47 -8
-177 -3
-206 -8
82 -4
-239 -32
627 0
-702 18
450 29
417 22
-524 -68
-267 -10
259 -2
-533 -11
1028 -12
434 55
-325 -1
153 50
-126 -49
-299 -11
-204 -62
254 -27
497 3
-203 54
-138 51
72 41
-127 -6
15 -78
-130 2
243 -21
36 11
58 9
138 -7
370 -3
171 66
-510 23
-863 -16
247 19
1308 51
-91 -16
-436 -70
-16 -53
564 -43
-75 -43
-179 -45
-335 -4
-17 21
70 68
-57 51
24 39
44 18
434 22
-444 -65
408 -50
260 -9
-78 22
102 15
-203 -30
92 -16
747 -31
-238 32
-538 9
317 1
3 33
-23 31
-61 13
154 20
17 12
220 -11
-89 -26
-380 -39
32 -8
557 -39
-65 3
-179 -3
539 26
-216 -11
-861 6
366 -7
212 -7
388 -8
202 25
-128 20
267 12
-216 18
437 -39
100 -15
-284 3
-124 6
183 27
-11 0
-20 -28
144 -4
96 9
-295 1
-472 -32
1072 14
372 55
-427 9
-221 -21
-85 -18
275 -31
-202 -19
-248 6
-82 -19
-249 26
972 15
-432 15
217 -8
108 18
85 -28
80 -17
-285 -43
-23 -13
-100 36
-363 6
98 11
566 21
-90 4
35 -19
33 -47
-366 5
350 -6
-114 74
371 -22
-547 -64
341 -15
226 -7
1 23
-253 -34
21 -29
-331 12
418 -34
336 -43
-152 57
-101 13
170 -16
-426 -2
-622 4
1274 -25
385 -3
-198 -58
-486 38
43 1
3 27
58 -47
153 -37
-513 70
110 105
282 -79
-21 -50
-157 -19
50 -14
206 -46
-306 33
-421 -22
737 -24
-714 25
117 -2
429 11
405 2
29 28
-306 -5
-132 -3
-288 26
724 -49
216 -8
-362 7
-773 -9
479 -8
-390 -29
712 0
-276 7
-247 -19
446 -6
-75 4
-250 16
-31 56
479 -22
-441 -37
-304 8
68 -9
-250 30
191 6
642 9
324 28
-47 -96
-365 -64
-419 -12
-198 42
111 -19
576 52
-295 53
-417 -26
367 1
286 23
-344 -41
36 25
792 -20
-97 -23
-155 -1
-291 -20
40 20
1 -20
-164 13
963 36
-44 -14
-174 16
102 -26
-101 -6
53 -14
118 25
-148 -6
80 2
-164 32
-158 3
81 31
243 34
190 28
128 62
168 -102
-296 -82
-331 -21
-144 30
251 -11
-15 -16
92 -4
178 -6
69 -5
64 -32
-65 -17
-41 54
78 0
164 -9
22 26
102 -34
344 50
-128 -41
-301 -7
-160 26
22 48
146 -56
4 -1
13 -19
279 -44
-27 -17
-139 -64
-91 -15
154 32
88 40
91 36
-6 53
-22 -9
250 27
-95 -54
-163 -38
-46 -2
103 2
61 3
-160 -31
57 0
316 -37
14 -9
-277 27
-150 60
56 59
42 12
197 -35
-114 -31
61 0
137 -32
-57 -24
-147 -21
295 60
-154 30
-234 32
-349 9
352 8
201 -38
-1085 -33
-48 -40
1610 30
-452 -4
-398 8
-493 -2
-94 8
1649 -29
-165 -29
-773 18
-485 32
-382 2
597 -2
69 -19
-75 -19
186 41
63 28
-434 4
-62 -8
-181 7
163 -4
304 -5
-30 3
40 62
272 -26
-492 -48
-281 -16
296 -45
72 -16
-12 15
253 48
36 44
430 56
160 20
-431 -52
-46 -55
-78 9
136 -11
-155 65
-240 24
408 33
94 -22
-322 17
-167 -46
143 -88
17 -33
104 -26
-23 -18
-93 58
399 -11
-69 43
-209 22
-200 35
-51 -21
196 -12
66 -10
-44 -16
116 -40
125 107
-250 31
-193 -50
-39 -68
143 -26
95 -13
-179 25
149 18
285 -18
-277 0
-270 58
-81 -38
156 -15
25 0
40 67
94 -15
-15 -8
-68 63
-106 22
-11 -102
157 -114
-43 -3
48 37
53 18
138 35
329 12
-145 -41
-206 -79
-107 15
185 -37
191 0
-79 -19
241 16
186 -29
-207 59
-63 -66
-34 -2
110 0
192 27
354 91
-173 -14
-163 -37
276 -13
-308 -27
-198 -17
394 41
169 16
28 12
26 -12
249 -29
0 2
-235 44
-53 74
14 30
-7 -38
126 -28
3 -44
99 -41
296 38
-148 -22
-207 -15
-47 -16
67 -51
74 -27
17 -1
-122 4
249 42
115 26
-148 58
-229 -23
77 -3
52 -30
293 -54
-186 14
-161 8
453 -31
-158 4
18 5
-6 3
-16 0
28 16
179 49
-240 -85
197 26
-81 31
-218 2
-214 -10
143 -27
69 -5
118 16
77 -1
273 18
83 -11
-292 -10
-192 9
136 16
51 -30
147 -63
216 8
165 31
260 32
-241 -16
-383 -47
-82 27
174 2
166 -3
-73 -56
-378 36
247 4
-5 -11
-359 18
-4 13
2 37
101 -45
56 -47
13 1
165 -26
195 86
-325 20
-137 6
27 101
-177 -45
223 -47
28 28
-53 13
306 25
-84 -20
-150 -8
-130 24
61 -42
17 -63
-13 -8
57 75
317 -5
-98 -24
-471 24
122 -28
20 8
139 -84
15 -1
-146 4
271 3
-10 57
-322 -21
-245 29
-61 52
123 -28
237 -39
-102 -30
65 -14
138 86
282 -53
-364 -3
-530 -5
-44 -56
236 -29
264 -13
11 71
86 -65
-40 56
-273 12
-11 1
184 -54
7 73
67 -53
16 -22
212 62
153 9
-295 -69
-142 -9
-103 -4
99 -18
411 49
-10 -1
-48 -4
60 28
-145 52
-207 -28
-83 53
-37 23
105 -68
47 -38
-66 -14
100 -8
-48 -8
-222 -5
-126 17
79 15
-34 4
98 -29
180 -11
-33 46
-2 31
-47 0
-240 14
-262 -7
-88 -16
120 -20
102 -31
111 -1
-23 3
188 0
189 0
-276 30
-17 3
16 -25
38 -25
50 2
43 3
47 4
244 -6
-263 -7
-252 1
18 -26
209 -38
30 -7
84 34
-11 23
-88 9
102 -6
-207 16
-86 -6
34 -27
265 -29
111 25
-22 23
3 20
278 -8
-256 17
-129 0
-59 -27
86 -28
71 -12
66 13
-15 4
277 2
-168 19
-330 29
11 3
-2 -36
-67 -34
172 2
48 13
105 3
213 24
-514 -1
-64 -18
161 -25
-18 -32
16 -2
194 18
268 -1
-48 4
-423 -3
-134 1
13 -21
66 -13
41 -4
-103 29
146 17
262 -20
-42 17
-324 -3
-169 -24
116 -17
20 -12
188 29
-28 16
102 17
114 -13
-331 17
-323 -17
-37 -40
120 -13
179 -22
-100 -4
91 22
160 14
-104 52
-359 -7
-20 46
151 -59
83 -26
5 19
134 20
262 -9
-43 -7
-408 -9
-37 27
140 6
6 -45
-11 102
-149 100
229 -48
237 -65
-591 2
-364 -10
32 -37
383 -15
-45 22
-179 71
-11 -32
234 -13
46 14
-184 0
-83 -21
19 -42
110 -8
167 41
-1 -25
101 -63
65 53
-321 86
-218 -54
81 -35
184 -53
26 -26
-19 1
81 -8
99 -4
-249 34
-62 -39
-25 29
87 12
-101 -59
180 -35
16 -22
137 -40
-202 79
-164 7
-1 33
109 -1
63 31
194 -12
43 28
164 0
51 -15
-231 14
-82 -23
-21 -2
171 23
185 25
50 -14
74 30
78 -80
-13 -22
-162 22
-9 30
129 -13
143 -2
-11 -13
8 8
0 -35
-18 17
14 -2
0 -18
-49 81
-20 5
148 74
0 -35
77 -79
135 -44
-122 25
-141 103
-7 -43
172 2
338 -10
-91 -16
90 12
50 -28
18 0
-156 40
-118 -16
129 16
54 12
67 -1
72 -55
87 -61
6 35
-117 3
-106 -5
7 44
61 -22
96 -12
-184 17
92 -46
108 -28
-134 80
-154 -54
-65 -51
13 13
4 -5
30 3
110 37
258 -53
-159 12
-223 24
-28 4
152 2
58 30
53 -18
51 -22
160 -13
44 4
-74 37
-67 -23
-29 -18
240 -12
70 -12
-267 -10
164 23
163 43
-142 26
-118 -32
-39 -39
-38 2
184 14
113 2
62 -19
244 -33
-132 19
-312 -34
-14 -9
132 1
98 133
108 19
45 -16
88 5
110 -34
-182 -55
-221 -35
34 25
126 47
15 -1
78 -11
84 -2
261 69
-100 -25
-203 -33
-65 8
145 -2
102 -36
22 20
-62 0
284 39
-51 -50
-237 -26
-106 16
53 14
194 9
56 -62
4 -4
12 5
145 52
-245 -116
104 -18
150 12
-95 -25
125 20
-43 -1
275 18
213 13
-357 44
-377 -70
71 -29
112 -7
-85 -27
97 24
-9 33
209 -12
81 43
-86 -5
-100 -44
94 34
115 -8
16 -48
83 -10
152 -7
277 9
-180 -18
-362 -7
267 -19
67 25
99 23
-6 21
32 -9
232 15
-109 -13
-143 -11
-30 -28
-60 4
71 12
173 20
35 -10
272 3
147 18
-395 -9
-155 -5
3 -23
52 17
259 23
-9 9
16 -15
48 8
-189 0
-68 -24
92 -20
215 5
159 22
-289 5
-99 -4
124 26
-9 -3
-64 0
-11 -18
-64 -1
173 22
-102 -43
114 -1
174 19
174 11
-304 25
-189 7
225 1
38 -6
30 -28
-77 -8
-47 -4
217 15
-128 -6
-212 21
-66 15
54 6
179 -7
0 -16
-68 4
117 22
-8 2
-413 -24
-177 13
38 -8
180 -27
-86 -36
52 23
23 16
81 -59
-208 2
-30 15
80 65
111 -100
174 -54
-85 46
-28 -59
248 55
85 34
-79 73
-123 2
89 -125
323 -80
171 -24
117 51
-39 19
100 31
148 4
-114 5
-133 -32
-161 -30
136 19
-75 55
67 47
198 35
-28 5
-319 24
-144 -10
161 -68
68 16
32 -26
51 -25
-54 31
241 5
-45 -37
-95 22
-96 14
86 -78
69 -33
-45 40
133 -34
11 90
198 -50
-201 -38
-257 -44
62 0
60 -15
-29 38
-104 44
99 -39
255 14
77 13
-232 76
108 -39
-38 11
-82 39
59 -3
39 -24
-26 -6
106 29
-14 47
-59 8
-108 35
0 -46
248 -40
-155 25
20 46
163 -12
-130 5
-155 23
-132 -2
185 -29
81 -4
-16 22
37 2
294 -16
35 3
-261 29
-266 -27
-9 -22
114 -37
0 41
20 29
133 -12
190 -65
-196 19
-221 25
141 1
89 -25
-5 3
1 3
48 21
230 3
-59 -6
-292 1
-78 -5
160 -37
44 -26
150 46
81 -1
208 4
9 12
-102 1
-187 -14
80 -10
142 -19
226 1
-44 20
20 5
171 -5
-271 14
-264 -13
169 5
198 -23
130 -6
-37 3
6 31
256 2
115 3
-270 9
-103 -35
135 -36
156 -21
73 12
-19 27
81 0
130 19
-201 18
-122 25
33 7
220 -14
175 25
13 0
-42 -2
274 -9
-25 3
-170 -12
157 -30
111 -41
127 -6
38 4
113 5
291 -8
-133 27
-209 14
79 -20
-22 3
250 -18
-16 0
24 12
218 21
364 -12
-371 13
-171 -1
121 -29
225 -16
117 1
-14 26
-11 50
190 2
-342 -7
-242 8
-62 20
137 -1
145 -32
150 -6
16 -12
139 92
-23 -6
-167 3
-109 -18
114 73
-75 0
-3 -38
-111 -21
200 -42
43 19
-143 36
-128 -14
-69 -42
162 -57
65 -16
-4 14
166 31
217 -36
-87 43
-243 -2
-91 46
173 -13
15 -61
25 15
0 11
38 -82
-219 0
-226 7
-109 51
63 -12
180 -76
108 -2
115 73
-42 37
260 -17
-102 -31
-178 35
-126 30
-176 -34
167 -21
21 0
3 -31
85 35
63 60
-243 -19
-197 -1
35 -19
135 -48
66 -10
-164 55
76 -54
-1 19
-434 -27
-117 -30
-23 66
27 -82
-11 -40
-10 57
20 -9
351 51
-215 19
-206 22
-50 67
2 -90
117 -51
-33 -37
-17 33
172 16
7 -38
-311 -48
-317 -1
47 0
117 -32
-174 13
-63 23
189 91
181 -27
-206 -44
-169 9
22 2
54 -30
106 -25
-4 17
113 13
363 8
-179 64
-311 -45
-77 20
-16 -3
64 -26
199 -5
-121 -15
116 -4
46 -5
-368 -9
-109 16
114 -17
18 -21
-1 -38
93 -2
104 16
280 -6
-241 -67
-364 36
73 -36
20 -16
71 5
-88 1
-34 -57
234 72
1 86
-247 -5
-112 -36
98 92
149 -3
104 -97
35 27
-1 9
35 35
-309 -41
-173 4
113 16
-71 24
16 -3
55 -29
76 2
163 8
-6 -4
-509 -4
7 4
102 13
-19 -2
85 -5
127 -20
194 0
-58 4
-372 18
-138 -15
114 5
150 25
43 -24
2 -42
164 -21
22 28
-223 12
-206 0
-14 -3
-50 12
172 1
-1 -23
25 -2
199 -8
-108 -8
-235 5
-10 1
69 12
55 13
73 -19
105 -31
119 -1
7 27
-261 11
-118 -1
75 8
-23 -9
58 -1
12 -26
139 -4
90 14
-126 5
-149 8
90 2
103 -2
32 1
169 -7
62 -22
134 -21
-93 -13
-504 -11
-57 7
51 2
161 18
-2 0
79 -14
38 -27
70 -17
-301 8
-192 4
-15 -2
25 -4
151 14
151 -10
-124 -31
261 -30
-121 4
-279 12
-90 19
158 -8
76 -1
-52 25
-88 20
130 -72
-108 -29
-305 26
6 18
86 -17
-82 -20
70 6
-43 1
133 1
15 -47
-331 4
-260 17
157 -5
76 1
31 23
20 -76
108 77
62 -30
-91 -10
-525 57
-67 -4
210 14
133 83
-53 -31
95 -52
144 -14
-101 -7
-379 7
-131 31
59 45
4 7
59 52
110 -18
204 -53
235 -6
-236 39
-145 -12
7 -108
62 30
-37 91
-75 -2
43 -98
301 8
-163 61
-212 13
74 50
37 15
252 8
71 8
-37 -49
78 -43
42 -38
-433 -18
-159 26
124 -31
97 9
91 76
161 -10
81 -89
199 -41
